财务数据日期,公告类型,公告日期,审计意见,再融资或并购导致净资产有较大变化,总资产,总负债,净资产,资产负债率,交易性金融资产,衍生金融资产,债权投资,其他债权投资,其他权益工具投资,其他非流动金融资产,其他流动资产,金融资产总额,总股本,每股净资产,合并报表未分配利润,母公司报表未分配利润,营业收入,归属于上市公司股东的净利润,每股净利润,母公司报表净利润,经营活动现金流量净额,投资活动现金流量净额,筹资活动现金流量净额,现金及现金等价物净增加额,净资产增长率,净利润增长率,资产负债率变化,金融资产增长率,上市日期,日期,是否实施现金分红,是否实施股票股利,是否公积金转增股本,相关股东前三个月内存在减持情形,相关股东后三个月存在减持计划,现金分红金额,送股比例,转增比例,是否进行权益分派,权益分派方案文本,公司简称
2017-03-31,季报,2017-04-30,无保留意见,False,284252237.5021701,113087700.0521733,171164537.44999677,0.39784277881474883,809.8972073986978,16957700.769320276,131.4261447592175,2368540.835421008,149294075.81497747,21847836.615929577,913064.7928097617,186636937.92803857,40000000,4.2791134362499195,-1772414.5003861005,-1551102.5675228576,6174018.551281386,-2532020.7148372866,-0.06330051787093216,-2215860.8107469394,-37525795.12933868,-9001206.118638402,101188064.40061283,54661063.152635746,-0.049085903055573525,-0.196223373046516,0.09784277881474882,0.08691695588712026,2021-11-12,2017-06-24,False,False,False,False,False,0.0,0,0,False,[],曦祺电力
2017-06-30,半年报,2017-08-27,无保留意见,False,296684535.14991665,113599098.22743316,183085436.92248347,0.3828952465285418,769.3281535898732,19822215.400201064,129.70583650577612,2456253.1123814355,153618896.82156613,18174833.39269956,970382.3634371522,184921251.56138346,40000000,4.5771359230620865,5385737.256564625,5086558.108518415,8852592.626983693,10225931.08135818,0.2556482770339545,9482372.394344676,-25058871.370985437,-10768562.396968152,111892232.70150383,76064798.93355024,0.0696458486675092,0.8818060590727468,-0.01494753228620704,-0.07692023812148255,2021-11-12,2017-09-08,False,False,False,False,False,0.0,0,0,False,[],曦祺电力
2017-09-30,季报,2017-10-27,无保留意见,False,302773871.94201165,122497075.60162142,180276796.34039024,0.40458271652014444,835.4786326587716,18769974.940706912,131.1832536705075,2338157.1515135537,153965874.22957483,22121396.707233664,958475.8151984606,185709534.20392764,40000000,4.506919908509756,25287263.578597993,22492315.577530894,113413006.06642206,28430751.888619095,0.7107687972154774,24865367.812874973,-32897107.229108136,-11189713.42269468,113401566.83194016,69314746.18013734,-0.015340600701531325,0.6686574190193961,0.02168746999160266,0.0937207382322865,2021-11-12,2017-11-14,False,False,False,False,False,0.0,0,0,False,[],曦祺电力
2017-12-31,年报,2018-03-30,无保留意见,False,292576806.2392392,120303818.50844814,172272987.7307911,0.4111871342599729,823.9055088992244,16729893.292918626,122.77954566386462,2396716.8418687843,134588194.93737024,20522728.42394125,912211.8561668341,179280830.1016931,40000000,4.306824693269777,38255600.22728888,34145948.79286772,16418118.92544719,18526195.212415554,0.4631548803103888,16648047.45048118,-34353915.11001832,-10820479.19733086,102915256.46120168,57740862.1538525,-0.04439733106021442,-0.2180143683398896,0.006604417739828455,-0.12442878096572096,2021-11-12,2018-05-06,False,False,False,False,False,0.0,0,0,False,[],曦祺电力
2018-03-31,季报,2018-04-30,无保留意见,False,338013613.4711843,125644889.79347938,212368723.67770493,0.3717154717621769,907.1208473116499,21897235.03544028,160.19912606823354,3006166.047380988,170450462.88191783,23761266.749747287,1071325.5920017331,224204475.13083574,40000000,5.309218091942623,51228144.64931391,47189107.90992568,55698142.796540596,18532206.317178622,0.4633051579294655,18633084.452939946,-53796742.53252881,-10160168.456142949,115694946.2104242,51738035.22175244,0.23274534490323584,0.00016920204168004995,-0.039471662497796,-0.043625221622574366,2021-11-12,2018-05-27,False,False,False,False,False,0.0,0,0,False,[],曦祺电力
2018-06-30,半年报,2018-08-27,无保留意见,False,347500088.2421574,119936124.47077148,227563963.77138594,0.34513983889176253,953.2796036635475,21282625.258647084,165.82513510379624,2839014.0567819653,179431640.68393216,24019566.765858255,1056677.5131760726,221961059.92555788,40000000,5.689099094284648,72713124.95949036,65702089.27845421,149003854.4008594,30692829.01453779,0.7673207253634448,26447116.240755048,-11781274.433761228,-12202479.255413415,126138592.58959731,102154838.90042266,0.07155121446574965,0.34224226294329235,-0.02657563287041435,0.09343353116115903,2021-11-12,2018-10-24,False,False,False,False,False,0.0,0,0,False,[],曦祺电力
2018-09-30,季报,2018-10-27,无保留意见,False,365498704.1917465,108698089.35343376,256800614.8383127,0.2973966476674812,960.2792819536751,21921335.174749434,161.86078471026443,3205599.697679146,170184758.86550376,28946907.510126077,1123729.1015583582,227593397.64902902,40000000,6.420015370957817,107810330.49745217,99640707.2521966,232498095.3115774,50138865.05423117,1.2534716263557792,48483739.96248913,-54103059.70476767,-12276832.041798264,139999708.8000198,73619817.05345386,0.12847662952601002,0.40773500841742516,-0.04774319122428131,0.17925931896786262,2021-11-12,2018-11-15,False,False,False,False,False,0.0,0,0,False,[],曦祺电力
2018-12-31,年报,2019-03-30,无保留意见,False,292131598.06517184,70361578.79872945,221770019.2664424,0.24085576248767324,782.9814746280377,17844567.12038541,143.69401167670117,2727351.222481795,146726705.71910885,21759628.785648,939860.42865729,192627583.25878596,40000000,5.544250481661059,143639081.9941257,131857925.10922834,187733287.25461757,51183930.7095336,1.27959826773834,46024596.93861678,-9001833.936832303,-9400510.112106353,107386002.25133324,88983658.20239457,-0.13641164992508412,0.015565733118340603,-0.056540885179807966,-0.06085476294548297,2021-11-12,2019-04-20,False,False,False,False,False,0.0,0,0,False,[],曦祺电力
2019-03-31,季报,2019-04-30,无保留意见,False,290902635.5855426,67837075.53394416,223065560.05159846,0.23319512178842408,709.9769438799456,17867448.88916071,139.4742879260567,2366845.0025955876,141381229.89056242,21831010.24838486,950891.6274245926,183904734.77432,40000000,5.576639001289961,183949528.9051046,168609958.694392,124871808.47657762,57586352.72996989,1.4396588182492471,52502905.12166238,-18006549.84937138,-10297880.741228538,103326700.50316045,75022269.91256052,0.005841821132727341,0.09389928028219524,-0.007660640699249162,-0.012782279562552682,2021-11-12,2019-06-01,False,False,False,False,False,0.0,0,0,False,[],曦祺电力
2019-06-30,半年报,2019-08-27,保留意见,False,279421125.7381202,66655672.85790473,212765452.88021547,0.23854915293833556,770.5889287462152,18384468.31902938,138.77551274249356,2516925.03982611,139863332.38492304,22308634.438044876,933790.9229122873,187363181.75872785,40000000,5.319136322005386,215106271.48072085,197420996.045115,100538730.0658426,44509632.25088036,1.112740806272009,41158624.78674715,-36597057.34243482,-10470917.557207854,104313640.34802839,57245665.448385715,-0.046175246277374286,-0.17532323274248404,0.005354031149911486,-0.03899742344702929,2021-11-12,2019-09-27,False,False,False,False,False,0.0,0,0,False,[],曦祺电力
2019-09-30,季报,2019-10-27,无保留意见,False,375235517.23012745,133363098.26417153,241872418.9659559,0.35541171381807535,998.5896644555006,21946103.94957233,164.8606776668693,3234253.4576952043,177182134.30911407,25387690.511564407,1047934.2023932384,223711472.80093005,40000000,6.046810474148898,215852453.06159997,198126263.40297538,1891273.6514795143,1065973.6869701892,0.02664934217425473,1007524.7969434436,-29443771.79055115,-12593215.509916058,120197008.4855715,78160021.1851043,0.13680306502638545,-0.7062903316787166,0.11686256087973976,0.08315876866793355,2021-11-12,2019-11-18,False,False,False,False,False,0.0,0,0,False,[],曦祺电力
2019-12-31,年报,2020-03-30,非标准无保留意见,False,407792707.26006263,172204080.27079743,235588626.9892652,0.4222833738931415,1113.4330032559042,21336897.14073632,181.54339486491872,3400852.35679754,173516699.67348894,28073088.208423123,1275592.1207780158,250484355.87390527,40000000,5.88971567473163,214920486.52037573,197303073.16831523,5223860.753956731,-1331380.7731775139,-0.033284519329437844,-1175986.0495145253,-35163696.55076876,-14245762.678304939,139732083.88612494,90322624.65705124,-0.025979778941125044,-0.13269998626626797,0.06687166007506623,-0.020577429155833632,2021-11-12,2020-05-16,False,False,False,False,False,0.0,0,0,False,[],曦祺电力
2020-03-31,季报,2020-04-30,无保留意见,False,507160245.2428688,229725633.91611588,277434611.3267529,0.452964592692207,1360.5336898723538,32305291.53307478,241.69673233473324,4180630.347440604,252542191.266978,37654114.19814774,1612013.8900383767,330401832.19996625,40000000,6.935865283168822,214955984.21378896,197334423.15828696,31998.10659383188,50710.99059034139,0.0012677747647585347,44785.69995965286,-15686116.88089743,-18962665.00360275,154739278.80693066,120090496.92243049,0.17762310885828306,0.08820762977007617,0.03068121879906549,0.10593550367951601,2021-11-12,2020-06-05,False,False,False,False,False,0.0,0,0,False,[],曦祺电力
2020-06-30,半年报,2020-08-27,无保留意见,False,566782824.0654006,277413634.8759503,289369189.18945026,0.48945314342119123,1709.484406682974,36470228.026036955,265.0968708218171,5039631.88110675,274442842.7224667,41935345.08559394,1858105.76671449,361031669.23774177,40000000,7.234229729736256,213330917.44451976,195949239.10049874,7847337.531630519,-2321523.956098838,-0.05803809890247094,-1978834.3682689152,-91313237.83966756,-21856675.84061805,184716354.4462314,71546440.76594579,0.04301762424530788,-0.13912821277648357,0.036488550728984194,0.10566304436047552,2021-11-12,2020-09-07,False,False,False,False,False,0.0,0,0,False,[],曦祺电力
2020-09-30,季报,2020-10-27,无保留意见,False,616202975.8067517,299147578.95103323,317055396.85571843,0.4854692215002372,1444.816895418463,36223303.61816658,234.09801115546048,4804622.691863267,274055408.36387414,38748154.47743065,1630969.0035698616,344548305.8806546,40000000,7.926384921392961,209487232.8853898,192812655.65916565,17302251.2078379,-5490977.94161424,-0.137274448540356,-4480833.487618714,-66441710.1195511,-21128952.16178226,224197845.81493273,136627183.53359938,0.09567780088757834,-0.21592527562371133,-0.00398392192095403,0.05381790491035301,2021-11-12,2020-12-23,False,False,False,False,False,0.0,0,0,False,[],曦祺电力
2020-12-31,年报,2021-03-30,无保留意见,False,754806767.0745625,395611502.48568386,359195264.5888787,0.5241228877941471,2180.3031339590398,45849646.97685084,411.6618164688606,7241056.473580082,395989791.57851076,62425093.52068056,2612298.278952829,525781560.73922247,40000000,8.979881614721966,204993878.78739318,189067833.3308377,22721494.352764297,-6419077.282852378,-0.16047693207130945,-5349746.183325627,-95560417.91484249,-24765456.358072326,280797939.32989615,160472065.05698133,0.1329101101923104,-0.08064102549546359,0.03865366629390986,0.033043215159167354,2021-11-12,2021-04-11,False,False,False,False,False,0.0,0,0,False,[],曦祺电力
2021-03-31,季报,2021-04-30,无保留意见,False,777365643.4202266,410892098.0978944,366473545.32233226,0.5285699227586975,2241.935079137742,44061625.48401345,368.8253305167997,7055820.490058786,389488300.26996285,60008160.17578948,2452965.841123627,489022486.0539724,40000000,9.161838633058306,205086710.95761982,189151347.8236114,431910.6913621543,132617.38603803888,0.003315434650950972,119306.41824818465,-63656982.5433905,-29337323.251406692,255855287.94336036,162860982.14856318,0.020262741330356996,0.6191988018467076,0.0044470349645504646,0.18308345553662578,2021-11-12,2021-06-08,False,False,False,False,False,0.0,0,0,False,[],曦祺电力
2021-06-30,半年报,2021-08-27,无保留意见,False,922666041.6478539,514278930.02348673,408387111.62436706,0.5573836109812821,2804.423722208688,61799475.02477542,426.5186252286975,8844941.204848997,490903888.2205853,69376996.9893496,2863350.2289063083,620476417.3933527,40000000,10.209677790609176,209954304.40628207,193512270.72015357,4873686.530356454,6953704.926660329,0.17384262316650823,6229889.852203047,-145880132.62549663,-32899378.571708273,340751624.2155839,161972113.01837903,0.11436996431807818,0.39813458661494594,0.02881368822258456,-0.10284246364893797,2021-11-12,2021-10-14,False,False,False,False,False,0.0,0,0,False,[],曦祺电力
2021-09-30,季报,2021-10-27,非标准无保留意见,False,882837340.7563552,507251178.33654183,375586162.41981333,0.5745692382041333,2256.897385707673,47959806.95360045,370.7863574174877,6100341.2599464,407667804.88488317,57602789.56855765,2636122.184903781,513484095.1903613,40000000,9.389654060495333,217824267.28713247,200932594.03652352,11219034.444603736,11242804.11550054,0.2810701028875135,10600461.880528493,-173872060.5247497,-30139965.492050305,297935892.7046746,93923866.68787462,-0.08031827712213399,0.17905786190371203,0.01718562722285121,0.16365785241232284,2021-11-12,2021-11-10,False,False,False,False,False,0.0,0,0,False,[],曦祺电力
2021-12-31,年报,2022-03-30,无保留意见,False,850147950.5544128,461913910.2022937,388234040.3521191,0.5433335572956008,2245.585721047061,49442170.84394091,360.17113210386447,6333507.786741461,412312403.4084397,60599744.87574018,2643236.7228681254,528372503.4697578,40000000,9.705851008802977,231656328.5316639,212922478.569945,0.0,19760087.492187724,0.4940021873046931,17128406.47631639,-33592944.92400394,-29212322.201776035,290827856.6044017,228022589.47862172,0.03367503704294767,0.3015735739926984,-0.03123568090853244,-0.10610012111034417,2021-11-12,2022-05-12,False,True,False,False,False,0.0,2,0,True,"['结合前述财务报表列报项目的具体情况说明现金分红方案确定的依据及未来增强投资者回报的规划', '根据公司盈利能力、融资能力及其成本、偿债能力及现金流等情况披露现金分红方案的合理性，是否导致公司营运资金不足或者影响公司正常生产经营', '充分披露高送转的主要考虑及其合理性且送转股后每股收益不低于0.5元']",曦祺电力
2022-03-31,季报,2022-04-30,非标准无保留意见,False,1010315957.4450507,601759919.4496,408556037.9954508,0.5956155745291478,2476.679524517104,51662414.5837559,403.6945669653944,7540097.875481026,401125315.8806846,61995200.37977962,2768850.4861405226,543073795.8400981,40000000,10.21390094988627,254601039.15797526,234184750.72599864,121652881.31462647,32778158.037587725,0.8194539509396931,30374674.508648053,-189235563.41062587,-36059834.21691332,357461922.0514875,132166524.42394832,0.05234470842613441,0.35413600547513935,0.05228201723354701,0.08281335042397019,2021-11-12,2022-06-15,False,True,False,False,False,0.0,4,0,True,"['充分披露高送转的主要考虑及其合理性且送转股后每股收益不低于0.5元', '公司为增强投资者回报水平拟采取的措施']",曦祺电力
2022-06-30,半年报,2022-08-27,无保留意见,False,1150954114.1330428,731506726.5449346,419447387.58810806,0.6355654995820079,3235.1163850555777,68917911.92710008,491.6533480395225,8295695.69814719,552833933.3267894,82376715.59186193,3312222.4200186357,712434573.1357992,40000000,10.486184689702702,270861708.47399795,248812658.78582975,104781405.94825767,23229527.594318137,0.5807381898579534,20897011.514044464,-136316193.4029716,-43246353.49334105,436827261.8204166,257264714.92410398,0.026658153545092288,-0.19182369978534305,0.03994992505286,0.10499872624834505,2021-11-12,2022-10-15,False,True,False,True,True,0.0,3,0,True,"['留存未分配利润的预计用途以及收益情况', '充分披露高送转的主要考虑及其合理性且送转股后每股收益不低于0.5元']",曦祺电力
2022-09-30,季报,2022-10-27,无保留意见,False,1388240621.048658,919252238.8875052,468988382.1611527,0.6621706820487032,3264.872129000878,72381990.45972699,599.0681113282976,9536768.61672193,565287623.7131575,86734663.22634615,3667584.3248976604,766012726.2668269,40000000,11.724709554028818,294883884.18967885,270831990.29131866,65577071.13158452,34317393.87954407,0.8579348469886018,31456187.86498416,-19741019.70891743,-47213510.64091171,506968170.0879219,440013639.7380928,0.11811015168770866,0.2756151252144442,0.02660518246669542,0.010685095619770034,2021-11-12,2022-11-10,True,False,False,False,False,39752534.781862736,0,0,True,"['结合所处行业特点、发展阶段和自身经营模式、盈利水平、偿债能力、资金需求等因素，未进行现金分红或现金分红水平较低原因的说明', '公司在相应期间是否按照中国证券监督管理委员会相关规定为中小股东参与现金分红决策提供了便利']",曦祺电力
2022-12-31,年报,2023-03-30,无保留意见,False,1308154939.6301425,849257090.5680394,458897849.062103,0.6492022197371756,3903.0594118910067,88035711.00652887,652.3274841117715,11781065.233350886,624736905.3675666,97654853.63035779,4512291.4478371,865880013.5867625,40000000,11.472446226552574,321452130.1202353,294732450.6412594,181675209.9557449,37954637.04365216,0.948865926091304,34143514.78562958,-225733757.46611562,-46594431.196977355,449448080.49893576,177119891.8358428,-0.021515528918971294,0.07087739437130604,-0.012968462311527722,-0.0077316628011348835,2021-11-12,2023-04-29,False,True,False,False,False,0.0,1,0,True,"['结合前述财务报表列报项目的具体情况说明现金分红方案确定的依据及未来增强投资者回报的规划', '上市公司控股子公司向母公司实施利润分配的情况']",曦祺电力
2023-03-31,季报,2023-04-30,非标准无保留意见,False,1158351403.8052466,658871636.4706651,499479767.33458155,0.5688011723439332,2864.7015627205583,71677939.12824751,534.0335943203991,8910202.401864763,568714406.7000278,88265750.5779475,3295332.056747425,733123319.9344375,40000000,12.486994183364539,387515049.772615,351319652.18207633,123168952.67019224,94375599.5033995,2.3593899875849877,80838859.34402427,-108526252.82278323,-38819463.68708714,439631867.7623175,292286151.2524471,0.0884334462569831,1.026682469305191,-0.08040104739324232,0.059112375768012274,2021-11-12,2023-05-24,False,False,False,True,True,0.0,0,0,False,[],曦祺电力
2023-06-30,半年报,2023-08-27,保留意见,False,1354192053.8404667,819165919.3445796,535026134.49588716,0.6049111845114128,3198.101933333315,69520307.81215994,539.3652020251645,9054051.570153553,525506277.4575684,84569157.20763323,3783956.0278090285,727449631.3804632,40000000,13.375653362397179,442154505.9097441,403290829.10919785,0.0,78056365.9101844,1.95140914775461,74244538.46731636,-113170826.46835849,-44511574.55786968,467175957.7454732,309493556.7192451,0.0711667808908353,-0.14652431651079,0.03611001216747951,-0.022540627265358684,2021-11-12,2023-10-20,True,False,False,True,False,32627613.98661272,0,0,True,"['上市公司控股子公司向母公司实施利润分配的情况', '结合所处行业特点、发展阶段和自身经营模式、盈利水平、偿债能力、资金需求等因素，未进行现金分红或现金分红水平较低原因的说明']",曦祺电力
2023-09-30,季报,2023-10-27,无保留意见,False,1610366805.6056569,1052489957.3283321,557876848.2773248,0.6535715674619187,4120.399370649807,87235033.79247183,673.4464644418098,12617369.994602725,749671452.2280844,109317260.12426145,4778128.425593823,947260706.3056436,40000000,13.94692120693312,463921369.6487074,421872818.99425596,35089269.95435922,31095519.627090402,0.77738799067726,26545699.83579731,-26458890.485459927,-54147495.55758361,580074689.2623945,499468303.219351,0.04270952820457639,-0.49403157624883054,0.048660382950505995,-0.011988006749926712,2021-11-12,2023-11-17,False,False,False,True,False,0.0,0,0,False,[],曦祺电力
2023-12-31,年报,2024-03-30,非标准无保留意见,False,1830024950.8937855,1265072285.7253776,564952665.168408,0.6912869057372771,5260.160281147428,113162627.14382225,756.6140910396534,14577645.103388116,877950658.5013179,130366163.19346534,5601522.806443641,1132465698.1435144,40000000,14.1238166292102,490275018.60686713,446667733.7050877,49399318.45361569,37648069.940228246,0.9412017485057061,35421306.72975974,-161216578.4172759,-63702483.189286545,702667967.1249508,477748905.51838833,0.012683474700433862,0.1362403476237118,0.03771533827535838,0.029854870169636553,2021-11-12,2024-05-01,False,True,True,False,False,0.0,4,4,True,['公司为增强投资者回报水平拟采取的措施'],曦祺电力
2024-03-31,季报,2024-04-30,无保留意见,False,1792879202.5423617,1236143466.0874708,556735736.4548911,0.6894739279336715,5171.044336222426,110491065.12383884,799.3812670327641,15365462.265512913,855505737.4305531,137801448.8158992,6008284.250039948,1135609677.9649966,40000000,13.918393411372277,502394594.01195765,456785216.8969134,86097818.24740693,17313679.150129355,0.4328419787532339,14453547.416893879,-238879408.88895157,-68747319.61303347,664596055.1956265,356969326.6936414,-0.014544455173191468,-0.37209714473612315,-0.0018129778036056305,-0.1042528867045785,2021-11-12,2024-06-06,False,False,True,False,False,0.0,0,6,True,"['公司在相应期间是否按照中国证券监督管理委员会相关规定为中小股东参与现金分红决策提供了便利', '上市公司控股子公司向母公司实施利润分配的情况']",曦祺电力
2024-06-30,半年报,2024-08-27,非标准无保留意见,False,1941936645.3571286,1359068725.5688055,582867919.7883232,0.6998522474037088,5058.678707440112,98905942.24001352,845.0160991114469,15095459.895407625,919822228.7639421,130201433.85708824,6006902.5264806105,1146045185.8972294,40000000,14.57169799470808,510189784.9813306,463575677.1267608,15300819.964345992,11135987.09910417,0.27839967747760425,9700657.471210502,-195243465.65192503,-66402324.51074401,641816627.3850259,380170837.2223568,0.0469382179413041,-0.18003584005074247,0.010378319470037312,-0.04872987434517475,2021-11-12,2024-10-11,False,False,False,False,False,0.0,0,0,False,[],曦祺电力
2024-09-30,季报,2024-10-27,无保留意见,False,1958616892.0629315,1314502656.1963198,644114235.8666118,0.6711382208144889,5173.060439170754,108164419.834628,879.9987385822163,15473241.823757652,967239811.0966549,144182191.5357027,6142781.357614558,1245356717.60335,40000000,16.102855896665297,530704512.5440295,481262762.23417675,21888908.19621093,29306753.66099848,0.7326688415249619,25267264.439165663,-389766943.5690313,-70388801.26054755,733869345.7696646,273713600.94008577,0.1050775209940036,0.6458194090682124,-0.028714026589219947,0.06408031028011056,2021-11-12,2024-11-13,False,False,True,True,False,0.0,0,4,True,"['公司在相应期间是否按照中国证券监督管理委员会相关规定为中小股东参与现金分红决策提供了便利', '留存未分配利润的预计用途以及收益情况']",曦祺电力
2024-12-31,年报,2025-03-30,无保留意见,False,2167667753.1949368,1501486820.9748547,666180932.2200819,0.692673874380336,5241.178425839117,125493487.95948999,848.439450211967,15074089.673535,935259598.7324866,137568080.74478167,5684873.111109188,1218342886.8490002,40000000,16.65452330550205,553656302.8564442,502177693.80821997,119331389.74778913,32788271.874878146,0.8197067968719537,29878473.677204654,-62989341.51485258,-82563136.60657725,782559724.2227615,637007246.1013317,0.03425897942432674,0.07518381096993097,0.021535653565847183,-0.030833233151721543,2021-11-12,2025-05-22,True,True,False,False,False,28003096.577834126,1,0,True,['根据公司盈利能力、融资能力及其成本、偿债能力及现金流等情况披露现金分红方案的合理性，是否导致公司营运资金不足或者影响公司正常生产经营'],曦祺电力
2017-03-31,季报,2017-04-30,无保留意见,False,251600500.9874339,76245836.31682958,175354664.67060432,0.30304326111273383,148944284.93900675,268823.47393762553,54515.81183473439,15636.620537665125,3840432.4554770165,168993.80929900007,19603335.70246207,164497555.76170757,40000000,4.383866616765108,6697119.898938646,6497902.431569459,21681891.77656349,9567314.141340923,0.23918285353352306,9282717.759384941,-9340647.936554937,10727742.680267759,118303476.31536487,119690571.0590777,-0.025807418496642656,0.47596189674116235,0.0030432611127338216,0.10289910029929435,2021-09-09,2017-05-26,False,False,False,False,False,0.0,0,0,False,[],璟滢食品
2017-06-30,半年报,2017-08-27,无保留意见,False,300355399.3615149,109320042.2816072,191035357.07990775,0.36396895981892097,159705994.48847407,293699.1309023409,64524.68930492894,16686.21395754221,4716443.082963854,187637.94835850137,26101538.218068376,188936302.456202,40000000,4.775883926997694,14703886.557771605,14077919.631261788,47780504.28630513,11438238.084047087,0.2859559521011772,10828595.999560472,-51392073.884183064,12671942.671608295,146275910.073121,107555778.86054625,0.08942272758331757,0.07042202056077813,0.06092569870618713,0.054547758773914275,2021-09-09,2017-09-09,False,False,False,False,False,0.0,0,0,False,[],璟滢食品
2017-09-30,季报,2017-10-27,无保留意见,False,340644981.83331525,115412823.39043114,225232158.44288415,0.3388067623051175,186765846.22365186,315158.7658926173,78177.21418288047,22905.82243780949,5599294.972475302,215235.67647832385,25150907.384122103,214161157.70514002,40000000,5.630803961072104,16826830.85636991,15869932.814049274,7319568.140863783,3032777.5694261454,0.07581943923565364,2560018.8325535506,-38435539.57488168,13773319.513878033,151955592.50746766,127293372.446464,0.17900770771283075,-0.29556896210585304,-0.02516219751380344,0.11964621937077399,2021-09-09,2017-12-15,False,False,False,False,False,0.0,0,0,False,[],璟滢食品
2017-12-31,年报,2018-03-30,保留意见,False,345062330.9017157,114608296.06285815,230454034.83885753,0.3321379524776412,204527856.5348165,310930.47737967,80962.09187032488,20517.051957061518,5303939.653930816,218605.46216317234,26588174.625806846,217646227.50065765,40000000,5.761350870971438,16290970.991791436,15397863.428561106,1200987.4817345424,-765514.0922549572,-0.01913785230637393,-674384.8364116669,-16616049.853409076,14229041.774758497,181321863.3060814,178934855.22743082,0.02318441750092091,-0.18960384542371314,-0.006668809827476308,-0.020425357185068205,2021-09-09,2018-04-15,False,False,False,False,False,0.0,0,0,False,[],璟滢食品
2018-03-31,季报,2018-04-30,无保留意见,False,409015958.0290791,157788258.63364616,251227699.3954329,0.3857753115403585,264684094.1883038,426707.79222464905,101483.86033602191,25577.285298453666,7300670.106234363,326749.16746519064,34957825.46455699,300733331.4897247,40000000,6.280692484885822,14190961.62459298,13538293.024486909,9279117.604542349,-3000013.381712079,-0.07500033454280197,-2656529.148677426,-30576178.120930623,18915894.735643577,186473663.57316035,174813380.1878733,0.09014233389795538,-0.1376390544274088,0.053637359062717306,0.01106887914953434,2021-09-09,2018-05-22,False,False,False,False,False,0.0,0,0,False,[],璟滢食品
2018-06-30,半年报,2018-08-27,无保留意见,False,386720407.1558832,152868496.16522664,233851910.99065655,0.3952946194111935,241669976.78760883,401410.4164948185,96767.6674239554,22677.749441560227,7380116.011223954,268087.5718516117,34265087.89289006,270561767.2566206,40000000,5.8462977747664135,12058273.761665523,11486225.963588445,8899429.465816729,-3046696.9470392223,-0.07616742367598056,-2931524.37271209,-40954741.32590649,15956131.037435796,196028318.92381757,171029708.6353469,-0.06916350564285037,-0.0033345435677889835,0.009519307870835027,-0.05060968054310834,2021-09-09,2018-10-24,False,False,False,False,False,0.0,0,0,False,[],璟滢食品
2018-09-30,季报,2018-10-27,无保留意见,False,414661985.8655461,183513311.6773979,231148674.18814817,0.4425612135492497,242364325.40389442,439076.3217272432,114952.43340164574,25341.351587810204,7886888.335821514,298723.1560548021,34935867.751966,302921613.4971924,40000000,5.778716854703704,16134253.886841517,15280599.218747135,14195053.116098583,5822828.75025142,0.1455707187562855,5420533.221655271,-10218841.323832786,17086439.459434256,193587769.41466743,200455367.5502689,-0.011559609630970118,0.6356577839401689,0.04726659413805623,0.07053967967322103,2021-09-09,2018-11-29,False,False,False,False,False,0.0,0,0,False,[],璟滢食品
2018-12-31,年报,2019-03-30,无保留意见,False,497264387.2160952,231849436.58251306,265414950.63358214,0.46624983116226804,251648008.05678898,460922.86809072935,108235.89222976647,28642.63598480767,8563079.754659465,317379.6535933735,41022647.88138124,328390096.28866756,40000000,6.635373765839554,20348061.87952599,19340397.806036018,18848705.28797782,6019725.703834962,0.15049314259587404,5799712.26755555,-35934235.61130873,23248533.886832133,226457045.32460007,213771343.60012347,0.1482434479271218,0.008627193225615287,0.023688617613018326,0.0390543233869618,2021-09-09,2019-05-06,False,False,False,False,False,0.0,0,0,False,[],璟滢食品
2019-03-31,季报,2019-04-30,无保留意见,False,571084939.29477,257978462.87950858,313106476.41526145,0.451733963074013,313610343.84817535,645142.0799700615,138842.35450082007,37900.1780020154,9634801.377970105,402292.26237285114,44325183.14414409,383209784.3707278,40000000,7.827661910381536,29445604.84194062,28017619.806434773,33920352.79934604,12996489.946306612,0.3249122486576653,12396031.429141078,-12284397.822577784,25863922.278366476,279020205.3427133,292599729.79850197,0.17968665920225307,0.303077644461652,-0.014515868088255078,0.12766653477811674,2021-09-09,2019-05-14,False,False,False,False,False,0.0,0,0,False,[],璟滢食品
2019-06-30,半年报,2019-08-27,非标准无保留意见,False,409866533.1731982,156339580.53425252,253526952.63894567,0.38144021987808346,234395633.31335497,386729.4590412023,91375.10042660925,23997.82496765079,6548600.195155893,250732.96742683585,31136228.80137723,276503561.9290506,40000000,6.338173815973642,47567014.037558764,44191976.73311706,72772106.76820959,25887727.422311634,0.6471931855577908,23106224.1809747,-78419108.50215586,18589125.245501574,182983855.85391307,123153872.59725879,-0.19028518495828764,0.42975819834521306,-0.0702937431959295,-0.059579125827462005,2021-09-09,2019-10-21,False,False,False,False,False,0.0,0,0,False,[],璟滢食品
2019-09-30,季报,2019-10-27,非标准无保留意见,False,498847324.6904905,226785946.71916565,272061377.97132486,0.45461995182569104,267829099.17125085,467776.6250676958,114765.2105618894,29326.017971836984,7944292.009672443,313105.89237853565,43182444.75563365,319434648.4186253,40000000,6.801534449283121,82185876.26651695,74518367.57164623,120727420.08517663,49455517.469940275,1.2363879367485069,43323415.4836131,-59362589.619950294,21741962.796207625,222199784.32464132,184579157.50089866,0.07310633106048692,0.5495229396409541,0.07317973194760759,0.027438607581116034,2021-09-09,2019-11-10,False,False,False,False,False,0.0,0,0,False,[],璟滢食品
2019-12-31,年报,2020-03-30,无保留意见,False,516860254.66980827,235406695.40938926,281453559.260419,0.45545520918372184,300531588.2759929,510432.1116191501,126686.47374540642,29325.441152056028,8316428.139845843,380662.803810941,42855117.083372794,340997058.9209153,40000000,7.036338981510475,116581021.18789257,106051505.55063939,135435732.57405773,49135921.31625088,1.228398032906272,45047339.96999024,-87447089.96413279,22255744.07289595,230456445.800155,165265099.90891817,0.034522288165739316,-0.004809174104075731,0.0008352573580307629,0.10479015723363452,2021-09-09,2020-05-23,False,False,False,False,False,0.0,0,0,False,[],璟滢食品
2020-03-31,季报,2020-04-30,保留意见,False,494381989.792986,213875333.63133323,280506656.16165274,0.43261149889560074,291936701.83449405,485868.52056278626,121137.5285826449,30569.62765036024,8148365.007864181,364361.33687572635,42006618.78879106,351237779.60314864,40000000,7.012666404041319,142539098.50285482,128388893.44130616,66801942.06160816,37082967.59280324,0.9270741898200809,31910554.12952395,-45301924.22038406,21321486.60370399,235218710.8040447,211238273.18736464,-0.0033643315837058167,-0.1822451926814845,-0.02284371028812106,0.00014421971833102724,2021-09-09,2020-05-25,False,False,False,False,False,0.0,0,0,False,[],璟滢食品
2020-06-30,半年报,2020-08-27,无保留意见,False,562960243.9583688,277196696.9287426,285763547.02962625,0.4923912477010391,275653008.5803777,533291.0796770203,130080.09283440633,32747.827523831085,8672900.949789112,333658.56068877544,45006693.49347542,362797675.94470257,40000000,7.144088675740656,162294870.3360465,147802650.62305778,127899945.61615714,28222531.190273784,0.7055632797568446,27733938.83107374,-51958057.60174632,23595678.90727355,279438918.22957385,251076539.5351011,0.018740699204456764,-0.16383044046770287,0.05977974880543835,0.020878295276723184,2021-09-09,2020-09-08,False,False,False,False,False,0.0,0,0,False,[],璟滢食品
2020-09-30,季报,2020-10-27,保留意见,False,652676453.2067515,321765313.44586635,330911139.7608851,0.4929935986888425,338120986.7935364,591736.7367859475,144895.31782354362,34864.53769887429,10662556.315580294,402012.1473753261,50795015.174012266,402060288.1686391,40000000,8.272778494022129,195406965.16970173,179645608.66454437,120059849.52915806,47302992.619507454,1.1825748154876863,45489940.05926657,-25371322.06635442,27459269.761548813,315323571.1232766,317411518.81847095,0.15798933489084352,0.4219237828363177,0.0006023509878034077,0.14577529096600242,2021-09-09,2020-12-13,False,False,False,False,False,0.0,0,0,False,[],璟滢食品
2020-12-31,年报,2021-03-30,无保留意见,False,538545779.5866655,221485685.218384,317060094.3682815,0.4112662165663512,311756127.4512878,521502.7485897188,120083.34662330447,32978.66292703626,8732851.89061881,376786.1515778917,39249126.94647888,350886262.1906795,40000000,7.926502359207037,244661487.26856562,222663756.73399237,145291665.37688836,70363602.99837704,1.759090074959426,61454497.242068574,-47709382.68580127,22571865.577226352,257041658.36568776,231904141.25711283,-0.04185729559486076,0.3586242169990971,-0.0817273821224913,0.038431271087892106,2021-09-09,2021-05-28,False,False,False,False,False,0.0,0,0,False,[],璟滢食品
2021-03-31,季报,2021-04-30,无保留意见,False,578761339.1869558,235160898.71968418,343600440.4672716,0.40631756614918046,373050954.1989184,594860.3287368729,149950.8396317565,37616.3209951401,10855549.792213218,458238.68596432684,51309298.565183364,434983810.0384648,40000000,8.59001101168179,281949587.8644251,256021545.56884977,256071133.3501314,53268715.13694213,1.3317178784235533,47653984.049796276,-109432656.51913147,26970763.485166926,277234953.9895155,194773060.95555094,0.08370762063850949,-0.19567516991890188,-0.004948650417170714,-0.1072601133039285,2021-09-09,2021-05-17,False,False,False,False,False,0.0,0,0,False,[],璟滢食品
2021-06-30,半年报,2021-08-27,无保留意见,False,658145594.0062671,269288935.9214741,388856658.08479303,0.4091631675025843,340868447.7447124,613565.0831447421,136249.30301832556,41410.366491424465,10924229.17411226,421021.0095098984,53190655.430182174,410535950.07369334,40000000,9.721416452119826,290308935.1575108,263624120.12997085,11724494.266297476,11941924.704408132,0.2985481176102033,10860820.801601509,-74832823.32119736,29039722.24694344,334680814.4079664,288887713.33371246,0.13171175670198876,-0.5881250333380211,0.002845601353403813,-0.18224056604328415,2021-09-09,2021-09-15,False,False,False,False,False,0.0,0,0,False,[],璟滢食品
2021-09-30,季报,2021-10-27,无保留意见,False,678321548.1383085,294588630.0464587,383732918.09184974,0.4342905379535321,407656951.0909229,734271.8913182985,165631.27849493476,44760.48330410883,13201280.951492006,477519.95948038955,64916762.39534249,492528188.60268766,40000000,9.593322952296244,288896314.23259085,262300243.64564952,9235489.809410183,-2018029.892742794,-0.05045074731856985,-1891252.1204589922,-134614572.2885659,29656142.639647756,335541762.461277,230583332.81235886,-0.013176423461999782,-0.4823436844552599,0.025127370450947813,0.050616612305910316,2021-09-09,2021-12-13,False,True,False,False,False,0.0,0,0,True,"['根据公司盈利能力、融资能力及其成本、偿债能力及现金流等情况披露现金分红方案的合理性，是否导致公司营运资金不足或者影响公司正常生产经营', '是否影响偿债能力、过去十二个月内是否使用过募集资金补充流动资金以及未来十二个月内是否计划使用募集资金补充流动资金等内容', '公司在相应期间是否按照中国证券监督管理委员会相关规定为中小股东参与现金分红决策提供了便利', '充分披露高送转的主要考虑及其合理性且送转股后每股收益不低于0.5元']",璟滢食品
2021-12-31,年报,2022-03-30,无保留意见,False,848432567.2596917,409163392.0934956,439269175.16619605,0.4822579989061844,417295725.1505598,888378.7514506824,200485.0116969166,52971.76785917078,14696551.16460513,609317.1214319549,71734713.17240012,576499558.519761,40000000,10.9817293791549,292247191.49324155,265262839.36462206,17541974.31826626,4786967.5152153,0.1196741878803825,4232279.59853221,-58842622.92569482,37214414.72087211,433153245.8349638,411525037.6301411,0.1447263303615075,0.45421245398572635,0.04796746095265232,-0.08472805806949019,2021-09-09,2022-05-26,False,False,False,False,False,0.0,0,0,False,[],璟滢食品
2022-03-31,季报,2022-04-30,无保留意见,False,900635331.6970356,408897681.21131134,491737650.4857243,0.4540102601136464,481751988.1915158,925395.5993842222,220971.97742877627,54867.95973331425,15509539.622004317,585519.8443004147,74290072.40845665,602281063.7335241,40000000,12.293441262143107,287197159.13899016,260741961.95351034,10147637.580844294,-7214331.934644835,-0.18035829836612088,-6458396.301588195,-48885743.71438262,34828358.38064279,479489523.9548981,465432138.6211583,0.11944492872662181,-0.5508476313410218,-0.02824773879253799,0.03494568074443746,2021-09-09,2022-05-16,False,False,False,True,True,0.0,0,0,False,[],璟滢食品
2022-06-30,半年报,2022-08-27,保留意见,False,1151141950.9614854,675612152.7542894,475529798.20719606,0.5869060303032027,677743063.339482,1208399.891979879,298451.54507101607,78758.54452478333,20261642.1953891,847422.3497500849,104432185.5020577,826416848.6773281,40000000,11.888244955179902,284374503.7593762,258230894.82138535,17268882.802429426,-4032364.8280199096,-0.10080912070049775,-3587238.760178574,-30524674.477021284,52803230.87652565,594833189.2568944,617111745.6563988,-0.03296036466298374,0.3251660576849371,0.13289577018955623,0.016689051617954302,2021-09-09,2022-09-19,False,False,False,False,False,0.0,0,0,False,[],璟滢食品
2022-09-30,季报,2022-10-27,无保留意见,False,1034150174.8926921,540001062.5984247,494149112.2942675,0.5221689032296083,662676202.0304365,1099995.1877755525,254458.92953441612,68817.2909177098,18026567.28844473,783780.5277222727,88361753.98871458,766966437.1975273,40000000,12.353727807356687,280475118.4385771,254619748.87811625,8625997.420757106,-5570550.458284428,-0.1392637614571107,-5158779.918955858,-171086018.75760466,43438395.804439105,491879594.96939534,364231972.01622975,0.03915488399942227,-0.11861728139824307,-0.06473712707359434,-0.015690107997782362,2021-09-09,2022-12-23,False,False,False,False,False,0.0,0,0,False,[],璟滢食品
2022-12-31,年报,2023-03-30,无保留意见,False,1075474645.868349,570094694.1949775,505379951.6733717,0.5300865960765418,582802507.3947763,984318.2130864444,248425.5933606576,56052.127146475585,18700510.205362856,699594.092215335,90860145.59266427,682914554.5409642,40000000,12.634498791834291,278886658.69025064,253338807.6287901,10877029.81612964,-2269228.211895017,-0.05673070529737542,-1829916.0704659326,-176473819.7639295,44254923.71679379,524343220.80662334,392124324.7594876,0.022727632408284345,0.2888435032973495,0.007917692846933564,0.10012333864455406,2021-09-09,2023-05-08,False,False,False,False,False,0.0,0,0,False,[],璟滢食品
2023-03-31,季报,2023-04-30,无保留意见,False,1158185639.5511398,602116539.6083702,556069099.9427695,0.5198791273579625,702277355.7317082,1185497.0655353696,281027.21687568136,65687.24648789898,20309591.821517773,822749.7707660864,98323620.6894343,789187411.6206291,40000000,13.901727498569239,276053201.5795071,250666288.34474722,16055322.28924107,-4047795.8724907096,-0.10119489681226775,-3817884.6914898204,-75243828.80853465,45937592.81989582,539102903.5954915,509796667.6068527,0.1002990880456581,-0.12073825364886015,-0.01020746871857934,0.07391167599617465,2021-09-09,2023-06-15,False,False,True,False,True,0.0,0,1,True,"['根据公司盈利能力、融资能力及其成本、偿债能力及现金流等情况披露现金分红方案的合理性，是否导致公司营运资金不足或者影响公司正常生产经营', '是否影响偿债能力、过去十二个月内是否使用过募集资金补充流动资金以及未来十二个月内是否计划使用募集资金补充流动资金等内容', '留存未分配利润的预计用途以及收益情况']",璟滢食品
2023-06-30,半年报,2023-08-27,无保留意见,False,1360376227.2596922,795460352.532438,564915874.7272543,0.584735558143936,722640526.8275602,1265868.143456207,323803.04126749677,73413.30426152733,22814352.938858632,838257.549153402,100983193.09176958,867626087.6958733,40000000,14.122896868181357,272235153.4211858,247031374.73941448,25151334.1394631,-5454354.511887612,-0.13635886279719028,-5192733.721903894,-236939172.73482713,50292902.73416755,651071766.2578927,464425496.25723314,0.015909488201007935,-0.10859608338085876,0.06485643078597336,0.06219311265329401,2021-09-09,2023-09-12,False,False,False,False,False,0.0,0,0,False,[],璟滢食品
2023-09-30,季报,2023-10-27,无保留意见,False,1762037483.1908433,1186937237.1000092,575100246.0908341,0.673616338144297,1067455077.6949227,1932645.255921803,462752.6738515718,113419.03708773975,32334547.129849378,1324067.5621935006,158189850.721479,1255417877.8865554,40000000,14.377506152270854,271582384.3728132,246433024.5895977,2617594.401711274,-932527.2119608615,-0.023313180299021536,-854785.9283096573,-193159196.97277695,71796868.87581037,912115908.940792,790753580.8438253,0.01802812032587489,0.3916478558589477,0.08888078000036104,0.14239929017703298,2021-09-09,2023-12-03,False,False,False,True,False,0.0,0,0,False,[],璟滢食品
2023-12-31,年报,2024-03-30,无保留意见,True,1818686832.7853367,1244179072.3184056,574507760.4669311,0.6841084731519902,1001946337.3357643,1818801.0059405575,432378.2626638204,115907.26360973464,33186722.520826984,1256943.7685385882,148282105.92110053,1210547990.0827003,40000000,14.362694011673277,266155628.06048027,241556270.64770633,25449969.85931847,-7752509.0176185,-0.1938127254404625,-6966791.345559128,-71692956.17927292,71565249.5533442,871092570.5396035,870964863.9136747,-0.0010302301693144744,-0.4244588987718424,0.01049213500769317,0.12036390673678835,2021-09-09,2024-04-16,False,False,False,False,False,0.0,0,0,False,[],璟滢食品
2024-03-31,季报,2024-04-30,无保留意见,True,1313289861.4310198,796963874.199508,516325987.2315119,0.6068453717681945,746546309.2354063,1320839.4596863978,330072.5065690599,79877.79233427242,23079682.432240073,982842.1307591528,118130799.90811816,920682989.9433964,40000000,12.908149680787798,258368973.39296117,234358326.85429433,43204456.07243665,-11123792.38217015,-0.27809480955425375,-10282776.847731395,-50565076.77109005,55143479.210249275,627525321.4468123,632103723.8859715,-0.10127238871087145,-0.3645619520986488,-0.07726310138379555,0.04198864123136262,2021-09-09,2024-05-15,False,False,False,False,False,0.0,0,0,False,[],璟滢食品
2024-06-30,半年报,2024-08-27,非标准无保留意见,False,1353393823.8100078,855561931.2835076,497831892.52650017,0.6321603632525614,842471668.1783435,1432505.0339118293,337956.5980456247,86592.76393184686,21887387.416577,1015674.2951346069,122431353.46308209,971631504.8827649,40000000,12.445797313162505,250719065.6814989,227353208.06806278,45310612.74607439,-10928439.587803256,-0.2732109896950814,-10007312.551759342,-47928232.5485359,53787849.070786074,654441631.2676184,660301247.7898686,-0.03581864008855185,0.03324470595187054,0.02531499148436676,-0.058642951888305254,2021-09-09,2024-09-07,False,True,False,False,True,0.0,1,0,True,"['结合前述财务报表列报项目的具体情况说明现金分红方案确定的依据及未来增强投资者回报的规划', '根据公司盈利能力、融资能力及其成本、偿债能力及现金流等情况披露现金分红方案的合理性，是否导致公司营运资金不足或者影响公司正常生产经营', '公司在相应期间是否按照中国证券监督管理委员会相关规定为中小股东参与现金分红决策提供了便利']",璟滢食品
2024-09-30,季报,2024-10-27,无保留意见,False,1282314454.7567253,739908666.5969441,542405788.1597813,0.5770103143205354,683502901.4445865,1148181.1265695966,301759.182994017,81007.3697157504,20696354.992601614,891688.533960416,104180084.57464364,856621210.8131962,40000000,13.560144703994533,243089558.43059456,220485226.2497232,38455832.79230412,-10899296.072720494,-0.27248240181801237,-9811402.597627986,-24161030.94549254,53202400.519086115,635108935.4488702,664150305.0224638,0.08953603877619866,0.0048000041347222135,-0.055150048932025963,0.06166173862732572,2021-09-09,2024-12-11,False,False,False,False,False,0.0,0,0,False,[],璟滢食品
2024-12-31,年报,2025-03-30,无保留意见,False,1506122292.4905539,915816733.3267901,590305559.1637638,0.6080626638972173,966902387.6774654,1506527.6919168765,363361.3451418479,101334.61546755313,23492118.378053613,1002069.5862068739,132715786.22049142,1042441510.9752284,40000000,14.757638979094095,236170159.33312124,214269467.0378723,20690739.181490872,-9884855.85353331,-0.24712139633833277,-8879656.016929781,-16332322.436123725,60400148.804698594,721256800.0957723,765324626.4643471,0.08830984486078565,0.16628248662438438,0.031052349576681973,-0.12929117422900546,2021-09-09,2025-05-28,False,True,True,False,False,0.0,1,5,True,"['结合所处行业特点、发展阶段和自身经营模式、盈利水平、偿债能力、资金需求等因素，未进行现金分红或现金分红水平较低原因的说明', '上市公司控股子公司向母公司实施利润分配的情况']",璟滢食品
2017-03-31,季报,2017-04-30,保留意见,False,242710514.1422577,60621040.50045146,182089473.64180624,0.24976684967557772,51588830.01548639,152.95243124014746,46.24716563752246,0.9741947903503722,850659.2428792252,1081946.2075060569,43948.44143346789,52060990.18118826,40000000,4.552236841045156,11200708.198060352,10837739.82072386,52342017.64359447,16001011.71151479,0.40002529278786975,15482485.458176943,16873481.627458163,-35700522.18209773,-40796734.05807221,-59623774.61271178,0.011608186898923411,0.8333895395285995,-0.05023315032442227,0.06363787512062065,2021-05-21,2017-06-08,False,False,False,False,False,0.0,0,0,False,[],澜瀚环保
2017-06-30,半年报,2017-08-27,无保留意见,False,255395097.0552613,61280755.643202834,194114341.41205847,0.2399449180887884,57654503.84650679,161.44548504055786,48.075500484062275,1.0525200587461165,874350.1922069889,1159339.6364563848,47651.24314120959,58578937.560854346,40000000,4.852858535301462,19531362.40170264,17940060.22031328,59401781.809538685,11900934.57663184,0.297523364415796,10146171.99941346,42526041.246896915,-35792397.77738722,-39837179.50891029,-33103536.039400592,0.066038236751163,-0.12424095269334859,-0.00982193158678932,0.10488931827707625,2021-05-21,2017-10-06,False,False,False,False,False,0.0,0,0,False,[],澜瀚环保
2017-09-30,季报,2017-10-27,无保留意见,False,271017980.3463079,65802623.01328942,205215357.33301845,0.24279799786422498,49928927.44301526,160.2626237640814,46.73462159018601,1.0651171910621673,944108.3834009175,1210119.2736181025,43373.18283116357,54184344.12546608,40000000,5.1303839333254615,28401271.286302414,25567242.852536432,24751245.99117722,12671298.406571101,0.3167824601642775,10895975.188890219,43367354.307101436,-38904174.13919279,-44643444.090987064,-40180263.92307842,0.05718802557403601,0.02665532589946574,0.0028530797754365836,0.05361268289598051,2021-05-21,2017-12-18,False,False,False,False,False,0.0,0,0,False,[],澜瀚环保
2017-12-31,年报,2018-03-30,无保留意见,False,244926062.53959894,48985212.50791979,195940850.03167915,0.2,53366459.037032455,159.97333995810027,42.29665062622256,0.9720277719198549,813965.6702984216,1073356.091140711,42564.05150282121,52637374.60794517,40000000,4.898521250791979,24803837.31469751,22476764.690055627,13215148.683977814,-5139191.388006998,-0.12847978470017496,-4414968.803544006,11577323.098328607,-33382855.28957264,-38398086.947928965,-60203619.139173,-0.045194021645703804,-0.6002598723699173,-0.06260777306194625,0.08330746544536406,2021-05-21,2018-05-25,False,False,False,False,False,0.0,0,0,False,[],澜瀚环保
2018-03-31,季报,2018-04-30,无保留意见,True,224117704.45271823,44823540.89054365,179294163.5621746,0.2,49412676.063773185,163.0309043208081,44.5600974026862,1.0800005771274392,817457.1276062275,1212694.435650852,45891.78653743387,53556569.88212626,40000000,4.482354089054365,23002881.495558187,20873850.217069633,10723572.141618839,-2572794.027341893,-0.06431985068354733,-2289877.8185514216,38068661.22049766,-34016961.71089701,-37659787.33921792,-33608087.82961728,-0.0849577128343232,0.21637625600585988,0.012883328013719195,-0.022984178644018593,2021-05-21,2018-06-13,False,False,False,False,False,0.0,0,0,False,[],澜瀚环保
2018-06-30,半年报,2018-08-27,无保留意见,True,264589331.18329114,69345492.3717524,195243838.81153873,0.2620872582489508,51355275.73912047,158.2139537650019,43.724354205363774,1.1363589773680705,806456.6925927827,1200544.7075343493,43302.7590664762,53881298.049985796,40000000,4.881095970288468,23640812.11831709,21472820.99402831,4162389.5918560443,911329.4610841535,0.022783236527103838,855672.5385123987,6216136.845043752,-39230153.03746171,-41357897.40755788,-74371913.59997584,0.0889581396989157,0.24149675931909642,0.06901370543295286,0.02654702401160157,2021-05-21,2018-09-17,False,False,False,False,False,0.0,0,0,False,[],澜瀚环保
2018-09-30,季报,2018-10-27,无保留意见,False,251821035.9291212,72115958.01487291,179705077.9142483,0.2863778148985577,55468651.390097596,160.34830709420618,44.45615165065072,1.0428756545158107,686102.0184769715,1198878.7441507985,44457.185868086504,53703315.615612745,40000000,4.492626947856207,27513152.89628171,24974437.228295777,10702029.2989595,5531915.397092309,0.1382978849273077,5002308.90609638,23325845.897710327,-37335417.98829095,-42315095.1983858,-56324667.28896642,-0.07958643402975399,0.25797001534962993,0.02429055664960691,0.1894620227261356,2021-05-21,2018-12-11,False,False,False,False,False,0.0,0,0,False,[],澜瀚环保
2018-12-31,年报,2019-03-30,无保留意见,False,289458479.3220899,86823769.49055609,202634709.83153382,0.2999524135340476,62514222.78235575,170.37247905975343,49.41634845016937,1.1729017332360638,1025146.3251914723,1353410.1936183288,44547.900491889995,61094433.293690346,40000000,5.065867745788346,39020950.59344085,35336204.309076175,33220227.758429665,16439710.995941635,0.41099277489854086,14802524.40111485,52661363.095810056,-42621114.23881055,-45512396.21471834,-35472147.35771883,0.1275959042639137,0.4841042320022624,0.013574598635489907,0.04726465661892526,2021-05-21,2019-04-19,False,False,False,False,False,0.0,0,0,False,[],澜瀚环保
2019-03-31,季报,2019-04-30,无保留意见,False,325045428.9784199,82488737.8987891,242556691.0796308,0.25377602804027005,69711991.00571947,209.70865223055526,53.812214325832514,1.3934161834790284,1013633.579486667,1502441.9776834669,58603.25764235006,69908992.91390997,40000000,6.06391727699077,72540804.76675393,66648539.39209996,72315069.78043617,47885505.96187581,1.1971376490468952,44731907.261462554,57911089.337880515,-49205394.58517096,-50414696.63013602,-41709001.87742647,0.19701452570138267,0.9403728091355381,-0.04617638549377758,0.007058768312966504,2021-05-21,2019-05-30,False,False,False,False,False,0.0,0,0,False,[],澜瀚环保
2019-06-30,半年报,2019-08-27,无保留意见,False,299156306.4584073,59831261.29168145,239325045.1667258,0.2,67699260.18580975,195.92849288267442,55.27128493911779,1.2941910514648052,1120314.4470811908,1427724.16124478,54638.306366889025,67233742.88094094,40000000,5.983126129168145,92617522.0241129,82815517.634561,64580768.24943734,28681024.65336997,0.7170256163342492,23095683.203515764,22175797.942794636,-43838396.74501506,-47186136.18335074,-68848734.98557118,-0.013323260218140325,-0.2959749026198492,-0.07327541153961935,-0.04467740442972588,2021-05-21,2019-10-21,False,False,False,False,False,0.0,0,0,False,[],澜瀚环保
2019-09-30,季报,2019-10-27,无保留意见,False,320387125.44893676,64077425.08978736,256309700.35914943,0.2,71530761.61244655,200.30121245582063,61.13488895894669,1.312397520149467,1062108.59139731,1525428.5493293623,53948.8273071165,70725595.72738427,40000000,6.407742508978735,98494520.20847626,88478253.10359046,31781718.526984937,8395711.691947665,0.20989279229869162,8089622.098613516,12541713.599113306,-49456806.976591915,-50872982.57230011,-87788075.9497787,0.07096898354533371,-0.44406431588057266,-0.057672735858602664,0.04559181517889453,2021-05-21,2019-12-10,False,False,False,False,False,0.0,0,0,False,[],澜瀚环保
2019-12-31,年报,2020-03-30,无保留意见,False,336021433.7051095,67204286.7410219,268817146.9640876,0.2,73463008.51663002,242.7631310120332,60.69562017374653,1.352872130839689,1144463.2283198354,1577683.5808872175,59240.437080117634,72174119.16384703,40000000,6.72042867410219,103069075.50936297,93014645.60453168,18946250.915381245,6535079.001266729,0.16337697503166823,6480560.715630312,17675701.23143201,-46814714.181377195,-45482453.74650979,-74621466.69645497,0.04879817887271666,-0.07326562504924376,-0.020584056376042686,-0.01775737270136503,2021-05-21,2020-04-13,False,False,False,False,False,0.0,0,0,False,[],澜瀚环保
2020-03-31,季报,2020-04-30,无保留意见,True,352291164.5800439,70458232.91600879,281832931.66403514,0.2,73709981.01677354,225.38938119572865,67.12186968881191,1.5730044143013273,1212029.775728181,1800371.4819848095,69050.55835762998,78427713.1038825,40000000,7.045823291600879,112435331.6215091,102019337.0274932,54639749.67557412,13380365.874494493,0.3345091468623623,12863844.88994502,40976561.05512612,-48627532.78460222,-56408255.31307803,-64059227.042554125,0.04841872941120957,0.2908546375756515,-0.002147838072992726,0.14629957537489666,2021-05-21,2020-06-20,False,False,False,False,False,0.0,0,0,False,[],澜瀚环保
2020-06-30,半年报,2020-08-27,非标准无保留意见,False,378407742.8599292,75681548.57198584,302726194.28794336,0.2,74098754.37940954,221.12670937035253,65.16500747643785,1.5036582748535234,1204282.8630912395,1796482.9042125377,53464.14545118537,76344200.2125138,40000000,7.568154857198584,132330040.13289987,120409086.04984538,80582668.79472047,28421012.15912965,0.7105253039782412,26271070.03193171,72038982.95827939,-49689342.58278479,-62415050.30817878,-40065409.93268418,0.07413350349282276,0.4950778521486592,0.016645554115452238,0.28064757202977825,2021-05-21,2020-10-04,False,False,False,False,False,0.0,0,0,False,[],澜瀚环保
2020-09-30,季报,2020-10-27,无保留意见,False,412945438.0494596,82589087.60989192,330356350.4395677,0.2,83848835.9837541,263.39833492128923,81.52020564514585,1.6366394771927766,1437660.320294299,1796301.2966314268,67053.72061079353,85841589.25027518,40000000,8.258908760989192,157145543.1886857,143322303.0342673,18925360.12983124,35450718.65112259,0.8862679662780648,32733167.12060275,24358320.44878856,-61149230.97284735,-67841915.35930589,-104632825.88336468,0.0912711112317669,0.15476772000070824,-0.01364049271435224,0.0676993384095313,2021-05-21,2020-11-15,False,False,False,False,False,0.0,0,0,False,[],澜瀚环保
2020-12-31,年报,2021-03-30,无保留意见,False,446891054.75185573,89378210.95037115,357512843.8014846,0.2,91295192.250796,273.23807218224874,81.58899979890299,1.8595052792585538,1452327.3212313592,1865445.0032044232,76905.64885498556,95258545.99896172,40000000,8.937821095037114,153285402.29439396,139985101.4792446,18771672.210127182,-5514486.991845308,-0.1378621747961327,-4767430.792889605,16280052.847779958,-61243492.01532147,-70666177.09208107,-115629616.25962257,0.08220363654515157,-0.7810227714027924,0.060687249732618236,0.17445726306371456,2021-05-21,2021-04-12,False,False,False,False,False,0.0,0,0,False,[],澜瀚环保
2021-03-31,季报,2021-04-30,无保留意见,False,479570651.83973444,95914130.3679469,383656521.4717876,0.2,100135032.30478269,281.9797099769859,96.26629234937477,1.849955110093293,1651191.3981163895,2228687.402868567,77040.03163717111,104400969.41684458,40000000,9.59141303679469,147195978.16898918,135063440.30845103,41778957.680849984,-8699177.32200683,-0.21747943305017073,-7030944.529705103,22851278.713934336,-60970386.44206469,-78387451.72217153,-116506559.45030189,0.07312654111196,-0.2772788928017754,-0.028282528410766054,0.013716923474700571,2021-05-21,2021-06-16,False,False,False,False,False,0.0,0,0,False,[],澜瀚环保
2021-06-30,半年报,2021-08-27,无保留意见,False,459624842.65431434,91924968.53086287,367699874.1234515,0.2,94596397.87926997,291.2615835129762,81.5739167089582,1.866961740476782,1382062.5706845492,2108173.117068136,77599.77235119788,96397402.98493482,40000000,9.192496853086286,143706710.78595325,132031695.89174707,24383755.191026337,-4984667.690051321,-0.12461669225128302,-4331063.4524342045,64316268.831495196,-65521084.74333161,-72529557.0189904,-73734372.93082681,-0.04159097123417332,0.44748692702511006,0.00198361815971985,0.12959031061452347,2021-05-21,2021-10-11,False,True,False,False,True,0.0,1,0,True,['结合前述财务报表列报项目的具体情况说明现金分红方案确定的依据及未来增强投资者回报的规划'],澜瀚环保
2021-09-30,季报,2021-10-27,无保留意见,False,359777241.40123004,71955448.280246,287821793.120984,0.2,77012652.4065529,207.6104422600741,68.20793555763991,1.4426927032878634,1249685.0816050516,1667183.8958002755,59109.65992144301,75437582.10317828,40000000,7.195544828024601,146237063.56654075,134243095.96014017,0.0,3614789.6865535416,0.09036974216383854,3159142.954847269,42722350.99675263,-56297680.86649135,-58185849.095355056,-71761178.96509378,-0.21723717255244204,0.7157069945942758,0.005188768509463884,-0.015905988654778005,2021-05-21,2021-11-07,True,True,False,False,False,3939144.397109268,0,0,True,"['上市公司控股子公司向母公司实施利润分配的情况', '结合前述财务报表列报项目的具体情况说明现金分红方案确定的依据及未来增强投资者回报的规划', '充分披露高送转的主要考虑及其合理性且送转股后每股收益不低于0.5元', '公司为增强投资者回报水平拟采取的措施']",澜瀚环保
2021-12-31,年报,2022-03-30,非标准无保留意见,False,338105378.4207725,67621075.6841545,270484302.736618,0.2,65508928.20429902,201.68332260046256,58.23027871420028,1.3070769219943208,1162892.9441127565,1655608.6914474582,52057.886963827164,71094127.97928856,40000000,6.762107568415449,156583739.3692573,143388056.51126105,57209833.39334258,14780965.432452232,0.3695241358113058,13064229.358744118,7117851.983570235,-45699493.30562499,-59791227.44207326,-98372868.76412803,-0.06023689240612276,0.5416584847907556,-0.013502739240621666,0.05016550284678391,2021-05-21,2022-04-27,True,True,False,False,False,12410032.649282815,1,0,True,['充分披露高送转的主要考虑及其合理性且送转股后每股收益不低于0.5元'],澜瀚环保
2022-03-31,季报,2022-04-30,无保留意见,False,390289240.28527904,78057848.0570558,312231392.2282232,0.2,73802036.53804377,228.24892182489006,68.0712230063273,1.4404570428758514,1172272.3751059996,1813503.8669782476,62239.922573281,78365114.5072598,40000000,7.8057848057055805,175756497.09002033,160160043.53950995,133301577.31128533,27389653.886804298,0.6847413471701075,23959981.46892701,25975429.07222036,-54203477.78038279,-59643570.44471912,-87871619.15288155,0.15434200457930525,0.39673711238101855,-0.032234629492510006,-0.1095017341060432,2021-05-21,2022-06-17,False,False,False,False,False,0.0,0,0,False,[],澜瀚环保
2022-06-30,半年报,2022-08-27,无保留意见,False,349624626.2109029,69924925.24218059,279699700.96872234,0.2,69665832.12966725,214.3211035449533,57.92290152725826,1.4771736549960812,1112518.1363625526,1577706.7418786099,62060.30848700947,73331551.69146916,40000000,6.992492524218059,186501533.30161035,169676533.88642436,29500949.411163263,15350051.730842896,0.3837512932710724,13594986.209877739,17349655.495161068,-47806294.36623192,-56079202.302643225,-86535841.17371407,-0.10419096884313954,-0.271225411819226,0.0522249430231202,-0.04924651071540466,2021-05-21,2022-09-07,False,False,False,False,False,0.0,0,0,False,[],澜瀚环保
2022-09-30,季报,2022-10-27,无保留意见,False,395915867.39396596,79183173.47879319,316732693.91517276,0.2,80971541.78765717,233.38988028263807,69.22161767809908,1.7356415874083087,1237528.8608568418,1635786.3220007871,71312.51002443796,85524092.2398515,40000000,7.918317347879319,185866962.27373135,169099751.78404987,551979.3133380356,-906530.0398271456,-0.02266325099567864,-823974.4319635616,44118804.730832264,-58020079.42444236,-63569807.3979677,-77471082.0915778,0.13240269052197395,-0.5025210440442924,-0.07567667238577354,-0.009046177197406833,2021-05-21,2022-12-18,False,True,False,False,False,0.0,4,0,True,"['留存未分配利润的预计用途以及收益情况', '根据公司盈利能力、融资能力及其成本、偿债能力及现金流等情况披露现金分红方案的合理性，是否导致公司营运资金不足或者影响公司正常生产经营']",澜瀚环保
2022-12-31,年报,2023-03-30,非标准无保留意见,True,407576615.9980345,81515323.1996069,326061292.7984276,0.2,89934375.97325344,244.84099280487598,75.26393084718568,1.794837961543191,1546296.076670517,1871808.2890275496,72220.34821525411,92483000.21013893,40000000,8.15153231996069,190361639.94534883,173327294.08991036,18976409.12845887,6420968.102310706,0.16052420255776764,6039346.1512292875,13935652.29550982,-61467478.00222183,-70277916.70276876,-117809742.40948077,0.029452592240929817,0.45530877804920245,0.057143510587662455,0.08499686196132379,2021-05-21,2023-05-12,False,True,False,False,False,0.0,0,0,True,"['结合前述财务报表列报项目的具体情况说明现金分红方案确定的依据及未来增强投资者回报的规划', '留存未分配利润的预计用途以及收益情况', '结合所处行业特点、发展阶段和自身经营模式、盈利水平、偿债能力、资金需求等因素，未进行现金分红或现金分红水平较低原因的说明']",澜瀚环保
2023-03-31,季报,2023-04-30,无保留意见,False,467357386.13192767,109373775.6054976,357983610.5264301,0.23402599135262858,87842594.09604934,287.40337798765205,80.54220660952602,1.7710475495586104,1461497.570012631,2026615.0164130912,70591.37108283362,96968569.80233201,40000000,8.949590263160752,196258741.2608828,178616804.04955757,0.0,8424430.450762838,0.21061076126907094,7556442.79949602,78184659.68973553,-67812417.53411382,-74970379.0277891,-64598136.87216739,0.09790281285468921,0.08554139776376146,0.10339342327560261,-0.07546590147021778,2021-05-21,2023-05-14,False,True,True,False,True,0.0,2,0,True,"['公司在相应期间是否按照中国证券监督管理委员会相关规定为中小股东参与现金分红决策提供了便利', '充分披露高送转的主要考虑及其合理性且送转股后每股收益不低于0.5元', '上市公司控股子公司向母公司实施利润分配的情况']",澜瀚环保
2023-06-30,半年报,2023-08-27,无保留意见,False,602602381.6076527,158632395.5881892,443969986.0194634,0.2632455503494391,135726251.40269458,389.3210455414612,119.22979682692606,2.28906974143842,1998638.0646934924,2942538.4781465936,103846.4448174135,136796261.0868072,40000000,11.099249650486586,207636353.94577605,189318234.51116213,67280597.00952722,16253732.40699036,0.406343310174759,15287757.802292215,54761601.00190452,-87822062.30054264,-98841425.79295641,-131901887.09159453,0.24019640275315052,0.30794404505500395,0.02921955899681052,0.11351791802249628,2021-05-21,2023-09-11,False,False,False,False,False,0.0,0,0,False,[],澜瀚环保
2023-09-30,季报,2023-10-27,无保留意见,False,703463185.4467121,213463911.2109388,489999274.2357733,0.3034471677084072,152084302.4452466,440.89777754863644,131.92790296392445,2.876634114371062,2382717.3155570515,3462712.502062129,129646.24433088207,158292267.09635955,40000000,12.249981855894333,215740524.206855,196697971.22930032,33209189.026041944,11577386.087255634,0.28943465218139086,10542481.025911715,34672269.093649425,-107236761.32457611,-116548121.853968,-189112614.0848947,0.10367657649337572,-0.14062620888690675,0.04020161735896806,0.12810329847044838,2021-05-21,2023-11-27,True,False,False,False,True,16768028.933587601,0,0,True,"['是否影响偿债能力、过去十二个月内是否使用过募集资金补充流动资金以及未来十二个月内是否计划使用募集资金补充流动资金等内容', '上市公司控股子公司向母公司实施利润分配的情况', '根据公司盈利能力、融资能力及其成本、偿债能力及现金流等情况披露现金分红方案的合理性，是否导致公司营运资金不足或者影响公司正常生产经营']",澜瀚环保
2023-12-31,年报,2024-03-30,无保留意见,False,722028723.6869965,225534474.39333406,496494249.29366237,0.3123621914120754,150220739.61124682,471.0627567095537,123.30423231462429,2.8795428946672192,2611716.691000871,3368075.7463913807,121260.7659320605,156765658.10441196,40000000,12.412356232341558,233187429.4838175,213907832.1515035,18240464.12256638,24924150.395660706,0.6231037598915177,24585515.603147384,12071155.200661028,-104396806.25294748,-123214428.83507787,-215540079.88736433,0.013255070771316744,0.46703936698945336,0.008915023703668243,0.105288618139082,2021-05-21,2024-05-12,True,False,False,False,True,23996956.394924212,0,0,True,"['是否影响偿债能力、过去十二个月内是否使用过募集资金补充流动资金以及未来十二个月内是否计划使用募集资金补充流动资金等内容', '结合前述财务报表列报项目的具体情况说明现金分红方案确定的依据及未来增强投资者回报的规划']",澜瀚环保
2024-03-31,季报,2024-04-30,非标准无保留意见,False,710188537.8430864,211230566.30067548,498957971.54241085,0.297428858739686,137130769.50327682,499.11518110140645,137.34281447632222,3.1807372896389694,2520348.7048569364,3372312.041099801,133634.94881735928,162641908.1570449,40000000,12.473949288560272,227829916.09090546,209389692.03268078,7109946.946266805,-7653590.561302874,-0.19133976403257186,-6454485.884032413,51679770.49321819,-100760434.13500991,-111927281.19582534,-161007944.83761707,0.004962237230851073,-0.7770638319324293,-0.014933332672389384,-0.016307290367596813,2021-05-21,2024-06-28,False,True,False,False,True,0.0,0,0,True,['公司在相应期间是否按照中国证券监督管理委员会相关规定为中小股东参与现金分红决策提供了便利'],澜瀚环保
2024-06-30,半年报,2024-08-27,无保留意见,False,632350442.3366272,146022580.77461603,486327861.56201124,0.23092034257941096,132194904.57053046,376.9213267458338,114.07181909472052,2.231052574812397,2052953.1155238869,3009628.1453844905,99903.73941902287,134887314.17614603,40000000,12.15819653905028,222780403.96124384,204885541.90189967,14628549.167194525,-7213588.756659457,-0.18033971891648642,-6434500.186830173,70948437.96852507,-90353064.69995312,-105389937.84564954,-124794564.5770776,-0.02531297363855434,0.04707709495602334,-0.06650851616027506,0.11736349092820608,2021-05-21,2024-10-20,False,False,False,True,False,0.0,0,0,False,[],澜瀚环保
2024-09-30,季报,2024-10-27,无保留意见,False,540913136.7776843,111843195.67339554,429069941.10428876,0.20676738660788557,112659189.59538181,338.9487698599301,105.54953782923747,2.0392221717460806,1852317.2565492636,2656268.224308685,94211.1894283989,119093712.18370675,40000000,10.726748527607219,212272796.6814231,195628248.90803984,13123288.015892215,-15010867.542601043,-0.3752716885650261,-13224704.276942607,60519390.021803394,-72964702.60151032,-86792088.1102159,-99237400.68992282,-0.11773522552012287,-0.796745465938546,-0.024152955971525395,0.12048497951635012,2021-05-21,2024-11-28,False,False,False,False,False,0.0,0,0,False,[],澜瀚环保
2024-12-31,年报,2025-03-30,保留意见,False,588274600.5399113,143422675.34803772,444851925.1918736,0.24380225700107758,116604490.97094381,333.70285946720924,99.64031677917673,2.2270453449874887,1753104.0204364057,2569076.3423682046,93032.55656573038,116968012.44829613,40000000,11.12129812979684,200948537.1233503,184817823.1659368,37334550.87001529,-16177513.65438975,-0.40443784135974375,-15443465.345861504,62463046.91257053,-87571259.42620601,-106573756.9656035,-131681969.47923899,0.03678184504597773,-0.5865100171932464,0.03703487039319202,0.0011387773310316779,2021-05-21,2025-04-18,False,False,False,False,False,0.0,0,0,False,[],澜瀚环保
2017-03-31,季报,2017-04-30,无保留意见,False,300644294.10730654,112657016.6545914,187987277.45271513,0.37471862550759616,11532184.51623986,9.601466341117818e-46,130854698.86036693,14062326.57660674,23651.082686565296,865236.8183579282,551498.6593138059,150647229.77713615,40000000,4.699681936317878,-1093050.1393481337,-1024151.4748513497,4844072.327387386,-1561500.1990687624,-0.03903750497671906,-1463073.5355019283,33221125.47973169,-32652683.30139301,-49055865.11833036,-48487422.93999168,0.04437376362619526,-0.14230556661493118,0.07471862550759617,0.09660067126447493,2021-09-07,2017-06-06,False,False,False,False,False,0.0,0,0,False,[],昀霆交通
2017-06-30,半年报,2017-08-27,无保留意见,False,282983616.41135734,125497840.42545338,157485775.98590395,0.4434809407588609,10013617.405023778,1.0215852431686307e-45,108585638.06185403,11986046.417350708,20633.107827056312,713557.4895583148,530986.0319862306,141164152.2077693,40000000,3.9371443996475985,-1478631.7307339597,-1365874.3281558526,2648864.0671457034,-550830.8448368944,-0.01377077112092236,-488175.5047207183,4627710.912283745,-27497548.98305882,-45629051.627207175,-68498889.69798225,-0.1622530092467736,0.06546422044005251,0.06876231525126476,0.020335687575417944,2021-09-07,2017-09-17,False,False,False,False,False,0.0,0,0,False,[],昀霆交通
2017-09-30,季报,2017-10-27,无保留意见,False,322112757.0950688,162939169.80931315,159173587.28575566,0.5058451309993384,9665241.41638439,9.652737547844302e-46,121076217.6481308,12385046.889172627,20904.843614601465,771019.7247700659,571647.2516208965,146211617.86889467,40000000,3.9793396821438916,1005018.2942798756,887825.5362448752,11637667.120261393,3548071.464305479,0.08870178660763697,3219571.2348581827,52497706.499476075,-38029676.122995645,-47328816.36440205,-32860785.987921618,0.010717230107198907,0.24918597836023826,0.06236419024047744,0.12477764095562412,2021-09-07,2017-11-06,False,False,False,False,False,0.0,0,0,False,[],昀霆交通
2017-12-31,年报,2018-03-30,保留意见,False,390624761.48864746,230667838.976796,159956922.51185146,0.5905100283395623,13658258.199921882,1.248529031568895e-45,156251698.11529133,19420337.755593892,26452.082756877495,1070637.174181025,750299.3329525171,193996098.18253532,40000000,3.9989230627962864,7924862.105014878,7096301.196535548,45647374.1398093,9885491.158192862,0.24713727895482154,8869250.94327239,22710708.834475897,-40932908.58823051,-61509063.586581916,-79731263.34033653,0.004921263882113261,0.3084191966577624,0.084664897340224,0.013557266254071857,2021-09-07,2018-05-22,False,False,False,False,False,0.0,0,0,False,[],昀霆交通
2018-03-31,季报,2018-04-30,无保留意见,False,445748075.5528275,270401066.1343932,175347009.41843423,0.6066230702152451,18560132.225086365,1.6179961503790265e-45,189570293.50149024,20575930.54180864,34433.28743313531,1443326.4821318567,791450.8730463318,240811969.7140175,40000000,4.3836752354608555,13102940.849093156,11608183.880288908,34497204.5400393,7397255.348683253,0.18493138371708132,6445546.691076228,49382944.25049592,-44067308.63814074,-69226183.8120528,-63910548.19969762,0.09621394726097275,-0.09254939011041148,0.01611304187568266,0.05082684655330852,2021-09-07,2018-06-19,False,False,False,False,False,0.0,0,0,False,[],昀霆交通
2018-06-30,半年报,2018-08-27,无保留意见,False,587694884.3988227,382914880.96267444,204780003.4361482,0.6515538779180865,22407312.060472697,2.0103887339475217e-45,224803869.54312038,23720768.352182075,38565.81433496504,1718546.3445822652,1083660.474355157,287022876.5335459,40000000,5.119500085903705,16483183.48894833,14818197.684359659,11176107.206659973,4828918.056935966,0.12072295142339914,4585734.005815357,86419139.22587377,-59671050.59895396,-90523217.19346523,-63775128.56654543,0.16785569434764278,-0.10527156661849263,0.044930807702841524,0.24644979089523378,2021-09-07,2018-10-11,False,False,False,False,False,0.0,0,0,False,[],昀霆交通
2018-09-30,季报,2018-10-27,无保留意见,False,553172673.3652811,321393794.460908,231778878.90437305,0.5810008518780887,21492901.862414684,1.7693433911225082e-45,204358402.35727668,23542623.04695998,36388.99193028991,1494848.9129756405,970437.5084356907,271480126.9456334,40000000,5.794471972609326,22471868.12156074,19104811.00814069,5757994.159413493,8555263.760874871,0.2138815940218718,6123733.319687192,75664007.4072513,-52677344.13815735,-80718774.27950057,-57732111.01040663,0.13184331973430824,0.17070684374825829,-0.07055302603999791,0.1008212218375116,2021-09-07,2018-12-01,False,False,False,False,False,0.0,0,0,False,[],昀霆交通
2018-12-31,年报,2019-03-30,无保留意见,False,523579828.1192708,314388381.7577875,209191446.36148328,0.6004593089216002,19105850.56339988,1.590968932505017e-45,224814214.2304603,25998815.069317788,34794.17821572137,1368348.3285943412,937840.3993698958,257703379.14821243,40000000,5.229786159037082,23702681.841831427,20234578.56051461,5404143.955876676,1758305.3146724068,0.04395763286681017,1613953.6462484547,73574788.59121302,-49038846.45005498,-80897021.29683578,-56361079.15567774,-0.0974525058092496,-0.2659709760698543,0.019458457043511554,-0.148852526195448,2021-09-07,2019-05-18,False,False,False,False,False,0.0,0,0,False,[],昀霆交通
2019-03-31,季报,2019-04-30,无保留意见,False,575049858.1721456,343315997.46663886,231733860.70550668,0.597019532459157,21603595.76878062,2.028514857955877e-45,242091330.02953002,28580345.012563094,43190.21452235379,1688134.2765570325,1189648.0476453824,304022841.74091244,40000000,5.7933465176376675,35886169.785045356,30292352.911183774,35982676.1378219,17404982.7760199,0.43512456940049754,14368249.072384523,56105827.34611684,-65233282.6588201,-94830679.28695309,-103958134.59965634,0.1077597327047017,0.8341199910585178,-0.003439776462443232,0.054398014348993017,2021-09-07,2019-06-02,False,False,False,False,False,0.0,0,0,False,[],昀霆交通
2019-06-30,半年报,2019-08-27,无保留意见,False,915622636.815607,677138771.2161682,238483865.59943876,0.7395391332516106,33758576.45675665,2.9080814686035575e-45,397055587.47451663,38646908.29705632,63555.89115233764,2578344.5473739994,1623752.124252014,441903762.5738583,40000000,5.962096639985969,41253873.381975316,35757431.277821586,19340443.62736104,7668147.995614227,0.19170369989035568,7807254.80948258,97064183.89865842,-96257598.7989539,-146579083.1070519,-145772498.0073474,0.029128263229991,-0.283006529716742,0.14251960079245363,0.014004556854251265,2021-09-07,2019-09-07,False,False,False,False,False,0.0,0,0,False,[],昀霆交通
2019-09-30,季报,2019-10-27,非标准无保留意见,False,1433141065.8855221,1164992957.2429798,268148108.64254245,0.8128948258998798,50351968.83483422,4.507773062666581e-45,549739231.9921117,59185217.37101123,90684.63365111922,4079239.7645882145,2499385.169033538,673975642.5043639,40000000,6.703702716063561,48921986.51387765,42332225.29196807,54598028.24355007,10954447.33128905,0.27386118328222625,9392562.877352128,237721119.99338585,-163370099.64785054,-226202093.1903757,-151851072.84484038,0.12438679224081449,0.13322035104780044,0.07335569264826931,-0.03590376106277404,2021-09-07,2019-11-17,False,False,False,False,False,0.0,0,0,False,[],昀霆交通
2019-12-31,年报,2020-03-30,无保留意见,False,1252963652.1967804,1006030897.5096041,246932754.68717644,0.8029210550088686,47424143.68463242,4.233935462846288e-45,576820344.4540313,57706590.957593516,95514.16090632936,3074163.380930994,2420054.478116519,646178927.8587421,40000000,6.173318867179411,56947317.180141,49227646.85888929,20739351.576463036,11464758.094661918,0.28661895236654794,9850602.23845889,135267907.15305698,-131311256.63360791,-178149414.10174298,-174192763.58229393,-0.07911804436274206,0.018255083254737937,-0.00997377089101124,0.07297764961219684,2021-09-07,2020-04-24,False,False,False,False,False,0.0,0,0,False,[],昀霆交通
2020-03-31,季报,2020-04-30,无保留意见,True,2308919775.007608,2078027797.5068471,230891977.50076076,0.9,79011709.19146217,7.747113853513656e-45,923404805.6139566,98119626.10608955,164071.37149191299,7244090.764762242,4782991.992000102,1165336341.3374496,40000000,5.7722994375190195,50051210.81946424,42511868.317794636,47518589.03854983,-9851580.515252523,-0.24628951288131307,-9593969.344420943,131079236.45496783,-254380796.93387455,-375968381.7872095,-499269942.26611626,-0.06496010303184256,-0.7488677240475814,0.11646715878301968,-0.01886575623345122,2021-09-07,2020-06-04,False,False,False,False,False,0.0,0,0,False,[],昀霆交通
2020-06-30,半年报,2020-08-27,无保留意见,False,1682074836.4237504,1477750506.409818,204324330.0139325,0.878528395057413,59926784.49209062,4.892519808022531e-45,691806936.0150967,69507633.51493862,116190.59724791591,4300200.2981989505,2858679.059792347,789184074.8498098,40000000,5.108108250348312,41585213.24199097,34640599.130997784,26148208.12101994,-12094282.253533248,-0.3023570563383312,-11244670.266852641,115663421.98841606,-175216480.59600174,-256251772.57870075,-315804831.18628645,-0.11506526893833167,-0.313733930005921,-0.04085981873447533,0.0675789066498683,2021-09-07,2020-09-25,False,False,False,False,False,0.0,0,0,False,[],昀霆交通
2020-09-30,季报,2020-10-27,无保留意见,False,1473471970.0885484,1260572745.7794788,212899224.30906966,0.8555118599940008,60568001.89649457,5.344317084521819e-45,601814646.6024644,63979413.31336193,120144.40428454902,4243654.920573606,2892965.7342685633,773577106.1662818,40000000,5.3224806077267415,33416963.224836055,27958993.11880542,44667157.126251906,-11668928.59593559,-0.29172321489838976,-9545151.445989095,179371908.62465718,-164842627.35103023,-245673542.63838577,-231144261.36475882,0.04196707408536427,0.08670569314837014,-0.02301653506341213,0.13902589358418013,2021-09-07,2020-12-12,False,False,False,False,False,0.0,0,0,False,[],昀霆交通
2020-12-31,年报,2021-03-30,无保留意见,False,1991902338.8839562,1770207296.9403563,221695041.9435999,0.888701851684248,61060065.63400791,6.544355639421722e-45,757358360.1112442,79363820.89569783,136364.20893007767,5469056.797966928,3844185.2215214544,936143006.21597,40000000,5.542376048589998,26561382.1144844,21936090.143675447,48180282.06623695,-9793687.300502371,-0.24484218251255926,-8604147.107328536,306729635.9539019,-206365555.20423836,-317802813.18979883,-217438732.4401353,0.04131446539119949,0.3517569271354225,0.03318999169024703,0.03417871724285425,2021-09-07,2021-04-17,False,False,False,False,False,0.0,0,0,False,[],昀霆交通
2021-03-31,季报,2021-04-30,无保留意见,False,2178152651.1073737,1947558588.485746,230594062.62162784,0.8941331947031381,83426631.99029651,7.239527893749562e-45,857542995.2888675,97917547.60158224,157136.13048619236,6441655.827921805,4093121.48737827,1095695454.6027114,40000000,5.764851565540696,19036878.861434482,15120364.780682059,38657971.00091477,-10749290.361499883,-0.2687322590374971,-9736750.518561982,415045020.96867543,-226545534.56995025,-361821063.41119045,-173321577.01246527,0.04014081956912616,-0.13260638288207094,0.00543134301889012,-0.0915019088623275,2021-09-07,2021-06-24,False,False,False,False,False,0.0,0,0,False,[],昀霆交通
2021-06-30,半年报,2021-08-27,无保留意见,False,1981738696.421183,1783564826.779065,198173869.64211828,0.9,70230622.87665758,7.20021482111236e-45,907169013.5022329,91497594.91130428,133752.58131442123,5551955.635264278,3594689.0822466454,990276989.5144181,40000000,4.954346741052957,14853551.39219467,11357128.571918258,7844850.505624269,-5976182.098914016,-0.1494045524728504,-5376051.726805431,234360463.7399839,-203127414.17280164,-295375968.0965597,-264142918.52937746,-0.1405942226392295,0.7636106200145288,0.054732311210481124,0.030960025442196053,2021-09-07,2021-09-26,False,False,False,False,False,0.0,0,0,False,[],昀霆交通
2021-09-30,季报,2021-10-27,无保留意见,False,2138554401.6953433,1924698961.525809,213855440.16953427,0.9,78277691.72715138,6.825449983558641e-45,951031979.7303424,100693213.31405047,146006.78954770608,6265964.676049839,3821418.6513081696,1097360708.9858818,40000000,5.346386004238357,13937780.862639396,10583179.48354698,3647729.5106082833,-1308243.6136503909,-0.03270609034125977,-1105641.5548161143,286155722.65151495,-225887961.23956868,-367653244.5340798,-307385483.1221335,0.07913036444075745,0.42344118227894306,0.0501580197014917,0.13180321186171892,2021-09-07,2021-11-26,False,True,False,False,False,0.0,1,0,True,"['公司为增强投资者回报水平拟采取的措施', '结合所处行业特点、发展阶段和自身经营模式、盈利水平、偿债能力、资金需求等因素，未进行现金分红或现金分红水平较低原因的说明', '充分披露高送转的主要考虑及其合理性且送转股后每股收益不低于0.5元']",昀霆交通
2021-12-31,年报,2022-03-30,无保留意见,False,2264356143.5929093,2037920529.2336185,226435614.3592909,0.9,75807183.05842532,7.589514248483791e-45,958295728.6659474,100702642.86339994,157668.8911218134,6070228.131346044,4010250.217160199,1112692371.4375532,40000000,5.6608903589822726,16213112.331974912,12494779.646994095,14759827.76201772,3250473.527622167,0.08126183819055417,2730857.3763530245,202796612.02543968,-221918963.89694923,-356387221.71683174,-375509573.5883413,0.058825598169416224,0.290516690995676,0.05751005515755571,0.0738403918467186,2021-09-07,2022-05-19,False,True,True,False,False,0.0,4,4,True,"['结合所处行业特点、发展阶段和自身经营模式、盈利水平、偿债能力、资金需求等因素，未进行现金分红或现金分红水平较低原因的说明', '充分披露高送转的主要考虑及其合理性且送转股后每股收益不低于0.5元', '是否影响偿债能力、过去十二个月内是否使用过募集资金补充流动资金以及未来十二个月内是否计划使用募集资金补充流动资金等内容']",昀霆交通
2022-03-31,季报,2022-04-30,无保留意见,False,2372458817.242142,2135212935.517928,237245881.72421417,0.9,84426525.98477651,8.263138090568914e-45,962318534.9348444,105367505.47347341,178099.0385583915,6288438.812803399,4161009.342701451,1172239192.6786637,40000000,5.931147043105354,18878739.96001233,14890036.117055323,10735199.101546831,3808039.4686248824,0.09520098671562206,3421794.9572303244,120333878.5290154,-250995634.91696274,-366649002.89253974,-497310759.28048706,0.047741020755552796,0.02753347669831927,0.032822650347040384,0.21499515797357632,2021-09-07,2022-06-16,False,True,False,False,False,0.0,4,0,True,"['上市公司控股子公司向母公司实施利润分配的情况', '是否影响偿债能力、过去十二个月内是否使用过募集资金补充流动资金以及未来十二个月内是否计划使用募集资金补充流动资金等内容', '根据公司盈利能力、融资能力及其成本、偿债能力及现金流等情况披露现金分红方案的合理性，是否导致公司营运资金不足或者影响公司正常生产经营']",昀霆交通
2022-06-30,半年报,2022-08-27,无保留意见,False,2421025589.140349,2178923030.226314,242102558.9140348,0.9,84704570.28369722,7.522336872225979e-45,1035713666.9912442,101909143.7755529,170583.1901739014,6830353.565995167,4214364.859980904,1165650992.6424348,40000000,6.05256397285087,26905687.603818018,21800978.747312304,17205395.367793407,11467068.062579554,0.2866767015644888,9872775.186081402,247840951.22281197,-244677114.80535802,-365879333.95710826,-362715497.5396543,0.020471070580969294,0.3680802607810905,-0.018984262841152705,0.0853606391257101,2021-09-07,2022-10-08,False,True,False,False,False,0.0,3,0,True,['上市公司控股子公司向母公司实施利润分配的情况'],昀霆交通
2022-09-30,季报,2022-10-27,无保留意见,True,2588015408.285016,2329213867.4565144,258801540.82850155,0.9,108156805.52492777,9.985586970769573e-45,1092253034.035956,137694187.33872366,194348.96970029824,7801005.152672011,5264451.283634494,1387868315.968421,40000000,6.470038520712539,32911949.086027198,27786410.621842712,25262315.29108683,8580373.54601312,0.214509338650328,8550616.963614868,341284589.15911,-254294545.24232674,-389037979.44409347,-302047935.5273102,0.06897482616198262,-0.10140470069557483,-0.0242200828927405,-0.020358867362354156,2021-09-07,2022-11-06,False,False,False,False,False,0.0,0,0,False,[],昀霆交通
2022-12-31,年报,2023-03-30,非标准无保留意见,False,3151560168.918901,2836404152.027011,315156016.89189005,0.9,118414476.46898095,1.0705259946818381e-44,1336427277.7469666,142945735.3477135,214643.0494307493,8859969.39247873,5794193.66040806,1581248113.3588727,40000000,7.878900422297251,38123018.075339355,32362417.049178544,11254432.554552564,7444384.270445947,0.18610960676114865,6537152.039051186,584463259.8697572,-310311646.8028187,-461358600.53712356,-187206987.4701851,0.21775170226182133,-0.04440862732218503,0.006737675735912214,0.048464617477118194,2021-09-07,2023-04-19,False,False,False,False,False,0.0,0,0,False,[],昀霆交通
2023-03-31,季报,2023-04-30,非标准无保留意见,False,3088654412.6282425,2779788971.3654184,308865441.2628242,0.9,109268269.40162848,1.0635249173374907e-44,1170092861.3829257,140626097.5069395,246997.03502855997,9263820.020947479,5897852.747964103,1640839415.876137,40000000,7.721636031570604,39708302.242210545,33790294.35715855,2996108.6769494866,2264691.6669588424,0.05661729167397106,2039824.7256857262,414936811.66927844,-320953963.98377174,-440868564.6502801,-346885716.9647734,-0.019960195242674766,-0.21189703721641784,-0.033505178520298745,-0.1504847141264961,2021-09-07,2023-05-25,False,False,False,False,False,0.0,0,0,False,[],昀霆交通
2023-06-30,半年报,2023-08-27,无保留意见,False,2886774552.4917526,2598097097.2425776,288677455.2491752,0.9,106339453.61979745,9.118552558374237e-45,1165087241.0458028,126662150.70288178,196822.91833331552,8055198.379095686,5473107.458815502,1412815675.573914,40000000,7.21693638122938,39350101.603423856,33474484.982788954,1060327.7438789564,-511715.19826670364,-0.01279287995666759,-451156.2490994224,396092806.67030627,-309682908.40428287,-430193417.0494567,-343783518.7834333,-0.06536175083592578,-0.1441189359904162,-0.060032459217382685,-0.034100432746050305,2021-09-07,2023-10-03,False,False,False,True,False,0.0,0,0,False,[],昀霆交通
2023-09-30,季报,2023-10-27,无保留意见,False,2814611175.1708856,2533150057.653797,281461117.5170885,0.9,109118271.10647675,1.0549744592031168e-44,1254799492.1701434,123302885.53122747,212603.55836025788,8529125.931815412,5408227.718118015,1470026763.3969882,40000000,7.036527937927212,40042398.338963106,34088634.277571775,946506.6333435526,988995.3364846408,0.02472488341211602,877356.1354040279,200007319.59173077,-258577591.95426527,-397672371.3680933,-456242643.7306278,-0.024997926235209085,0.0910167766263709,-0.03189037109123789,0.05631771704070003,2021-09-07,2023-11-17,True,False,True,False,False,933293.2097861364,0,1,True,['上市公司控股子公司向母公司实施利润分配的情况'],昀霆交通
2023-12-31,年报,2024-03-30,无保留意见,False,3208647804.9232197,2887783024.4308977,320864780.4923219,0.9,121884364.00876808,1.1173767944321161e-44,1363033765.2258892,141323009.66634303,237176.42765848828,9385361.590279432,6120339.397025109,1622576172.3474793,40000000,8.021619512308048,36179830.92265397,30772603.235927764,14126447.978856688,-5517953.45187019,-0.13794883629675475,-4737187.202348586,570013077.4769402,-315635422.80014575,-503687555.6724119,-249309900.9956175,0.13999682557517415,-0.36171829869551797,0.08587945306972936,0.02958502306205368,2021-09-07,2024-05-14,False,False,True,False,False,0.0,0,3,True,"['是否影响偿债能力、过去十二个月内是否使用过募集资金补充流动资金以及未来十二个月内是否计划使用募集资金补充流动资金等内容', '公司为增强投资者回报水平拟采取的措施', '充分披露高送转的主要考虑及其合理性且送转股后每股收益不低于0.5元']",昀霆交通
2024-03-31,季报,2024-04-30,无保留意见,True,2903688100.058686,2613319290.0528173,290368810.0058685,0.9,94169013.15628704,9.783990836005894e-45,1218668353.9820402,126528526.18733759,214843.57607847053,8772136.84967034,5461288.765204079,1462682251.3885381,40000000,7.259220250146712,34597399.34644146,29422458.464198384,1806882.546027053,-2260616.5374464467,-0.05651541343616117,-1928778.2453276922,364147412.3270816,-292994117.2193027,-450896672.9078473,-379743377.8000684,-0.09504305969530716,0.2836895757885859,-0.015453956138196062,0.037634002417689355,2021-09-07,2024-05-11,False,False,True,True,False,0.0,0,4,True,['留存未分配利润的预计用途以及收益情况'],昀霆交通
2024-06-30,半年报,2024-08-27,无保留意见,False,2094135067.899875,1833437143.9644852,260697923.93538967,0.8755104539666425,69406237.49433254,7.282018004332119e-45,859217250.2924552,88494043.67973429,146790.78959486954,6170125.705588799,4209450.872847517,1044191462.1091734,40000000,6.517448098384742,29664845.308711205,25053543.15946426,22656865.55479764,-7046505.768186079,-0.176162644204652,-6241307.578191607,64005155.602705136,-231970562.22799012,-313661020.66575044,-481626427.2910354,-0.10218344756063567,-0.324700774825387,-0.12237659525769744,-0.04992885182336482,2021-09-07,2024-09-08,False,True,False,False,False,0.0,0,0,True,"['公司在相应期间是否按照中国证券监督管理委员会相关规定为中小股东参与现金分红决策提供了便利', '根据公司盈利能力、融资能力及其成本、偿债能力及现金流等情况披露现金分红方案的合理性，是否导致公司营运资金不足或者影响公司正常生产经营']",昀霆交通
2024-09-30,季报,2024-10-27,无保留意见,False,1779342024.2302842,1469409280.824739,309932743.40554535,0.8258160942724784,66435209.695937596,5.41260702220816e-45,695655277.2899657,71103606.60123357,127474.61151629286,4910865.82050228,2953642.2176051955,827193324.1743336,40000000,7.748318585138634,31001276.361886006,26234038.256829496,7374610.57086512,1909187.2188211419,0.04772968047052855,1686421.5676646247,222539435.06173444,-187326633.82010016,-275354025.4833512,-240141224.2417169,0.18885773514006882,0.8997536722714452,-0.049694359694164005,-0.03728039012174638,2021-09-07,2024-12-20,False,True,False,True,False,0.0,2,0,True,"['留存未分配利润的预计用途以及收益情况', '结合所处行业特点、发展阶段和自身经营模式、盈利水平、偿债能力、资金需求等因素，未进行现金分红或现金分红水平较低原因的说明']",昀霆交通
2024-12-31,年报,2025-03-30,无保留意见,False,1318286865.6746807,1019843573.5019006,298443292.17278016,0.7736127849380938,48864663.72403137,4.355436365068595e-45,530896948.21899015,57691214.849320576,97344.4926615722,3514506.1079635257,2498153.1219224585,678661321.3867271,40000000,7.461082304319504,35810542.4108286,30288541.196605314,29801522.84684672,6870380.069917992,0.1717595017479498,5792147.056822597,208956928.9614012,-143745657.07993376,-181430680.86651877,-116219408.98505133,-0.03707078867020938,0.26236943945209656,-0.052203309334384655,0.06249868593178344,2021-09-07,2025-05-02,True,False,False,True,False,7601085.360216702,0,0,True,['根据公司盈利能力、融资能力及其成本、偿债能力及现金流等情况披露现金分红方案的合理性，是否导致公司营运资金不足或者影响公司正常生产经营'],昀霆交通
2017-03-31,季报,2017-04-30,无保留意见,False,344565635.23345447,137462005.5895468,207103629.64390767,0.39894287628657976,118401250.22021735,726277.4468240375,450796.7070387869,1456266.5777090017,8797814.087847132,5638563.88795981,1404935.3831540192,136201320.93323913,40000000,5.177590741097692,-3512119.5640176777,-3134714.390789039,21786993.277123224,-5017313.662882397,-0.12543284157205992,-4478163.415412913,-20292219.763956226,-7642771.347528018,148867072.8770052,120932081.76552095,0.15057572024393154,-0.33429520349346653,0.09894287628657976,0.17923940269685115,2021-12-08,2017-05-15,False,False,False,False,False,0.0,0,0,False,[],珣瑄控股
2017-06-30,半年报,2017-08-27,无保留意见,False,410234295.88992006,151693486.16681898,258540809.72310108,0.3697728046792157,135885083.23248976,756733.321076079,526948.1321730614,1510652.008223138,9505645.55659976,6342274.687314812,1553664.7819189942,152888856.77644688,40000000,6.463520243077527,-6547337.306165086,-5824519.110018982,8515352.554418936,-4336025.345924869,-0.10840063364812173,-3842578.1703284895,-37128224.835677356,-8825796.692615764,162615629.36493006,116661607.83663695,0.2483644548752433,0.05685605863245944,-0.029170071607364078,-0.0653257903437479,2021-12-08,2017-09-11,False,False,False,False,False,0.0,0,0,False,[],珣瑄控股
2017-09-30,季报,2017-10-27,无保留意见,False,390034729.7925234,167057935.9929097,222976793.79961368,0.4283155402129835,125403886.22967519,734104.6592128616,530031.903266422,1526867.909279813,9281739.655898133,6281359.375005814,1263224.3961250195,141652508.2014945,40000000,5.574419844990342,-12990731.908563245,-11508920.313429728,35056960.75250932,-9204849.431997374,-0.23012123579993435,-8120573.147729639,-54882012.288968004,-9478670.39768656,158337053.6377152,93976370.95106062,-0.1375566819086575,-0.3844625576935885,0.05854273553376785,0.07525974939477499,2021-12-08,2017-12-08,False,False,False,False,False,0.0,0,0,False,[],珣瑄控股
2017-12-31,年报,2018-03-30,非标准无保留意见,False,398547262.7862601,168852299.33932862,229694963.44693148,0.4236694492865798,149183615.93898994,840564.0711974639,542738.2492994468,1559818.0876886025,10358963.506303879,6246820.0110658165,1583061.3588518028,159506982.97431213,40000000,5.742374086173287,-16710312.587427502,-14854240.307399694,6612558.8547087135,-5313686.684091795,-0.13284216710229488,-4779028.562814238,-11096259.47794576,-8555758.188309932,178742395.0641929,159090377.3979372,0.030129456670523896,0.49917736853960726,-0.0046460909264037465,0.06345718777666394,2021-12-08,2018-04-21,False,False,False,False,False,0.0,0,0,False,[],珣瑄控股
2018-03-31,季报,2018-04-30,无保留意见,False,489220470.0582411,220152674.13261655,269067795.92562455,0.45000707780360794,161119814.54350114,948371.2242772891,715110.4675559838,1941324.779094292,12615545.362586847,7475998.649740798,1791240.2311812993,186720568.19521743,40000000,6.726694898140614,-17312017.1783927,-15373125.210601995,3021671.5050298637,-859577.9870931376,-0.02148944967732844,-741264.1474318561,-76266427.81522365,-12088583.593711168,227045031.66408244,138690020.25514764,0.17141356470269206,0.38113890810504136,0.02633762851702817,0.1939221486187638,2021-12-08,2018-06-20,False,False,False,False,False,0.0,0,0,False,[],珣瑄控股
2018-06-30,半年报,2018-08-27,无保留意见,False,518598071.7053882,249103025.8855625,269495045.8198257,0.48033928291788197,180263970.230394,1162048.9473963878,856595.4639435953,2256678.208669112,14931607.09584909,9342910.014378639,2317215.1884025396,217340046.0518364,40000000,6.7373761454956425,-16350553.341984231,-14506764.771646263,2891933.337338118,1373519.7662978135,0.03433799415744534,1237657.7699367607,-34130535.772924334,-12732386.535061877,225559515.18082917,178696592.87284297,0.0015878893746141514,0.13835435973143898,0.030332205114274004,-0.03135377744308472,2021-12-08,2018-10-16,False,False,False,False,False,0.0,0,0,False,[],珣瑄控股
2018-09-30,季报,2018-10-27,无保留意见,False,536331891.86851585,265449893.12211323,270881998.7464026,0.4949358730045265,154859468.5613804,1084092.7873365586,722063.9527976933,2134467.8269263245,14470975.65809761,8039887.819966319,1927175.3591157591,199231164.5793437,40000000,6.772049968660066,-17076301.570551742,-15183616.316249711,1848825.608080847,-1036783.1836678758,-0.025919579591696894,-966930.7780049242,-80098554.917964,-12183250.413143797,243090884.7469283,150809079.4158205,0.005146487655673458,-0.13118351740023487,0.014596590086644564,-0.039174898145772054,2021-12-08,2018-11-16,False,False,False,False,False,0.0,0,0,False,[],珣瑄控股
2018-12-31,年报,2019-03-30,无保留意见,False,632857596.1637552,312774967.2112274,320082628.9525278,0.4942264564843672,214213003.7297031,1325376.0522295616,920674.244428129,2389319.189652129,15755493.095687862,9640689.376822159,2370707.601705796,246598271.96142587,40000000,8.002065723813196,-11106649.39380284,-9614448.72705359,28574375.868053243,8528074.53821272,0.213201863455318,7955953.698851602,-26304387.45853655,-15136937.19421344,234912456.23619467,193471131.58344468,0.18163122848257784,0.5991810943828497,-0.0007094165201593362,0.027016333749778784,2021-12-08,2019-04-29,False,False,False,False,False,0.0,0,0,False,[],珣瑄控股
2019-03-31,季报,2019-04-30,无保留意见,False,687992139.303761,312663357.2238747,375328782.07988626,0.454457746479903,230121687.31380567,1322374.310643918,913049.8753147243,2546264.675271724,16793061.112193502,9920142.36898754,2401694.5433652992,255217393.5644047,40000000,9.383219551997156,-19739951.30360744,-17524551.85472869,20659701.073438145,-12333288.442578003,-0.3083322110644501,-11300147.325250145,-87769258.21208856,-15039744.401922721,287296808.4954258,184487805.88141453,0.17259966061935872,-0.8171929672785763,-0.039768710004464226,0.19551707774577318,2021-12-08,2019-05-15,False,False,False,False,False,0.0,0,0,False,[],珣瑄控股
2019-06-30,半年报,2019-08-27,无保留意见,False,741885611.0433885,361021585.20480466,380864025.8385838,0.4866270215122027,239721316.47064948,1394627.5618068057,983395.8236852373,2873576.357114929,18622845.639483053,11110029.473877173,3121195.5290821134,280167869.6346021,40000000,9.521600645964595,-26240842.561179914,-23876293.956985086,41711844.636606075,-9286987.510817816,-0.23217468777044542,-9073917.288937708,-14724529.100607453,-16211776.787786527,300346862.4307476,269410556.54235363,0.014747719927110452,0.6527724917807083,0.03216927503229973,0.0019833301240688634,2021-12-08,2019-09-06,False,False,False,False,False,0.0,0,0,False,[],珣瑄控股
2019-09-30,季报,2019-10-27,保留意见,False,832654078.1206784,418694622.02218854,413959456.0984898,0.5028434172413988,268696626.54600805,1657162.707341434,1166764.2017122824,3016345.852499117,21981162.561717853,12013688.312351186,3228146.5075991116,313727886.195327,40000000,10.348986402462245,-31964910.365817517,-29119820.3912445,24413928.90952585,-8177239.720910864,-0.2044309930227716,-7490752.048942021,-124600994.30456732,-19011018.340190757,361460306.82139736,217848294.1766393,0.08689565833117659,0.1438799420412478,0.016216395729196077,0.00654623834552625,2021-12-08,2019-11-30,False,False,False,False,False,0.0,0,0,False,[],珣瑄控股
2019-12-31,年报,2020-03-30,保留意见,False,768225909.3566846,357452377.891509,410773531.46517557,0.4652959156126888,224235097.40839323,1455399.8672724399,998757.773122775,2680721.552954791,20227354.739569314,11722411.927353494,2868245.7912206426,288122538.8321672,40000000,10.26933828662939,-41111865.95675607,-37210318.540825315,13136872.780370634,-13067079.41562651,-0.32667698539066276,-11557854.499401161,-120747382.48093578,-19491059.809559662,342706307.6418917,202467865.35139626,-0.0076962238363658935,-0.5542301434059221,-0.037547501628709984,0.04676846550070226,2021-12-08,2020-05-10,False,False,False,False,False,0.0,0,0,False,[],珣瑄控股
2020-03-31,季报,2020-04-30,无保留意见,False,703133758.3100603,268388196.47693035,434745561.83312994,0.38170290261981626,250327472.85880435,1565284.6882284065,1098945.5283884078,2886902.5594397513,19551202.87595732,11899874.857391486,2817234.1512366943,293003707.23433477,40000000,10.868639045828248,-49302045.22904721,-44661908.949991405,42815389.1344782,-11700256.103273049,-0.29250640258182625,-10645129.155951558,-126743406.88639076,-15148395.085467929,292356452.14379025,150464650.17193156,0.05835826442480177,0.3475339211740511,-0.08359301299287256,0.10132604952932513,2021-12-08,2020-06-18,False,False,False,False,False,0.0,0,0,False,[],珣瑄控股
2020-06-30,半年报,2020-08-27,无保留意见,False,813289779.6802287,364186609.7628922,449103169.91733646,0.4477944010388081,292156868.32836884,1700642.5441662716,1143686.7254953745,2927696.8185623083,20666778.54346451,12705931.725187732,3140818.2270625173,314670736.6915815,40000000,11.227579247933411,-54864536.8004675,-49721434.97527889,8394471.141768616,-7946416.530600412,-0.1986604132650103,-7227894.32183927,-146232536.38664195,-19640514.13186167,326153722.67989635,160280672.16139275,0.03302531260737162,0.7083058437957651,0.06609149841899178,0.06168692987879352,2021-12-08,2020-10-07,False,False,False,False,False,0.0,0,0,False,[],珣瑄控股
2020-09-30,季报,2020-10-27,非标准无保留意见,False,763060561.4266636,338496236.2308205,424564325.1958431,0.44360336956472723,242631533.117385,1448116.3874075215,999881.4433931515,2966028.8489115173,18745852.360320628,11129032.659597775,3184647.732307451,284263483.2016507,40000000,10.614108129896078,-60436279.01901357,-54423475.134120114,23585649.14245506,-7959631.740780102,-0.19899079351950255,-6717200.226916029,-16335134.659613358,-18500160.476913992,334636657.4064718,299801362.2699444,-0.054639660472692836,-0.0014596662442399322,-0.004191031474080824,0.04247823484336215,2021-12-08,2020-12-23,False,False,False,False,False,0.0,0,0,False,[],珣瑄控股
2020-12-31,年报,2021-03-30,无保留意见,False,767018149.2911758,350164664.35780776,416853484.93336815,0.4565272212677174,264954424.8057678,1721714.3454527475,1166804.4979857218,3476598.0672504767,19646162.022658017,14420600.100971464,3436393.2918739053,320245274.0960428,40000000,10.421337123334204,-59486024.68192377,-53553570.88305196,5993187.991875019,1357506.1958425678,0.03393765489606419,1242720.3586687846,-125265065.9930719,-19883640.893550847,338580641.327256,193431934.44063327,-0.01816177150286497,1.030614867610122,0.012923851702990161,-0.021347668857737097,2021-12-08,2021-05-01,False,False,False,False,False,0.0,0,0,False,[],珣瑄控股
2021-03-31,季报,2021-04-30,无保留意见,False,892220342.257636,502681588.51541615,389538753.7422198,0.5634052091251947,304300173.0073596,1917907.9926113444,1197949.8376155293,3337966.427382073,24160965.43902598,13887717.59498378,3502878.138618139,355121654.89105034,40000000,9.738468843555495,-46049092.87167613,-42117413.738584876,56125620.364995286,19195616.87178234,0.4798904217945585,16337367.349238684,-64612033.683576845,-20613007.88925068,397693140.8225362,312468099.24970865,-0.06552597538080898,0.9717066406318078,0.10687798785747722,0.08944374684312384,2021-12-08,2021-05-20,False,False,False,False,False,0.0,0,0,False,[],珣瑄控股
2021-06-30,半年报,2021-08-27,无保留意见,False,792618437.0758713,443012019.14935565,349606417.9265157,0.5589221729230978,238645071.48169827,1482980.3167653924,1044865.5181607057,3127960.3251610547,18864174.41065403,12133154.368857143,2958705.8360858136,287732154.3910025,40000000,8.740160448162893,-42275387.0304532,-38559903.735218406,8373411.025168644,5391008.344604194,0.13477520861510486,5082157.147666388,-56293258.78447158,-17593873.54058712,320177964.82413167,246290832.49907297,-0.10251184364092723,-0.38138895590808536,-0.004483036202096895,0.009928449924743414,2021-12-08,2021-10-21,False,False,False,False,False,0.0,0,0,False,[],珣瑄控股
2021-09-30,季报,2021-10-27,无保留意见,False,765974688.9091458,427743531.2825895,338231157.6265563,0.5584303730607021,243531911.72122398,1518287.7564962218,994706.0895780483,3041297.526635745,18684577.406075682,10964955.389973365,2814632.6321487003,281629327.85873735,40000000,8.455778940663906,-45783934.20897243,-41789438.50538462,12161605.9339633,-5012210.255027479,-0.12530525637568696,-4613621.100237445,-138421486.26806122,-17003044.167537317,332755813.980709,177331283.54511046,-0.032537332602259134,-0.4646159047204611,-0.0004917998623956056,0.030489133542900563,2021-12-08,2021-12-24,False,False,False,True,False,0.0,0,0,False,[],珣瑄控股
2021-12-31,年报,2022-03-30,保留意见,False,698788743.7204615,357871287.4810963,340917456.23936516,0.5121308703052845,202722341.0568959,1432577.1691339088,880728.3161540271,2433457.967745626,17858397.11427726,10436371.815500548,2767143.5452746195,257574981.07464013,40000000,8.52293640598413,-48776265.38345875,-44535241.28078434,7839194.201030495,-4274758.820694724,-0.1068689705173681,-3922575.393428173,-17575925.47804327,-16472745.34360977,268936406.17551225,234887735.35385922,0.007942197376667483,0.061516880928115095,-0.04629950275541768,0.03888047421999776,2021-12-08,2022-04-14,False,False,True,True,False,0.0,0,8,True,"['充分披露高送转的主要考虑及其合理性且送转股后每股收益不低于0.5元', '是否影响偿债能力、过去十二个月内是否使用过募集资金补充流动资金以及未来十二个月内是否计划使用募集资金补充流动资金等内容']",珣瑄控股
2022-03-31,季报,2022-04-30,无保留意见,False,768475790.9120269,410065868.16262937,358409922.7493976,0.533609351149453,249744061.97465563,1471237.726429984,1072694.6454886575,2719619.318310883,19192075.848840535,11857855.9313419,2821250.7135434323,279921931.1086402,40000000,8.96024806873494,-48585801.51079641,-44358515.258016184,411117.7525571278,272091.24666046724,0.006802281166511681,252465.7468116489,-11604079.666001512,-16441050.232476039,320097816.117515,292052686.2190375,0.05130997603640031,0.3573095396218983,0.021478480844168524,0.04589397697424257,2021-12-08,2022-05-23,False,False,False,False,True,0.0,0,0,False,[],珣瑄控股
2022-06-30,半年报,2022-08-27,非标准无保留意见,False,820535006.2804044,447532371.2042445,373002635.07615995,0.5454153299722933,280694449.79128104,1598241.2962887601,1175148.1478516825,2823384.098100191,18551546.887662515,12428757.889229907,3270059.5191961923,304042569.85818136,40000000,9.325065876903999,-50174566.18051731,-45896017.20322785,2632317.3072664686,-2269663.813886989,-0.056741595347174725,-2196431.350302376,-147977453.52594557,-17625618.20985171,344120032.5573597,178516960.8215624,0.04071514598373905,-0.147159659143122,0.011805978822840249,-0.06519482810123593,2021-12-08,2022-09-30,False,False,False,False,True,0.0,0,0,False,[],珣瑄控股
2022-09-30,季报,2022-10-27,无保留意见,True,1068842848.324214,642613418.4400474,426229429.88416666,0.6012234814945614,371050779.28278196,2051275.6842744884,1202841.2944580573,4104779.429269682,25082544.079651456,18216088.7820637,4228625.157574242,401843517.94845015,40000000,10.655735747104167,-54832421.36837806,-50206586.536053285,20009259.52272565,-6654078.839801077,-0.1663519709950269,-6157956.189750633,-136234465.8093957,-25970483.8013443,471321233.9785727,309116284.3678327,0.14269817369289858,-0.2976452791381287,0.0558081515222682,-0.022261174237895576,2021-12-08,2022-12-22,False,False,False,False,False,0.0,0,0,False,[],珣瑄控股
2022-12-31,年报,2023-03-30,无保留意见,False,1078724304.3251827,657458027.7986299,421266276.5265528,0.6094773476063615,385038382.5029781,2377181.7161262217,1398684.0294287896,4014420.2007704596,26567177.734176893,16144224.3543164,4279605.619241549,405632698.632071,40000000,10.53165691316382,-61924569.32634701,-57051937.06840591,19611706.901548702,-10131639.93995565,-0.25329099849889125,-9779072.189075166,-96286832.6310525,-24466763.301845223,506825214.2161165,386071618.28321874,-0.011644323478467174,-0.3361287067924756,0.008253866111800052,0.014923810033362388,2021-12-08,2023-05-06,False,True,True,True,False,0.0,2,6,True,"['充分披露高送转的主要考虑及其合理性且送转股后每股收益不低于0.5元', '是否影响偿债能力、过去十二个月内是否使用过募集资金补充流动资金以及未来十二个月内是否计划使用募集资金补充流动资金等内容', '公司为增强投资者回报水平拟采取的措施', '公司在相应期间是否按照中国证券监督管理委员会相关规定为中小股东参与现金分红决策提供了便利']",珣瑄控股
2023-03-31,季报,2023-04-30,无保留意见,False,1088402877.7157667,682083173.5164016,406319704.19936496,0.6266826259664905,331716701.6705351,2087885.9887629037,1550995.2317146363,4218833.929004646,30596668.529596973,20040117.60139529,4527210.29875088,431487948.3715387,40000000,10.157992604984123,-67889328.5358468,-62191559.592960335,0.0,-8521084.584999701,-0.21302711462499252,-7342317.892220622,-59251743.42928565,-24703655.057528477,430225131.9883765,346269733.50156236,-0.035480106431556954,0.23448906884266482,0.01720527836012905,0.08988861702202593,2021-12-08,2023-06-08,False,False,False,False,False,0.0,0,0,False,[],珣瑄控股
2023-06-30,半年报,2023-08-27,无保留意见,False,1140364710.280662,687579070.8199658,452785639.4606963,0.6029466403346887,379603661.19201744,2091930.538624216,1536257.2007361029,4341622.88315142,26680655.010989323,16512880.87363824,4240036.593233416,413266639.4054452,40000000,11.319640986517406,-77602306.85912183,-70572677.93278308,46065868.66564902,-13875683.318964325,-0.3468920829741081,-11973026.199746767,-19126687.503364883,-26219173.350202482,467952924.4385739,422607063.58500654,0.11435806528972144,-0.6315193007459003,-0.02373598563180181,0.1143356474130992,2021-12-08,2023-10-05,False,False,False,False,False,0.0,0,0,False,[],珣瑄控股
2023-09-30,季报,2023-10-27,非标准无保留意见,False,1070175212.1727631,599957561.3564432,470217650.81632,0.5606162005363187,386262926.898191,2241981.9911807072,1401443.600498654,4301853.920574532,29052826.52571595,16300037.633078186,4146311.489048674,412239380.4185431,40000000,11.755441270408,-87711655.26211241,-79759680.59581189,0.0,-14441926.289986545,-0.3610481572496636,-13124289.518612573,-148641617.152356,-23900973.20155688,480558367.29277116,308015776.9388583,0.03849947930412863,-0.1812373804676283,-0.04233043979837,0.09308161375135732,2021-12-08,2023-12-16,False,True,True,False,False,0.0,0,0,True,"['公司为增强投资者回报水平拟采取的措施', '结合前述财务报表列报项目的具体情况说明现金分红方案确定的依据及未来增强投资者回报的规划', '留存未分配利润的预计用途以及收益情况']",珣瑄控股
2023-12-31,年报,2024-03-30,非标准无保留意见,False,931522009.6101453,433623648.7359247,497898360.8742206,0.4655001645290186,276300505.0062424,1843049.6914844837,1133364.352145763,3476873.3344598077,22276937.83913191,13899878.353910645,3521360.6632504356,340684211.8918558,40000000,12.447459021855515,-98815086.5542588,-90505505.94066748,60298524.205826685,-15862044.70306625,-0.39655111757665623,-15351179.064079436,-99873774.3448811,-21877002.460816648,403228079.13150245,281477302.3258047,0.058867866848140535,-0.5551514827429408,-0.09511603600730013,0.0893756806451103,2021-12-08,2024-04-16,False,False,False,False,False,0.0,0,0,False,[],珣瑄控股
2024-03-31,季报,2024-04-30,无保留意见,False,991895589.3498468,466393043.4044747,525502545.94537216,0.4702037678282037,307311377.69819754,2005543.110196227,1420095.7353821544,3480696.512341923,26618492.955949157,15863477.956278794,3580040.4863757235,382784640.68782896,40000000,13.137563648634304,-110203224.4740373,-100953098.94475852,63093217.55899428,-16268768.456826458,-0.4067192114206614,-14925132.862987181,-38395367.70468184,-21087587.631637394,458635931.61176246,399152976.2754432,0.055441405797527654,-0.35741628415117505,0.004703603299185156,0.19303052707839655,2021-12-08,2024-05-21,False,True,False,False,False,0.0,0,0,True,['结合所处行业特点、发展阶段和自身经营模式、盈利水平、偿债能力、资金需求等因素，未进行现金分红或现金分红水平较低原因的说明'],珣瑄控股
2024-06-30,半年报,2024-08-27,无保留意见,False,930706838.3806193,427447779.2377301,503259059.1428892,0.45927220216998366,326936700.5887282,1551837.337185252,1454733.5170595623,3653395.857800614,24175749.378177572,16056685.717715435,3976107.9460097635,359467724.21008635,40000000,12.58147647857223,-121706083.42394772,-111255156.5130088,38858894.325067684,-16432655.642729176,-0.4108163910682294,-14717225.097500412,-44453756.15306608,-21552172.93193417,394751067.78844416,328745138.7034439,-0.04232802861585989,-0.22412488552045928,-0.010931565658220115,-0.09543004697393852,2021-12-08,2024-10-04,False,False,False,True,False,0.0,0,0,False,[],珣瑄控股
2024-09-30,季报,2024-10-27,非标准无保留意见,False,853098776.9432364,348848940.7706086,504249836.1726278,0.4089197525526641,274463572.77146435,1540786.0142846846,1114233.5737604205,3302557.3322675964,20442034.067311503,12283235.976954892,3346277.6039752522,311372650.36239815,40000000,12.606245904315696,-133472225.33020115,-121656075.13467467,28741698.940848902,-16808774.15179063,-0.42021935379476577,-14858455.173808368,-101108674.45003636,-19274408.900807206,373566859.154032,253183775.80318844,0.001968721698574082,-0.6629457123196716,-0.05035244961731955,0.2755825657845791,2021-12-08,2024-11-16,False,True,False,True,False,0.0,0,0,True,"['公司在相应期间是否按照中国证券监督管理委员会相关规定为中小股东参与现金分红决策提供了便利', '充分披露高送转的主要考虑及其合理性且送转股后每股收益不低于0.5元']",珣瑄控股
2024-12-31,年报,2025-03-30,无保留意见,False,762620491.4731202,256599971.52791572,506020519.94520456,0.33647138307581126,261106121.03649092,1597515.4876839232,1007879.2996157062,2915910.427479117,19851084.594968405,11869284.296520896,2516704.8014043816,286501572.475505,40000000,12.650512998630115,-145271470.30880004,-131704961.55631989,15059190.935540382,-16856064.255141262,-0.4214016063785315,-14355552.030921761,-69153046.89160654,-18662240.51725634,340079527.8681778,252264240.45931488,0.0035115207691821335,-0.24729974422107115,-0.0724483694768528,0.04109662736626347,2021-12-08,2025-05-27,False,False,False,True,False,0.0,0,0,False,[],珣瑄控股
2017-03-31,季报,2017-04-30,无保留意见,False,232731045.73214474,58279774.836038955,174451270.8961058,0.2504168477080381,13153702.897432366,1.7234030218996686e-10,91.42601735715024,1363863.5029986699,19112722.155390076,138219642.03220436,15030895.102241175,178031953.31661838,40000000,4.361281772402645,9855637.13792476,8634216.420992574,11207387.002770115,14079481.625606801,0.35198704064017006,12334594.887132248,14268660.40900774,8779210.103675494,114129140.64891565,137177011.1615989,-0.03082627279941227,0.7266378680892667,-0.049583152291961884,-0.08837135377513432,2021-01-22,2017-06-05,False,False,False,False,False,0.0,0,0,False,[],翊翊食品
2017-06-30,半年报,2017-08-27,非标准无保留意见,False,247228059.22380927,49445611.844761856,197782447.37904742,0.2,12967098.732772281,1.693659167298428e-10,103.74464515831448,1349378.556532338,18118372.823370904,131234308.97125676,16306692.006719504,184548175.04031804,40000000,4.944561184476186,11446319.296616435,10033920.256255742,4717350.769006311,2272403.0838452503,0.056810077096131256,1999576.9075188143,26815306.86728279,8397450.233903332,129839284.61088611,165052041.71207222,0.13374036407471343,-0.37989946820842535,-0.05121435887468428,0.1526522047002887,2021-01-22,2017-09-07,False,False,False,False,False,0.0,0,0,False,[],翊翊食品
2017-09-30,季报,2017-10-27,非标准无保留意见,False,261268518.28000462,52253703.65600093,209014814.6240037,0.2,14109573.36666475,1.7202448823643732e-10,98.99754820414009,1537641.8093162023,17978730.648128763,127975241.42203538,16731225.55416413,187246771.3584149,40000000,5.225370365600092,24625638.122598678,21387677.940688603,25846289.49510076,18827598.32283178,0.4706899580707945,16219653.834904086,14575669.758459106,8942775.37083584,125328065.92417721,148846511.05347216,0.056791527225010144,0.859010428899945,-0.04794827012483729,0.13258227414995172,2021-01-22,2017-11-26,False,False,False,False,False,0.0,0,0,False,[],翊翊食品
2017-12-31,年报,2018-03-30,无保留意见,False,279844487.3457682,55968897.46915364,223875589.87661457,0.2,14344703.091017446,1.8745519552036448e-10,110.26386489983409,1549496.9128838137,20523168.897188764,131292376.63545215,16690679.699712517,190936292.14360607,40000000,5.596889746915364,41675847.075935125,36403046.51203397,42902792.78186303,24357441.36190921,0.6089360340477302,21450526.53049338,44968002.121468216,10092103.575992623,135991725.12249067,191051830.8199515,0.07109914806442723,0.15434590365923112,0.040851109431645556,0.025472730490602464,2021-01-22,2018-04-29,False,False,False,False,False,0.0,0,0,False,[],翊翊食品
2018-03-31,季报,2018-04-30,无保留意见,False,250691799.13575467,50138359.82715093,200553439.30860373,0.2,13374109.548636848,1.6848813389433075e-10,96.50482597714156,1274463.0586628239,18324474.46099839,124118743.46518263,14107985.340155875,180048501.24052745,40000000,5.013835982715094,54727417.17854738,47354124.488111265,84069120.06699537,18645100.146588944,0.4661275036647236,15644397.108681858,29716333.182952173,8921952.857092058,119911481.39826694,158549767.43831116,-0.10417460242478638,-0.1381212431720065,0.004270454928350718,-0.033623527072577195,2021-01-22,2018-05-18,False,False,False,False,False,0.0,0,0,False,[],翊翊食品
2018-06-30,半年报,2018-08-27,无保留意见,False,292767512.51691234,62166980.753026076,230600531.76388627,0.21234248369492453,18914061.42017513,2.0112298801001304e-10,113.3238934951827,1482664.5686096395,23230688.87935299,151762922.63347343,17918596.146991935,215337784.9773198,40000000,5.765013294097157,66031054.11609116,57467088.67809379,22898135.71193782,16148052.767919686,0.4037013191979921,14447091.699975027,36430170.85407503,10248838.362499157,136935549.15929863,183614558.37587282,0.14982087845946765,-0.07005303305083332,0.015966700626411725,0.09720229090196435,2021-01-22,2018-09-21,False,False,False,False,False,0.0,0,0,False,[],翊翊食品
2018-09-30,季报,2018-10-27,无保留意见,False,291764116.6172732,66313410.0218768,225450706.59539643,0.2272843240310617,16043250.609647179,1.9705985565344597e-10,126.62578884187191,1712023.967585081,21458398.982894953,158109560.45983264,19944332.219429962,218702418.015377,40000000,5.636267664884911,78348624.91977048,67913116.80567169,79135137.37564282,17596529.71954187,0.4399132429885467,14922897.325111285,30239875.205897298,9620413.863209143,141135177.25107956,180995466.32018602,-0.02233223457508243,0.043697195782915095,0.014941840336137163,0.021437642886345785,2021-01-22,2018-11-30,False,False,False,False,False,0.0,0,0,False,[],翊翊食品
2018-12-31,年报,2019-03-30,无保留意见,False,321869185.84664845,64373837.169329695,257495348.67731878,0.2,17616307.585892178,2.292143864678968e-10,125.5007698619417,1818455.017353861,23862262.267089717,188601239.36057127,22443340.245892115,238836420.02653012,40000000,6.4373837169329695,83334491.66684613,72171593.68612523,34721682.57835424,7122666.781536654,0.17806666953841635,6083538.400647921,32960538.703425128,10803580.92218111,155698381.54634905,199462501.1719553,0.14213591328161632,-0.30274316594502393,-0.04443124827508218,0.13726509126131003,2021-01-22,2019-04-10,False,False,False,False,False,0.0,0,0,False,[],翊翊食品
2019-03-31,季报,2019-04-30,无保留意见,False,311400338.0232149,62280067.60464298,249120270.41857192,0.2,18026164.203153566,2.0624954896936793e-10,129.58144744186862,1686008.940342516,23491985.001678687,165231859.4155338,18808739.765803054,228016997.50472632,40000000,6.228006760464298,82420267.1894465,71358128.78823388,2751665.284274958,-1306034.9677137677,-0.03265087419284419,-1162092.7112733554,13074241.626926238,9962241.76033551,148804334.1054492,171840817.49271095,-0.03252516327680211,-0.34941003105434837,0.01694000831232528,0.10172867121786809,2021-01-22,2019-06-26,False,False,False,False,False,0.0,0,0,False,[],翊翊食品
2019-06-30,半年报,2019-08-27,无保留意见,False,301780688.6487437,62732587.22789327,239048101.4208504,0.2078747566942913,16787858.499420572,2.029973500918843e-10,113.22803283385076,1734404.9269634555,20949553.087842226,154064961.1237802,18991169.656067446,216410045.4925465,40000000,5.97620253552126,79509697.5041077,68652977.14889959,16717926.613319634,-4157956.693341121,-0.10394891733352803,-3864502.3419061494,55523496.85296937,10087625.688296663,148534778.35556436,214145900.89683038,-0.04043094919894831,-0.18172091754762235,0.008081672625986495,-0.009011734451252612,2021-01-22,2019-10-02,False,False,False,False,False,0.0,0,0,False,[],翊翊食品
2019-09-30,季报,2019-10-27,无保留意见,False,295242760.36161923,59048552.072323844,236194208.28929538,0.2,17470586.698919784,1.9301620274568671e-10,111.8020539095341,1758460.448851668,20324269.372719187,154704916.41910222,17610750.778535977,215595938.95628658,40000000,5.9048552072323846,80510669.82046664,69517113.38097207,6647248.892282614,1429960.4519413337,0.03574901129853334,1234480.3315321351,53742976.26710137,10257820.889171423,146022322.46431422,210023119.62058702,-0.011938572674671332,0.43512679500037194,-0.027184934623145928,0.12998461447495246,2021-01-22,2019-11-22,False,False,False,False,False,0.0,0,0,False,[],翊翊食品
2019-12-31,年报,2020-03-30,无保留意见,False,273485146.79042417,56685641.47781398,216799505.31261018,0.2072713715646614,15939465.950926822,1.8526273682184728e-10,114.9249931501571,1610131.373653966,19465868.471207634,148890237.23830995,15707871.384642547,198620780.07487378,40000000,5.419987632815254,81521199.23751754,70467301.51864173,3289047.588333204,1443613.4529298507,0.036090336323246264,1357411.6252423725,43175913.64713605,9242813.614530822,140998641.5129742,193417368.77464107,-0.08211337236910626,0.000740804681817886,0.026581549493516026,0.040803202955114706,2021-01-22,2020-04-30,False,False,False,False,False,0.0,0,0,False,[],翊翊食品
2020-03-31,季报,2020-04-30,无保留意见,False,275498864.6046488,69710079.7874554,205788784.81719342,0.2530321854048,14260029.834128382,1.7304451293382976e-10,102.99210674412662,1374721.8841058353,21410969.524019573,143743871.07607162,16856496.240510445,191075025.76617315,40000000,5.144719620429836,77913971.44684029,67514827.41353606,2979513.742931121,-5153182.558110373,-0.12882956395275932,-4217820.150150972,18076068.753870238,9610747.852810262,134444979.3580181,162131795.9646986,-0.05078757204514856,-0.3576737296016303,0.04576081384013859,0.052901931291280464,2021-01-22,2020-06-20,False,False,False,False,False,0.0,0,0,False,[],翊翊食品
2020-06-30,半年报,2020-08-27,无保留意见,False,309954179.2482226,107789423.90156126,202164755.3466613,0.34775922093710365,16739576.07432775,1.9549828279572014e-10,106.19719412128681,1532936.6030092835,19574981.898961484,163029229.65096372,19343050.594433777,214134489.22033137,40000000,5.054118883666533,71452400.62554814,61551731.83873176,45213990.66719415,-9230815.458988786,-0.23077038647471965,-8518707.96400614,7947891.477552949,10047159.383938428,156198824.45268354,174193875.31417492,-0.017610432336006197,-0.34419648322258695,0.09472703553230363,0.07317303175663128,2021-01-22,2020-10-17,False,False,False,False,False,0.0,0,0,False,[],翊翊食品
2020-09-30,季报,2020-10-27,无保留意见,False,284584235.0050206,90647920.3075068,193936314.69751382,0.31852755408572647,14964544.030226631,1.8825181174422454e-10,99.00933480617054,1531990.4577179817,20847214.651929844,144313451.87764528,17036231.78898286,195691550.1521737,40000000,4.848407867437846,67457711.62525335,58118675.39761452,9343625.65342561,-5706698.571849691,-0.14266746429624227,-4904366.344453201,13004508.87342352,9344719.22562552,133853342.02945708,156202570.12850612,-0.04070165759129371,0.45360190230214403,-0.029231666851377135,0.04162612986781115,2021-01-22,2020-11-17,False,False,False,False,False,0.0,0,0,False,[],翊翊食品
2020-12-31,年报,2021-03-30,无保留意见,False,351617278.43544465,125050296.1875287,226566982.24791595,0.3556432059992961,20269371.548861384,2.469164584427964e-10,138.50007386868836,1941934.959485842,27131920.99371589,186267039.27547103,21853504.312468033,263482649.48215777,40000000,5.6641745561978984,64517780.85941439,55573278.140446074,9056294.531676138,-4199901.094055658,-0.10499752735139145,-3636281.7959549096,24402375.322722945,12114908.57867382,165074135.32192585,201591419.22332263,0.1682545509916325,0.13342400248328673,0.03711565191356959,0.06545618163531686,2021-01-22,2021-04-14,False,False,False,True,False,0.0,0,0,False,[],翊翊食品
2021-03-31,季报,2021-04-30,无保留意见,False,306565471.2020312,111294218.69534184,195271252.50668937,0.36303572694916214,16802691.127655447,2.0097229017366036e-10,127.59576850733035,1835115.7503974945,24675699.50181158,172466887.8380496,21080415.087883607,230590554.50451478,40000000,4.8817813126672345,70971730.14746295,61787986.33912383,25727083.523012374,9219927.554355092,0.2304981888588773,8878154.569539659,48527219.693244845,11236155.683762357,145742225.84438384,205505601.22139102,-0.13813014337182608,1.0484160120183612,0.00739252094986607,0.03694135466315304,2021-01-22,2021-06-03,False,False,False,False,False,0.0,0,0,False,[],翊翊食品
2021-06-30,半年报,2021-08-27,保留意见,False,414904847.58281845,183815500.2222028,231089347.36061564,0.4430304955294881,20858049.422618903,2.6693949363319807e-10,153.29742660974853,2145750.9089560406,29669719.290316574,218265310.67724514,26436356.747089513,290323207.20522743,40000000,5.777233684015391,81630126.12528294,70636149.40776937,27056089.594162285,15226279.968314279,0.38065699920785695,12640232.955207901,81108725.28942798,13673140.026762543,203366849.0489374,298148714.3651279,0.1834273831612734,0.2290758584861743,0.07999476858032593,0.07105255058365112,2021-01-22,2021-09-19,False,True,False,False,False,0.0,3,0,True,"['结合所处行业特点、发展阶段和自身经营模式、盈利水平、偿债能力、资金需求等因素，未进行现金分红或现金分红水平较低原因的说明', '充分披露高送转的主要考虑及其合理性且送转股后每股收益不低于0.5元']",翊翊食品
2021-09-30,季报,2021-10-27,非标准无保留意见,True,389092804.3887497,154463474.5079711,234629329.8807786,0.39698363158020217,23067337.656515025,2.8910658597186126e-10,156.13536860600786,2243427.2780641196,33150553.50172073,225795289.86644155,26970993.919224646,300050224.0850976,40000000,5.865733247019465,91982393.62279426,79037859.67158185,62539594.408208035,14788953.5678733,0.3697238391968325,12002443.23401785,66430497.62388286,13587663.556694822,194216530.8735809,274234692.05415857,0.015318674619124156,-0.01357048970191317,-0.046046863949285935,0.004445151768096286,2021-01-22,2021-12-02,True,True,False,False,False,2079291.9018135655,3,0,True,"['根据公司盈利能力、融资能力及其成本、偿债能力及现金流等情况披露现金分红方案的合理性，是否导致公司营运资金不足或者影响公司正常生产经营', '是否影响偿债能力、过去十二个月内是否使用过募集资金补充流动资金以及未来十二个月内是否计划使用募集资金补充流动资金等内容']",翊翊食品
2021-12-31,年报,2022-03-30,无保留意见,False,461018802.49014175,193268913.73517528,267749888.75496647,0.4192213260961478,27557325.869313613,2.9984223504630355e-10,197.29128585698948,2822971.869304932,35833878.38353756,254133891.5138262,28422959.69965701,351524680.22568184,40000000,6.693747218874162,93799259.00139624,80590894.50536264,10776612.894651247,2595521.969431415,0.06488804923578538,2218621.1911154245,51698530.45394247,16094303.62433542,216417204.92032593,284210038.9986038,0.1411612047437431,-0.3835744883016492,0.02223769451594565,0.038134108808761155,2021-01-22,2022-04-17,False,False,False,False,True,0.0,0,0,False,[],翊翊食品
2022-03-31,季报,2022-04-30,无保留意见,False,486669308.73470706,222476683.17377752,264192625.56092954,0.4571413877571103,26902264.795008857,3.5200413799997593e-10,194.96714395993257,2769766.8890087046,36332530.23686909,285770740.9278394,31365042.097455204,372865964.82249355,40000000,6.604815639023238,97063830.12959647,83879334.67325814,5635981.770268795,4663673.040286038,0.11659182600715096,4697771.668422127,67983202.64169008,15634687.784093052,242086273.0186963,325704163.44447947,-0.013285769083147542,0.1055420250647518,0.037920061660962484,-0.04101989532577261,2021-01-22,2022-06-13,True,False,False,True,False,6263315.253290828,0,0,True,"['公司为增强投资者回报水平拟采取的措施', '是否影响偿债能力、过去十二个月内是否使用过募集资金补充流动资金以及未来十二个月内是否计划使用募集资金补充流动资金等内容', '充分披露高送转的主要考虑及其合理性且送转股后每股收益不低于0.5元']",翊翊食品
2022-06-30,半年报,2022-08-27,保留意见,False,508843473.8449072,247071879.6011995,261771594.24370772,0.485555759876967,27224936.277790766,3.2623725154519345e-10,200.88461673103217,2648266.7874789154,35142708.54958737,258542683.76555526,29909111.40463946,356222831.51817036,40000000,6.544289856092693,98644206.64910233,85217542.48320939,2396851.900742504,2257680.742151223,0.05644201855378058,1911725.4427874987,55136916.44258779,18252117.80509192,253588453.84396395,326977488.0916437,-0.009163886812061874,-0.1110611434017031,0.028414372119856705,0.08574148075734339,2021-01-22,2022-09-27,True,False,False,True,True,625524.1665127344,0,0,True,"['结合前述财务报表列报项目的具体情况说明现金分红方案确定的依据及未来增强投资者回报的规划', '上市公司控股子公司向母公司实施利润分配的情况', '公司在相应期间是否按照中国证券监督管理委员会相关规定为中小股东参与现金分红决策提供了便利', '充分披露高送转的主要考虑及其合理性且送转股后每股收益不低于0.5元']",翊翊食品
2022-09-30,季报,2022-10-27,无保留意见,False,481862815.6263621,196919438.39891192,284943377.2274502,0.4086628642281538,29886756.042855598,3.28822872395522e-10,199.02107924440025,2578085.0902091614,36541875.027366444,237329713.21605325,32461474.16580817,362930800.6784894,40000000,7.123584430686255,97174693.91919494,83887194.04468597,6740052.406748558,-2099303.8998677265,-0.052482597496693165,-1900497.7693191736,33344208.279310264,16951115.80441744,224697261.4800621,274992585.5637898,0.08851908875250124,-0.22624659222241542,-0.0768928956488132,0.15529872392223376,2021-01-22,2022-12-14,False,False,False,False,False,0.0,0,0,False,[],翊翊食品
2022-12-31,年报,2023-03-30,保留意见,True,657654536.8239903,322782189.6229866,334872347.2010037,0.49080812424985004,34903118.982589796,4.339115067701261e-10,237.03489969272908,3179032.580876511,41819463.69541494,346780306.7460927,39181176.36876361,445430343.83058006,40000000,8.371808680025092,93652241.907846,80738662.72580253,13912417.743864983,-5032074.301927028,-0.12580185754817572,-4497901.884119205,24951593.600943025,22999762.4209449,333512281.128307,381463637.1501949,0.17522418123688738,-0.1968210332155736,0.08214526002169625,0.00488519811534774,2021-01-22,2023-04-16,False,False,True,False,False,0.0,0,5,True,"['根据公司盈利能力、融资能力及其成本、偿债能力及现金流等情况披露现金分红方案的合理性，是否导致公司营运资金不足或者影响公司正常生产经营', '结合所处行业特点、发展阶段和自身经营模式、盈利水平、偿债能力、资金需求等因素，未进行现金分红或现金分红水平较低原因的说明', '上市公司控股子公司向母公司实施利润分配的情况', '公司在相应期间是否按照中国证券监督管理委员会相关规定为中小股东参与现金分红决策提供了便利']",翊翊食品
2023-03-31,季报,2023-04-30,无保留意见,False,644450165.8115543,302335320.7277961,342114845.08375823,0.4691368499332544,35097572.43096217,4.351256572657657e-10,259.44512058427927,3553669.3833646066,47983089.48398241,318978227.5105192,43326014.078211896,459911131.8955011,40000000,8.552871127093956,88301543.36585064,75642949.59554751,11644027.905050214,-7643855.059993394,-0.19109637649983485,-7279590.186078587,55884167.300373055,21079398.850562155,305468019.84029734,382431585.9912325,0.02162763794410084,-0.2182316989557267,-0.021671274316595657,0.11290918548612697,2021-01-22,2023-06-21,False,False,False,False,False,0.0,0,0,False,[],翊翊食品
2023-06-30,半年报,2023-08-27,无保留意见,False,730762739.3849285,373150932.4599582,357611806.9249702,0.5106321277054076,41790006.59952985,5.031598158604191e-10,304.4446548006933,3853805.1983593046,58571154.87546991,394333659.9764734,48046132.24659784,528523174.0004333,40000000,8.940295173124255,81811941.3948239,69421000.91613215,0.0,-9270859.95860964,-0.23177149896524102,-8888498.113450492,130992660.25054936,25854143.22560752,335754796.8557033,492601600.3318602,0.04529754281027448,-0.17389693180780272,0.04149527777215313,0.09345362061718177,2021-01-22,2023-09-16,False,False,False,False,False,0.0,0,0,False,[],翊翊食品
2023-09-30,季报,2023-10-27,无保留意见,False,702615915.0581422,375593149.7404001,327022765.3177421,0.5345639654480633,38937390.99506291,4.2527033338370166e-10,247.34725641058392,3793805.4688790324,48834740.17474299,366670438.19289315,43511121.53199474,499190103.6655959,40000000,8.175569132943552,75516728.0163432,63691258.71753186,7958046.523992401,-8993161.96925811,-0.22482904923145272,-8185345.998000425,50248216.788245104,22469598.513717152,346464464.06441337,419182279.3663756,-0.08553700133744731,0.03592870459901484,0.023931837742655792,-0.031592708611238626,2021-01-22,2023-12-23,False,False,False,False,False,0.0,0,0,False,[],翊翊食品
2023-12-31,年报,2024-03-30,无保留意见,False,923423595.9147806,567671379.387853,355752216.52692765,0.6147464521149634,43243209.16082325,5.374072241942884e-10,324.90254206492256,4143607.6114043174,57741843.01674311,426669371.100268,49929453.91819825,584846585.943901,40000000,8.893805413173192,68400021.98616484,57013939.42795699,42258959.27963736,-10166722.900254816,-0.2541680725063704,-9539027.556535529,10400588.497443901,29634561.979199886,487029749.00100034,527064899.47764415,0.08785153284748067,-0.1465698352446836,0.08018248666690009,0.005708686657533668,2021-01-22,2024-04-21,False,False,True,False,False,0.0,0,1,True,"['公司为增强投资者回报水平拟采取的措施', '结合前述财务报表列报项目的具体情况说明现金分红方案确定的依据及未来增强投资者回报的规划']",翊翊食品
2024-03-31,季报,2024-04-30,无保留意见,False,868657260.4616679,522230712.8598439,346426547.601824,0.6011930558000429,41391492.44176697,5.240943195033353e-10,325.9857965309916,4512610.041092767,56596850.90112097,440895014.61060154,47389127.90621167,568531654.4432495,40000000,8.660663690045599,64344238.383492686,53142991.21627661,20557295.528617404,-5793976.5752459355,-0.1448494143811484,-5529926.01668626,120851554.975547,31745780.556412358,427961421.370697,580558756.9026563,-0.026213944683596425,0.6399193624347446,-0.013553396314920467,0.013970406828023335,2021-01-22,2024-06-14,False,False,False,False,False,0.0,0,0,False,[],翊翊食品
2024-06-30,半年报,2024-08-27,无保留意见,False,986973598.5430691,631472384.766752,355501213.7763171,0.639806764536464,61078095.14081522,6.754042937955465e-10,436.1292003165799,6044557.854674309,77323517.95698296,625736321.157595,73601535.26315004,785182282.432539,40000000,8.887530344407928,66241877.89378988,55020204.907632336,8488991.999167234,2710913.5861388445,0.06777283965347111,2681733.844793907,163919384.15386066,32852742.628132235,471089333.2232437,667861460.0052366,0.02619506569953588,0.758957021506622,0.038613708736421094,-0.10627140906565004,2021-01-22,2024-10-20,False,False,False,False,False,0.0,0,0,False,[],翊翊食品
2024-09-30,季报,2024-10-27,无保留意见,False,1231685037.7696934,871299704.7179263,360385333.0517672,0.7074046351132555,60651928.580740176,8.407296271247839e-10,423.29908914189934,6445749.482041871,88807605.0433046,644302345.7078792,78216222.54896729,863006296.846989,40000000,9.00963332629418,75266571.79814562,63216907.99978491,9764376.11513465,12892419.863365356,0.3223104965841339,11709575.845932238,193206117.0145047,42784907.31573847,602682281.8930764,838673306.2233195,0.01373868523139036,0.5165415713854268,0.0675978705767914,0.13494770616326038,2021-01-22,2024-12-13,True,False,False,False,False,6739941.369071886,0,0,True,"['是否影响偿债能力、过去十二个月内是否使用过募集资金补充流动资金以及未来十二个月内是否计划使用募集资金补充流动资金等内容', '公司为增强投资者回报水平拟采取的措施', '根据公司盈利能力、融资能力及其成本、偿债能力及现金流等情况披露现金分红方案的合理性，是否导致公司营运资金不足或者影响公司正常生产经营']",翊翊食品
2024-12-31,年报,2025-03-30,无保留意见,False,1359112371.953921,988894804.7317863,370217567.2221349,0.727603416125266,79193011.22264645,9.143219722457928e-10,509.195760562001,7853610.269122967,98878599.97820432,703890619.0061668,92877212.98338097,983755676.5833077,40000000,9.255439180553372,95637523.73344557,82436701.77058855,134681756.98084044,29101359.907571353,0.7275339976892838,27456848.244005185,82753659.00703631,45469161.41378824,692069266.8384914,820292087.259316,0.027282559162737464,0.5422424854961596,0.020198781012010576,0.05796317418340127,2021-01-22,2025-04-24,False,False,False,False,False,0.0,0,0,False,[],翊翊食品
2017-03-31,季报,2017-04-30,无保留意见,False,292874844.15271616,102844686.08256899,190030158.0701472,0.3511557518027797,22718525.659157876,2.57723239539908e-53,28593391.117135774,8938073.871682707,5.906177578520157,632193.3130226085,136719555.87513778,195246321.8683186,40000000,4.75075395175368,45259.889092762394,41277.439813701465,211766.66771444638,64656.984418231994,0.0016164246104557998,58967.77116243067,14488904.949971529,-15384738.05643912,-39993089.71446944,-40888922.82093703,0.05572310038970658,-0.05196350086565367,0.05115575180277973,0.04558300391743777,2021-08-30,2017-06-17,False,False,False,False,False,0.0,0,0,False,[],璟璜能源
2017-06-30,半年报,2017-08-27,无保留意见,False,285454197.02319884,92301194.27613139,193153002.74706742,0.323348527499948,22264999.017883427,2.5215878016946083e-53,26843976.29694173,8047601.293421977,5.7030072911646,649103.6781056762,137442063.00169185,182746895.08723375,40000000,4.828825068676686,6202364.400787935,5759216.023451335,4781246.288538836,8795863.588135961,0.21989658970339904,8168483.690910905,11263830.983755337,-16016487.722621255,-41458541.41521207,-46211198.15407799,0.016433416193694313,0.5116543867064077,-0.027807224302831703,0.15646432036091715,2021-08-30,2017-09-21,False,False,False,False,False,0.0,0,0,False,[],璟璜能源
2017-09-30,季报,2017-10-27,非标准无保留意见,False,337665070.44922614,123445913.2105948,214219157.2386313,0.3655868611057805,26617423.179515976,3.308422252402666e-53,31438864.594497405,9524295.481378969,6.257242383695259,831002.3589106378,159961173.410089,222385894.28187782,40000000,5.355478930965782,-651439.827298677,-481949.11014413513,27227382.80645422,-9791148.89726659,-0.24477872243166474,-8915950.190850671,59435686.52110154,-17289514.621228617,-55769250.5138292,-13623078.613956273,0.10906459745360464,-0.7205423622239611,0.04223833360583245,0.056884093534015995,2021-08-30,2017-12-11,False,False,False,False,False,0.0,0,0,False,[],璟璜能源
2017-12-31,年报,2018-03-30,保留意见,True,316586319.13081384,101132054.09021202,215454265.04060185,0.31944543392737107,25824555.083919175,3.052747257330824e-53,29280488.443615634,9070119.763458049,5.959629799969378,784866.7063011301,139145425.07886538,204889358.1159008,40000000,5.386356626015046,-8674056.013136031,-7588039.031235331,7965169.106402897,-11460880.265481934,-0.28652200663704835,-10151557.03013028,53506977.34757477,-17796054.88767028,-46961603.081704125,-11250680.621799633,0.005765627210430522,-0.23162239647067004,-0.04614142717840939,-0.022497882912119033,2021-08-30,2018-05-23,False,False,False,False,False,0.0,0,0,False,[],璟璜能源
2018-03-31,季报,2018-04-30,无保留意见,False,321131208.7358208,95360533.49908559,225770675.23673517,0.29695193399136155,23959226.150059085,3.005217207091889e-53,25671182.503276136,9277366.191486454,5.914858849751531,684298.1575723924,130734900.31330518,201240890.14975828,40000000,5.644266880918379,-15166210.445976626,-13399652.179726794,4744838.898800203,-9274506.332629424,-0.2318626583157356,-8302304.4978449475,44136164.853193834,-16685696.348244047,-55039034.35012261,-27588565.845172822,0.0478821349588471,0.3947150517848006,-0.02249349993600954,0.006693404259597949,2021-08-30,2018-06-28,False,False,False,False,False,0.0,0,0,False,[],璟璜能源
2018-06-30,半年报,2018-08-27,无保留意见,False,374709697.8697791,129351651.60745686,245358046.26232222,0.3452049742582584,27820667.973903246,3.54677121543814e-53,30155148.052995745,10711700.873600846,7.688846855075723,971787.6625464018,179885749.93743777,251880362.49863398,40000000,6.133951156558055,-20520983.99307444,-17847196.77555188,12151331.49430381,-7649676.49585402,-0.1912419123963505,-6353635.136892983,42157078.11521694,-19309965.873989053,-60213269.68279832,-37366157.44157043,0.0867578174404112,0.2103205188864553,0.04825304026689686,-0.09316193021839034,2021-08-30,2018-09-20,False,False,False,False,False,0.0,0,0,False,[],璟璜能源
2018-09-30,季报,2018-10-27,无保留意见,False,376368399.06901777,130896677.09242626,245471721.97659153,0.34778870228268727,31409009.560537856,3.7560002415244034e-53,36410169.35719731,11051977.909041386,7.620830712720879,903672.31282603,167899806.90490872,249296457.00547722,40000000,6.136793049414788,-24311607.1574624,-21516637.5399074,12059084.34516541,-5415175.949125659,-0.13537939872814148,-5242058.234793594,69371689.06353009,-18985462.61905427,-56487077.787832096,-6100851.3433562815,0.00046330542650219186,0.23897574728163917,0.002583728024428892,-0.06880549586376546,2021-08-30,2018-11-30,False,False,False,False,False,0.0,0,0,False,[],璟璜能源
2018-12-31,年报,2019-03-30,无保留意见,False,349775739.71567816,103345688.34312004,246430051.37255812,0.29546271112778305,25733080.811578892,3.116266141820529e-53,30286906.26068645,9123155.54684941,6.753676178531175,887559.6776113912,154678467.9795584,215409401.84952652,40000000,6.160751284313953,-30402979.159848902,-27035505.418046854,10694809.044170758,-8701960.003409293,-0.2175490000852323,-7884096.968770655,50819519.96637084,-17201773.214495447,-58957977.75599535,-25340231.004119948,0.003904031748544891,-0.2837146287116523,-0.05232599115490425,-0.08204173961768067,2021-08-30,2019-04-19,False,False,False,False,False,0.0,0,0,False,[],璟璜能源
2019-03-31,季报,2019-04-30,保留意见,False,359154126.9752746,91109407.55608012,268044719.41919452,0.2536777408723815,30244362.331363656,3.5311574229581266e-53,33402863.232032456,10532431.143311055,6.724925741180333,877638.913017449,177972966.94814476,243665797.4233773,40000000,6.701117985479863,-31122465.77409452,-27715632.420612782,1148652.0527711057,-1027838.0203508809,-0.025695950508772023,-971610.0036656094,38592114.273193404,-19293853.66753114,-60501917.77416025,-41203657.16849799,0.08771116966558143,0.9248113995848857,-0.04178497025540155,-0.09591356067357475,2021-08-30,2019-06-06,False,False,False,False,False,0.0,0,0,False,[],璟璜能源
2019-06-30,半年报,2019-08-27,无保留意见,False,456233316.7625551,145571240.6877744,310662076.0747807,0.3190719207460607,38647043.23112318,4.653896521813246e-53,44912999.93059696,13458935.04628853,9.402056112740661,1169930.6337074975,231518443.11175948,319970455.54649377,40000000,7.7665519018695175,-34119699.94484528,-30448178.02298489,13542797.8550671,-4281763.10107252,-0.107044077526813,-3903636.5748172924,31305725.69038749,-24861192.16001701,-66255768.04511176,-59811234.51474128,0.15899345731537062,-0.20372477344442272,0.06539417987367924,0.006985994175165023,2021-08-30,2019-09-10,False,False,False,False,False,0.0,0,0,False,[],璟璜能源
2019-09-30,季报,2019-10-27,保留意见,False,510331037.51080656,179353506.92991903,330977530.58088756,0.35144542218073715,37880623.46282606,4.454392579130565e-53,41202373.52809515,11780008.621748976,10.460298066011427,1210145.1815857096,206208142.8741901,309028799.0064285,40000000,8.274438264522189,-38816866.85686584,-35049443.54656678,5058198.276940857,-6710238.44574365,-0.16775596114359126,-6573236.462259833,34707296.67697094,-28281973.090843532,-76587726.19670731,-70162402.61057991,0.06539406020455678,-0.19094433953152118,0.032373501434676426,0.11164766838393787,2021-08-30,2019-11-13,False,False,False,False,False,0.0,0,0,False,[],璟璜能源
2019-12-31,年报,2020-03-30,保留意见,False,480787196.05486846,178406386.89982462,302380809.15504384,0.37107141863125764,42020278.098708026,5.639415079194449e-53,39426888.1741897,12702435.90835622,10.568465114969358,1263333.7673533477,243461904.3640404,340854241.04769266,40000000,7.559520228876096,-39407749.38907097,-35550338.12408219,2133925.3371786824,-844117.9031501915,-0.021102947578754788,-715563.6821648863,44074063.06361671,-24596439.438270558,-78072838.881763,-58595215.25641684,-0.08640079396222021,0.5700929522673869,0.019625996450520506,0.1094534362835529,2021-08-30,2020-05-14,False,False,False,False,False,0.0,0,0,False,[],璟璜能源
2020-03-31,季报,2020-04-30,无保留意见,False,445495507.7937819,161649048.51158458,283846459.2821973,0.36285225256729475,34590450.92910934,3.836228811368386e-53,35105672.09740385,10934255.478022613,8.054741466292834,915880.4124548879,186120593.56297055,265021250.25664896,40000000,7.096161482054932,-38340506.77449962,-34542180.60229604,6949824.06262293,1524632.3065305091,0.03811580766326273,1440225.0311230703,25231489.5844178,-24019309.1887618,-69833988.63820054,-68621808.24254453,-0.06129472939978535,0.14661843875071204,-0.008219166063962903,0.033531655788292244,2021-08-30,2020-06-14,False,False,False,False,False,0.0,0,0,False,[],璟璜能源
2020-06-30,半年报,2020-08-27,无保留意见,False,461913765.9342856,141228605.16345048,320685160.7708351,0.30574669035419577,35935772.421236835,4.939147713596139e-53,41806270.64675501,12758723.66551923,9.13969037514936,1120707.4356663642,191354363.81388673,292242583.95955545,40000000,8.017129019270877,-26880775.684957653,-24213481.35941403,49958881.775215015,16371044.413631376,0.40927611034078437,14755284.632688593,74273200.4976738,-22721585.864240486,-74288959.45758192,-22737344.82414861,0.1297839035293837,0.8014416621844118,-0.057105562213098975,-0.07391418169821118,2021-08-30,2020-09-27,False,False,False,False,False,0.0,0,0,False,[],璟璜能源
2020-09-30,季报,2020-10-27,无保留意见,True,498919794.80249393,196140382.8483527,302779411.9541412,0.39313008802546767,38162131.68039782,4.615110300217116e-53,43785893.814018495,13480740.774283607,9.676027454277838,1109148.8299977642,221496181.57815868,310374087.15328765,40000000,7.56948529885353,-4954304.480520364,-3976255.241904259,56954063.89595236,31323530.292053275,0.7830882573013319,28910323.02501396,83977376.76097599,-27004721.722104087,-77704935.03077264,-20732279.991900742,-0.05583591324791473,0.4480676628842373,0.08738339767127191,0.12527085762125093,2021-08-30,2020-12-05,False,False,False,False,False,0.0,0,0,False,[],璟璜能源
2020-12-31,年报,2021-03-30,无保留意见,False,561203542.4984702,192567697.42911562,368635845.06935453,0.3431334317167832,50623011.9101263,5.4789600880893835e-53,51724612.6031589,14144379.230453368,12.041413972425309,1327960.4364243816,268612282.73977447,361502136.803335,40000000,9.215896126733863,-1602151.001573975,-991483.0875407262,4851281.48381153,4788790.684209127,0.11971976710522818,4263960.220519333,35078886.67452638,-30992318.826105773,-88767234.82917464,-84680666.98075403,0.21750631157572867,-0.5491059830992469,-0.04999665630868453,0.18287644790828034,2021-08-30,2021-04-16,False,False,False,False,False,0.0,0,0,False,[],璟璜能源
2021-03-31,季报,2021-04-30,保留意见,False,513684904.14575136,162751010.5340959,350933893.6116554,0.3168304328599025,42210088.87696985,5.336447455142683e-53,46202499.39729844,14358118.883515505,10.16314453566946,1315366.4938869374,227054708.65137708,345603312.90654254,40000000,8.773347340291386,5147287.275782585,5452520.739502689,26038705.588579874,9642054.681937944,0.2410513670484486,9205719.752919165,80202461.14093514,-26831223.192362923,-82006244.70398647,-28635006.755414248,-0.04802015781826311,0.22274131997817084,-0.026302998856880692,-0.09735104040492605,2021-08-30,2021-06-25,False,False,False,False,False,0.0,0,0,False,[],璟璜能源
2021-06-30,半年报,2021-08-27,非标准无保留意见,False,509022066.5026094,102773790.72460371,406248275.77800566,0.20190439175013028,36612122.06165953,4.802648361309349e-53,41011307.82325661,12060011.055265924,9.399211273844188,1110425.911285897,217875799.60927606,302870534.3612981,40000000,10.156206894450142,15970151.461006744,15828157.644495903,44286772.26032856,15461234.550320227,0.38653086375800566,14822338.43570459,98587861.07324715,-29270105.91532222,-81472910.87199984,-12155155.714074925,0.15762051820381137,0.21842083645025387,-0.1149260411097722,-0.14618009886036415,2021-08-30,2021-10-12,False,False,False,False,False,0.0,0,0,False,[],璟璜能源
2021-09-30,季报,2021-10-27,保留意见,False,583983260.4244508,126862518.75557724,457120741.66887355,0.21723656712928896,44743327.89635341,4.669079208587979e-53,50919356.56750081,15322984.39095567,10.494661123306447,1318007.1137224303,252464597.3539716,359999842.27487457,40000000,11.428018541721839,20535971.4217084,19821057.411070593,7790599.584925196,6522599.94385951,0.16306499859648776,5704142.523678127,110053651.09023246,-30463150.124318,-95197677.11815917,-15607176.152244717,0.12522506290873991,-0.27536335972078846,0.01533217537915868,-0.04155147507504642,2021-08-30,2021-11-09,False,False,False,False,False,0.0,0,0,False,[],璟璜能源
2021-12-31,年报,2022-03-30,无保留意见,False,655441907.3435106,131088381.46870212,524353525.8748085,0.2,49144954.543037154,6.441560603191854e-53,59715421.361713886,17006056.094420634,13.251642835762002,1538071.821315991,299333273.3399575,419905111.680215,40000000,13.108838146870212,29735473.182219293,27742962.04061635,63871670.10840626,13142145.37215842,0.3285536343039605,11317006.6136368,67980258.29059023,-33661783.0543794,-103447260.1606831,-69128784.92447227,0.14707883077122894,0.2814121501916254,-0.03655510332811606,-0.10182429593390978,2021-08-30,2022-05-03,False,True,False,True,False,0.0,1,0,True,"['结合所处行业特点、发展阶段和自身经营模式、盈利水平、偿债能力、资金需求等因素，未进行现金分红或现金分红水平较低原因的说明', '根据公司盈利能力、融资能力及其成本、偿债能力及现金流等情况披露现金分红方案的合理性，是否导致公司营运资金不足或者影响公司正常生产经营']",璟璜能源
2022-03-31,季报,2022-04-30,保留意见,False,652173763.3522128,130434752.67044255,521739010.6817702,0.2,52141360.66715327,5.86394477073664e-53,61713484.25878198,17606840.66969188,12.611844186825587,1617119.1580811252,282596776.4540757,422654108.4671308,40000000,13.043475267044256,42450999.905052215,38899977.404198125,19059473.035487585,18165038.175475605,0.45412595438689013,15938593.376545396,13140245.168105591,-34003896.531158105,-95612628.77150878,-116476280.1345613,-0.004986168804102764,0.16664018905425068,-0.04991418471090971,0.05681343462347682,2021-08-30,2022-06-15,False,True,False,False,False,0.0,2,0,True,"['留存未分配利润的预计用途以及收益情况', '结合所处行业特点、发展阶段和自身经营模式、盈利水平、偿债能力、资金需求等因素，未进行现金分红或现金分红水平较低原因的说明', '结合前述财务报表列报项目的具体情况说明现金分红方案确定的依据及未来增强投资者回报的规划', '充分披露高送转的主要考虑及其合理性且送转股后每股收益不低于0.5元']",璟璜能源
2022-06-30,半年报,2022-08-27,非标准无保留意见,False,728907985.1951582,145781597.03903165,583126388.1561266,0.2,55360780.88922799,7.14911861654846e-53,65403746.59503047,20358874.1196592,13.848453394510736,1639665.6794207895,325393322.0728122,470770881.00008684,40000000,14.578159703903166,60414779.693159774,54240243.0615409,29029512.08484082,25662542.554439366,0.6415635638609841,21914665.224775396,62337087.74719914,-36287570.542552985,-126481412.53279912,-100431895.32815297,0.1176591671650927,0.21320904989639913,0.03465948561835311,-0.034747137148917175,2021-08-30,2022-09-18,True,False,False,False,False,31345153.080574006,0,0,True,"['公司为增强投资者回报水平拟采取的措施', '留存未分配利润的预计用途以及收益情况']",璟璜能源
2022-09-30,季报,2022-10-27,无保留意见,False,768383888.009885,153676777.601977,614707110.407908,0.2,57774689.95375573,7.446556156930819e-53,60626320.37322759,19687413.843188904,15.149293709563691,1727033.7238626955,328177568.3136938,470880795.18739015,40000000,15.367677760197699,68704223.37393469,62092881.65561836,26510821.7280045,11842062.401107006,0.29605156002767513,11218055.134396367,29180170.631943207,-41403435.6213171,-119609685.54078208,-131832950.53015597,0.05415759412233272,-0.32394881612357707,0.01751902296380874,0.02468034500720842,2021-08-30,2022-11-30,False,False,False,False,True,0.0,0,0,False,[],璟璜能源
2022-12-31,年报,2023-03-30,无保留意见,False,752968851.0332408,150593770.20664817,602375080.8265927,0.2,60882889.810169056,7.786213576611236e-53,66626812.122187264,18931202.730099566,14.550624265364302,1853416.4918530628,349981707.56310165,471229329.0599082,40000000,15.059377020664817,77035926.59862232,68958220.36565849,10210329.385917997,11902433.178125203,0.29756082945313006,9807626.72862875,65463517.74001274,-37777156.934777245,-116123977.69545482,-88437616.89021933,-0.020061634837983195,0.002093150488984591,-0.025564993562379106,-0.023270388996898154,2021-08-30,2023-05-15,True,False,False,False,False,6870644.002704334,0,0,True,['结合前述财务报表列报项目的具体情况说明现金分红方案确定的依据及未来增强投资者回报的规划'],璟璜能源
2023-03-31,季报,2023-04-30,保留意见,False,798773581.286614,198046989.79508278,600726591.4915311,0.2479388332749829,59389994.16956694,7.805894864852745e-53,65733374.39331511,22090081.334002465,13.814384150793154,1721014.2874260321,331495636.21910757,486905237.7732192,40000000,15.018164787288278,88801906.62453754,79689910.3981379,25543441.002706,16808542.894164585,0.4202135723541146,15330985.760684866,21900896.177530326,-41994651.516856246,-132045183.23691227,-152138938.5762382,-0.0027366492863540137,0.1697472903337622,0.09055803916493699,-0.036266610548542313,2021-08-30,2023-06-01,True,False,False,False,False,19706875.738651905,0,0,True,['上市公司控股子公司向母公司实施利润分配的情况'],璟璜能源
2023-06-30,半年报,2023-08-27,无保留意见,False,749540806.1618831,154854955.1455136,594685851.0163695,0.20659976598001067,56020876.74784469,7.476014920191272e-53,68555691.73731573,19964895.278442584,13.969396916792052,1880742.5364595437,353619678.61845773,494492325.3897515,40000000,14.867146275409237,100488315.80129786,90461539.15874226,74399235.0195764,16694870.252514742,0.41737175631286855,15388041.086577661,146558517.89539543,-40843654.0147675,-122260493.69201298,-16545629.81138505,-0.010055723453432079,-0.003362246104651401,-0.041339067294972234,0.0030971458348516097,2021-08-30,2023-10-14,True,False,False,False,False,5897244.357811905,0,0,True,"['结合前述财务报表列报项目的具体情况说明现金分红方案确定的依据及未来增强投资者回报的规划', '公司为增强投资者回报水平拟采取的措施']",璟璜能源
2023-09-30,季报,2023-10-27,无保留意见,False,793213524.0446572,161623115.72690913,631590408.3177481,0.20375738792599038,53181704.775801644,7.073862068574695e-53,68636000.94869791,22119589.089493807,15.01909117492728,1985525.7612277707,346608563.71093225,494860432.77227664,40000000,15.789760207943702,123982190.15608346,112085326.48567432,34695491.05630842,33562677.649693735,0.8390669412423434,30891124.75276008,102314620.15114397,-41500896.2546729,-118101155.01342231,-57287431.11695124,0.062057231121785406,0.5006046104575846,-0.0028423780540202848,0.06530258804159524,2021-08-30,2023-11-18,False,False,False,False,False,0.0,0,0,False,[],璟璜能源
2023-12-31,年报,2024-03-30,无保留意见,False,855702760.6764917,221145527.8341313,634557232.8423605,0.2584373195889897,64680897.59554837,8.239818602078292e-53,77816568.81270209,23066440.20650713,17.514633390756178,1932757.901351158,390778135.0506261,551197110.6177093,40000000,15.863930821059013,159153328.61105952,144218091.54976353,187771125.89141986,50244483.50710866,1.2561120876777165,45903950.09155603,49797939.41107794,-44080956.358673945,-134185826.66693941,-128468843.61453542,0.004697386922823588,0.32992330772094647,0.05467993166299932,-0.07027669867031403,2021-08-30,2024-05-11,False,True,False,False,False,0.0,3,0,True,"['结合前述财务报表列报项目的具体情况说明现金分红方案确定的依据及未来增强投资者回报的规划', '是否影响偿债能力、过去十二个月内是否使用过募集资金补充流动资金以及未来十二个月内是否计划使用募集资金补充流动资金等内容', '公司为增强投资者回报水平拟采取的措施']",璟璜能源
2024-03-31,季报,2024-04-30,无保留意见,False,864898222.4583519,248972949.45502847,615925273.0033234,0.2878638699792419,65728501.82568173,8.566602323213974e-53,84583620.73504768,24022540.77618192,16.58976346743245,2146021.1804558,386791431.2197677,572602524.3837496,40000000,15.398131825083086,197788625.74119738,182058522.12503153,113677730.7005031,55193281.61448263,1.3798320403620656,54057757.96466857,65886343.996611886,-48991149.37051491,-139115142.06193087,-122219947.43583389,-0.029362142411614105,0.07359411284422757,0.02942655039025221,-0.019195257211480955,2021-08-30,2024-06-15,True,False,False,False,False,76353646.52279232,0,0,True,"['上市公司控股子公司向母公司实施利润分配的情况', '是否影响偿债能力、过去十二个月内是否使用过募集资金补充流动资金以及未来十二个月内是否计划使用募集资金补充流动资金等内容', '结合所处行业特点、发展阶段和自身经营模式、盈利水平、偿债能力、资金需求等因素，未进行现金分红或现金分红水平较低原因的说明']",璟璜能源
2024-06-30,半年报,2024-08-27,无保留意见,False,814512373.4811094,215287090.99673548,599225282.4843739,0.26431408288695385,58199622.188618265,7.465682444485433e-53,72279183.84130253,21061145.78415451,16.015641691994215,1977954.4037070165,352538917.5379969,509191894.7325995,40000000,14.980632062109349,214693423.9162912,197494391.53615144,17190039.826545365,24149711.678705476,0.6037427919676369,22051242.015885588,99265804.15352324,-42504487.53851561,-127389881.84398061,-70628565.22897299,-0.027113663379192875,-0.43000635573753343,-0.023549787092288058,0.005096562341137661,2021-08-30,2024-09-28,False,False,False,False,True,0.0,0,0,False,[],璟璜能源
2024-09-30,季报,2024-10-27,无保留意见,False,784914772.9895388,183210430.75285327,601704342.2366855,0.23341442543507215,60564791.38662826,6.923064822447056e-53,60349978.239260525,21587715.538194273,15.049305491051863,1757165.9987904746,313045541.4312183,477095498.087248,40000000,15.042608555917138,245304996.73156497,225444576.88124496,34221913.49027054,43730818.30753399,1.0932704576883496,39928836.20727649,156533329.30422422,-41122418.18519451,-134829811.6402809,-19418900.521251187,0.004137108070663409,0.4758503967589528,-0.030899657451881706,0.1391094878435782,2021-08-30,2024-11-20,False,False,False,True,False,0.0,0,0,False,[],璟璜能源
2024-12-31,年报,2025-03-30,无保留意见,False,741620209.1773547,162450243.61841658,579169965.5589381,0.21904775734012855,52352039.11727819,6.702520037196048e-53,63956663.23231591,18996977.47510472,13.422624079055971,1604888.7480584248,308608330.57715964,443108803.3590723,40000000,14.479249138973454,267800739.94249922,245154188.74021128,60698198.68059928,32136776.01562033,0.8034194003905082,28156588.369951915,34517166.94796572,-43174435.37109557,-116815958.52034642,-125473226.94347626,-0.03745091250959139,-0.1909087118372543,-0.01436666809494362,-0.12400987927073889,2021-08-30,2025-05-13,False,False,False,False,False,0.0,0,0,False,[],璟璜能源
2017-03-31,季报,2017-04-30,无保留意见,False,212523836.42786855,57479199.45514631,155044636.97272223,0.270460012492081,50631.45221865452,83.3543446285665,17394631.379830822,7350.6311096523095,40020712.111952625,23.999752436296824,11889448.402283058,72711613.63263883,40000000,3.876115924318056,-3962046.220086435,-3241927.9793999307,11962493.758019762,-5660066.028694907,-0.14150165071737267,-4631325.684857044,39203320.11537691,-30186832.571716554,94213328.32091208,103229815.86457244,-0.13864090570709864,-0.3700036682608282,-0.02953998750791898,0.0030617807845957474,2021-01-07,2017-05-29,False,False,False,False,False,0.0,0,0,False,[],铄琛食品
2017-06-30,半年报,2017-08-27,无保留意见,False,220257621.33005983,59278088.2909982,160979533.03906164,0.2691307021888199,58334.16825959709,98.64144203622705,18878511.901838653,8832.76605908103,45260322.649825305,30.950022612687185,14079930.354288213,81633242.29600812,40000000,4.024488325976541,-3903303.617558465,-3186785.4778470383,314341.4543478671,83918.00361138582,0.0020979500902846455,78775.00221841803,32532364.30011293,-33991237.998861186,111612324.46941502,110153450.77066676,0.038278628543492024,0.5065271144295058,-0.0013293103032611063,0.270766863651659,2021-01-07,2017-09-13,False,False,False,False,False,0.0,0,0,False,[],铄琛食品
2017-09-30,季报,2017-10-27,无保留意见,False,290054132.2816694,101652356.82067312,188401775.46099627,0.35045995042731987,83729.37208428043,131.29970926902635,29756308.561455045,12582.517182511361,67160443.65400283,41.96688305277716,19527911.24664976,114321681.19721867,40000000,4.710044386524907,2574562.9490408953,2550404.020139565,16429263.724180868,9254095.095141944,0.23135237737854858,8195984.99712372,50771236.256709784,-40871565.28657714,136557392.62218273,146457063.59231538,0.17034614217249977,0.5367724833139599,0.08132924823849995,0.08504087866630257,2021-01-07,2017-12-13,False,False,False,False,False,0.0,0,0,False,[],铄琛食品
2017-12-31,年报,2018-03-30,无保留意见,False,285695081.36474484,107859310.41627306,177835770.94847178,0.37753296241936296,78698.10799025792,122.1409870276656,23258347.56897089,10803.773943250215,52248221.74778406,36.918301039120685,17058456.621394277,101744521.57603407,40000000,4.445894273711795,1088261.5482837043,1282394.3637929596,7238915.485998321,-2123287.715367416,-0.0530821928841854,-1811442.366209437,29186839.28276042,-40302035.373921104,133227952.09763943,122112756.00647874,-0.05608229798615618,-0.43335650188204844,0.027073011992043088,0.15465659146280328,2021-01-07,2018-04-23,False,False,False,False,False,0.0,0,0,False,[],铄琛食品
2018-03-31,季报,2018-04-30,非标准无保留意见,False,251881683.33339864,102487827.58905019,149393855.74434844,0.40688876710973076,71149.61341416802,114.14037891891886,24327410.21321263,10586.044819345192,54594771.250431165,36.61455462747822,14488942.829833653,97756764.94918837,40000000,3.734846393608711,-280801.6814889708,7604.416561160329,9114712.619857123,-1955804.6139609646,-0.04889511534902412,-1821128.4960454276,46613141.10941225,-40019668.873944804,106360907.3654697,112954379.60093714,-0.15993360082974772,0.011258072227387107,0.029355804690367852,0.06363196751968234,2021-01-07,2018-06-22,False,False,False,False,False,0.0,0,0,False,[],铄琛食品
2018-06-30,半年报,2018-08-27,无保留意见,False,247103625.0215375,104905318.50684193,142198306.51469558,0.42453977960743555,68333.95080254089,102.9407206515787,21980408.674445216,9954.86048305361,49871634.40922523,33.56372301647374,13815116.847171368,92451177.59262012,40000000,3.55495766286739,2100092.290672991,2345856.2623153115,11308471.683731586,3401277.1030885167,0.08503192757721292,3340359.779648788,19559330.455557644,-36190651.62403559,125998028.72912388,109366707.56064594,-0.04816496096041806,0.3560896132750866,0.017651012497704763,-0.1562986356113355,2021-01-07,2018-09-14,False,False,False,False,False,0.0,0,0,False,[],铄琛食品
2018-09-30,季报,2018-10-27,无保留意见,False,180574486.26444405,69402406.66381301,111172079.60063106,0.3843422628497803,47591.47800326248,81.89608038599195,17870428.81393107,7585.791285655727,37375763.23045454,24.092490037790363,11844299.270541752,67937386.6544084,40000000,2.7793019900157763,3256850.157031521,3370544.081000732,5710497.310905721,1652511.2376550436,0.04131278094137609,1463839.7409791716,22052031.038835727,-26595145.041707646,89097893.81411852,84554779.8112466,-0.21818984820932508,-0.08571845069290927,-0.040197516757655274,0.0674858197017295,2021-01-07,2018-12-03,False,False,False,False,False,0.0,0,0,False,[],铄琛食品
2018-12-31,年报,2019-03-30,无保留意见,False,172417062.3501638,58269506.06344652,114147556.28671727,0.3379567269572562,43933.647799923965,65.32946005311403,15311387.591453906,7085.196435129402,34958588.65276103,23.630299168506102,10339640.981661152,60198705.5467054,40000000,2.8536889071679314,2539712.343078777,2736099.738824841,590363.2512424167,-1024482.5913610626,-0.025612064784026566,-906349.0602512722,28418396.41345179,-25146628.040342636,86755804.82686095,90027573.1999701,0.026764603997470993,-0.1435192181314377,-0.04638553589252407,0.10469538732111187,2021-01-07,2019-05-24,False,False,False,False,False,0.0,0,0,False,[],铄琛食品
2019-03-31,季报,2019-04-30,无保留意见,False,166407247.8399036,58007941.22418086,108399306.61572273,0.3485902325599958,43891.6974385281,71.65445618770042,15905307.827412484,6684.754812245116,35918265.67274639,25.869903680107516,10616796.052850548,64084264.87300619,40000000,2.7099826653930683,980053.5045871888,1314822.2016743186,1642240.0280861673,-2228084.054987984,-0.055702101374699595,-2030396.4816436039,32749622.212839533,-26689849.261016887,76312371.61951433,82372144.57133698,-0.05035806160016272,-0.07534037445172587,0.01063350560273964,0.15027908851576272,2021-01-07,2019-06-06,False,False,False,False,False,0.0,0,0,False,[],铄琛食品
2019-06-30,半年报,2019-08-27,无保留意见,False,139648007.72431514,34604825.33349735,105043182.39081778,0.24780035102120584,39562.503587016035,60.75977046079712,14527013.195458619,5951.326813667233,32184438.87965079,20.485312489494863,9716463.773786101,55946516.052748285,40000000,2.6260795597704445,-1249244.316521195,-618818.010173471,2680661.8983349856,-3184711.173011977,-0.07961777932529943,-2762343.159782557,27008921.585951436,-20228468.80274653,63487395.52561588,70267848.30882078,-0.030960753621814743,-0.06475985387305248,-0.10078988153879,0.11884264672827786,2021-01-07,2019-09-28,False,False,False,False,False,0.0,0,0,False,[],铄琛食品
2019-09-30,季报,2019-10-27,无保留意见,False,155700128.7775752,59953312.44824426,95746816.32933092,0.38505628042151674,46686.47327697052,71.99749599385618,15455651.667127997,6849.649869583708,34309712.195007615,22.38380056911343,10822774.087569855,60579835.3183091,40000000,2.393670408233273,-74413.12507491167,533517.7456007341,2667002.9573445898,1678330.2734946907,0.041958256837367265,1646193.936820293,7985653.407529388,-22439826.057349104,69146431.45442645,54692258.804606736,-0.08850042287275064,0.35200432704720336,0.1372559294003109,-0.07533359540704236,2021-01-07,2019-11-21,False,False,False,False,False,0.0,0,0,False,[],铄琛食品
2019-12-31,年报,2020-03-30,非标准无保留意见,False,137459281.61300215,46212433.2462249,91246848.36677726,0.33618998079976653,36668.42652034923,56.01650084412407,12677730.18519137,5554.878455285709,26641717.227847118,15.848522299915384,6908116.195848368,47025847.48402382,40000000,2.2811712091694316,-3538848.528198776,-2653307.1004628297,17862718.99698148,-4949193.433034092,-0.1237298358258523,-4552606.922947949,7378117.410483763,-21106893.28619826,68470995.10357274,54742219.227858245,-0.04699861713496113,-0.35482420588383684,-0.04886629962175022,0.16159151365001137,2021-01-07,2020-05-14,False,False,False,False,False,0.0,0,0,False,[],铄琛食品
2020-03-31,季报,2020-04-30,保留意见,True,176711808.69433722,66491477.18701222,110220331.50732501,0.3762707069679999,51043.953815264955,89.54631390215553,18127445.79474873,7513.103053290649,38583487.8784049,28.208941730261827,10734750.655436426,69382219.30591708,40000000,2.755508287683125,-11397373.666429093,-9240072.556854444,26940653.67829749,-11226464.483186167,-0.2806616120796542,-9409664.937702307,29073279.19816356,-24991860.73804039,89563284.50740208,93644702.96752524,0.2079357641403859,-0.5209004903754366,0.04008072616823342,-0.04135046905684253,2021-01-07,2020-06-23,False,False,False,False,False,0.0,0,0,False,[],铄琛食品
2020-06-30,半年报,2020-08-27,无保留意见,False,163917476.47689277,53406367.23927363,110511109.23761915,0.3258125270541378,39800.12486018552,67.56911143214649,14521751.02378491,5689.719801467178,31953098.97221983,22.289711658257485,10550590.714867136,57015003.851711765,40000000,2.7627777309404786,-16392190.518526567,-13935018.097741725,33667415.861400545,-7135452.645853536,-0.1783863161463384,-6707065.0584104,32541768.262438487,-24566882.607344825,81444604.58868815,89419490.2437818,0.002638149661841997,0.7085800070716951,-0.0504581799138621,0.09655196119097796,2021-01-07,2020-09-27,False,False,False,False,False,0.0,0,0,False,[],铄琛食品
2020-09-30,季报,2020-10-27,无保留意见,False,197190966.50445676,82434777.32945003,114756189.17500673,0.41804540436484394,52542.370072973885,84.6440067110271,19392723.07548044,9047.654043760018,44768993.92518208,30.23829680792462,12862232.173648512,76418768.02344827,40000000,2.8689047293751684,-20180288.437694866,-17382872.37230259,26635405.665485114,-5411568.455954712,-0.1352892113988678,-4925506.106515528,34616964.11279807,-30027225.2244901,95688418.77519695,100278157.66350493,0.03841315110012957,0.17475552886612755,0.09223287731070608,0.16867330544704345,2021-01-07,2020-12-18,False,False,False,False,False,0.0,0,0,False,[],铄琛食品
2020-12-31,年报,2021-03-30,无保留意见,False,217458618.4780248,80290715.3917625,137167903.08626232,0.36922296275820515,56120.85157831537,89.59958879544715,20950464.197539877,8701.174929524777,49423372.816563584,30.01242979117186,12461049.426813591,79301681.4864623,40000000,3.429197577156558,-18798675.92321036,-16120148.917538285,6997142.930337417,1973732.1635492928,0.04934330408873232,1803890.6496632942,4472131.506997311,-33404042.59317672,98226865.55608429,69294954.46990488,0.1952985200395338,0.6372994129044958,-0.04882244160663877,0.11235181483368187,2021-01-07,2021-05-22,True,True,False,True,False,379513.3973525187,2,0,True,['公司为增强投资者回报水平拟采取的措施'],铄琛食品
2021-03-31,季报,2021-04-30,无保留意见,False,202712515.7297567,69145241.48026367,133567274.24949306,0.34110001166599724,51454.97592981279,83.86173546917357,18306748.910460785,7983.1169431463795,42058786.39646788,28.73212731013829,12020615.11925171,73134810.31145123,40000000,3.3391818562373268,-18351188.72492358,-15728210.110811418,1140900.056560978,639267.4261239693,0.01598168565309923,559912.581038381,29562164.49233116,-30629246.380722456,95347761.77423981,94280679.8858485,-0.026249791356108266,-0.07033222172224925,-0.028122951092207894,0.04432567018216353,2021-01-07,2021-05-27,False,False,False,False,False,0.0,0,0,False,[],铄琛食品
2021-06-30,半年报,2021-08-27,无保留意见,False,207424701.4628675,77510611.14445387,129914090.31841362,0.37368071689537696,53561.97781880975,87.10088171804539,20186008.195251744,8530.7315177911,44947869.85395191,28.491836093203233,13599830.122955054,79996119.80603223,40000000,3.24785225796034,-19001162.21431398,-16295986.624376679,3322063.3197175004,-928533.5562720019,-0.02321333890680005,-811109.3050932294,10457766.723536309,-30611518.82664772,93347966.43754978,73194214.33443837,-0.027350890789727283,-0.08888129787487882,0.03258070522937973,0.10295922251482476,2021-01-07,2021-10-23,False,False,False,False,False,0.0,0,0,False,[],铄琛食品
2021-09-30,季报,2021-10-27,无保留意见,False,170581134.0407896,59999729.28919865,110581404.75159094,0.3517371931344496,46734.57381025082,72.44910080566342,16397641.748131556,6802.052380295728,37568095.50915476,23.633213434782448,10531461.451014118,62700090.359465435,40000000,2.7645351187897735,-19065564.473448027,-16357245.3609326,289324.7619960459,-92003.22733435035,-0.002300080683358759,-87512.4807941718,27867001.156681575,-24250634.3404517,78912390.04910898,82528756.86533886,-0.14881130691397015,0.05205065336549369,-0.021943523760927397,0.03171253018240479,2021-01-07,2021-12-05,False,False,False,False,False,0.0,0,0,False,[],铄琛食品
2021-12-31,年报,2022-03-30,无保留意见,False,160703859.99723583,47138576.57548079,113565283.42175503,0.2933257270627575,43650.097788014886,75.36054621310778,15393099.784370443,6921.9076325386495,34618891.11339454,21.945325931967442,10161571.495057518,61958170.906057425,40000000,2.8391320855438757,-21066646.918943346,-18186019.856202636,14097807.542605693,-2858689.2078504525,-0.07146723019626132,-2612534.9932429087,13784545.445108773,-22063374.857346557,77879735.58429275,69600906.17205498,0.02698354824544909,-0.16363180202334032,-0.0584114660716921,0.04230061508372774,2021-01-07,2022-05-03,False,False,True,True,False,0.0,0,0,True,"['上市公司控股子公司向母公司实施利润分配的情况', '留存未分配利润的预计用途以及收益情况', '充分披露高送转的主要考虑及其合理性且送转股后每股收益不低于0.5元']",铄琛食品
2022-03-31,季报,2022-04-30,无保留意见,False,160172728.5347599,46770965.07209849,113401763.46266142,0.2920032985637033,41880.521239580856,62.86748463728858,13186794.687798023,5757.431173211645,32225223.226964027,19.81910403344247,10481317.380827386,56994558.41703654,40000000,2.835044086566535,-19479255.009702854,-16813775.932793725,0.0,2267702.7274864167,0.05669256818716042,1960348.4620127305,2524095.163986106,-23552972.047191784,78052494.65767229,57023617.774466604,-0.0014398762911225975,0.3625117933326769,-0.0013224284990542008,0.0007826356172292775,2021-01-07,2022-06-07,False,False,False,True,True,0.0,0,0,False,[],铄琛食品
2022-06-30,半年报,2022-08-27,无保留意见,False,141456770.43878043,34838612.80006377,106618157.63871665,0.24628451994202147,40536.73603604419,62.13046312433961,14526902.534775076,6325.581861706019,30654041.65888061,21.76331385326574,9598754.18924777,55453723.75120137,40000000,2.6654539409679163,-16295462.889804596,-13608940.810065567,3764922.960534773,4548274.45699751,0.11370686142493776,4578335.889611652,16076996.5117118,-21763257.0483433,69447458.54545854,63761198.00882704,-0.059819226939784906,0.11836240997520374,-0.04571877862168183,-0.0017745648935994414,2021-01-07,2022-09-21,True,False,True,False,True,5354909.349262327,0,9,True,['公司为增强投资者回报水平拟采取的措施'],铄琛食品
2022-09-30,季报,2022-10-27,无保留意见,False,182791958.88079077,54336489.92668794,128455468.95410284,0.2972586445234383,53394.36109339839,71.85450308863875,18929578.661379177,8201.924541882407,45345379.255514994,27.760977563862127,12097657.463112291,71658508.04095028,40000000,3.2113867238525713,-15968275.197636774,-13303944.516276658,901924.9803907062,467410.98881117254,0.011685274720279314,435708.9911270123,2444215.456411585,-26924561.158944447,90962703.88154784,66482358.17901498,0.20481793907360024,-0.18938237845124228,0.050974124581416834,-0.017050734290252535,2021-01-07,2022-12-07,True,True,False,True,False,639017.960242362,2,0,True,['根据公司盈利能力、融资能力及其成本、偿债能力及现金流等情况披露现金分红方案的合理性，是否导致公司营运资金不足或者影响公司正常生产经营'],铄琛食品
2022-12-31,年报,2023-03-30,无保留意见,False,212332499.1169312,74436826.87764473,137895672.23928645,0.35056728097309536,53251.57599059929,81.54872101846603,18007227.076609865,7925.484638514382,44252768.59852411,24.960088366101935,12300486.95752938,72620439.66779336,40000000,3.447391805982161,-16839225.286936272,-14173615.716966167,1212343.9003326423,-1244214.4132849984,-0.031105360332124958,-1242387.4295564424,13456274.051883752,-29476107.096863333,95989906.21477818,79970073.1697986,0.07349008463436162,-0.09798964501336559,0.05330863644965709,0.08128852409722094,2021-01-07,2023-05-05,False,False,False,False,False,0.0,0,0,False,[],铄琛食品
2023-03-31,季报,2023-04-30,无保留意见,False,167804607.13942793,50875984.3202675,116928622.81916043,0.30318586114858526,47777.97670930179,76.62178833447935,18198979.831352293,6569.491009801402,33036559.711636256,23.87437394366488,10983198.250606505,64184567.94710973,40000000,2.9232155704790106,-13893703.183354916,-11507279.345309237,16806415.522609774,4207888.719401941,0.10519721798504852,3809051.959509901,5351374.012384664,-24069337.237557646,82178198.79830323,63460235.57313025,-0.15205009033019173,0.3460381650080371,-0.04738141982451014,-0.007545170156792966,2021-01-07,2023-06-22,False,True,False,False,False,0.0,0,0,True,"['结合所处行业特点、发展阶段和自身经营模式、盈利水平、偿债能力、资金需求等因素，未进行现金分红或现金分红水平较低原因的说明', '结合前述财务报表列报项目的具体情况说明现金分红方案确定的依据及未来增强投资者回报的规划']",铄琛食品
2023-06-30,半年报,2023-08-27,无保留意见,False,186671452.78326482,50595851.4687352,136075601.31452963,0.2710422547976824,53703.66682722052,84.09078070196921,17482948.364170957,7766.229744522732,39120337.12652059,26.15897675500375,11920025.443919456,71360029.13341193,40000000,3.401890032863241,-19540917.972671345,-16616246.762277056,9362138.667836128,-8067449.699023476,-0.2016862424755869,-7298524.881382598,16443727.439896317,-26830924.443934288,89688443.97150442,79301246.96746644,0.16374928596381005,-0.5788100164442762,-0.03214360635090282,0.2513012308262355,2021-01-07,2023-09-19,False,False,False,False,False,0.0,0,0,False,[],铄琛食品
2023-09-30,季报,2023-10-27,无保留意见,False,209023852.37721285,66111263.82041281,142912588.55680004,0.3162857399695503,62368.85390252037,101.32135264858304,21951237.33642151,8520.982899747836,48961038.64796647,28.791780961598782,12910430.671305584,83324803.64105576,40000000,3.572814713920001,-20638289.642653205,-17614648.349928927,7158968.564031771,-1567673.8142597973,-0.039191845356494934,-1426287.982359817,9981296.272560684,-31328475.514934573,102576953.8977269,81229774.65535301,0.05024403475878966,0.727650633442625,0.04524348517186788,-0.015282938934458505,2021-01-07,2023-12-16,False,False,False,False,False,0.0,0,0,False,[],铄琛食品
2023-12-31,年报,2024-03-30,无保留意见,False,246339356.31681278,91252458.32757244,155086897.98924035,0.3704339399596962,71291.20012832437,117.03373442544097,25920162.475131556,11580.356376465477,59637606.995669186,38.727010564509335,16387535.22154673,99401956.66603649,40000000,3.8771724497310087,-17129065.34592601,-14285328.32758914,9521129.04185213,5013177.566753138,0.12532943916882844,4756171.460485408,24315017.38038488,-38841835.880598634,115676086.27411968,101149267.77390592,0.08518710321730429,0.4264328852181585,0.05414819999014589,0.1423749836679182,2021-01-07,2024-05-25,False,False,False,False,False,0.0,0,0,False,[],铄琛食品
2024-03-31,季报,2024-04-30,无保留意见,False,272739133.25958633,108144142.99120583,164594990.2683805,0.3965112805732829,67602.28246812367,118.29617625885525,24377993.079767972,10747.78294341647,52207908.77966981,35.69031577263139,17354497.898403037,98949508.54911953,40000000,4.114874756709512,-13463034.636970473,-10779145.151576899,7919818.367404019,5237186.727079336,0.1309296681769834,5008833.108588917,36987748.97288433,-41285185.47817459,130408927.44238465,126111490.93709439,0.0613081595055167,0.010176139253268225,0.02607734061358671,0.11297097796391128,2021-01-07,2024-06-07,False,False,False,False,False,0.0,0,0,False,[],铄琛食品
2024-06-30,半年报,2024-08-27,无保留意见,False,263217591.0065142,92801288.78273639,170416302.2237778,0.3525649194944563,79714.31932204339,110.71330591029343,23121619.50325708,10844.113090798533,61060976.019462295,37.31834372708698,16516921.661862249,98305709.74016903,40000000,4.260407555594445,-17177966.736514464,-14413748.499298586,3844389.395264808,-5307045.856491413,-0.1326761464122853,-5192290.496745267,26891162.48735687,-38732525.8294927,121146546.15302859,109305182.81089276,0.03536749171955575,-0.47417115811374233,-0.04394636107882662,0.06108006060958369,2021-01-07,2024-09-12,False,True,False,False,True,0.0,2,0,True,['上市公司控股子公司向母公司实施利润分配的情况'],铄琛食品
2024-09-30,季报,2024-10-27,非标准无保留意见,False,245774608.358155,101395998.46455598,144378609.89359903,0.4125568509371671,58522.31113952607,92.76686218957899,20036956.784886185,9521.720068249111,52247456.34760483,29.48331075311962,13624844.117906153,83047336.6801729,40000000,3.6094652473399758,-13607420.087552855,-11113887.77776345,15139968.956580935,5100780.927088011,0.12751952317720028,4714086.745050193,41381062.65230935,-36897518.59214087,121245386.96207337,125728931.02224186,-0.15278874139627804,0.8900938681400196,0.059991931442710825,0.21706704180799413,2021-01-07,2024-12-10,False,False,False,True,False,0.0,0,0,False,[],铄琛食品
2024-12-31,年报,2025-03-30,无保留意见,False,270541408.94773054,126262260.20844519,144279148.73928532,0.46670216104640555,71207.23116872708,127.90333208712872,24878751.77011072,10374.738561989569,55172262.14476206,38.11886675701964,17198524.726768218,96594892.78980002,40000000,3.606978718482133,-18077913.033624176,-15116254.232730655,15543247.398651903,-6386418.494387602,-0.15966046235969006,-5717666.364238861,48978395.01172687,-42346358.61553029,132255867.08215432,138887903.4783509,-0.0006888912033922328,-0.5197644128220026,0.05414531010923844,-0.14426543290818195,2021-01-07,2025-05-15,False,True,False,True,False,0.0,1,0,True,"['根据公司盈利能力、融资能力及其成本、偿债能力及现金流等情况披露现金分红方案的合理性，是否导致公司营运资金不足或者影响公司正常生产经营', '结合前述财务报表列报项目的具体情况说明现金分红方案确定的依据及未来增强投资者回报的规划', '公司在相应期间是否按照中国证券监督管理委员会相关规定为中小股东参与现金分红决策提供了便利', '是否影响偿债能力、过去十二个月内是否使用过募集资金补充流动资金以及未来十二个月内是否计划使用募集资金补充流动资金等内容']",铄琛食品
2017-03-31,季报,2017-04-30,无保留意见,False,271210169.4992719,81861381.63051711,189348787.86875483,0.30183743397843665,15120000.358583296,40773.96872990036,432301.9725123406,104.95694434418189,80131910.24506192,75373169.42687231,21314843.062842116,187608715.78902662,40000000,4.733719696718871,916544.3525713149,827983.9605717887,1663818.706391073,1309349.0751018785,0.03273372687754696,1182834.2293882696,-48249606.58373955,-21063417.146424342,120352334.4224594,51039310.69229551,0.05193771038197136,0.017186059727882157,0.0018374339784366818,-0.05876201395898804,2021-06-24,2017-05-18,False,False,False,False,False,0.0,0,0,False,[],蔚颉股份
2017-06-30,半年报,2017-08-27,无保留意见,False,244428863.65637183,65827639.39326069,178601224.26311114,0.26931205426624205,16673773.955080926,36399.89972773895,408601.2839666396,94.5965549602497,62595114.8285412,72002334.5135858,18059168.186666273,171043236.11225316,40000000,4.465030606577779,-4638034.980751129,-4268458.585477165,26860860.915260907,-7935113.333317777,-0.19837783333294443,-7280632.208641362,-32255129.71238146,-22089367.76114782,110383110.42056844,56038612.94703916,-0.05676066758395761,-0.5049039357161427,-0.032525379712194595,0.10600573653603396,2021-06-24,2017-10-13,False,False,False,False,False,0.0,0,0,False,[],蔚颉股份
2017-09-30,季报,2017-10-27,无保留意见,False,286925743.0626159,91472907.80832389,195452835.254292,0.31880341872413215,21539210.23438267,45866.9843241751,473654.02338948916,117.81163286993895,83524825.46958841,89856624.25701249,23834556.896766283,207786233.95640078,40000000,4.8863208813573005,-7065212.140138933,-6634019.506089741,6633523.200893631,-3467395.9419825785,-0.08668489854956446,-3379372.743732253,-28408700.810072444,-24024859.737706527,117962422.73729461,65528862.18951564,0.0943532781519765,0.49285970753017666,0.0494913644578901,0.02875145064914741,2021-06-24,2017-12-25,False,False,False,False,False,0.0,0,0,False,[],蔚颉股份
2017-12-31,年报,2018-03-30,无保留意见,False,331336107.2746049,119077260.82614864,212258846.44845626,0.35938510235306087,20051776.71353735,50340.637202857,536121.2151784364,126.86396422088204,82257843.440085,100983711.54232182,23807401.010242146,233552435.61094472,40000000,5.306471161211406,-7964856.7439904,-7404914.420628133,6393732.516296741,-1285206.5769306663,-0.03213016442326666,-1101278.4493405595,-36396031.898204856,-26310414.793850433,146835713.16010275,84129266.46804747,0.08598499567580567,0.1612542091452878,0.0405816836289287,0.035432672264423384,2021-06-24,2018-04-27,False,False,False,False,False,0.0,0,0,False,[],蔚颉股份
2018-03-31,季报,2018-04-30,无保留意见,False,301645715.6804611,104079250.55445077,197566465.12601033,0.3450380533987224,21066117.664626047,40659.94104158306,417520.3738410082,110.54409478804676,76494245.02247205,82138673.57375796,20928647.684437953,198767357.97640273,40000000,4.939161628150258,-13373827.038434008,-12108599.866168076,29537637.45156207,-7727100.420633724,-0.1931775105158431,-6719550.636485634,-46891099.58285405,-25163771.202204444,132477363.30901262,60422492.52395412,-0.06921917068843476,-0.4099254549694781,-0.014347048954338477,0.07270150703093517,2021-06-24,2018-05-14,False,False,False,False,False,0.0,0,0,False,[],蔚颉股份
2018-06-30,半年报,2018-08-27,无保留意见,False,284130286.7756731,91691433.93562998,192438852.84004313,0.3227091169200921,18549460.783021268,43840.35793610481,485023.17969817546,123.71724593178983,81493560.61345342,84871078.52228324,21107049.41146198,198809246.3161062,40000000,4.8109713210010785,-20772080.584572814,-18708340.2461817,27424538.802366715,-10568933.637341153,-0.26422334093352884,-9428200.542876609,-21976224.45482391,-23439109.364941932,122829967.9338889,77414634.11412305,-0.025953859541378865,-0.3064665148570113,-0.022328936478630334,0.13307213472073207,2021-06-24,2018-10-05,False,False,False,False,False,0.0,0,0,False,[],蔚颉股份
2018-09-30,季报,2018-10-27,无保留意见,False,296524251.9642938,81894955.09106472,214629296.87322906,0.2761829919426832,18186086.93501327,37436.2856429581,407294.11166216305,111.52294152628664,72043299.98611516,75478166.31396188,18869717.475631937,183790199.62370473,40000000,5.365732421830726,-27323499.725565325,-24408419.927976247,24978161.337836146,-9359170.20141787,-0.23397925503544678,-8142970.973992203,-42390206.49692919,-23266100.305588324,115245301.80193868,49588994.999421164,0.11531166240962143,0.18811241677548482,-0.04652612497740886,-0.06330846137265521,2021-06-24,2018-12-03,False,False,False,False,False,0.0,0,0,False,[],蔚颉股份
2018-12-31,年报,2019-03-30,无保留意见,False,225637765.05265504,51933290.68809784,173704474.3645572,0.23016222783441698,13421455.416327696,28950.764221494584,352153.5481370313,82.92696037845337,57786922.99630133,57447912.80959867,16664796.766999165,144016591.23747212,40000000,4.34261185911393,-30536781.185477145,-26943374.589454316,13484490.807917267,-4590402.0855883155,-0.11476005213970789,-3621363.8021115316,-43217511.539597616,-16960962.24322632,88955945.70190705,28777471.91908312,-0.1906767766790203,0.6241165215739358,-0.04602076410826622,0.07118177019399863,2021-06-24,2019-04-14,False,False,False,False,False,0.0,0,0,False,[],蔚颉股份
2019-03-31,季报,2019-04-30,无保留意见,False,220538335.54330653,50073040.18275638,170465295.36055014,0.22704914344891153,14621703.433685524,30071.484890680153,361051.8518104008,85.99793195005992,58650501.779723935,62667100.352372125,16557597.298806556,146699749.42655867,40000000,4.261632384013754,-28905942.814503074,-25461061.80426082,4765715.797392872,2329769.101391528,0.058244227534788195,2117589.6931335633,-29272139.878889225,-18107098.025779508,97042519.91124932,49663282.00658059,-0.018647642876538206,0.5576466888538921,-0.003113084385505431,-0.06271478084014735,2021-06-24,2019-06-14,False,False,False,False,False,0.0,0,0,False,[],蔚颉股份
2019-06-30,半年报,2019-08-27,非标准无保留意见,False,227036766.8452258,68272464.71219485,158764302.13303098,0.30071105072922905,13475712.272487639,29311.046487272743,346214.5079432064,78.57578251311423,52902181.948936075,66677076.03937213,16074844.358404575,147289357.9151988,40000000,3.9691075533257747,-32532438.781311467,-28657015.279463135,22994524.762037374,-5180708.524011992,-0.1295177131002998,-4565647.821717587,-25361398.444507975,-16328725.355531638,94311694.80821182,52621571.00817221,-0.0686414979821579,-0.3885446114750976,0.07366190728031752,-0.09488568681362321,2021-06-24,2019-10-06,False,False,False,False,False,0.0,0,0,False,[],蔚颉股份
2019-09-30,季报,2019-10-27,无保留意见,False,231494612.04762346,62188463.05369486,169306148.99392858,0.26863892210545853,15071154.51190787,31932.08666932975,348726.47069733037,86.16261430150988,64381000.569033906,62220808.10137744,15688487.829473263,152889222.93641233,40000000,4.232653724848214,-38073589.817828625,-33677200.58647662,20980403.682846364,-7915930.052167369,-0.19789825130418423,-7171693.295733547,-42927753.62648295,-19281711.503209695,98917708.38399705,36708243.25430441,0.06639935249464607,-0.23142009262672258,-0.03207212862377053,0.09461059299427876,2021-06-24,2019-11-17,False,False,False,False,False,0.0,0,0,False,[],蔚颉股份
2019-12-31,年报,2020-03-30,无保留意见,False,250880109.95040274,65949331.22627357,184930778.72412917,0.2628719002048879,14608252.356922422,35441.092956321714,390663.314716698,91.98605282590968,62112756.60125212,66611753.1909174,19070926.82140285,169076022.7453126,40000000,4.62326946810323,-43257322.47522819,-38763046.15981848,31367373.00032032,-7405332.367713658,-0.18513330919284146,-7265493.676202661,-47165413.057119235,-20708424.10084241,112020318.63924126,44146481.48127963,0.09228625081278605,0.05620803091410972,-0.00576702190057068,-0.12501699912686037,2021-06-24,2020-05-10,False,False,False,False,False,0.0,0,0,False,[],蔚颉股份
2020-03-31,季报,2020-04-30,无保留意见,False,259943028.74950963,53370586.19067709,206572442.55883256,0.20531647433448538,16962714.351813085,37358.95671184514,416762.03543738526,90.30238308045942,61784121.78599279,71765870.34364335,19524171.3171651,173471053.59007606,40000000,5.164311063970814,-44013640.418849684,-39408208.14480033,5102168.815913646,-1080454.205173567,-0.027011355129339172,-921659.9785454916,-42643384.11638217,-20620388.713721767,102649908.0298768,39386135.199772865,0.11702575409033109,0.6592076354220637,-0.05755542587040248,0.11040579795534569,2021-06-24,2020-05-11,False,False,False,False,False,0.0,0,0,False,[],蔚颉股份
2020-06-30,半年报,2020-08-27,无保留意见,False,255059034.93082073,63378418.606008865,191680616.32481188,0.2484852913491141,15167839.202793831,33384.272910516054,347253.8339469389,95.4074949175175,64697050.98117723,71650741.54193725,18729403.60294309,171687486.41918695,40000000,4.792015408120297,-44263112.45586506,-39643746.7088716,1484735.6182001922,-356388.6243076846,-0.008909715607692116,-336483.6629589681,-41625968.28018886,-19183610.937559076,109929552.90878335,49119973.69103541,-0.07209009125106038,0.04548280398183154,0.04316881701462871,0.18490885473297014,2021-06-24,2020-09-09,False,False,False,False,False,0.0,0,0,False,[],蔚颉股份
2020-09-30,季报,2020-10-27,无保留意见,False,268571373.6878134,68227710.4289686,200343663.2588448,0.25403939925584285,17306482.025103457,37549.47084686188,380901.203195467,105.25138244440538,68709101.84906623,71515239.01928431,19759152.64965895,180727717.60446483,40000000,5.00859158147112,-41099160.36261633,-36865888.50854972,16252677.309455397,4519931.561783906,0.11299828904459765,3968368.857602691,-4240035.005483481,-22461646.414720967,114125469.28030707,87423787.86010262,0.04519521639764002,0.2929845017418133,0.005554107906728773,0.018310596119992292,2021-06-24,2020-12-23,False,False,False,False,False,0.0,0,0,False,[],蔚颉股份
2020-12-31,年报,2021-03-30,无保留意见,False,288529768.6565493,86486028.34742652,202043740.30912277,0.2997473319655101,18536272.672417883,43756.31399162718,474718.41919039685,111.10771191370202,81176617.31671548,81727593.31477492,22977654.380854454,200750869.3784403,40000000,5.051093507728069,-40683924.26438502,-36455464.11662638,2899662.9059978276,593194.4260447212,0.01482986065111803,586320.5598904795,-57399868.78204197,-21744215.33218406,127858091.15959662,48714007.04537059,0.008485803956182376,-0.18246977805043155,0.04570793270966725,0.13057786319156606,2021-06-24,2021-05-23,False,False,False,False,False,0.0,0,0,False,[],蔚颉股份
2021-03-31,季报,2021-04-30,无保留意见,False,319619572.06458235,88949995.96111272,230669576.1034696,0.27829959031150786,21403465.7423778,45978.40061471667,467311.86399888253,118.36766132598257,82587087.69547985,93806142.81020555,24639824.511116985,211971993.0604916,40000000,5.76673940258674,-44253869.22245313,-39656387.63317303,10702364.762059677,-5099921.368668718,-0.12749803421671796,-4572747.880780933,-38498409.21753146,-26466148.403010283,136085299.48079267,71120741.86025093,0.14168137924268231,-0.32359761717209395,-0.021447741654002227,-0.00641201170471074,2021-06-24,2021-05-19,False,False,False,False,False,0.0,0,0,False,[],蔚颉股份
2021-06-30,半年报,2021-08-27,非标准无保留意见,False,388476173.48964536,105493447.14693372,282982726.3427116,0.2715570589549827,21632897.50244444,50045.95837573282,580328.7300131354,144.62905220531465,97765284.64881484,110236601.94369982,30278797.360355094,256120919.56228605,40000000,7.074568158567791,-45609363.88236426,-40822659.08768612,9650880.678411825,-1936420.942730192,-0.0484105235682548,-1666102.0778758286,-18833133.637318116,-31366822.060796,165618633.2256989,115418677.52758478,0.22678825323620613,0.2658386153524616,-0.006742531356525165,-0.0832938649416368,2021-06-24,2021-09-10,False,False,False,False,False,0.0,0,0,False,[],蔚颉股份
2021-09-30,季报,2021-10-27,无保留意见,False,453798946.8202587,123446454.2767024,330352492.5435563,0.2720289571883851,29167453.99824871,67535.07865166913,653980.9728138313,163.33715534792432,115158805.35426974,128782110.03842941,32480209.36228335,303350061.5257217,40000000,8.258812313588907,-49132542.92581267,-43892589.93582001,5953774.081058977,-5033112.919212017,-0.12582782298030043,-4385615.497334139,-49468311.390591815,-37024871.26532014,195944254.9464786,109451072.29056665,0.16739455023652788,-0.2055747817108137,0.0004718982334023741,0.03690998884674702,2021-06-24,2021-11-10,False,True,False,False,False,0.0,1,0,True,['结合所处行业特点、发展阶段和自身经营模式、盈利水平、偿债能力、资金需求等因素，未进行现金分红或现金分红水平较低原因的说明'],蔚颉股份
2021-12-31,年报,2022-03-30,保留意见,False,390051397.57883817,78010279.51576763,312041118.06307054,0.2,25000574.04686828,53912.516556482886,624357.9531219538,140.04143003715063,102596913.21455425,99964992.87043448,29063067.000981595,262556495.1944759,40000000,7.8010279515767635,-51755319.909073666,-46066756.88648394,14547116.797809683,-3746824.261801414,-0.09367060654503535,-3105952.786662744,-68886754.5507097,-33969073.04148561,153515945.13691664,50660117.544721335,-0.055429805719027225,0.1074873230378895,-0.11018888545712036,-0.01975337937178598,2021-06-24,2022-04-17,False,False,False,False,False,0.0,0,0,False,[],蔚颉股份
2022-03-31,季报,2022-04-30,无保留意见,False,436335555.5446306,87267111.10892612,349068444.43570447,0.2,28683859.765036285,57874.700130735626,653289.6623171247,169.13414260632456,123327504.34230916,123265993.25661005,29206165.790946588,294215333.43828654,40000000,8.726711110892612,-51679400.56355557,-45996544.9454489,429476.8808434706,108456.20788300037,0.002711405197075009,100302.77290719433,-22358507.76651319,-34476174.83446916,169091043.17904553,112256360.57806318,0.11866168985187973,0.2908948425525396,-0.06964223639903093,0.08088321285438997,2021-06-24,2022-06-24,False,True,False,False,False,0.0,0,0,True,"['结合前述财务报表列报项目的具体情况说明现金分红方案确定的依据及未来增强投资者回报的规划', '公司在相应期间是否按照中国证券监督管理委员会相关规定为中小股东参与现金分红决策提供了便利', '留存未分配利润的预计用途以及收益情况']",蔚颉股份
2022-06-30,半年报,2022-08-27,非标准无保留意见,False,384272277.78156006,76854455.55631201,307417822.22524804,0.2,25974727.640003912,55420.49888563875,600784.3313875123,144.50471531337934,99256185.97742286,107246990.33851394,28574383.1958226,258902703.8490888,40000000,7.685445555631201,-52548856.04215455,-46680919.26886508,3520148.4808448036,-1242079.2551414128,-0.03105198137853532,-977677.6048802558,-48156571.3195285,-32185443.483779423,150418107.26413122,70076092.4608233,-0.11931935663158502,-0.07893964520317918,-0.013363331067143405,0.08558184084012768,2021-06-24,2022-10-23,False,True,False,False,False,0.0,3,0,True,['充分披露高送转的主要考虑及其合理性且送转股后每股收益不低于0.5元'],蔚颉股份
2022-09-30,季报,2022-10-27,非标准无保留意见,False,377067705.344326,75413541.06886521,301654164.27546084,0.2,24814299.681747433,60847.72836855005,569673.9789385982,150.38505602150857,101679303.81775518,115079838.85580775,25965780.151775338,260487344.7347381,40000000,7.541354106886521,-51852416.504486404,-46059874.828279465,1566349.3009701255,994913.625240203,0.024872840631005075,887206.3436937262,-74741582.76353453,-31274899.60135888,147192155.95786905,41175673.592975646,-0.018748613558143303,0.1419599017282463,0.01067601243451237,-0.01472332861127126,2021-06-24,2022-11-19,False,True,False,False,False,0.0,3,0,True,"['上市公司控股子公司向母公司实施利润分配的情况', '是否影响偿债能力、过去十二个月内是否使用过募集资金补充流动资金以及未来十二个月内是否计划使用募集资金补充流动资金等内容', '公司在相应期间是否按照中国证券监督管理委员会相关规定为中小股东参与现金分红决策提供了便利', '根据公司盈利能力、融资能力及其成本、偿债能力及现金流等情况披露现金分红方案的合理性，是否导致公司营运资金不足或者影响公司正常生产经营']",蔚颉股份
2022-12-31,年报,2023-03-30,无保留意见,False,413718671.8533648,82743734.37067297,330974937.4826919,0.2,26433699.26160964,57190.35568975472,620426.4611112986,140.92487392339495,102717883.22662565,115011952.72718449,28896492.02447909,269425580.73785657,40000000,8.274373437067297,-44101689.32259064,-38714112.50337708,12791591.491915599,11072467.402708236,0.2768116850677059,10493946.17843199,-67492353.04108709,-34342958.22298042,163131237.9096857,61295926.6456182,0.09719996167683029,0.5600223478334987,0.04466099052169371,0.06612958825433296,2021-06-24,2023-05-13,False,False,False,True,True,0.0,0,0,False,[],蔚颉股份
2023-03-31,季报,2023-04-30,无保留意见,False,442429544.4278046,88485908.8855609,353943635.54224366,0.2,27626521.144665703,60418.2130126925,644727.7038816996,178.47069813433018,113184229.20765983,124309568.53239487,32673345.902820654,291556947.31094813,40000000,8.84859088855609,-30350359.692461405,-26559464.583812997,52822365.619665325,19644756.61447034,0.4911189153617585,17363782.7422344,-60277206.93407992,-36722218.3607637,187367941.3322842,90368516.0374406,0.06939709161740641,0.3053628699177011,0.04462791878013118,-0.14528254304311933,2021-06-24,2023-05-18,False,False,False,True,True,0.0,0,0,False,[],蔚颉股份
2023-06-30,半年报,2023-08-27,无保留意见,False,441210236.87838316,99194123.11314729,342016113.76523584,0.22482280514377442,31619489.086488698,64336.00389225622,758282.2552497337,192.87423655310957,111517263.70199585,132623837.15745297,35249495.13785381,323827959.68178433,40000000,8.550402844130897,-26569355.402331743,-23230449.38640633,20393842.958810613,5401434.700185236,0.1350358675046309,4755735.996295244,-64378775.558460414,-36408248.691104084,169879518.4813711,69092494.2318066,-0.03369892994045446,-0.3886864924260591,0.04602337914234681,-0.03440309503480792,2021-06-24,2023-10-20,False,True,False,False,True,0.0,0,0,True,['上市公司控股子公司向母公司实施利润分配的情况'],蔚颉股份
2023-09-30,季报,2023-10-27,无保留意见,False,448344139.28739476,89668827.85747895,358675311.4299158,0.2,29476725.29980739,67525.20255906796,763823.7185485333,182.652613441612,128737683.6332358,140407588.5792845,33375168.751992162,323905427.30275905,40000000,8.966882785747895,-21125267.421042968,-17949489.39988685,6872172.4177128505,7777268.544698253,0.19443171361745634,7544228.552170677,-51607797.72112522,-35496197.991035946,193951618.1901162,106847622.47795503,0.048708809305151736,0.10605721804476087,-0.053945972623706005,0.055989095737600525,2021-06-24,2023-11-06,False,False,False,True,False,0.0,0,0,False,[],蔚颉股份
2023-12-31,年报,2024-03-30,非标准无保留意见,False,469723312.53889924,93944662.50777985,375778650.0311194,0.2,34548078.065233886,79362.86991660851,872082.1459715258,211.58448877837762,133382102.08350971,145889289.0701989,37296355.74264355,353989522.96779686,40000000,9.394466250777985,-9647668.17231514,-7303255.444439512,63323348.657558575,16396570.355325468,0.4099142588831367,15208905.650639059,-69663926.87237017,-34448639.27145637,197365595.18780458,93253029.04397804,0.04768473897190889,0.3478713480898014,0.012144779601135684,0.01194369598719136,2021-06-24,2024-05-14,True,True,False,True,False,24226024.357015178,4,0,True,"['充分披露高送转的主要考虑及其合理性且送转股后每股收益不低于0.5元', '根据公司盈利能力、融资能力及其成本、偿债能力及现金流等情况披露现金分红方案的合理性，是否导致公司营运资金不足或者影响公司正常生产经营']",蔚颉股份
2024-03-31,季报,2024-04-30,保留意见,False,416506991.86452556,83301398.3729051,333205593.4916204,0.2,25798914.186884947,59364.42306997166,640384.9408112281,147.6959663610932,107987010.38895151,106626066.6989731,26663937.290763687,265795165.09413552,40000000,8.33013983729051,-4632705.055410783,-2563387.052518919,10805021.746028664,7164233.024149083,0.17910582560372706,6771240.559886561,-71631206.04826577,-33081962.59095575,189946339.35466897,85233170.71544746,-0.11329290936558901,-0.27644567190427627,0.01631886688211543,0.08634785094845804,2021-06-24,2024-05-11,False,False,False,True,False,0.0,0,0,False,[],蔚颉股份
2024-06-30,半年报,2024-08-27,保留意见,False,441973832.4298805,88394766.4859761,353579065.9439044,0.2,25907949.16393999,63565.80506451524,625646.2922237731,157.52729737870806,95248627.92523842,119461578.70449087,30429323.15423514,289264659.2971608,40000000,8.83947664859761,8947031.642050358,8905719.549859626,73879653.47889371,19399623.853515916,0.4849905963378979,16384438.003397923,-26613048.098128233,-34895242.83500353,196101736.5487452,134593445.6156134,0.06114384887358249,0.5063430243012105,-0.06001853806319043,-0.005728659962121105,2021-06-24,2024-09-07,False,False,False,False,True,0.0,0,0,False,[],蔚颉股份
2024-09-30,季报,2024-10-27,无保留意见,True,473676857.6128231,94735371.52256462,378941486.0902585,0.2,31448911.69932783,62120.168362287106,684729.6387101857,160.5826953187918,119709056.41270228,133345178.11381236,34378317.20479013,309630010.0660678,40000000,9.473537152256462,26507038.804530025,24279442.472552672,68281803.32388583,25085724.5178281,0.6271431129457025,21962461.318132922,-81327494.82164255,-38191603.27687744,205314235.88735726,85795137.78883728,0.0717305479572081,0.1562131709710772,0.04268124343314771,-0.018894026158953504,2021-06-24,2024-12-11,False,False,False,False,False,0.0,0,0,False,[],蔚颉股份
2024-12-31,年报,2025-03-30,无保留意见,False,540389584.9709606,108077916.99419212,432311667.9767685,0.2,33892416.73936216,77249.78311301571,800711.8032904634,201.56471850044187,138733702.32901585,158228077.69232818,37852647.996767506,368899150.66094506,40000000,10.807791699419212,34302827.84625902,31411700.51871648,8599363.579622654,11136841.488184277,0.2784210372046069,10188940.065948304,-30173148.834769245,-42672828.48128471,230248609.59460452,157402632.27855057,0.14084016621446935,-0.331439774162255,-0.010946855004957626,0.07223744521592468,2021-06-24,2025-04-16,False,False,False,False,False,0.0,0,0,False,[],蔚颉股份
2017-03-31,季报,2017-04-30,无保留意见,False,261708659.89368793,87228418.62591112,174480241.26777682,0.33330352408416786,19616403.99268691,328500.7875344058,126692186.60864441,6653.769015169657,1321131.097627449,10971261.543233534,1.1309556602336375e-05,156530400.39082715,40000000,4.3620060316944205,4188724.248624161,3908552.6602039416,25086051.357402403,5983891.783748802,0.14959729459372004,5583646.657434203,16158164.300560236,22637898.677156743,44963431.86582358,83759494.84354056,-0.03066532629012876,0.27688287687493346,0.03330352408416786,0.06467238965259578,2021-07-20,2017-06-08,False,False,False,False,False,0.0,0,0,False,[],钧瑗医药
2017-06-30,半年报,2017-08-27,无保留意见,False,269691816.13552594,90335287.7962771,179356528.33924887,0.3349574677152297,20649962.149007004,343932.6913836599,144254233.12380242,7821.750886773163,1632075.6470577784,12618155.225656549,1.3433778649186545e-05,171335369.80478078,40000000,4.483913208481222,5248327.918557504,4885547.629735475,3400201.218387399,1513719.5284762047,0.03784298821190512,1395707.0993307629,31275306.156956445,23279828.819050573,46292905.41031215,100848040.38631916,0.027947503029803474,-0.19449152899481184,0.0016539436310618666,0.0009198931328359033,2021-07-20,2017-10-13,False,False,False,False,False,0.0,0,0,False,[],钧瑗医药
2017-09-30,季报,2017-10-27,保留意见,True,288476086.62231547,97266143.09493305,191209943.52738243,0.33717229124186576,18675402.95767884,344348.9867499969,136056465.19221997,7105.685667083335,1412560.2960133904,11506094.740182687,1.2273583403772223e-05,166481716.79738316,40000000,4.780248588184561,5064410.54488186,4713154.72448013,390736.9209498631,-262739.1052509211,-0.006568477631273027,-246275.57893620842,16162467.607689478,24996043.471917134,51096860.49798154,92255371.57758814,0.06608856280777843,-0.09595363216963129,0.002214823526636072,-0.045748409065313786,2021-07-20,2017-12-25,False,False,False,False,False,0.0,0,0,False,[],钧瑗医药
2017-12-31,年报,2018-03-30,保留意见,False,365700207.5665283,149219435.6957634,216480771.8707649,0.40803760186167615,27417091.647957496,467931.19906922797,188063843.70411965,9332.319454113947,1918574.7650100086,15592036.662215041,1.7759048322142342e-05,224442109.25878,40000000,5.412019296769123,3996890.9268977875,3691744.5113055916,832040.0129324095,-1525028.0256915316,-0.03812570064228829,-1459157.4473921969,68841105.12073354,33426206.837249458,62396207.81480591,164663519.7727889,0.13216273106510032,-0.07541789115784321,0.07086531061981034,0.10779467697486374,2021-07-20,2018-05-14,False,False,False,False,False,0.0,0,0,False,[],钧瑗医药
2018-03-31,季报,2018-04-30,无保留意见,False,449504535.51616806,197363383.42697895,252141152.0891891,0.43906872530295094,29979144.58310393,580735.7525200741,220260578.1207416,11334.729981221346,2525839.21664631,20149226.094149504,1.823858427887412e-05,273512979.64713436,40000000,6.303528802229728,-490181.6990768961,-496933.344207491,11385648.301270545,-6410103.7513924055,-0.16025259378481013,-5983825.507875833,83378837.67773645,43531298.64117414,75984477.56099594,202894613.87990654,0.1647277026511749,-0.31567590130767725,0.031031123441274833,-0.01859820820913789,2021-07-20,2018-05-16,False,False,False,False,False,0.0,0,0,False,[],钧瑗医药
2018-06-30,半年报,2018-08-27,无保留意见,True,423261044.04527104,181700049.25312892,241560994.79214215,0.42928602055258996,29998886.86522547,519246.05106013897,217499809.11076334,9838.826311233408,2098777.7083752863,17786077.81324236,1.8433844301342633e-05,245677528.0098973,40000000,6.039024869803554,-3887265.9426245526,-3527759.3317523086,7508748.430207477,-4852977.490782367,-0.12132443726955917,-4329751.410778311,34274720.73059651,38547525.85605756,72540876.58531363,145363123.1719677,-0.041961247536873636,0.1470388589326145,-0.009782704750360987,0.12858246627004294,2021-07-20,2018-10-25,False,False,False,False,False,0.0,0,0,False,[],钧瑗医药
2018-09-30,季报,2018-10-27,保留意见,False,439384403.6100178,176680313.293924,262704090.31609374,0.40210874997451956,33840680.874695055,526558.4885602372,218803403.4267604,11957.518760422388,2479871.5269859536,20253861.77870632,2.0960724553996075e-05,279478854.8321304,40000000,6.567602257902344,-2404377.404027839,-2123405.2063643015,7097734.021479043,2118412.197995305,0.052960304949882624,2006220.1791257246,67456112.60008135,41356550.3140533,70918882.06181988,179731544.97595453,0.08752694342124544,0.5739175739147196,-0.02717727057807039,0.0751813523902517,2021-07-20,2018-11-11,False,False,False,False,False,0.0,0,0,False,[],钧瑗医药
2018-12-31,年报,2019-03-30,无保留意见,False,423265544.27978444,145939417.3876373,277326126.8921471,0.3447939936522905,30723682.09858607,529861.0227022901,217280298.78113553,11195.81454213432,2212149.6943063736,20648344.3805828,2.115133856022249e-05,266784966.0447769,40000000,6.933153172303678,9996888.357738761,7927771.378180374,85519459.47390033,17716093.94538086,0.4429023486345215,14358823.69220668,20253435.24255755,38489819.95476844,74587120.78030053,133330375.97762652,0.05565972177463876,0.8158460852215057,-0.05731475632222904,0.011956616265761852,2021-07-20,2019-04-29,False,False,False,False,False,0.0,0,0,False,[],钧瑗医药
2019-03-31,季报,2019-04-30,无保留意见,True,435349766.43479383,134670422.24262723,300679344.1921666,0.30933845065654353,37235098.11364514,650266.2455650141,245818679.07550788,12258.311334969412,2806888.4862524513,22537539.75406787,2.2691657220578066e-05,298692498.27110136,40000000,7.516983604804166,31429607.54539047,27062917.503273387,44039997.734236434,30618170.26807387,0.7654542567018467,27335923.03584716,25143543.80181106,39210954.205589235,76684848.1103624,141039346.11776268,0.08420850051788184,0.37164539141390607,-0.03545554299574703,-0.050563853314874944,2021-07-20,2019-06-11,False,False,False,False,False,0.0,0,0,False,[],钧瑗医药
2019-06-30,半年报,2019-08-27,无保留意见,False,467590097.21426827,146449316.20001322,321140781.01425505,0.31320020905597656,37230269.35557646,588451.3307653985,254746803.76871493,12726.115924259318,2759641.698742302,21565711.547855813,1.9023147095046698e-05,292731718.9096151,40000000,8.028519525356376,54251284.178508975,49507695.4905906,145767214.48961985,32602395.190169282,0.8150598797542321,32063968.55331031,69334318.14559288,40351189.87073463,75232148.25570752,184917656.27203503,0.0680506899370225,0.041669491098144065,0.003861758399433048,0.0912432930078074,2021-07-20,2019-10-23,False,False,False,False,False,0.0,0,0,False,[],钧瑗医药
2019-09-30,季报,2019-10-27,无保留意见,True,533350420.38108927,160432775.58383757,372917644.7972517,0.3008018170665455,39951347.784672394,629344.151536745,256910087.41088665,13820.853286861695,2848864.0283827996,22021427.49239935,2.4408220574555085e-05,323797353.8438971,40000000,9.322941119931292,74950934.53913629,68278675.4757001,55741257.43537229,29570929.086610466,0.7392732271652617,26815685.693013567,102186101.44316387,50641371.32736597,97463131.86409415,250290604.634624,0.16122793131246185,-0.06111531695065449,-0.012398391989431037,-0.022838025582007086,2021-07-20,2019-12-16,False,False,False,False,False,0.0,0,0,False,[],钧瑗医药
2019-12-31,年报,2020-03-30,保留意见,False,604903340.0704666,203804997.5862604,401098342.4842062,0.33692159405586797,46772404.1699461,655537.8293627307,301024298.38641673,16740.174744956526,3406928.830348202,27661312.8016416,2.750609555965298e-05,377006515.03594303,40000000,10.027458562105155,101614056.52775717,90625125.34665763,61569739.75415895,38090174.26945838,0.9522543567364595,31923499.815653645,57892251.57570314,49386520.88252583,105200623.09206288,212479395.55029184,0.07556815313009878,0.18293053950038715,0.03611977698932246,0.09287896191656154,2021-07-20,2020-05-13,False,False,False,False,False,0.0,0,0,False,[],钧瑗医药
2020-03-31,季报,2020-04-30,无保留意见,False,698466551.5054507,272107593.44606787,426358958.0593828,0.3895785601466192,53624265.378901474,934718.2165221779,372753123.0867464,20803.267378641514,3624847.603499027,32708122.10456499,3.222829799414415e-05,441165606.951818,40000000,10.65897395148457,139278789.56645712,124510813.7595718,254663752.72028685,53806761.483857095,1.3451690370964273,48408126.3041631,61740229.006870866,67853661.00470452,121325939.3738303,250919829.3854057,0.06297860873401957,0.2852883916744457,0.052656966090751205,0.07351291725213836,2021-07-20,2020-05-26,False,False,False,False,False,0.0,0,0,False,[],钧瑗医药
2020-06-30,半年报,2020-08-27,无保留意见,False,729302601.1099687,308093377.34738874,421209223.76257986,0.4224493055125311,52853266.425845556,846715.6806222248,325568161.908194,17234.56449206524,4032752.514455667,29632882.019738063,3.508055428313352e-05,428493473.0690919,40000000,10.530230594064497,160128703.71959585,141597026.41507882,127393002.65500508,29785591.64734102,0.7446397911835255,24408875.222152896,121632023.73580384,70920911.61815669,129449390.14378555,322002325.49774605,-0.012078400604604465,-0.3392496610933484,0.032870745365911926,-0.020877393360652613,2021-07-20,2020-10-16,False,False,False,False,False,0.0,0,0,False,[],钧瑗医药
2020-09-30,季报,2020-10-27,无保留意见,False,687911637.0618932,267274138.81654948,420637498.2453438,0.3885297535568541,56250579.62622257,862545.4322095456,390338353.0612749,18031.188897865122,4099203.493131938,32151407.160621982,3.227048366564801e-05,426783364.343916,40000000,10.515937456133596,173443338.57768857,153612196.79397497,71318529.9279758,19020906.940132454,0.47552267350331134,17164529.112708773,22201521.875155583,61049115.181033656,111558799.74368952,194809436.79987878,-0.0013573432987266964,-0.23008546708889074,-0.033919551955677016,-0.03950868048502221,2021-07-20,2020-12-22,False,False,False,False,False,0.0,0,0,False,[],钧瑗医药
2020-12-31,年报,2021-03-30,无保留意见,False,683193342.1592245,295421219.90550065,387772122.25372386,0.4324123226549974,52812542.534213476,871823.0244057262,325220682.5580345,17686.71607898572,3774755.4924859363,31993125.664044768,3.093560681794357e-05,405045257.84374034,40000000,9.694303056343097,181582093.30839744,160337122.04432255,41334493.43043029,11626792.472441267,0.2906698118110317,9607036.071925124,126816334.40482661,64798368.92941255,106357914.65371452,297972617.98795366,-0.07813230187207573,-0.20527285667682862,0.04388256909814329,-0.015247062829208614,2021-07-20,2021-05-21,False,False,False,False,False,0.0,0,0,False,[],钧瑗医药
2021-03-31,季报,2021-04-30,无保留意见,False,665361876.5850317,298053952.09131473,367307924.49371696,0.4479576642128581,41058846.091318056,712693.1029470044,272019885.4028285,15696.757942052996,3153058.5740712536,26664472.660867695,2.7209483369296507e-05,357528526.3051471,40000000,9.182698112342925,194412867.21296728,171402580.24068376,47206757.71394927,18329677.00652834,0.4582419251632085,15807797.423373125,55097278.07261135,56617188.12185831,109914432.32390067,221628898.51837033,-0.05277377249573649,0.23414724302556325,0.015545341557860724,0.13087335327888897,2021-07-20,2021-06-09,False,False,False,False,False,0.0,0,0,False,[],钧瑗医药
2021-06-30,半年报,2021-08-27,无保留意见,False,657919939.0473539,271196278.3191217,386723660.72823215,0.41220255265679423,48099029.58219657,788396.1687044023,336753708.89455783,17406.491091554188,3801245.227324843,33159414.403271303,2.949674550729587e-05,416988245.5252925,40000000,9.668091518205804,210856705.28523785,186949354.29713252,19308214.53711815,23491197.246100828,0.5872799311525208,22209677.22349821,21060866.127533603,55981351.977755934,115997034.44287038,193039252.5481599,0.0528595626170524,0.14609587963735762,-0.03575511155606386,-0.08227701114663129,2021-07-20,2021-10-22,True,True,False,True,False,25020647.05717669,2,0,True,"['公司为增强投资者回报水平拟采取的措施', '充分披露高送转的主要考虑及其合理性且送转股后每股收益不低于0.5元', '根据公司盈利能力、融资能力及其成本、偿债能力及现金流等情况披露现金分红方案的合理性，是否导致公司营运资金不足或者影响公司正常生产经营']",钧瑗医药
2021-09-30,季报,2021-10-27,无保留意见,False,689903505.3429602,282661134.45783603,407242370.8851242,0.4097111150599552,47587679.32829058,781836.6998529074,304260193.3826139,15624.124969057284,3473569.1736409212,28442464.791508347,2.55115323314959e-05,376132286.83183366,40000000,10.181059272128104,215710992.37070173,191600450.39367428,4389843.290929544,6934695.836376958,0.17336739590942393,6644422.995059641,125865737.44806662,69022965.92385833,113468176.15719862,308356879.52912354,0.05305780907807312,-0.40889137728122393,-0.0024914375968390257,-0.07480179915455916,2021-07-20,2021-12-25,False,True,False,False,False,0.0,2,0,True,"['留存未分配利润的预计用途以及收益情况', '结合所处行业特点、发展阶段和自身经营模式、盈利水平、偿债能力、资金需求等因素，未进行现金分红或现金分红水平较低原因的说明', '是否影响偿债能力、过去十二个月内是否使用过募集资金补充流动资金以及未来十二个月内是否计划使用募集资金补充流动资金等内容']",钧瑗医药
2021-12-31,年报,2022-03-30,无保留意见,False,678758208.3441069,304480273.17957574,374277935.1645311,0.44858429619935414,45654822.159728065,759668.3391467035,308885102.9786597,16416.59573272482,3481756.734421946,28693874.168714263,2.9247347393358725e-05,390171939.4738467,40000000,9.356948379113279,202311220.5398713,179922026.8118028,82343724.26685794,-19142531.186900605,-0.4785632796725151,-16683462.259816382,85012385.32267933,61113336.71300307,117280753.63302846,263406475.66871083,-0.08094549604194247,-1.0895157056328368,0.038873181139398895,0.0025003908441325502,2021-07-20,2022-05-13,False,False,False,False,False,0.0,0,0,False,[],钧瑗医药
2022-03-31,季报,2022-04-30,非标准无保留意见,False,674247463.1444533,333866661.4922299,340380801.6522234,0.4951693254212527,57774158.50114551,994130.1954245821,357415362.9099058,19170.168056078484,3864726.457031667,33477539.86240082,3.4212054687806066e-05,445710751.4100313,40000000,8.509520041305585,187940848.54497117,165791235.28684747,101940836.44056919,-20529102.849857327,-0.5132275712464331,-20186845.03565048,104962401.7541393,58757409.06613251,112728088.32549638,276447899.14576817,-0.09056674286024002,0.6471652181467389,0.04658502922189862,0.14751695915332827,2021-07-20,2022-05-12,False,False,False,True,False,0.0,0,0,False,[],钧瑗医药
2022-06-30,半年报,2022-08-27,无保留意见,False,911158520.0631318,497464733.0827258,413693786.9804059,0.5459694686806614,61567034.04950988,1064563.969395009,437214399.98316294,24872.884267926813,5803291.401057106,43245764.732019514,4.152874203909287e-05,573997887.4323136,40000000,10.342344674510148,173380161.47904816,152289851.57361242,59815195.90959829,-20800981.522747155,-0.5200245380686789,-19287691.018907223,131180120.11081278,81932014.39775428,149538631.69337195,362650766.201939,0.21538519497080336,0.0770390335608439,0.050800143259408716,0.2225739230260899,2021-07-20,2022-09-23,False,False,True,False,False,0.0,0,1,True,"['充分披露高送转的主要考虑及其合理性且送转股后每股收益不低于0.5元', '结合所处行业特点、发展阶段和自身经营模式、盈利水平、偿债能力、资金需求等因素，未进行现金分红或现金分红水平较低原因的说明']",钧瑗医药
2022-09-30,季报,2022-10-27,无保留意见,False,932692569.1938646,507933521.8832389,424759047.3106256,0.5445883656200359,69943194.77380851,1176449.4154179322,430783118.53979266,22735.78304502403,4833064.979984409,47080991.09194368,3.7261541337690475e-05,556031032.0355465,40000000,10.61897618276564,157782638.27643642,138887099.78882864,76941245.94646285,-22282176.003731035,-0.5570544000932759,-19146788.263976824,89933587.19787505,87559573.23291114,157830069.28453887,335323229.71532506,0.026747465585563002,0.3896873668339617,-0.001381103060625589,-0.02319792795418529,2021-07-20,2022-12-03,False,False,False,False,True,0.0,0,0,False,[],钧瑗医药
2022-12-31,年报,2023-03-30,无保留意见,False,823543726.8023124,418773563.9543991,404770162.84791327,0.5085019171725458,63962293.5230414,1148310.1778879806,443394351.6652491,22645.498157698315,5005834.976044685,38275611.15097289,3.971308084416586e-05,529546846.7380396,40000000,10.119254071197831,144339034.66881877,126706462.38118853,23678900.84410284,-19205148.01088238,-0.48012870027205956,-17400910.582343042,109391243.23127809,76508592.47934642,134281336.62456772,320181172.3351922,-0.04705934950478992,-0.5825303796532365,-0.03608644844749011,0.04152923398753435,2021-07-20,2023-04-21,False,False,False,False,False,0.0,0,0,False,[],钧瑗医药
2023-03-31,季报,2023-04-30,无保留意见,False,733634066.2790998,338260107.7051287,395373958.5739711,0.4610747009346794,53826382.47334157,895457.568130157,350119957.8134466,19309.318196715347,4245932.673800586,31221568.165869936,3.3189543176201266e-05,458051341.99673355,40000000,9.884348964349277,130058344.94315831,113229823.06099764,79845133.1089063,-20400985.322372083,-0.510024633059302,-19252341.88598697,21196644.067496452,66338742.124314465,112900690.56235592,200436076.75416684,-0.023213678122497052,0.5422934449697973,-0.04742721623786637,0.04442880564254966,2021-07-20,2023-06-02,False,False,False,True,False,0.0,0,0,False,[],钧瑗医药
2023-06-30,半年报,2023-08-27,无保留意见,False,952059191.3654293,507936621.194756,444122570.1706733,0.5335136993596803,74163976.68123998,1228943.5898926822,492078519.5336415,25895.708756989316,5584892.972928731,41562210.126652636,4.309619329497809e-05,588697264.9565079,40000000,11.103064254266833,115068457.05898735,99168429.89039557,34476276.689307794,-21414125.54881566,-0.5353531387203915,-20087704.52943153,24380421.162049145,93745811.58958173,161046036.1745141,279172268.92614496,0.12329747708353879,0.297896089047789,0.07243899842500096,0.11985978536625899,2021-07-20,2023-10-18,False,False,False,False,False,0.0,0,0,False,[],钧瑗医药
2023-09-30,季报,2023-10-27,无保留意见,False,1113546301.5225441,641652443.5479592,471893857.974585,0.5762243048812898,87058979.09862873,1442535.5369470736,534144915.7531139,30043.620218844157,6663289.806902315,54091630.32544561,5.296513887433532e-05,713164204.0108627,40000000,11.797346449364625,100016643.08533579,85848898.2951374,15504376.440592999,-21502591.390930787,-0.5375647847732696,-19027902.278940223,167853773.19311145,93673548.30312134,173697069.64185542,435224391.1380882,0.06253068334995754,0.020041532832898768,0.04271060552160947,0.022799548918185333,2021-07-20,2023-12-01,False,False,False,False,False,0.0,0,0,False,[],钧瑗医药
2023-12-31,年报,2024-03-30,无保留意见,False,944367442.7557812,512118628.5082604,432248814.2475208,0.5422874670624337,81151241.58974364,1210754.5604323088,447744264.0361576,26364.519132556903,5549530.262560254,43164811.87651556,3.9172418043909416e-05,627344117.1105684,40000000,10.80622035618802,83370676.68009238,71897411.36758193,113906479.70004596,-23779952.00749059,-0.5944988001872648,-19930695.610793546,182319741.71202463,91195461.2383749,163559347.97082272,437074550.9212222,-0.08401262923239698,0.5057888710814206,-0.033936837818856064,0.05853402439060883,2021-07-20,2024-05-23,False,False,False,False,False,0.0,0,0,False,[],钧瑗医药
2024-03-31,季报,2024-04-30,无保留意见,False,1119724485.5091934,667093198.3049589,452631287.20423436,0.595765482436154,79446205.62611216,1377429.931646267,474417598.6222615,28344.636806198305,5719675.839455795,45743892.46991394,4.984179651844041e-05,645625732.5395602,40000000,11.31578218010586,64112301.290256076,53832170.65822003,54821428.36459291,-27511964.84262327,-0.6877991210655818,-25807486.72765985,196522800.61938146,99608687.60223684,181251414.3802581,477382902.6018764,0.04715449131351886,0.5504482673342667,0.05347801537372027,0.03198889140548321,2021-07-20,2024-05-13,False,False,False,False,False,0.0,0,0,False,[],钧瑗医药
2024-06-30,半年报,2024-08-27,无保留意见,False,1189282523.113525,674418831.386521,514863691.727004,0.5670804188906282,80245926.71252793,1462083.9644871405,580320239.2779287,29469.725372580328,6344288.153384804,52551636.34610818,5.277761668429488e-05,694899656.7580395,40000000,12.8715922931751,44444604.28522482,35598132.52087849,140272100.30613896,-28096710.007187515,-0.7024177501796879,-26048625.91048792,46871355.14067717,118047203.06943214,183412029.8174768,348330588.0275861,0.13749028465787297,0.0556266286387543,-0.028685063545525673,-0.027697901261072105,2021-07-20,2024-10-05,False,False,False,False,False,0.0,0,0,False,[],钧瑗医药
2024-09-30,季报,2024-10-27,无保留意见,False,1327258778.1880546,782777007.0090431,544481771.1790115,0.5897696966658406,106247921.3834944,1634657.7342457718,590755237.2316192,28937.357098245317,7230081.372574367,59818018.720266975,5.648419841862898e-05,777394802.3707182,40000000,13.612044279475287,22280747.449059736,15522231.774087735,98214071.56396581,-31662652.62309298,-0.7915663155773245,-28679858.20970108,118278559.09243791,127940329.97164437,224937471.9592104,471156361.02329266,0.057526059669618136,0.3213513386936978,0.022689277775212336,-0.04872208945027418,2021-07-20,2024-11-26,False,False,False,False,False,0.0,0,0,False,[],钧瑗医药
2024-12-31,年报,2025-03-30,无保留意见,False,1334579057.9280858,790968789.2855511,543610268.6425349,0.5926728615939159,98568154.892145,1584410.131766422,680996562.1247474,35699.953697365774,7108290.978337076,59848291.23280822,6.0596707750465074e-05,810419690.6227897,40000000,13.59025671606337,4989049.630102748,1186662.516477922,92808109.30758627,-24702425.45565284,-0.617560636391321,-20479384.653728306,170941571.24095353,109867985.81033,249242911.44218802,530052468.49347156,-0.0016006092078885991,-0.47469085890216833,0.002903164928075267,0.01962045368810647,2021-07-20,2025-04-20,False,False,False,False,False,0.0,0,0,False,[],钧瑗医药
2017-03-31,季报,2017-04-30,无保留意见,False,293764083.65030617,104072535.92268859,189691547.7276176,0.3542724986304843,98074328.79674411,6.437560106276162e-08,1755851.7923111152,4191817.2599485465,24328779.808345936,23371697.919579253,204898.17226961802,146742934.48790088,40000000,4.7422886931904396,-2284476.0175522617,-2038705.4926214893,16088812.465149451,-3263537.1679318026,-0.08158842919829506,-2912436.4180306992,-54948058.10295579,-55229092.216610655,587375.4321578665,-109589774.88740858,0.053841931820097735,-0.2368631759962112,0.05427249863048432,-0.15153892994990126,2021-12-13,2017-05-31,False,False,False,False,False,0.0,0,0,False,[],霖瀚生物
2017-06-30,半年报,2017-08-27,无保留意见,False,320593975.992859,105724957.58060707,214869018.41225195,0.32977836608808275,107292735.60871652,7.749780363000951e-08,1953920.7363205182,4987972.150980655,30123439.75863204,23850038.088871084,232842.1991714622,168404806.26138833,40000000,5.3717254603062985,-988081.540266111,-926368.5985831644,4437215.478247441,1851992.1104087867,0.046299802760219666,1589052.7057690357,-55450952.84150662,-59332818.55347702,626108.8242371216,-114157662.57074653,0.13272847939849824,0.3724051337581773,-0.024494132542401553,0.0400130833099883,2021-12-13,2017-09-11,False,False,False,False,False,0.0,0,0,False,[],霖瀚生物
2017-09-30,季报,2017-10-27,无保留意见,False,308651607.9264751,73168297.79589368,235483310.13058144,0.23705788635749903,102070162.43320075,7.444495217286819e-08,1710833.3905003576,4499266.046327086,27052044.732037183,23590126.326056603,216632.02944487866,153186345.9768569,40000000,5.887082753264536,-1482558.5811219688,-1338097.3050275724,1459197.0525347728,-706395.7726512253,-0.017659894316280633,-588183.8663491545,-42703871.61722463,-55067828.98263977,632149.5395481759,-97139551.06031622,0.09593887415997064,-0.1357091530739313,-0.09272047973058371,-0.02572106731413472,2021-12-13,2017-11-30,False,False,False,False,False,0.0,0,0,False,[],霖瀚生物
2017-12-31,年报,2018-03-30,保留意见,False,331942800.228564,77718112.54890202,254224687.67966202,0.23413103852648132,101652660.26809429,7.570192063734146e-08,1822060.4781941797,5281537.6570058875,23576301.147234272,25371228.436820958,245582.67779281942,164278598.6846612,40000000,6.35561719199155,-2652049.7658874393,-2392730.2662675376,5017129.403671528,-1670701.692522101,-0.041767542313052526,-1506618.5160570932,-47017705.994913496,-58820174.817382485,682541.8810142986,-105155338.93128167,0.07958686133080109,-0.05918309456984921,-0.0029268478310177327,0.07063400967819701,2021-12-13,2018-05-28,False,False,False,False,False,0.0,0,0,False,[],霖瀚生物
2018-03-31,季报,2018-04-30,无保留意见,False,308401923.7734083,76645589.5209582,231756334.25245008,0.24852500458872592,99896850.561147,7.235412274659757e-08,1783968.0173973127,4947658.428696714,26298281.950549535,22847721.880539924,230622.55780517333,156523606.70414287,40000000,5.793908356311252,-5048433.551194451,-4484093.912129695,16884248.28857042,-3423405.407581445,-0.08558513518953612,-2987662.351231654,-5093301.58916367,-54395755.42183812,599545.8254104571,-58889511.18559133,-0.08837990374689089,-0.1143368522096243,0.014393966062244619,0.06677159690253069,2021-12-13,2018-05-16,False,False,False,False,False,0.0,0,0,False,[],霖瀚生物
2018-06-30,半年报,2018-08-27,无保留意见,False,296654326.0017071,86717587.95322385,209936738.04848325,0.2923186360435035,91653304.3996931,6.887308748648322e-08,1676486.1992494108,4360904.5610871,25978351.60863982,23177807.28289879,217913.96314150433,148464625.45916587,40000000,5.248418451212081,-7770048.140896488,-6784170.604520277,11930421.827517638,-3888020.842431482,-0.09720052106078705,-3285823.84627226,-21088411.602669325,-57663214.0123314,538613.0789496371,-78213012.5360511,-0.09414886662903006,-0.03422179484607202,0.0437936314547776,0.0856294788426305,2021-12-13,2018-09-10,False,False,False,False,False,0.0,0,0,False,[],霖瀚生物
2018-09-30,季报,2018-10-27,无保留意见,False,269739997.40184397,84788821.89120209,184951175.51064187,0.31433537001517914,82000590.31508258,6.268164467635218e-08,1670390.2269295629,3831046.269782677,22472592.863401353,21635875.901973072,197765.42599864173,135246430.66009152,40000000,4.623779387766047,-6566508.587264473,-5791909.60552583,5694439.659428557,1719342.2194743082,0.04298355548685771,1417515.7128492098,-44726361.26963972,-45331233.40603744,525142.3637935726,-89532452.3118836,-0.11901472210200364,0.4276519200130897,0.02201673397167562,0.07588560599614481,2021-12-13,2018-11-25,False,False,False,False,False,0.0,0,0,False,[],霖瀚生物
2018-12-31,年报,2019-03-30,无保留意见,False,266571806.2182418,102387291.20844929,164184515.0097925,0.3840889727273897,86260293.32206239,5.9140828156197625e-08,1511106.041527368,3948425.8709521126,22722040.92039862,18358361.475822046,183642.71180083163,131313694.73678651,40000000,4.104612875244813,2008050.3369599774,1853533.184478407,26274367.20549848,12249369.891749214,0.30623424729373033,10922061.128577482,-24998804.95062071,-48699931.51897688,482511.4910655873,-73216224.978532,-0.11228185191855931,0.5625212440061166,0.06975360271221054,0.06431109781360311,2021-12-13,2019-04-25,False,False,False,False,False,0.0,0,0,False,[],霖瀚生物
2019-03-31,季报,2019-04-30,无保留意见,False,241655206.56096405,91059538.60327065,150595667.9576934,0.37681595980965726,77761813.68955083,5.7760233813476705e-08,1422552.3073091423,3641735.5892363023,19800529.518358827,17351353.239540063,173995.30025873004,122359236.82650472,40000000,3.764891698942335,5299625.979138613,4868603.822370838,7596599.239875429,4702250.91739805,0.11755627293495126,4307243.768417759,-2561862.699115998,-44444852.59898713,473058.3651598109,-46533656.93294332,-0.08276570449587543,-0.2580267199697894,-0.007273012917732401,0.048897757121767284,2021-12-13,2019-06-23,False,False,False,False,False,0.0,0,0,False,[],霖瀚生物
2019-06-30,半年报,2019-08-27,无保留意见,False,242750384.50677466,91618885.29912136,151131499.20765328,0.37742014491665815,85267031.68101938,6.300256397512752e-08,1716447.536968096,3851128.423094975,22990809.73172916,21038208.449100386,187165.50599512982,136776447.51138338,40000000,3.778287480191332,11721492.012253491,10462436.960707862,10973657.788257759,9174094.333021257,0.2293523583255314,7991190.197624321,-7192079.432806116,-47781173.80441667,446670.1235453806,-54526583.11367741,0.003558078776279524,0.20605435964424612,0.0006041851070008644,0.13610677131330418,2021-12-13,2019-10-01,False,False,False,False,False,0.0,0,0,False,[],霖瀚生物
2019-09-30,季报,2019-10-27,无保留意见,False,222187463.55605072,88408405.41811067,133779058.13794003,0.3979000615208341,64718495.66939742,4.423352813504178e-08,1213421.2610293503,3193038.0549753346,17508951.839636937,17096102.008524086,151058.12041999729,103586697.97398807,40000000,3.3444764534485008,9166470.87261122,7994975.728037452,9164068.792504327,-3650030.1994889583,-0.09125075498722396,-3524944.618100585,-36368819.751721896,-40849968.69442754,444231.4104704383,-76774557.035679,-0.11481683937953384,-0.4899548526625157,0.020479916604176,0.06575732641153254,2021-12-13,2019-12-12,False,False,False,False,False,0.0,0,0,False,[],霖瀚生物
2019-12-31,年报,2020-03-30,无保留意见,False,218984909.46657556,78394799.6768432,140590109.78973237,0.35799178978955565,67562110.00270164,4.7493581534574805e-08,1311368.4627686806,3224887.8106827186,18130361.72068159,16039468.390113428,153633.94226923917,107537907.15340617,40000000,3.5147527447433093,9245765.031921972,8069201.638277597,331258.0449081934,113277.37044392899,0.0028319342610982246,106037.01462877692,-40272390.60324021,-36865494.95196178,446141.2529658959,-76691744.30223608,0.05091268952401665,0.28189633580960083,-0.039908271731278484,0.15246077948818088,2021-12-13,2020-05-02,False,False,False,False,False,0.0,0,0,False,[],霖瀚生物
2020-03-31,季报,2020-04-30,保留意见,False,238887130.7125179,94293606.40189019,144593524.3106277,0.3947203272132948,92358092.89415202,6.041972804672869e-08,1525931.7606435774,4235185.8865651125,22850950.481453184,21487450.910466358,182191.7726701433,131011690.29959935,40000000,3.6148381077656926,7219280.664310506,6144552.695959036,3794971.8313086145,-2894977.6680163797,-0.07237444170040949,-2749498.4890265153,-32412958.82360984,-44582098.21733429,464325.01329961664,-76530732.02764452,0.02847579055797637,-0.17578485834956534,0.03672853742373914,0.01739188240278805,2021-12-13,2020-06-04,False,False,False,False,False,0.0,0,0,False,[],霖瀚生物
2020-06-30,半年报,2020-08-27,无保留意见,False,235696022.55633584,98332094.3607102,137363928.19562563,0.4171987855128398,77363577.4661452,5.904046815961616e-08,1362327.723284074,3670157.6090060216,21564785.0319837,18749179.954552926,180032.06840991572,122260022.98306702,40000000,3.434098204890641,8431687.163312402,7256315.9105406925,2593509.8524218383,1732009.2842884213,0.04330023210721053,1588233.1636880795,-36058269.05447556,-42156361.35287479,474382.5336919219,-77740247.87365843,-0.04999944602962196,0.3280382578206169,0.02247845829954499,0.20831296144179803,2021-12-13,2020-10-25,False,False,False,False,False,0.0,0,0,False,[],霖瀚生物
2020-09-30,季报,2020-10-27,非标准无保留意见,False,214191202.3692049,89335767.64163634,124855434.72756857,0.41708420632350157,74288961.91444388,5.350906975364575e-08,1275215.2519347975,3408890.1043912508,19683934.898153204,16835912.362624865,166089.37988213752,114250276.84605733,40000000,3.1213858681892144,9234527.92586691,7964503.6561801145,5259631.419971118,1146915.3750778697,0.028672884376946744,1011696.7794848885,-38740228.16346567,-39630832.49733681,401663.46856100083,-77969397.19224149,-0.09106097672340295,-0.031234978604313603,-0.00011457918933823148,-0.0037890641778490835,2021-12-13,2020-11-07,False,False,False,False,False,0.0,0,0,False,[],霖瀚生物
2020-12-31,年报,2021-03-30,无保留意见,False,224997943.55579886,91562190.05561218,133435753.50018668,0.406946786306538,78243872.25486858,5.626202045015814e-08,1360397.9261028513,3648557.6755191316,20408763.764104553,19177475.188899066,171353.48681511183,121330292.35979742,40000000,3.335893837504667,16585737.25578485,14343548.521886012,41628820.57764646,10501727.614168487,0.2625431903542122,9112921.23672271,-4899745.8722008765,-37592480.54318138,434930.42695065617,-42057295.9884316,0.06872202873138959,0.515504263161886,-0.010137420016963525,0.0025363875675756447,2021-12-13,2021-05-20,False,False,False,False,False,0.0,0,0,False,[],霖瀚生物
2021-03-31,季报,2021-04-30,无保留意见,False,310802341.71853876,163488960.37967515,147313381.3388636,0.5260222927397697,116351716.7388569,7.633034989369103e-08,2005335.4440971343,4887084.466363955,26854691.3414891,24937173.486331046,234686.83900849693,166711532.14860785,40000000,3.68283453347159,24976415.40792625,21995884.60659056,21581917.667200048,11986683.074487712,0.2996670768621928,10931908.692435075,-8597366.032651706,-57937838.278663814,619114.205536692,-65916090.10577883,0.10400231927837486,0.05399498828408868,0.11907550643323173,0.029300419552554326,2021-12-13,2021-06-10,False,False,False,False,False,0.0,0,0,False,[],霖瀚生物
2021-06-30,半年报,2021-08-27,无保留意见,False,323991693.0637003,149865532.19255123,174126160.87114906,0.46255979829422983,113923079.36578076,7.690063320252674e-08,2055796.6647892192,5159309.302462654,30796509.775329508,27333128.432734054,263851.1214605901,176094926.96661454,40000000,4.353154021778726,22604485.280587215,19971124.68626496,10948891.95314921,-3388471.6104843393,-0.08471179026210848,-2892514.1718937214,-26167176.595431868,-58526389.405654505,632685.5690106619,-84060880.43207571,0.18201183958033157,-0.5304213195232508,-0.06346249444553992,0.10490318373016957,2021-12-13,2021-10-15,False,False,False,False,False,0.0,0,0,False,[],霖瀚生物
2021-09-30,季报,2021-10-27,无保留意见,False,308567799.0770786,144252558.71134225,164315240.36573637,0.4674906427138521,88142771.21386625,6.052505327088437e-08,1618209.7060009479,4650620.4135844,24549055.472466033,22703800.482306086,200090.8569042153,147530565.16478983,40000000,4.1078810091434095,23417526.863793388,20694495.658218578,3481628.659886575,1161487.9760088213,0.029037199400220533,1033387.1027908796,-24215665.340910755,-57455604.2395842,619629.6504451273,-81051639.93004982,-0.05634374786837842,0.33427249727501457,0.00493084441962223,0.20537190086725868,2021-12-13,2021-11-07,False,False,False,False,False,0.0,0,0,False,[],霖瀚生物
2021-12-31,年报,2022-03-30,非标准无保留意见,False,339562747.22222054,164914328.34669438,174648418.8755262,0.4856667278603717,107261546.8864316,7.415506340381338e-08,2012643.3509058435,5350389.602524875,30640914.5639253,26894209.307034783,231889.37022487196,171053457.08267444,40000000,4.366210471888155,19705678.411110815,17430147.406102978,15919682.66349888,-5302640.646689387,-0.13256601616723468,-4663354.645879425,-25271374.500364177,-69776762.42990635,662529.6452475061,-94385607.28502302,0.06288630614415347,-0.35592505587853096,0.018176085146519628,-0.07952871426617197,2021-12-13,2022-05-28,False,False,False,False,False,0.0,0,0,False,[],霖瀚生物
2022-03-31,季报,2022-04-30,无保留意见,False,415310720.5487412,227236312.6220035,188074407.9267377,0.5471477170677439,130327901.25737682,9.923351159019027e-08,2689299.9239567756,6323342.017285826,38277188.877089314,31819788.424478088,318509.1555620886,212877726.42338058,40000000,4.7018601981684425,17599527.133699156,15599672.90566724,8360974.9289905,-3008787.539159516,-0.0752196884789879,-2614963.572051057,-43565822.570371084,-70906088.08194827,804950.1907165402,-113666960.4616028,0.0768743807568068,0.19610008021858877,0.06148098920737215,-0.018904958608155546,2021-12-13,2022-06-16,False,False,False,False,False,0.0,0,0,False,[],霖瀚生物
2022-06-30,半年报,2022-08-27,非标准无保留意见,True,509762645.7740054,294574468.51977783,215188177.25422758,0.5778659361603604,150820035.00980303,1.1778552367693969e-07,3062888.077688309,7820985.095002088,40743601.41856918,40448472.852885544,337838.27626302,248100671.78234679,40000000,5.379704431355689,12167749.987529706,10558411.138132274,15775909.48154388,-7759681.637384927,-0.19399204093462316,-7201802.525049952,-43208699.85831216,-89374137.07974723,972350.6003664618,-131610486.33769293,0.1441651186165198,-0.33956271563472584,0.030718219092616645,-0.06154871474721981,2021-12-13,2022-10-22,False,False,False,True,False,0.0,0,0,False,[],霖瀚生物
2022-09-30,季报,2022-10-27,无保留意见,False,588879224.2846645,372455781.8740717,216423442.41059276,0.6324824624718403,196613661.16836977,1.367093548085861e-07,3605971.427016396,9018015.8976342,48699937.40272687,44078235.65917801,441380.71521300345,297557904.96867347,40000000,5.410586060264819,5772201.842740683,4748096.462748979,36558692.60916414,-9136497.349698607,-0.22841243374246517,-8300449.536261851,-104203460.85572845,-111423500.72054057,1209199.8990374021,-214417761.67723164,0.0057403950910641256,-0.14900089567087502,0.054616526311479764,0.20087533693896578,2021-12-13,2022-11-09,False,False,False,False,False,0.0,0,0,False,[],霖瀚生物
2022-12-31,年报,2023-03-30,无保留意见,False,576004265.8043356,378918145.53696626,197086120.2673693,0.6578391307707467,203019807.72964078,1.3352736798035642e-07,3999041.1905294354,9179416.505724484,47656165.64071252,46556464.673514724,415693.3134000349,309483456.244231,40000000,4.927153006684232,-2887656.777425194,-2493035.29120826,33146653.588776324,-12371226.600236967,-0.30928066500592416,-10344473.934224628,-62954225.95786006,-110913861.80653912,1132537.7571596005,-172735550.00723958,-0.08934948048066448,-0.41135984743571985,0.02535666829890644,-0.017926629986876812,2021-12-13,2023-04-18,False,False,False,False,False,0.0,0,0,False,[],霖瀚生物
2023-03-31,季报,2023-04-30,无保留意见,False,497213471.96214044,337679364.35957223,159534107.60256818,0.6791436342764348,161782833.78992847,1.2790608300512584e-07,3014694.034053576,7939503.416006814,46639206.820182174,41105120.143007495,373665.6820708169,268382503.85206488,40000000,3.9883526900642043,-10812566.073562616,-9594989.30903471,15004498.252132831,-11321298.994482033,-0.2830324748620508,-10145648.596894931,-99121244.63828973,-88227112.61952397,1005897.87220292,-186342459.38561076,-0.19053605912916458,0.2268263133833002,0.02130450350568813,0.196476967675785,2021-12-13,2023-05-17,False,True,False,False,True,0.0,0,0,True,"['充分披露高送转的主要考虑及其合理性且送转股后每股收益不低于0.5元', '留存未分配利润的预计用途以及收益情况', '结合所处行业特点、发展阶段和自身经营模式、盈利水平、偿债能力、资金需求等因素，未进行现金分红或现金分红水平较低原因的说明', '上市公司控股子公司向母公司实施利润分配的情况']",霖瀚生物
2023-06-30,半年报,2023-08-27,非标准无保留意见,False,514079974.1508271,340509328.1386367,173570646.0121904,0.6623664512532322,173052087.96617272,1.110954329835209e-07,2906558.335977444,8011799.781756989,43264534.71719107,38891544.294248246,387917.41361292737,252681612.70793775,40000000,4.33926615030476,-16297002.141487239,-14402862.30746129,31386409.202184547,-7834908.66846375,-0.19587271671159376,-6868389.997752256,-65054557.05202162,-80935952.37891614,1034254.5291316505,-144956254.90180612,0.08798456092279712,0.6139415198353593,-0.01677718302320257,0.01576326010462351,2021-12-13,2023-10-15,False,False,False,False,False,0.0,0,0,False,[],霖瀚生物
2023-09-30,季报,2023-10-27,非标准无保留意见,False,529730630.54411507,363465260.05134827,166265370.49276677,0.6861322322970326,157218525.1006466,1.175462633987422e-07,3080387.7084665103,7515894.126541361,44452403.84351376,40744415.08307871,390573.4481511741,265692497.11224997,40000000,4.156634262319169,-22124394.577653997,-19438130.40112808,16147506.766207974,-8324846.33738108,-0.208121158434527,-7193240.1338097,-86626378.70989309,-100593513.76231602,1000552.8703832239,-186219339.60182586,-0.04208819686544565,-0.05345693252739323,0.023765781043800335,0.09451148025865352,2021-12-13,2023-12-01,False,False,False,False,False,0.0,0,0,False,[],霖瀚生物
2023-12-31,年报,2024-03-30,无保留意见,False,517130570.23748803,338482809.02965516,178647761.20783284,0.6545403202023228,162128582.8535637,1.246008497951706e-07,3101543.5709238993,7762127.18973213,44288097.90829451,40012730.76666252,346757.8318119896,266736009.46882692,40000000,4.466194030195821,-28148227.012441587,-24366187.057290986,40197089.46508832,-8605474.906839415,-0.21513687267098539,-7040080.937375579,-41725409.980119035,-107254373.99720792,964595.4579153506,-148015188.51941162,0.07447366025990843,-0.03234854163650815,-0.0315919120947098,-0.0008595388695359025,2021-12-13,2024-05-05,False,False,False,False,False,0.0,0,0,False,[],霖瀚生物
2024-03-31,季报,2024-04-30,无保留意见,False,454546225.11625636,281312563.35924816,173233661.7570082,0.6188865902192866,160253646.67824334,1.076610039641736e-07,2701789.2052460727,6883907.904224568,40081775.914636515,34374344.25348432,327318.3757826292,224430576.26793468,40000000,4.330841543925205,-29433387.29228576,-25503288.458702832,5748411.647112902,-1835943.2569202445,-0.04589858142300612,-1624430.5734454987,-23595477.375990372,-81575771.79664652,959070.990080173,-104212178.18255672,-0.030306002237140243,0.8064222305362605,-0.03565372998303621,-0.02859946821476123,2021-12-13,2024-05-31,False,False,False,False,False,0.0,0,0,False,[],霖瀚生物
2024-06-30,半年报,2024-08-27,非标准无保留意见,False,399158462.03176194,222011333.99115914,177147128.0406028,0.5561984903466564,149216161.90962926,9.682088242244214e-08,2901772.7808288136,6540184.608005745,41414677.91889386,34700888.760152236,321050.1863083429,223367601.2675028,40000000,4.42867820101507,-32159763.474342156,-27838260.062484782,17441255.974089485,-3894823.1172234267,-0.09737057793058566,-3335673.719688495,-8600389.744715696,-70983296.17793263,762532.4754128094,-78821153.44723551,0.02259068037875899,-0.1357736847854232,-0.06268809987263024,-0.11971411511354378,2021-12-13,2024-10-10,False,False,False,False,True,0.0,0,0,False,[],霖瀚生物
2024-09-30,季报,2024-10-27,无保留意见,False,472300037.2492347,274454640.87418026,197845396.37505442,0.5811023062218168,137671084.03259733,1.0139222106156384e-07,2438408.9599742126,6912569.5043977555,36047203.646704875,34587065.79928461,307367.53318168165,228130886.52473733,40000000,4.946134909376361,-37004754.795217805,-32175067.51706861,25596508.897123113,-6921416.1726795025,-0.17303540431698755,-6195439.220834037,-74225535.72396775,-85162783.6699321,1021098.4094798375,-158367220.98442003,0.11684224612271159,-0.23094637199699017,0.024903815875160516,-0.03908148662534612,2021-12-13,2024-12-16,False,False,False,True,True,0.0,0,0,False,[],霖瀚生物
2024-12-31,年报,2025-03-30,无保留意见,False,426312976.04421717,222104472.98723027,204208503.0569869,0.5209892390519063,134066928.93583056,9.11547841003708e-08,2496227.8313521286,6424308.557217896,36486035.98872801,32526749.288161885,314103.96311866044,217385127.45671162,40000000,5.105212576424672,-41881022.91504099,-36453903.14066091,13797832.031445986,-6966097.314033121,-0.17415243285082802,-6112622.3194175735,-73005374.5778572,-75681347.49058005,764944.9809182206,-147921777.08751902,0.03216201538432563,-0.004433275757701016,-0.06011306716991053,0.15206041413463206,2021-12-13,2025-05-06,False,False,False,True,False,0.0,0,0,False,[],霖瀚生物
2017-03-31,季报,2017-04-30,无保留意见,False,250378572.15341574,75715478.54238988,174663093.61102587,0.3024039872549331,111771483.06920081,30335561.195788093,2100.220435892951,0.031189250550379858,15910829.230288597,13898.858972922118,19522272.284866665,184847813.16211557,40000000,4.366577340275647,-4599789.113779388,-4157204.3611254613,25986957.24011349,-6571127.305399127,-0.16427818263497818,-5938863.373036373,43331387.121413626,-26430017.77612759,-36411831.618134975,-19510462.27284894,-0.0296494799387452,-0.42061818363328485,0.002403987254933102,-0.0580398010946627,2021-10-05,2017-05-20,False,False,False,False,False,0.0,0,0,False,[],琬琯农业
2017-06-30,半年报,2017-08-27,无保留意见,False,254524352.33392477,57138213.3986517,197386138.93527308,0.22449016321899473,115756043.08713938,29181044.11475911,1768.9649217204321,0.03076752000284225,16045548.675698174,13793.087339519061,18547046.739890434,176659973.13013405,40000000,4.934653473381827,-9945642.836649738,-9137158.682804935,28343432.30974696,-7636933.889814785,-0.1909233472453696,-7114220.459542107,18518514.00724051,-24333801.719874382,-35598202.894670196,-41413490.60730407,0.13009643224831083,-0.10219767904228368,-0.07791382403593836,-0.025300040634362225,2021-10-05,2017-09-07,False,False,False,False,False,0.0,0,0,False,[],琬琯农业
2017-09-30,季报,2017-10-27,无保留意见,False,280253925.0494446,69810457.23292442,210443467.8165202,0.24909716151382325,128813684.69663404,32972842.33274863,2115.8886839599213,0.03390559712909267,14953687.066127973,14879.094606589573,19708734.82664885,200066695.35407576,40000000,5.261086695413005,-13859058.136924297,-12702367.139035607,5862676.429304966,-5590593.286106512,-0.1397648321526628,-5093154.937472389,14172222.060088243,-25920308.794050828,-40757275.08468637,-52505361.81864895,0.06615119456553564,0.21855453968035607,0.024606998294828514,-0.012907283683736018,2021-10-05,2017-11-19,False,False,False,False,False,0.0,0,0,False,[],琬琯农业
2017-12-31,年报,2018-03-30,无保留意见,False,281057630.2719203,56211526.05438406,224846104.21753624,0.2,135701385.16195503,32590628.86073379,1953.5414923914661,0.03461265026045353,17982812.208318952,16304.153101116572,20794671.6037083,203331417.610276,40000000,5.6211526054384064,-17258177.702545036,-15896883.031947447,17562701.427585658,-4855885.093743913,-0.12139712734359782,-4563594.1327312,44964018.65745174,-29481954.68386744,-41088710.98160013,-25606647.008015826,0.06843945573817145,0.0643949515331002,-0.08190555450745501,0.04067760048643548,2021-10-05,2018-04-19,False,False,False,False,False,0.0,0,0,False,[],琬琯农业
2018-03-31,季报,2018-04-30,无保留意见,False,280346206.5654675,56069241.31309349,224276965.25237396,0.2,118149618.60169697,29432775.35014499,1770.6995237657036,0.03141058862985446,16344963.74263471,13419.496580618972,19193503.480425846,182438952.73016474,40000000,5.606924131309349,-21142340.204565026,-19611336.695199955,10161019.94237977,-5548803.57431427,-0.13872008935785676,-5306362.376075011,35144295.91521985,-31161194.821816288,-38639080.03469101,-34655978.94128745,-0.0025312378310616774,-0.05705796477711178,-0.01698469313582876,0.14444008602689323,2021-10-05,2018-06-14,False,False,False,False,False,0.0,0,0,False,[],琬琯农业
2018-06-30,半年报,2018-08-27,无保留意见,False,289588144.46770376,57917628.89354076,231670515.57416302,0.2,120580369.73331885,30375258.610176887,1978.3949051271343,0.03301070161489579,15681038.886927208,14649.187120533034,20917539.19590147,199468549.78951737,40000000,5.791762889354075,-21014173.402187835,-19489168.714072485,880497.5996205627,183095.43196741492,0.004577385799185373,174525.68732495702,19019934.0432842,-30182415.114296485,-42414335.88138657,-53576816.95239885,0.03296616000430212,0.5005502301423009,-0.004469125773759726,-0.0466198357279967,2021-10-05,2018-10-19,False,False,False,False,False,0.0,0,0,False,[],琬琯农业
2018-09-30,季报,2018-10-27,无保留意见,False,332671961.6689105,72233285.15975904,260438676.5091515,0.21713066769254427,134856993.12301102,35316859.19424995,2339.452380714828,0.03769353156299954,17818756.38973277,16792.78826500133,24071480.5851622,221188157.9362369,40000000,6.5109669127287875,-16358293.694459353,-15241601.020316033,28362174.88324121,6651256.725326404,0.1662814181331601,6067953.848223505,56822608.49307206,-33922893.508697994,-42438205.77048225,-19538490.78610818,0.12417704887344254,0.37642584940345647,0.07139287959576451,0.07221613646691855,2021-10-05,2018-11-23,False,False,False,False,False,0.0,0,0,False,[],琬琯农业
2018-12-31,年报,2019-03-30,无保留意见,False,372841212.57877743,93788769.063333,279052443.51544446,0.25155150744907634,171038080.76338473,43530684.027542435,2870.8846972651013,0.042664910741115336,23057073.109974235,20812.12841705716,27424479.46391122,258393852.04581413,40000000,6.976311087886112,-13960054.184847387,-12935990.754739048,0.0,3426056.442302808,0.08565141105757021,3293728.950824265,27594743.77090829,-38450953.9694439,-52516795.192645185,-63373005.3911808,0.07147082474764033,-0.13636485876752424,0.03442083975653209,0.008791441069138888,2021-10-05,2019-05-14,False,False,False,False,False,0.0,0,0,False,[],琬琯农业
2019-03-31,季报,2019-04-30,无保留意见,False,411386981.6972374,111422734.92169873,299964246.7755386,0.2708465262123947,190956690.30455738,49003086.28402049,2919.4942559865244,0.04921192672066642,26658213.407587294,21718.88156228826,32874928.029509116,296169484.21011513,40000000,7.499106169388465,-13261584.74684231,-12282697.722779976,1080369.8011359354,997813.4828643948,0.02494533707160987,933275.75994153,4752729.732077995,-42228326.03294795,-55602762.2465032,-93078358.54737315,0.07493861367652485,-0.11887967539389876,0.019295018763318326,0.08758487614832842,2021-10-05,2019-05-11,False,False,False,False,False,0.0,0,0,False,[],琬琯农业
2019-06-30,半年报,2019-08-27,无保留意见,False,416496968.67948693,106172870.97054596,310324097.708941,0.2549187123910396,173636695.07681355,45613807.94437279,2693.9469622499187,0.04564676385600503,24653373.954262625,20946.9590306334,28154266.312306616,273103700.6560483,40000000,7.758102442723525,-12635965.712606229,-11768952.010454124,3708402.2667515003,893741.4774801172,0.02234353693700293,733922.4461797884,38608518.65640758,-42130154.41531134,-61106459.228815414,-64628094.98771917,0.034536952469387414,-0.005782480493164688,-0.015927813821355136,-0.02023212069501396,2021-10-05,2019-10-06,False,False,False,False,False,0.0,0,0,False,[],琬琯农业
2019-09-30,季报,2019-10-27,无保留意见,False,411540967.0319336,112659699.76626171,298881267.2656719,0.27375087486131083,176188804.5803943,44657095.556983136,2911.3983582651317,0.04683988379963563,24210989.473044507,22448.430961010014,29780571.385772843,282337141.19702375,40000000,7.4720316816417975,-8658061.355117682,-7920464.5671837395,6843762.6726484485,5682720.510697924,0.1420680127674481,5497839.204671978,57091553.56686319,-44112593.95548862,-57463079.71361278,-44484120.102238216,-0.036873805572139345,0.2676343032699393,0.018832162470271255,0.18572620064066095,2021-10-05,2019-11-25,False,False,False,False,False,0.0,0,0,False,[],琬琯农业
2019-12-31,年报,2020-03-30,保留意见,False,547570982.1727593,179251896.11141148,368319086.0613478,0.32735828220871155,211646825.96108708,58063752.84885965,3709.869633268199,0.06496007864851452,32077376.115723524,27796.879300796176,35532268.989299394,364072389.83570975,40000000,9.207977151533695,-5959532.720303451,-5242185.47440071,7178649.364712794,3855040.906877473,0.09637602267193683,3826112.989690042,90207680.88700151,-58213393.428056285,-81616882.44707794,-49622594.988132715,0.23232576411004513,-0.0805758552180042,0.053607407347400715,0.09566609501900045,2021-10-05,2020-05-01,False,False,False,False,False,0.0,0,0,False,[],琬琯农业
2020-03-31,季报,2020-04-30,无保留意见,False,526584504.09939265,151973143.20052284,374611360.8988698,0.2886016242738468,248328325.346563,61339134.32421324,3702.2027900335215,0.05659688300093732,32658288.12988625,27774.695400707325,39995226.34701038,362825282.58151996,40000000,9.365284022471746,-5016607.316053739,-4407799.468757994,1128528.419162238,1347036.2917853035,0.03367590729463259,1191980.0080610244,83323097.97511235,-56853847.08492132,-74113556.6124351,-47644305.72224408,0.017083759912658838,-0.12025891611965576,-0.03875665793486474,-0.0413484156665581,2021-10-05,2020-06-04,False,False,False,False,False,0.0,0,0,False,[],琬琯农业
2020-06-30,半年报,2020-08-27,保留意见,False,436224336.88436496,104476993.51989934,331747343.36446565,0.2395028995083194,196046432.59958088,54873025.4872948,3503.5493368878924,0.050121172558979674,26911399.181230064,24068.036952485985,32819443.43913619,318549046.00729245,40000000,8.29368358411164,1710686.6008903428,1636582.8225012675,20416171.720581528,9610419.881348688,0.2402604970337172,8634831.844656087,67388158.48154129,-45532414.921338245,-62461219.3060714,-40605475.745868355,-0.11442263104768921,0.45039337461076656,-0.04909872476552738,0.12572577838968083,2021-10-05,2020-09-06,False,False,False,False,False,0.0,0,0,False,[],琬琯农业
2020-09-30,季报,2020-10-27,保留意见,False,392046293.80504173,85814693.53007422,306231600.2749675,0.21888918448174002,179741255.8809564,45515626.21004846,2858.6009272870906,0.05002961869046422,23252678.919362437,22383.122637711967,28487916.07640933,280227668.998589,40000000,7.655790006874187,4551487.598009249,4157518.052032811,6945343.364363436,4058287.138741296,0.10145717846853239,3601336.0421879194,25199852.375928596,-37544937.75597238,-54927947.43809263,-67273032.81813641,-0.0769131798637072,-0.20864506337605349,-0.020613715026579375,-0.10331632375882821,2021-10-05,2020-11-18,False,False,False,False,False,0.0,0,0,False,[],琬琯农业
2020-12-31,年报,2021-03-30,无保留意见,False,452588046.11245435,111352942.57779603,341235103.5346583,0.24603597804730398,220322283.0141963,58123098.2517102,3307.3209281663953,0.06007195394275402,30119488.10221668,25391.61862225784,32355167.042291917,337924591.0912484,40000000,8.530877588366458,8633838.258221496,7696412.3326618,18951222.602189682,5831929.514588922,0.14579823786472307,5055563.2580414135,61069261.18269195,-48125518.2322202,-61917002.047244355,-48973259.09677261,0.11430402097060188,0.08422538662152745,0.02714679356556396,0.017693147374437772,2021-10-05,2021-04-17,False,False,False,False,False,0.0,0,0,False,[],琬琯农业
2021-03-31,季报,2021-04-30,非标准无保留意见,False,444292642.9742931,88858528.59485862,355434114.37943447,0.2,214747341.14208284,46679043.624797426,3338.8181412213753,0.05678427207368683,27356465.69339169,24771.878932234653,33030562.455783434,315445710.9098633,40000000,8.885852859485862,14850652.685666006,12774071.142734664,29904152.092611354,8881163.467777874,0.22202908669444685,7253798.300104092,27571897.848001067,-51509414.183292404,-71233778.03235948,-95171294.36765082,0.04161063940285368,0.13355130372317356,-0.06261775740125891,0.012048198616085009,2021-10-05,2021-06-17,False,False,False,False,False,0.0,0,0,False,[],琬琯农业
2021-06-30,半年报,2021-08-27,无保留意见,False,467498411.0805795,93499682.2161159,373998728.8644636,0.2,186439210.56621206,49718293.02603399,3001.74413403028,0.04808537537220043,25069846.108201157,20903.354765251097,28311203.258355435,291884287.1404921,40000000,9.34996822161159,25066780.78812025,21936488.60967315,13887544.428737642,14594468.71779178,0.3648617179447945,13089167.809912125,46975623.714407235,-53180281.36744216,-73562094.5873139,-79766752.24034883,0.052230817847751417,0.22075148426487812,-0.08129927303166141,-0.004303923338105619,2021-10-05,2021-09-28,False,False,False,False,False,0.0,0,0,False,[],琬琯农业
2021-09-30,季报,2021-10-27,无保留意见,False,421458809.5754043,84291761.91508086,337167047.66032344,0.2,189614911.05441466,44599532.32667074,2811.7230836683507,0.051019915502530454,26071390.704962913,22501.682611930362,31517114.329721,298444586.39850545,40000000,8.429176191508086,41527049.517360725,38028093.47713005,63711053.94242957,23514669.613200672,0.5878667403300168,22988006.953509856,68371985.20455153,-44221548.03987245,-59444447.65066355,-35294010.48598447,-0.0984807657394148,0.28233425841358323,-0.0382495209224037,0.06433058421897876,2021-10-05,2021-11-09,False,False,False,True,False,0.0,0,0,False,[],琬琯农业
2021-12-31,年报,2022-03-30,无保留意见,True,440122836.0040214,88024567.20080428,352098268.8032171,0.2,223210834.16356593,58492832.59192079,3579.3031209026753,0.055338081151029644,30108242.703949187,28612.174268701525,34605873.9021233,343769090.4571846,40000000,8.802456720080428,55154060.676053345,50589972.29435899,10066708.282521483,19467158.798132323,0.48667896995330806,17945541.167469922,17901088.06604757,-47923515.82681117,-64947214.77570083,-94969642.53646442,0.04428434286952022,-0.09990235274557378,-0.03930599679542043,0.02602464412991512,2021-10-05,2022-05-11,True,True,False,False,True,10409317.257583207,4,0,True,"['结合前述财务报表列报项目的具体情况说明现金分红方案确定的依据及未来增强投资者回报的规划', '公司在相应期间是否按照中国证券监督管理委员会相关规定为中小股东参与现金分红决策提供了便利']",琬琯农业
2022-03-31,季报,2022-04-30,无保留意见,False,501233065.6934359,100246613.13868718,400986452.5547487,0.2,220583207.05744126,62669558.89422655,4278.443713624116,0.06349037707420231,33368806.677710876,30350.034155110963,41613115.51873108,385812280.68870634,40000000,10.024661313868718,81007120.70081612,74762574.31439243,181423790.38775027,36932942.89251827,0.9233235723129567,34532288.60004776,93485135.39108841,-52523176.1537794,-74441416.80731668,-33479457.570007667,0.13884812304730337,0.47894556828706014,-0.009332758290975195,0.10964607878170135,2021-10-05,2022-05-21,False,False,True,False,False,0.0,0,0,True,"['充分披露高送转的主要考虑及其合理性且送转股后每股收益不低于0.5元', '根据公司盈利能力、融资能力及其成本、偿债能力及现金流等情况披露现金分红方案的合理性，是否导致公司营运资金不足或者影响公司正常生产经营', '上市公司控股子公司向母公司实施利润分配的情况', '结合前述财务报表列报项目的具体情况说明现金分红方案确定的依据及未来增强投资者回报的规划']",琬琯农业
2022-06-30,半年报,2022-08-27,无保留意见,False,503573338.8427142,100714667.76854284,402858671.07417136,0.2,208926611.624656,59154550.892114654,3657.67796540322,0.05866352459935955,28400064.82249788,27650.08130594374,32245243.082116447,345596526.89207834,40000000,10.071466776854285,78652565.82186295,72630495.17285581,13388599.33704217,-3363649.8270759545,-0.08409124567689887,-3045827.345052315,80247856.20212334,-49153309.712350726,-66219939.10992421,-35125392.620151594,0.004669031852558904,-0.7471610217877482,-0.041016970009831386,0.006734884470471945,2021-10-05,2022-10-12,False,False,False,True,False,0.0,0,0,False,[],琬琯农业
2022-09-30,季报,2022-10-27,无保留意见,False,564910981.5201325,112982196.30402651,451928785.21610606,0.2,242592212.62722966,61436949.44183688,3621.700798028779,0.06549958986862424,30157832.012810558,28917.217331653315,36764355.440811075,370236384.6737376,40000000,11.298219630402652,80448873.47033903,74222733.1096406,1334821.0857673206,2566153.783537239,0.06415384458843097,2274625.623978277,99655797.5401185,-55381032.715751134,-85011289.48905572,-40736524.664688356,0.12180478581010917,0.434852694116586,-0.035729809928372394,0.023485683160860304,2021-10-05,2022-12-02,True,False,False,False,True,1539159.522113861,0,0,True,"['根据公司盈利能力、融资能力及其成本、偿债能力及现金流等情况披露现金分红方案的合理性，是否导致公司营运资金不足或者影响公司正常生产经营', '上市公司控股子公司向母公司实施利润分配的情况', '是否影响偿债能力、过去十二个月内是否使用过募集资金补充流动资金以及未来十二个月内是否计划使用募集资金补充流动资金等内容']",琬琯农业
2022-12-31,年报,2023-03-30,无保留意见,False,610109267.9978218,122021853.59956436,488087414.39825743,0.2,295220749.3690237,77543698.18323064,4716.332092919834,0.0760145190372279,38911648.61077844,35393.786184843455,48638319.121156275,466295951.2093369,40000000,12.202185359956436,77244806.22559191,71243860.59971747,15548784.830464058,-4577238.921067296,-0.11443097302668238,-4255532.1570330355,6493726.841034967,-64594989.6007727,-87117674.3435916,-145218937.10332933,0.08000957311196906,-0.3650892650457911,-0.08537082330373329,0.228004298754217,2021-10-05,2023-04-21,False,False,False,True,True,0.0,0,0,False,[],琬琯农业
2023-03-31,季报,2023-04-30,无保留意见,False,712319749.184834,142463949.8369668,569855799.3478673,0.2,294621510.2011642,77134561.8069435,5313.227393911362,0.08156287321046347,42421951.70268142,37847.712594775825,47729577.54598067,502915635.06397235,40000000,14.246394983696682,79496405.70416196,73224788.63543816,6509190.025823695,3216570.683671493,0.08041426709178733,2829897.1938866945,60726040.79046765,-69753710.7799806,-107944497.08838186,-116972167.0778948,0.16752815691922443,0.6273814295564306,0.03190445097107494,-0.07582047306965392,2021-10-05,2023-05-21,True,False,True,False,False,3448686.609827019,0,8,True,['结合所处行业特点、发展阶段和自身经营模式、盈利水平、偿债能力、资金需求等因素，未进行现金分红或现金分红水平较低原因的说明'],琬琯农业
2023-06-30,半年报,2023-08-27,无保留意见,True,707000607.2501887,141400121.45003775,565600485.800151,0.2,303285072.5900052,78025816.60335764,5207.842603972157,0.08172934792497703,37154976.56063083,39212.081325305226,47180946.085444316,472228120.06503266,40000000,14.140012145003775,89283573.8346662,82153133.34235562,25190134.32135452,13981668.757863224,0.3495417189465806,12754778.152739236,23440661.36792178,-75989358.96418616,-104193295.84297222,-156741993.43923658,-0.007467351481876643,0.5324888302092936,-0.015859859586463358,0.000734723445771433,2021-10-05,2023-10-04,False,True,False,True,False,0.0,4,0,True,"['上市公司控股子公司向母公司实施利润分配的情况', '根据公司盈利能力、融资能力及其成本、偿债能力及现金流等情况披露现金分红方案的合理性，是否导致公司营运资金不足或者影响公司正常生产经营']",琬琯农业
2023-09-30,季报,2023-10-27,无保留意见,False,774824503.2147223,154964900.64294446,619859602.5717778,0.2,386367898.48207206,94663979.95301317,6097.257227910557,0.09866744695923126,49892865.2382495,43639.883120206614,60570361.90830004,583160788.1678818,40000000,15.496490064294445,108689975.6664296,99777295.114084,87764176.1671381,27723431.188233405,0.6930857797058352,25177373.95961199,96129166.07611732,-78620029.2435251,-111971847.81398097,-94462710.98138875,0.09593187794891443,0.4435449406476043,-0.004827785367329522,0.1550162289499119,2021-10-05,2023-12-08,True,True,False,False,False,31536826.230594177,2,0,True,"['是否影响偿债能力、过去十二个月内是否使用过募集资金补充流动资金以及未来十二个月内是否计划使用募集资金补充流动资金等内容', '上市公司控股子公司向母公司实施利润分配的情况', '根据公司盈利能力、融资能力及其成本、偿债能力及现金流等情况披露现金分红方案的合理性，是否导致公司营运资金不足或者影响公司正常生产经营']",琬琯农业
2023-12-31,年报,2024-03-30,无保留意见,False,852414619.0917622,170482923.81835243,681931695.2734097,0.2,364108560.2915219,91041749.38306902,5595.700733669223,0.10395637709045814,49187686.56802934,43721.06578125474,57862245.388004586,592417788.045805,40000000,17.048292381835243,142326036.5148226,131696907.32169479,43392133.05368997,48051515.497704305,1.2012878874426076,45599446.01087256,79246328.20504366,-90314192.83604866,-105758520.26119916,-116826384.89220417,0.10013895476346067,0.4545287284402087,-0.0852780498846084,-0.1716677973045194,2021-10-05,2024-05-13,False,False,False,False,False,0.0,0,0,False,[],琬琯农业
2024-03-31,季报,2024-04-30,无保留意见,False,816261416.040095,163252283.208019,653009132.832076,0.2,407710783.847877,101114247.06424068,5973.946443342788,0.09568262018119926,51943252.41291437,49438.1060029656,57614126.640697725,596317487.3112985,40000000,16.325228320801898,198696868.00366372,185638168.27013895,144444478.58301526,80529759.26977304,2.013243981744326,77058944.2120631,127022565.73105288,-88910936.65664344,-110158556.83412154,-72046927.7597121,-0.04241269710999094,0.49926959462174114,-0.04846422818701759,0.05677244162022447,2021-10-05,2024-06-19,False,True,False,True,False,0.0,3,0,True,['根据公司盈利能力、融资能力及其成本、偿债能力及现金流等情况披露现金分红方案的合理性，是否导致公司营运资金不足或者影响公司正常生产经营'],琬琯农业
2024-06-30,半年报,2024-08-27,无保留意见,False,911312636.5090852,182262527.30181703,729050109.2072681,0.2,382678635.45508033,102615316.23028436,6590.417087929373,0.11104803457544372,56719816.88099725,49830.74334590382,64295986.43934465,642891927.9794728,40000000,18.226252730181702,230271902.0130203,212052017.2625303,91783015.10761726,45107191.441938,1.12767978604845,37734069.98913047,66859487.13494512,-93516615.8744292,-136735170.40544513,-163392299.1449292,0.11644703351300047,-0.3631975316360019,-0.007260953956364081,0.08544969838909477,2021-10-05,2024-09-28,True,False,True,False,True,9012452.437201975,0,5,True,['公司为增强投资者回报水平拟采取的措施'],琬琯农业
2024-09-30,季报,2024-10-27,无保留意见,False,941188955.7440555,188237791.14881107,752951164.5952444,0.2,429601721.8205192,122418777.63299738,6662.812728977908,0.12032775350229048,58369693.191329464,48095.50726099814,67698005.25094657,686775906.642711,40000000,18.82377911488111,271919649.9821039,248736085.02536643,188265788.10093257,59496782.812976524,1.487419570324413,52405811.089765884,26108100.840472586,-95187450.4076106,-136881708.92629623,-205961058.49343425,0.03278383074925414,0.2316896165638226,0.021664713580396823,0.09346387069998442,2021-10-05,2024-11-17,False,False,False,False,False,0.0,0,0,False,[],琬琯农业
2024-12-31,年报,2025-03-30,无保留意见,True,947369328.8272834,189473865.76545665,757895463.0618267,0.2,479374470.05939746,111882054.43797222,7033.060265096818,0.1139220642559539,64609180.987779364,55330.61683412461,74547540.67000578,707824226.9945526,40000000,18.947386576545668,274306721.93426466,250956412.5684124,5206000.541039275,3410102.7888011113,0.08525256972002779,3171896.4900657027,82212692.80520123,-91231581.447724,-114933849.05339284,-123952737.69591561,0.006566559292381349,-0.7331900501135997,0.040875723256445014,0.017236060697078965,2021-10-05,2025-05-07,True,False,False,False,False,449697.6829266864,0,0,True,['结合所处行业特点、发展阶段和自身经营模式、盈利水平、偿债能力、资金需求等因素，未进行现金分红或现金分红水平较低原因的说明'],琬琯农业
2017-03-31,季报,2017-04-30,无保留意见,True,302896174.955167,104976240.15327127,197919934.80189574,0.3465749944475504,82120235.44777301,0.011349703175882011,2966864.4555905974,901922.0383392457,42242033.02498078,390.2621239166722,60856734.03515596,194275334.95874813,40000000,4.947998370047394,4199516.0156742465,3798555.9830722264,19775312.549467605,5999308.593820352,0.1499827148455088,5426508.547246038,37970732.45937638,-4983964.399301578,111217731.22575353,144204499.28582832,0.09955519334386516,0.27773936632335294,0.04657499444755042,0.046229709332324675,2021-10-06,2017-05-10,False,False,False,False,False,0.0,0,0,False,[],曦琮股份
2017-06-30,半年报,2017-08-27,无保留意见,False,335935105.6918163,130214481.77000487,205720623.9218114,0.38761796419533007,101263255.8076063,0.012242213459607782,3010957.2888629604,1060382.8926288,44698699.744005285,433.2166520437011,75895747.1568047,215288797.2608642,40000000,5.143015598045285,10411028.162707496,9374908.735737713,41342643.072339624,8873588.781476073,0.22183971953690182,7966218.218093554,24095199.055598605,-5447643.300047472,126291353.59995481,144938909.35550594,0.03941335736455052,0.12497246062553403,0.04104296974777967,0.00303448181422567,2021-10-06,2017-10-03,False,False,False,False,False,0.0,0,0,False,[],曦琮股份
2017-09-30,季报,2017-10-27,无保留意见,False,315583094.64126515,129105916.16584875,186477178.47541642,0.40910276360845044,104495515.25140004,0.012297355568202417,3313190.4320538375,1105527.6489724552,49571956.93320046,410.94241283235425,72358385.54930925,224822194.24602032,40000000,4.661929461885411,22350927.200281225,20866859.097123608,74025836.1901906,17056998.62510533,0.4264249656276332,16417071.944836993,55993101.71451235,-4860030.316431167,129802341.51980487,180935412.91788605,-0.09354164438908599,0.3162842971937502,0.02148479941312036,0.17329872282894643,2021-10-06,2017-11-15,False,False,False,False,False,0.0,0,0,False,[],曦琮股份
2017-12-31,年报,2018-03-30,非标准无保留意见,False,319224653.15006334,117264836.194644,201959816.95541933,0.36734266930041687,96548273.25365584,0.011927083324113762,3155144.6745171403,920501.6048356496,45021759.476559594,378.23552199033065,65941088.54688199,205011740.95326844,40000000,5.048995423885484,32761144.914240975,29603230.848857556,68035514.19700468,14871739.591371074,0.37179348978427684,12480531.073905643,13683597.167019645,-5462529.700134523,123442517.65899646,131663585.12588158,0.08302698810966833,-0.06416475678873772,-0.041760094308033555,-0.05126588861425505,2021-10-06,2018-04-29,False,False,False,False,False,0.0,0,0,False,[],曦琮股份
2018-03-31,季报,2018-04-30,无保留意见,False,342616724.9036813,135097335.47168297,207519389.43199834,0.3943103930774612,107334571.68080051,0.013845788438965296,3665338.4675550708,1142879.5356550722,53056897.68851096,409.33970044983454,77010837.95664762,241243108.89193684,40000000,5.187984735799959,39432165.66228941,36184470.277018346,35124428.60366816,9530029.640069194,0.23825074100172985,9401770.611658273,24008567.915581938,-5632013.10529254,137809905.11774558,156186459.92803496,0.027528112078880847,-0.16760020067270168,0.026967723777044334,0.019372124328817793,2021-10-06,2018-05-13,False,False,False,False,False,0.0,0,0,False,[],曦琮股份
2018-06-30,半年报,2018-08-27,无保留意见,False,402588505.8263805,178800318.11387354,223788187.71250692,0.4441267336901631,119137417.06203221,0.015777362688925003,4150304.048300322,1140386.0223636047,58701153.643223636,473.80347082923356,85103358.04778545,259912296.03298774,40000000,5.594704692812673,41693509.11448756,38235427.86888392,11012469.070940012,3230490.645997353,0.08076226614993383,2929939.416950825,8670520.974110078,-6191168.110077473,159745804.17954004,162225157.04357263,0.07839652152523167,-0.23744937640617778,0.04981634061270188,-0.03536806337493228,2021-10-06,2018-10-16,False,False,False,False,False,0.0,0,0,False,[],曦琮股份
2018-09-30,季报,2018-10-27,无保留意见,False,387483424.7815187,156479623.9200153,231003800.86150342,0.4038356582820177,108875616.18815653,0.01579935471771516,3840481.749584801,1290788.6579706417,58761291.215645544,439.88427827275507,81967417.42750737,263941109.84782794,40000000,5.775095021537585,40769729.370228045,37383655.96875892,978895.6850867672,-1319685.3489421569,-0.032992133723553925,-1216817.000178586,53250659.87841492,-6138171.645210311,146343292.30384907,193455780.53705367,0.03224304742244119,-0.2249167395176236,-0.040291075408145416,-0.03285182425485524,2021-10-06,2018-12-20,False,False,False,False,False,0.0,0,0,False,[],曦琮股份
2018-12-31,年报,2019-03-30,无保留意见,False,394885618.03631425,154352362.516703,240533255.51961127,0.39087866325511134,111312941.15691853,0.015736442178747357,3386946.289116281,1236491.0516490187,52577790.33190959,473.04537996637634,70576504.58103055,249883645.24384406,40000000,6.013331387990282,38455992.51104167,35186416.77459904,2153199.795654352,-3305338.3702662494,-0.08263345925665623,-3138913.1345141097,20031269.164767805,-6524197.837211141,159611784.8261533,173118856.15370998,0.04125237170370697,-0.12663349336488824,-0.012956995026906325,0.07794220693198123,2021-10-06,2019-05-13,False,False,False,False,False,0.0,0,0,False,[],曦琮股份
2019-03-31,季报,2019-04-30,非标准无保留意见,False,431742420.49128896,188701973.86949039,243040446.62179857,0.4370707276221835,139382254.12240085,0.017846079080708482,4238823.339025778,1347004.9779627514,63240337.126740165,574.356645593784,88774816.78501302,289725132.91733736,40000000,6.076011165544965,45908934.24465482,41432117.12648364,33662110.083290525,10647059.619447358,0.26617649048618397,8922429.074120864,15315352.185798712,-7401832.101885655,159876893.33693302,167790413.42084607,0.010423469705971241,1.0188202065117302,0.046192064367072176,0.04187370481016888,2021-10-06,2019-05-25,False,False,False,False,False,0.0,0,0,False,[],曦琮股份
2019-06-30,半年报,2019-08-27,保留意见,False,458885346.3277092,215294618.47099823,243590727.856711,0.46916865006460096,132057112.3985258,0.019348768146915322,4495995.7962224865,1464715.6850945356,72449047.30465502,551.9673817920742,100985331.904939,300373268.2672582,40000000,6.089768196417775,52360073.128396615,47357817.16418789,27898922.582949523,9215912.691059701,0.23039781727649253,8465285.768148925,32379686.51931455,-7138183.591599857,173639558.93596083,198881061.86367553,0.0022641549691056135,-0.05176488740889343,0.03209792244241746,0.05197044549801867,2021-10-06,2019-09-29,False,False,False,False,False,0.0,0,0,False,[],曦琮股份
2019-09-30,季报,2019-10-27,无保留意见,False,397831793.0927724,190654928.8408878,207176864.2518846,0.4792350238243227,122378241.37283266,0.017157658716229967,4042636.702921394,1370631.7994821991,57163977.13042811,502.48433494767494,81169107.991629,269920376.0295228,40000000,5.179421606297115,52611775.497972764,47575431.644856624,1740587.182493377,359574.8136802204,0.00898937034200551,310877.8295267513,22141916.9503774,-7140311.549484924,150771301.2447519,165772906.64564437,-0.1494878886615354,-0.3378229849079304,0.010066373759721735,0.01018168921734215,2021-10-06,2019-12-19,False,False,False,False,False,0.0,0,0,False,[],曦琮股份
2019-12-31,年报,2020-03-30,无保留意见,False,391973316.1087117,202848372.53398445,189124943.5747273,0.5175055652965048,130414384.26029134,0.016318606787725724,4042171.7386867166,1144001.4646363123,65785499.28022386,527.888514827229,90164698.4041457,280487161.68436503,40000000,4.728123589368183,50629760.64504065,45889788.444354676,13708923.818981782,-2831449.7899030186,-0.07078624474757547,-2408061.7150027757,70446104.03564696,-6514967.7960401755,163928378.47603667,227859514.71564347,-0.08713289846500372,-0.183819283469348,0.038270541472182125,-0.05579341471683906,2021-10-06,2020-05-13,False,False,False,False,False,0.0,0,0,False,[],曦琮股份
2020-03-31,季报,2020-04-30,无保留意见,False,408536709.9478222,204790213.52304706,203746496.42477518,0.5012773847158132,122238305.48457286,0.01684201364314154,4168875.0800088746,1342283.1556939888,55939615.05603107,535.901763159826,82074878.8371604,273721399.5231086,40000000,5.0936624106193795,50189694.82401029,45512895.586715065,3119821.042487181,-628665.458614815,-0.015716636465370377,-538418.368056585,42193139.24596724,-6250206.928399759,161495612.32435185,197438544.6419193,0.07731160455982167,0.15546998801037726,-0.016228180580691674,0.07711630777271901,2021-10-06,2020-05-19,False,False,False,False,False,0.0,0,0,False,[],曦琮股份
2020-06-30,半年报,2020-08-27,无保留意见,False,422563018.39654565,200024873.6076968,222538144.78884888,0.4733610488838082,124947409.55866882,0.017365076999961662,4215930.717468019,1325953.624843648,61685934.8875464,538.671977318864,88723054.38280892,283943627.26269954,40000000,5.563453619721222,52998213.01160785,48087962.00720218,18794798.165070638,4012168.8394250907,0.10030422098562727,3678666.3149815868,55511558.71346958,-6425878.994722986,167240285.85566926,216325965.57441586,0.09223053497271656,0.28347318212258826,-0.02791633583200499,-0.1361937642905003,2021-10-06,2020-09-24,False,False,False,False,False,0.0,0,0,False,[],曦琮股份
2020-09-30,季报,2020-10-27,非标准无保留意见,False,485794976.1926978,219700946.494788,266094029.69790983,0.4522503468781042,140666505.86965695,0.02031984510278427,4499581.287317179,1728860.21990572,79496577.93118975,638.1256659153121,109928749.1391451,335964696.5427619,40000000,6.652350742447746,52119620.591714874,47286537.742852345,4860769.226383696,-1255132.028418539,-0.03137830071046348,-1144891.8062140483,29268624.749894682,-7456526.199044031,186739224.29662028,208551322.84747094,0.19572323185487203,-0.25067859049183927,-0.021110702005703978,0.043940764371787434,2021-10-06,2020-11-21,False,False,False,False,False,0.0,0,0,False,[],曦琮股份
2020-12-31,年报,2021-03-30,保留意见,False,659792321.2282561,354108712.9002519,305683608.3280042,0.5366972326095737,198022413.4148698,0.026992280036313734,6649048.899186504,2122683.045961243,103514554.83314851,815.5118255298655,144709454.22628114,445553578.22676134,40000000,7.642090208200105,57795377.2892042,52066626.98489298,10227678.601733288,8108223.853556182,0.20270559633890456,6828698.91720091,92443042.24381617,-11159904.054318668,257085930.33795553,338369068.52745306,0.1487804092224071,0.5946925626099258,0.0844468857314695,0.06264629459921857,2021-10-06,2021-05-07,False,False,False,False,False,0.0,0,0,False,[],曦琮股份
2021-03-31,季报,2021-04-30,无保留意见,False,818478678.3486766,477964102.10783356,340514576.240843,0.5839664669972235,248902583.98045975,0.03315114233113137,8065655.647430504,2723918.302615627,126986993.49632306,1085.3217834435666,187768070.5771787,551219353.0886987,40000000,8.512864406021075,69931852.18209751,63057773.50530544,69611084.87934634,17337821.27556187,0.4334455318890467,15701637.886303509,26277196.20186751,-13465996.606875813,305782310.7397922,318593510.3347839,0.11394450655484455,0.3675926053486437,0.04726923438764986,0.16788160215301004,2021-10-06,2021-05-27,False,False,False,False,False,0.0,0,0,False,[],曦琮股份
2021-06-30,半年报,2021-08-27,无保留意见,False,709029448.0155101,403509186.43315506,305520261.5823551,0.5691007440699815,221797196.54393885,0.029186444912847984,7409666.63709455,2235864.389603406,97494562.27237731,812.364544922948,149755339.56646225,468074901.2643591,40000000,7.638006539558877,76993044.28700444,69952672.95509985,45652682.97840932,10087417.292724188,0.2521854323181047,9849856.356849164,97384165.8401129,-11475078.513267823,267735801.91041294,353644889.237258,-0.10276891827895428,-0.21114921429210676,-0.014865722927242144,0.027830484208263666,2021-10-06,2021-10-12,False,True,True,False,False,0.0,0,8,True,"['公司在相应期间是否按照中国证券监督管理委员会相关规定为中小股东参与现金分红决策提供了便利', '充分披露高送转的主要考虑及其合理性且送转股后每股收益不低于0.5元', '根据公司盈利能力、融资能力及其成本、偿债能力及现金流等情况披露现金分红方案的合理性，是否导致公司营运资金不足或者影响公司正常生产经营']",曦琮股份
2021-09-30,季报,2021-10-27,无保留意见,False,791760057.4575493,469890142.4846341,321869914.97291523,0.5934754324353215,250491440.22014442,0.03373067473943912,8374246.346937838,2606877.027784674,119493905.4640147,1127.6215005519357,182644301.6997909,565945042.4945711,40000000,8.04674787432288,74242526.79417722,67239313.8392149,4960062.101487017,-3929310.7040388808,-0.09823276760097202,-3876227.3084070715,113650444.373046,-14000642.08444411,320443634.5933565,420093436.88195837,0.05351413783780437,-0.5174626966199554,0.024374688365340104,0.0554968651842828,2021-10-06,2021-12-19,False,True,False,False,False,0.0,1,0,True,"['是否影响偿债能力、过去十二个月内是否使用过募集资金补充流动资金以及未来十二个月内是否计划使用募集资金补充流动资金等内容', '根据公司盈利能力、融资能力及其成本、偿债能力及现金流等情况披露现金分红方案的合理性，是否导致公司营运资金不足或者影响公司正常生产经营', '结合所处行业特点、发展阶段和自身经营模式、盈利水平、偿债能力、资金需求等因素，未进行现金分红或现金分红水平较低原因的说明']",曦琮股份
2021-12-31,年报,2022-03-30,无保留意见,False,654172071.0023675,332129870.5194733,322042200.48289424,0.507710257349509,209561597.94902715,0.02648332714187722,6402200.78566156,2044986.089200067,99327750.45292751,834.449990446184,151901383.3322175,445296343.19596624,40000000,8.051055012072355,68164140.57017823,61557309.74443524,35590207.61354397,-8683408.891427146,-0.21708522228567867,-8117148.706828092,14281208.467858007,-11230293.964457816,274166111.4706318,277217025.974032,0.0005352644095162861,-0.36372207155572855,-0.08576517508581254,0.024864986724987364,2021-10-06,2022-04-15,False,False,False,False,False,0.0,0,0,False,[],曦琮股份
2022-03-31,季报,2022-04-30,无保留意见,False,670837415.7253711,349697733.79782635,321139681.9275448,0.5212853749663039,182009186.0977205,0.02497371789380947,5700699.337526343,1812742.9917819782,80035677.3289973,707.7686922564315,131298575.82304852,394412105.47910666,40000000,8.02849204818862,61676019.205802284,55834448.82356167,13329689.261706656,-9268744.806251328,-0.23171862015628322,-8175515.601247963,80210093.76129708,-11038531.413999846,268571405.62905633,337742967.9763536,-0.002802485369917782,-0.0703817113505567,0.013575117616794898,-0.030638759439200858,2021-10-06,2022-06-23,False,False,False,False,False,0.0,0,0,False,[],曦琮股份
2022-06-30,半年报,2022-08-27,保留意见,False,665102736.1678793,344644197.26785046,320458538.9000288,0.5181818966098171,170329023.33664942,0.026959688513590038,6389984.095342305,1976420.4605678224,92316644.67515507,707.875113231846,130881783.79330257,421603782.77172405,40000000,8.01146347250072,55331588.77293702,50169822.14901903,17512539.813212514,-9063472.046950381,-0.22658680117375954,-8092323.82077519,90353978.795028,-11868576.957080694,258844575.81869212,337329977.65663946,-0.002121017942807894,0.026551026212008326,-0.0031034783564869257,0.15413578947927217,2021-10-06,2022-09-13,False,False,False,False,True,0.0,0,0,False,[],曦琮股份
2022-09-30,季报,2022-10-27,无保留意见,False,696659658.0198894,379389470.7465553,317270187.2733341,0.5445836663269569,201638034.49872246,0.025501858745420082,5924967.998463545,1947255.8289473155,93022815.73196766,799.8500143312439,134862815.34422347,419384773.3831724,40000000,7.931754681833352,52751504.82585,47795253.54069459,7333350.336293641,-3685834.210124312,-0.0921458552531078,-3392240.8690349185,74270601.14492096,-11591592.175058734,292016108.3435092,354695117.3133714,-0.009949342082251109,0.6775806585245765,0.02640176971713984,-0.08275852999755824,2021-10-06,2022-11-11,False,False,True,False,False,0.0,0,1,True,['充分披露高送转的主要考虑及其合理性且送转股后每股收益不低于0.5元'],曦琮股份
2022-12-31,年报,2023-03-30,无保留意见,False,849765699.2264556,528337202.07460564,321428497.1518499,0.621744561536848,237266455.68012866,0.03440949466511552,7937618.680314361,2545232.1537310546,120374719.26969855,1017.7441858705005,177563573.93116474,558983636.217173,40000000,8.035712428796248,48609070.058850534,44264759.07730307,15912045.486201888,-5917763.952856369,-0.14794409882140924,-5043563.519130752,31631243.101701584,-13831453.833314268,351002399.4542559,368802188.7226432,0.013106525747827034,-0.1676357180732461,0.07716089520989115,0.057072577599184264,2021-10-06,2023-04-11,False,False,True,False,False,0.0,0,1,True,['结合所处行业特点、发展阶段和自身经营模式、盈利水平、偿债能力、资金需求等因素，未进行现金分红或现金分红水平较低原因的说明'],曦琮股份
2023-03-31,季报,2023-04-30,保留意见,False,841111970.1122749,484794076.50291544,356317893.60935944,0.5763728180425292,259772149.61577842,0.03276878369765145,8703980.176139718,2879535.5735642207,119803351.77420872,1114.3416748311474,195264261.90557727,586310451.7368107,40000000,8.907947340233987,43520250.63267196,39357660.75952328,34792056.408953324,-7269742.037397964,-0.1817435509349491,-7010140.453971118,32852185.538428098,-14523365.488772629,353411364.2142499,371740184.2639054,0.10854481406179411,-0.12199506298099977,-0.04537174349431887,0.13462165033458448,2021-10-06,2023-06-10,False,True,False,False,False,0.0,2,0,True,['公司在相应期间是否按照中国证券监督管理委员会相关规定为中小股东参与现金分红决策提供了便利'],曦琮股份
2023-06-30,半年报,2023-08-27,无保留意见,False,1022675012.1606604,640862416.81611,381812595.3445504,0.6266530512583128,300482895.31753224,0.038711791081537224,9943370.752029011,3106349.4910126585,140422415.14996934,1315.2207542748915,210389637.1889948,671181756.3733981,40000000,9.54531488361376,38371633.1336187,35226562.52775744,6555718.487565166,-7355167.8557903785,-0.18387919639475947,-5901568.902522621,116181776.65144409,-14867583.574145006,407169395.7474894,508483588.82478845,0.07155043906703541,-0.00877939914036664,0.050280233215783655,0.12282057459064662,2021-10-06,2023-10-25,False,False,False,True,True,0.0,0,0,False,[],曦琮股份
2023-09-30,季报,2023-10-27,无保留意见,False,806512555.1057194,410511566.8951508,396000988.21056867,0.5089958789808796,236178540.62773755,0.03055144128697027,7978190.890939585,2680708.570338144,109312980.83107327,991.1343240198127,170935143.8345772,525150084.4739392,40000000,9.900024705264217,30991133.414077472,28632758.64079726,33532104.550300132,-10543571.027916038,-0.26358927569790097,-9419719.838514552,33178761.49412888,-13642577.759474993,307021984.118552,326558167.8532059,0.03716062025982834,-0.3305815098129885,-0.11765717227743316,-0.04532649684501303,2021-10-06,2023-12-07,False,False,False,False,False,0.0,0,0,False,[],曦琮股份
2023-12-31,年报,2024-03-30,无保留意见,True,1075390211.7688017,653621447.0059721,421768764.7628295,0.6077993270283684,308298727.09623677,0.04233662848548589,10414001.869081935,3564339.2728310614,152168159.63400242,1347.5413028286398,216355318.94374523,707193858.8081921,40000000,10.544219119070737,24409953.852362838,22882334.536890455,34330954.76739907,-9401685.088163763,-0.2350421272040941,-8214891.577009721,179184779.64077806,-17713315.72959541,420741017.003848,582212480.9150307,0.06506998042782439,0.17686029610013723,0.09880344804748867,0.044650556679787685,2021-10-06,2024-04-16,False,False,False,False,False,0.0,0,0,False,[],曦琮股份
2024-03-31,季报,2024-04-30,无保留意见,False,986153256.9687464,559494750.6413189,426658506.32742745,0.5673507101331317,297142896.57704735,0.04293894663495334,9610032.37713925,3426489.8839356224,140721850.00439268,1299.4298335763467,225906271.53247288,672840276.4838719,40000000,10.666462658185687,19620859.494367547,18531230.05141834,3819274.374176221,-6841563.368564699,-0.17103908421411748,-6215863.550674451,113512344.37643367,-15391314.131310478,366492824.2719664,464613854.5170896,0.011593417941576457,0.3369328264627529,-0.0404486168952366,-0.015856776257046106,2021-10-06,2024-06-17,False,False,True,False,False,0.0,0,8,True,"['结合前述财务报表列报项目的具体情况说明现金分红方案确定的依据及未来增强投资者回报的规划', '根据公司盈利能力、融资能力及其成本、偿债能力及现金流等情况披露现金分红方案的合理性，是否导致公司营运资金不足或者影响公司正常生产经营', '结合所处行业特点、发展阶段和自身经营模式、盈利水平、偿债能力、资金需求等因素，未进行现金分红或现金分红水平较低原因的说明']",曦琮股份
2024-06-30,半年报,2024-08-27,无保留意见,False,953743208.7166748,539017400.4081028,414725808.308572,0.5651598831653928,270742465.9256237,0.03828183370256644,8871753.413903309,3067995.057066602,120052230.57190172,1059.2272541201244,189001943.8676299,605802415.3145763,40000000,10.3681452077143,11452481.27815583,11269684.464062683,23354428.050532065,-11669111.737445313,-0.2917277934361328,-10373636.553365225,25435768.202131286,-15674529.839563826,372953683.64997435,382714922.01254183,-0.02796779588802575,-0.47522552377220695,-0.0021908269677388954,0.027831281501505958,2021-10-06,2024-10-19,False,False,True,False,False,0.0,0,5,True,"['结合所处行业特点、发展阶段和自身经营模式、盈利水平、偿债能力、资金需求等因素，未进行现金分红或现金分红水平较低原因的说明', '根据公司盈利能力、融资能力及其成本、偿债能力及现金流等情况披露现金分红方案的合理性，是否导致公司营运资金不足或者影响公司正常生产经营', '是否影响偿债能力、过去十二个月内是否使用过募集资金补充流动资金以及未来十二个月内是否计划使用募集资金补充流动资金等内容']",曦琮股份
2024-09-30,季报,2024-10-27,非标准无保留意见,False,832076306.9493752,422750483.5926753,409325823.35669976,0.5080669646064038,266516038.47824606,0.035966422196236164,8791736.594062347,2598837.0048819287,131816079.89518498,1020.9379960267834,185380586.1850307,581214863.9034263,40000000,10.233145583917494,2232815.7588529172,3163760.9633943643,14972493.593343534,-13170950.741861304,-0.3292737685465326,-11579890.715240456,26716761.776289567,-14487165.995737929,315780658.71339124,328010254.49394286,-0.0130206146897288,-0.2817239698992069,-0.05709291855898903,0.1103656527080484,2021-10-06,2024-11-10,False,False,False,False,False,0.0,0,0,False,[],曦琮股份
2024-12-31,年报,2025-03-30,无保留意见,False,811350866.4324005,392297357.1458336,419053509.2865669,0.4835113554149618,232720991.86652014,0.029252005267929614,8011364.240374988,2470182.7770771994,106619126.87746629,1022.2217612559268,177633915.51874483,518658070.576273,40000000,10.476337732164172,-6230693.518082199,-4932208.571150735,6245912.243986937,-12090727.538478738,-0.30226818846196846,-11565670.763635857,58302054.87242561,-12795637.57778551,309012184.6333483,354518601.9279884,0.023765141055833584,0.2821126422143927,-0.02455560919144204,0.18730013759492725,2021-10-06,2025-04-15,False,True,False,True,False,0.0,0,0,True,"['充分披露高送转的主要考虑及其合理性且送转股后每股收益不低于0.5元', '是否影响偿债能力、过去十二个月内是否使用过募集资金补充流动资金以及未来十二个月内是否计划使用募集资金补充流动资金等内容']",曦琮股份
2017-03-31,季报,2017-04-30,无保留意见,False,288880006.8256781,94127719.96152419,194752286.86415392,0.3258367409909564,4977887.558209407,3.3333972078468587e-06,29172803.985991213,3756637.414144198,39573564.43930759,0.008650332305618985,51281028.818642914,129397048.91382861,40000000,4.868807171603848,7515095.953112789,6706050.8509819135,5662231.850178963,10735851.3615897,0.26839628403974247,9580072.644259878,-50621186.554230385,-43718937.23773538,132661993.03806712,38321869.24610135,0.08195714924529952,0.5408806311994279,0.0258367409909564,0.025940584109194025,2021-03-16,2017-05-29,False,False,False,False,False,0.0,0,0,False,[],昀琮化工
2017-06-30,半年报,2017-08-27,无保留意见,False,300960841.82654613,121617191.66106594,179343650.1654802,0.40409639647126594,4674779.000918655,3.2882467144015813e-06,30713094.52840655,3376412.4490441354,35555786.327728614,0.00805558271105677,51602013.21802362,120067042.20621929,40000000,4.483591254137005,5526432.871175329,4818226.694074142,6104413.54308436,-2840947.259910658,-0.07102368149776644,-2696891.6527253897,-19204335.374704335,-44602809.8915196,140389447.93269855,76582302.66647461,-0.07911915668246673,-0.48950358308821695,0.07825965548030955,-0.09440478160194676,2021-03-16,2017-10-07,False,False,False,False,False,0.0,0,0,False,[],昀琮化工
2017-09-30,季报,2017-10-27,无保留意见,False,359922961.6791009,157123531.080098,202799430.59900287,0.4365476721659836,5992269.551476518,3.983092726323596e-06,35436868.688315265,4779585.385197599,44279328.20757912,0.00996772140350217,67513576.2260907,160483844.8494587,40000000,5.069985764975072,32340.2867897097,-322139.4208581462,29629501.35305283,-7848703.691979457,-0.1962175922994864,-7343380.164188983,-11593554.009426525,-51410852.033750415,152942636.15182224,89938230.10864529,0.13078679067745086,-0.353678775267928,0.032451275694717674,0.21642673297026044,2021-03-16,2017-12-24,False,False,False,False,False,0.0,0,0,False,[],昀琮化工
2017-12-31,年报,2018-03-30,无保留意见,False,387576616.61055994,184773450.70003203,202803165.9105279,0.4767404502261133,5711839.28196969,4.149995220865354e-06,40783375.67460265,5107037.230198598,40709535.92491328,0.011407380303178142,67342201.81036323,158017135.2485487,40000000,5.070079147763198,-4494509.97154644,-4259183.41343885,19075231.149993587,-6466928.9404802155,-0.1616732235120054,-5624348.560829577,-13545711.262940237,-59892248.94393655,175565709.41740376,102127749.21052697,1.841874759720696e-05,0.15099224251849463,0.04019277806012968,0.07340425315021973,2021-03-16,2018-04-10,False,False,False,False,False,0.0,0,0,False,[],昀琮化工
2018-03-31,季报,2018-04-30,非标准无保留意见,False,386186915.0229573,185762534.1501155,200424380.8728418,0.4810171627360099,6839271.139325849,4.410956714036001e-06,41464748.572264954,5018744.965344275,45327737.25863986,0.010987650686134767,65761423.83200013,170289658.9877746,40000000,5.010609521821045,-10706088.65155608,-9629822.822748534,14634357.46117453,-8873683.8285852,-0.22184209571463,-7672342.01329955,-54268325.366417564,-61237475.791432455,195611592.60788018,80105791.45003015,-0.01172952614919023,-0.2284950775044628,0.0042767125098966035,0.04077846371201225,2021-03-16,2018-05-24,False,False,False,False,False,0.0,0,0,False,[],昀琮化工
2018-06-30,半年报,2018-08-27,无保留意见,False,507419401.6628123,290685177.76367,216734223.89914227,0.5728696553799388,7718102.352431512,5.957454303697365e-06,55933633.86272235,6399509.300564495,55183535.09774527,0.01502441931208107,95063360.94947201,225087840.4520193,40000000,5.418355597478556,-13708006.933401866,-12205042.389253078,6904653.111424747,-4288454.688351121,-0.10721136720877802,-3678885.0950064906,-13474139.798289344,-82106579.22702147,271732142.5290342,176151423.50372338,0.08137654189211702,0.5642444920323335,0.09185249264392899,0.11239459741260756,2021-03-16,2018-10-17,False,False,False,False,False,0.0,0,0,False,[],昀琮化工
2018-09-30,季报,2018-10-27,无保留意见,False,531079831.4130684,310983114.0677776,220096717.34529087,0.5855675468607621,8365581.444032825,5.820113870969996e-06,51287508.177873544,7604269.23649733,71800897.03307769,0.015229741325329144,93421601.91439629,224974237.467272,40000000,5.502417933632271,-9785659.299145048,-8722424.880446246,7198668.9616986,5603353.763224024,0.1400838440806006,4975167.869724047,-19777915.278342042,-81221395.8228958,273355171.5691561,172355860.46791828,0.01551436310175599,0.7781751320596937,0.01269789148082319,0.13122841922736217,2021-03-16,2018-11-26,False,False,False,False,False,0.0,0,0,False,[],昀琮化工
2018-12-31,年报,2019-03-30,非标准无保留意见,False,582275971.7432362,373068185.06106895,209207786.68216726,0.640706818013056,9065756.672886984,5.93633217657011e-06,63920150.68321615,7438905.511120615,67029834.15933362,0.01619648817010414,96072942.66252492,250055187.59727588,40000000,5.230194667054182,676021.9764758013,1131508.3488930534,29273300.646950673,14945258.965172645,0.37363147412931613,14077047.470484715,-42442479.38512453,-89111889.29811263,266732156.59769422,135177787.91445705,-0.049473389673689944,0.4132973053382913,0.055139271152293855,0.07813527589313912,2021-03-16,2019-04-21,False,False,False,False,False,0.0,0,0,False,[],昀琮化工
2019-03-31,季报,2019-04-30,无保留意见,False,521698511.8833829,305122912.1631128,216575599.72027013,0.5848644479770301,7705676.8245030865,5.262131745613475e-06,54103537.64492523,6335466.126862802,56383645.50580414,0.013631948489023098,90163348.21618508,214992420.9858759,40000000,5.414389993006753,9248353.007135458,8577077.608914778,32125195.580124117,12246187.186656654,0.30615467966641635,10636527.51431675,-36050370.1696035,-77276070.6743473,232641523.53694975,119315082.69299896,0.035217680732391704,-0.08449052741937607,-0.0558423700360258,-0.02706318168326789,2021-03-16,2019-06-23,False,False,False,False,False,0.0,0,0,False,[],昀琮化工
2019-06-30,半年报,2019-08-27,无保留意见,False,516767292.82978785,310169008.1727351,206598284.6570528,0.6002102154613298,8539976.810233502,5.5533339324178165e-06,55792734.344260685,6886985.843695231,69758029.89023869,0.016091314062804514,96377851.31043942,236572744.5237047,40000000,5.1649571164263195,9621291.460021343,8886879.920653133,1637482.051470507,532769.2184084058,0.013319230460210144,442574.73105479305,-14822800.346194088,-83366953.6814631,264934079.84527296,166744325.81761578,-0.046068509453992434,-0.400510941596941,0.015345767484299713,-0.07120165041079447,2021-03-16,2019-10-07,False,False,False,False,False,0.0,0,0,False,[],昀琮化工
2019-09-30,季报,2019-10-27,无保留意见,False,587719664.6006371,395130632.4989294,192589032.1017077,0.6723114033753246,10084814.69116212,6.555341271275146e-06,63879074.17837669,8200531.965009506,78418987.22065312,0.01742140200706432,109750556.86763245,264358936.02049604,40000000,4.814725802542692,15906438.915828183,14714566.139866479,5739712.971926323,8978782.079724059,0.22446955199310145,8325266.027447635,-88540986.08396979,-93109894.09500042,259229306.47429752,77578426.2953273,-0.06780914264898193,0.4817272591740853,0.07210118791399472,0.08735127184890622,2021-03-16,2019-11-25,False,False,False,False,False,0.0,0,0,False,[],昀琮化工
2019-12-31,年报,2020-03-30,无保留意见,True,595138080.1224921,365623103.37513435,229514976.74735776,0.6143500400778947,9708485.252721932,5.9576681472823105e-06,62007181.51012763,7350781.67095684,71054961.67548881,0.018284144075089066,100268756.96618354,254694173.52891436,40000000,5.737874418683944,23501180.102394834,21423006.638942443,13510945.84659374,10849630.26652379,0.2712407566630947,9583486.427251374,-83175061.49338485,-89478890.04078607,282822541.27004933,110168589.73587841,0.19173441105487862,0.07201446861744501,-0.05796136329742984,0.031314608069666364,2021-03-16,2020-04-10,False,False,False,False,False,0.0,0,0,False,[],昀琮化工
2020-03-31,季报,2020-04-30,无保留意见,False,580183167.21265,346758883.0648542,233424284.14779577,0.5976713952781043,9153549.707109055,6.833449682262637e-06,60827245.99762009,8264537.698486285,70280724.04230452,0.016491378613922223,104108713.67730007,251733772.74180496,40000000,5.835607103694894,33356392.52361905,30163490.3446737,22673619.957310416,14078874.887463164,0.3519718721865791,12486405.293901797,-44119180.59932926,-88098817.19056687,291654417.2472114,159436419.45731527,0.0170329076378369,0.11595287226563422,-0.01667864479979033,0.032435019213718094,2021-03-16,2020-06-11,False,False,False,False,False,0.0,0,0,False,[],昀琮化工
2020-06-30,半年报,2020-08-27,非标准无保留意见,False,576146805.2966976,344100331.74588853,232046473.5508091,0.5972441894712713,9885859.392938659,6.482350627059407e-06,66184746.59718065,8339464.390917811,81642261.97355063,0.017680274955608918,106391341.36232734,271311037.00251323,40000000,5.801161838770227,40506767.41491093,36278568.692073666,24675241.433094032,10214821.273274105,0.2553705318318526,8735826.210571375,-80589522.48378439,-86503200.65099765,282055344.5034969,114962621.36871484,-0.005902601788056875,-0.12433055019465228,-0.00042720580683302487,-0.0478200862921683,2021-03-16,2020-09-22,False,False,False,False,False,0.0,0,0,False,[],昀琮化工
2020-09-30,季报,2020-10-27,无保留意见,False,773032614.2792457,500163039.52111346,272869574.7581323,0.647014149574338,12785608.417742383,9.246963208127534e-06,85767345.39326923,10952156.507242657,100224075.29611441,0.023273073245485585,133627147.66992748,344625357.12459016,40000000,6.821739368953307,45052360.050712496,40354973.914134026,8847968.586804476,6493703.7654308155,0.1623425941357704,5823436.031514801,-149953163.5160962,-113489688.35209017,363846889.0172206,100404037.14903426,0.17592640208076496,-0.13673128588566394,0.04976996010306671,0.08421983291955634,2021-03-16,2020-12-16,False,False,False,False,False,0.0,0,0,False,[],昀琮化工
2020-12-31,年报,2021-03-30,无保留意见,False,844793993.2234911,578294800.9493474,266499192.27414373,0.6845394327944267,12402225.572890453,8.309816424589376e-06,83707286.56826003,10529286.431871252,96721757.88800472,0.024061990827498197,151366225.8550677,348379315.25944483,40000000,6.662479806853593,37883681.52427841,33742976.11932076,48182951.07807304,-10240969.323477257,-0.25602423308693145,-9445711.135447528,-133226490.94387957,-129987239.06951001,427277818.1257317,164064088.11234212,-0.023345887828040868,-0.7123045925833057,0.03752528322008865,0.07653054232682123,2021-03-16,2021-05-02,False,False,False,True,False,0.0,0,0,False,[],昀琮化工
2021-03-31,季报,2021-04-30,无保留意见,False,984180503.5845114,726239613.5706639,257940890.01384744,0.7379130260410629,15789392.472442482,1.0568573313995824e-05,98121704.43759462,12726963.489898648,127548043.66402967,0.02826904689841099,160140625.02280918,420810890.25019926,40000000,6.448522250346186,32988339.65235306,29209229.242032383,25428281.409456763,-6993345.531321937,-0.17483363828304843,-6476781.253269115,-52663427.84086269,-149232789.03349775,471144748.23692566,269248531.3625652,-0.03211380187408783,0.48048661821225763,0.05337359324663627,0.027185439533571606,2021-03-16,2021-05-12,False,False,False,False,False,0.0,0,0,False,[],昀琮化工
2021-06-30,半年报,2021-08-27,保留意见,False,1027480224.8463314,742656361.1570655,284823863.6892658,0.7227938243464844,16518515.116745008,1.0850213357914167e-05,107775421.46723604,13970434.708399042,131965948.59443708,0.03000185401995682,180866192.0677773,451313768.95847905,40000000,7.120596592231645,26533358.599917825,23126476.70070755,17484300.745547555,-9221401.503478907,-0.23053503758697266,-8689646.487606902,-44388242.29264561,-158040556.41692716,515323119.40039515,312894320.69082236,0.10422145040274584,-0.2226574305259597,-0.015119201694578465,0.03925408302719877,2021-03-16,2021-10-15,False,False,False,False,False,0.0,0,0,False,[],昀琮化工
2021-09-30,季报,2021-10-27,非标准无保留意见,False,1979793497.6533213,1682828006.786853,296965490.8664682,0.8500017849243036,32753905.27046343,2.2853655224114392e-05,187092748.6928509,26372052.38220436,238259847.4776383,0.051691103225963944,351503186.9907394,824321059.5276695,40000000,7.424137271661705,20067361.4462653,17199472.57177454,38463374.47645924,-9237138.79093218,-0.2309284697733045,-8467148.755618587,-346570343.1462433,-294208425.14284045,956955943.3810799,316177175.0919962,0.042628546007116006,-0.0020231520447176244,0.127207960577819,0.009728620574271235,2021-03-16,2021-11-26,False,False,False,False,False,0.0,0,0,False,[],昀琮化工
2021-12-31,年报,2022-03-30,无保留意见,False,1366582698.8427596,1081089205.8793766,285493492.9633831,0.7910894867869008,22402890.240602795,1.547910401824237e-05,141406699.4248069,18056059.823150955,150956441.70697525,0.037700094607038416,255476339.38302612,585253632.3650273,40000000,7.1373373240845766,14029310.606740482,11942922.116066264,22829992.06855433,-8625786.913606882,-0.21564467284017205,-7509357.7938689655,-240600359.6848492,-208536733.00971746,648398867.7288013,199261775.03423458,-0.03863074416361579,0.07875342104676249,-0.058912298137402674,0.10865639171829025,2021-03-16,2022-04-16,False,True,False,False,False,0.0,1,0,True,"['留存未分配利润的预计用途以及收益情况', '结合所处行业特点、发展阶段和自身经营模式、盈利水平、偿债能力、资金需求等因素，未进行现金分红或现金分红水平较低原因的说明', '充分披露高送转的主要考虑及其合理性且送转股后每股收益不低于0.5元']",昀琮化工
2022-03-31,季报,2022-04-30,无保留意见,False,1588229237.5677195,1318283597.5310855,269945640.0366339,0.8300335784964896,25511242.44238679,1.9840739372251103e-05,167075337.97622588,21775710.6166677,201412209.92443952,0.04889396550183646,316902222.74712265,723929325.4883255,40000000,6.748641000915848,8513812.298704172,7545835.180331148,30390383.286202982,-7879283.2971947305,-0.19698208242986825,-6281552.765335878,-294425545.16315126,-243116645.52911636,726041386.677176,188499195.98490834,-0.05445957021774684,0.08914313604284971,0.038944091709588693,0.12242802542847436,2021-03-16,2022-05-24,False,False,True,False,False,0.0,0,6,True,"['结合前述财务报表列报项目的具体情况说明现金分红方案确定的依据及未来增强投资者回报的规划', '根据公司盈利能力、融资能力及其成本、偿债能力及现金流等情况披露现金分红方案的合理性，是否导致公司营运资金不足或者影响公司正常生产经营']",昀琮化工
2022-06-30,半年报,2022-08-27,无保留意见,False,1575470205.664639,1275334259.3448186,300135946.3198204,0.8094943685760132,29088795.80793387,2.0809409368906138e-05,177253495.30648488,21631782.186316766,202567147.06056115,0.04865619380950213,288788928.2981852,724683514.6634778,40000000,7.50339865799551,7105232.067039606,6227637.081711682,8215071.874768228,-2012257.4738065228,-0.05030643684516307,-1883140.140884952,-285822416.87577254,-212093284.51544666,748874771.4493207,250959070.05810148,0.11183846599296586,0.6432636836076355,-0.02053920992047629,0.07469939536813683,2021-03-16,2022-09-18,False,False,False,False,True,0.0,0,0,False,[],昀琮化工
2022-09-30,季报,2022-10-27,无保留意见,False,2524054764.2327147,2215734692.465933,308320071.76678187,0.8778473129284468,37635182.00489125,2.832949266390889e-05,282104014.92379904,35566915.393621325,317988390.97773284,0.0720494756665249,447652418.5772288,1088969518.5795105,40000000,7.7080017941695465,9777705.20558405,8522605.957498135,6194673.675672615,3817818.7693492062,0.09544546923373015,3278526.965409219,-96948962.10180321,-373011543.4248872,1123768930.9062746,653808425.3795842,0.027268061514499797,0.3889896182141332,0.06835294435243347,0.028019207847479754,2021-03-16,2022-11-12,True,False,False,True,True,1423293.5065999476,0,0,True,"['留存未分配利润的预计用途以及收益情况', '公司在相应期间是否按照中国证券监督管理委员会相关规定为中小股东参与现金分红决策提供了便利', '根据公司盈利能力、融资能力及其成本、偿债能力及现金流等情况披露现金分红方案的合理性，是否导致公司营运资金不足或者影响公司正常生产经营']",昀琮化工
2022-12-31,年报,2023-03-30,无保留意见,False,3278166038.284901,2948729981.2610497,329436057.0238513,0.899505988050499,48977280.049209915,3.655109178787658e-05,350420535.1525682,45559539.78285229,423663673.0300335,0.09755801444027484,550709351.0944229,1440480678.6739755,40000000,8.235901425596282,17897601.165957168,14948101.50051207,52673215.79321822,11599851.371961597,0.28999628429903995,9179279.347162765,-130642197.97137624,-488729373.736527,1626938494.4999428,1007566922.7920395,0.06848722217813254,0.37381594531268325,0.02165867512205224,0.031236483888800973,2021-03-16,2023-04-27,True,False,True,False,False,2832114.457885214,0,8,True,"['上市公司控股子公司向母公司实施利润分配的情况', '结合所处行业特点、发展阶段和自身经营模式、盈利水平、偿债能力、资金需求等因素，未进行现金分红或现金分红水平较低原因的说明', '公司为增强投资者回报水平拟采取的措施']",昀琮化工
2023-03-31,季报,2023-04-30,无保留意见,False,3636996517.4442697,3273296865.699843,363699651.74442685,0.9,56075080.04432885,3.6927808651090785e-05,372894512.7316739,44472325.052233286,432284855.68177897,0.10246283146515686,575715071.286732,1481479117.1129162,40000000,9.09249129361067,21607147.232600074,18507633.018696338,9485975.973218849,5299351.523775581,0.13248378809438954,5085045.025977527,-680031281.706011,-598158499.6675766,1634509957.1447177,356320175.7711301,0.10400681403886185,-0.22029834233204545,0.11423844762497923,0.008846349852577496,2021-03-16,2023-05-13,False,False,False,False,False,0.0,0,0,False,[],昀琮化工
2023-06-30,半年报,2023-08-27,保留意见,False,3882741130.2867403,3494467017.258066,388274113.02867395,0.9,60853726.23061886,4.052261055152415e-05,381324309.73419374,49161696.91093192,463055245.1278384,0.11707943696259693,645435015.7983263,1587279831.4344707,40000000,9.70685282571685,27687074.59213669,23983832.97192828,6167820.40263927,8685610.513623737,0.21714026284059343,7823142.790331345,-187101196.70729017,-639003283.1176125,1800761510.1962962,974657030.3713936,0.06756800884020545,0.15185459479562563,0.008149348368710431,0.04855586444559451,2021-03-16,2023-10-20,True,False,False,False,False,7060658.214129972,0,0,True,['是否影响偿债能力、过去十二个月内是否使用过募集资金补充流动资金以及未来十二个月内是否计划使用募集资金补充流动资金等内容'],昀琮化工
2023-09-30,季报,2023-10-27,无保留意见,False,3140264813.589901,2826238332.230911,314026481.35899,0.9,49024108.25190159,3.359750069611133e-05,303073111.4473708,38262574.7629082,333768313.3052354,0.09161963992352011,515372757.9729956,1315240026.2926373,40000000,7.85066203397475,42428615.91542818,37105246.14164563,98432671.34126906,21059344.747559264,0.5264836186889816,18744875.956739083,-415292363.15400696,-462565897.26110244,1503258719.3518994,625400458.93679,-0.19122477955207062,0.48173798428394204,0.05443439530896039,0.10328066358430467,2021-03-16,2023-12-01,False,False,False,True,False,0.0,0,0,False,[],昀琮化工
2023-12-31,年报,2024-03-30,保留意见,False,3350498314.1024933,3015448482.692244,335049831.4102493,0.9,55103745.94247221,3.58594243438069e-05,363377745.91377974,43186740.58071718,418476568.81297606,0.09567962342868512,629631866.4641052,1447332528.8224206,40000000,8.376245785256232,50492627.06773169,44647378.22166987,41692702.678351924,11520015.931862172,0.28800039829655427,10774474.400034616,-277460843.4628625,-468419747.27375203,1607875340.685069,861994749.9484546,0.06694769804214595,-0.25064353784779353,0.03846524354614043,-0.0076232760763147904,2021-03-16,2024-04-15,False,False,False,False,False,0.0,0,0,False,[],昀琮化工
2024-03-31,季报,2024-04-30,无保留意见,False,3287758963.091171,2958983066.782054,328775896.309117,0.9,47504692.39623509,3.405092357471398e-05,310606709.5003483,38341092.54742917,338575078.74027085,0.08422564936248979,551770840.1422037,1294303934.2841792,40000000,8.219397407727925,83442704.92891206,73877135.57551447,69114692.19386,47071539.801686235,1.1767884950421559,41756796.219778016,-114260643.80874759,-510691175.22664756,1608812826.989987,983861007.9545918,-0.018725379071897405,1.246546423913683,0.023502612694583955,-0.008916204502526563,2021-03-16,2024-05-24,False,False,False,False,True,0.0,0,0,False,[],昀琮化工
2024-06-30,半年报,2024-08-27,无保留意见,False,3030508168.85456,2727457351.969104,303050816.8854559,0.9,54412624.01191181,3.922000908764717e-05,378234526.07686764,40431678.60142176,414710353.56819093,0.0993541335053194,529687763.1473448,1390608535.7455692,40000000,7.576270422136398,137735374.6843785,123986869.07309301,308353556.9213289,77560956.7935235,1.9390239198380876,71585333.56796937,-445730410.77915835,-473182710.66641253,1452609239.3352108,533696117.88963985,-0.07824502864247147,0.4758652138875996,0.03155198729522563,0.0880107482280454,2021-03-16,2024-10-10,False,False,False,False,False,0.0,0,0,False,[],昀琮化工
2024-09-30,季报,2024-10-27,无保留意见,False,3283463468.056524,2955117121.2508717,328346346.8056523,0.9,50885628.03390262,3.632200985302412e-05,368601609.9058381,41269911.46734207,383998935.7500954,0.09825421197937853,547104252.8678097,1415458760.268134,40000000,8.208658670141308,143930897.36395407,130130946.25234713,27299681.468676243,8850746.685107946,0.22126866712769866,8777253.11322017,-511949774.245416,-533830338.49101657,1592777061.5909863,546996948.8545537,0.08346959820193237,-0.7266234653108071,-0.0441909422080341,0.03073602574826809,2021-03-16,2024-12-01,False,False,False,True,False,0.0,0,0,False,[],昀琮化工
2024-12-31,年报,2025-03-30,保留意见,False,3376632883.6834774,3038969595.3151298,337663288.36834764,0.9,57736873.86565586,3.989445028820698e-05,347899818.2763643,44333955.3535267,394164851.347901,0.10220667336610054,605504333.3748435,1527461232.2181098,40000000,8.441582209208692,145635001.09507668,131750534.0534666,11605832.972494496,2434433.9016037323,0.060860847540093306,2313696.858742133,-141870897.85936686,-557114948.86854,1579827579.789431,880841733.0615242,0.028375347109343637,-0.248206090975334,-0.022506707346387843,0.0009973536406695765,2021-03-16,2025-04-17,False,False,False,False,False,0.0,0,0,False,[],昀琮化工
2017-03-31,季报,2017-04-30,无保留意见,False,262105913.9172879,77507568.03430684,184598345.88298103,0.295710870754201,88203599.22414777,756550.508850192,4748.289070845952,210079.39975415135,83953989.83804484,493653.0638466788,12785.264008497541,170572593.9406621,40000000,4.614958647074526,3745607.9252414615,3558626.613255007,21030427.8783986,5350868.46463066,0.13377171161576648,5083752.304650011,-29216492.050034072,-8880987.473131709,-6302744.618945499,-44400224.14211128,0.02554636601656141,0.24171491470170323,-0.004289129245798974,0.17746993745403347,2021-11-04,2017-05-15,False,False,False,False,False,0.0,0,0,False,[],玥玮集团
2017-06-30,半年报,2017-08-27,无保留意见,True,245000819.33871317,51236957.183756724,193763862.15495646,0.20912973810476004,83095486.72014453,564128.5910438623,4644.072994330157,193196.17970818805,72461797.73488651,446657.5136103639,12619.679024804118,156791678.98681563,40000000,4.844096553873912,9570771.452877901,8888868.32133117,8348512.48970402,8321662.182337772,0.2080415545584443,7614631.011537375,-4131442.1239187997,-8115092.620612464,-5489809.679093261,-17736344.423624523,0.04965112893148881,0.13291625434637022,-0.08658113264944096,0.10285516295045986,2021-11-04,2017-10-01,False,False,False,False,False,0.0,0,0,False,[],玥玮集团
2017-09-30,季报,2017-10-27,保留意见,False,236577430.19923416,50082565.19122449,186494865.00800967,0.21169629389011183,83077197.99537793,590069.6199583485,4217.514276321064,171795.64093642702,67630104.5700855,444682.62811786827,12232.90291314331,148237414.1895129,40000000,4.662371625200242,16478721.93110731,15041603.078092217,35297508.634881645,9868500.68318487,0.24671251707962175,8789621.081087211,-38011356.187314175,-8133633.471474981,-5369702.573844177,-51514692.23263334,-0.03751472057846172,0.06108755774832356,0.0025665557853517852,-0.061630991074960007,2021-11-04,2017-12-01,False,False,False,False,False,0.0,0,0,False,[],玥玮集团
2017-12-31,年报,2018-03-30,无保留意见,False,262292570.8294531,57446098.35463061,204846472.4748225,0.21901534676703824,84245623.54269044,668944.3256936712,4414.235287881737,197307.7562019096,71081204.85309628,430197.9745657915,11747.173127202666,158827381.04089382,40000000,5.121161811870563,14778040.390113996,13567228.277391644,7143797.860973181,-2429545.0585618783,-0.06073862646404696,-2106249.715286535,-25103126.14043808,-9276849.268693902,-6365756.511812171,-40745731.920944154,0.09840274940559175,-0.45771239291529364,0.007319052876926416,0.0243826036497783,2021-11-04,2018-05-03,False,False,False,False,False,0.0,0,0,False,[],玥玮集团
2018-03-31,季报,2018-04-30,无保留意见,False,288221976.2615956,75581654.07682693,212640322.18476868,0.262234181644177,82129289.40232103,739070.7803596115,4975.84952236965,194102.44025313563,83066221.29269083,531196.8605311217,13122.255257268205,170954591.20166907,40000000,5.316008054619217,11002184.331679039,10340756.442382462,10514968.401131794,-5394080.083478512,-0.1348520020869628,-4609245.478584547,-56023409.07621792,-9451045.430312073,-6568330.709210775,-72042785.21574077,0.038047273237297854,-0.20346207697918534,0.043218834877138755,0.2316773183639684,2021-11-04,2018-06-10,False,False,False,False,False,0.0,0,0,False,[],玥玮集团
2018-06-30,半年报,2018-08-27,无保留意见,False,351208749.53113693,118046563.16798498,233162186.36315194,0.3361150977177446,120431807.54377659,924085.0164132644,6564.766436487244,273681.3213333145,102497994.98831213,669562.5358318186,17655.665884783444,222287560.57923546,40000000,5.829054659078799,6968718.471580535,6775148.422623066,19497675.749869097,-5762094.085855005,-0.14405235214637513,-5093725.742513422,-40893636.91536984,-11408179.950091388,-7285172.198794883,-59586989.06425612,0.09650974926830343,-0.03170916265350156,0.07388091607356763,-0.007644722932997682,2021-11-04,2018-10-01,False,False,False,False,False,0.0,0,0,False,[],玥玮集团
2018-09-30,季报,2018-10-27,无保留意见,False,359085045.985188,114375055.62218803,244709990.36299998,0.31851801377132793,131421261.70911765,911536.2999198107,6880.987021312713,304811.2532872888,101638730.3368364,651897.3920585808,17909.689140640985,234168902.97820327,40000000,6.117749759074999,47600.99896697048,759779.1233383715,17532901.64855855,-9887310.675162235,-0.24718276687905588,-8593384.71326385,-12245430.077915492,-11979866.27193087,-8030355.918333319,-32255652.26817968,0.04952691592050115,-0.3670805415904824,-0.01759708394641668,0.10643244236778589,2021-11-04,2018-12-15,False,False,False,False,False,0.0,0,0,False,[],玥玮集团
2018-12-31,年报,2019-03-30,无保留意见,False,376815504.41619766,116600440.48582588,260215063.9303718,0.30943641946600786,148648466.88333565,1158033.738974194,8336.530544536394,308487.91347403766,113238241.77736972,692771.3275165668,19574.42433530665,257239512.4562707,40000000,6.505376598259295,-5875729.726356743,-4782217.161480061,36940438.42059681,-8461901.036176734,-0.21154752590441833,-7917137.549740618,-31409617.754147638,-12578367.66266728,-8986352.524212906,-52974337.94102782,0.06336101580639077,0.20040375361368878,-0.009081594305320066,0.11061497290399741,2021-11-04,2019-05-21,False,False,False,False,False,0.0,0,0,False,[],玥玮集团
2019-03-31,季报,2019-04-30,非标准无保留意见,False,418936583.0145959,124761072.1792457,294175510.8353502,0.29780419576033773,146450289.0766498,1039543.6018147037,6922.3548393147075,326772.3617375589,114768796.6718346,769423.4213499023,20815.722934880796,253044785.3802407,40000000,7.354387770883755,-9737723.77782259,-8442547.218676804,8533595.42927591,-5517134.359236924,-0.1379283589809231,-5229042.938852491,-32682001.105024237,-13651789.693367787,-9618343.77314917,-55952134.5715412,0.13050915036212316,0.34489722939697276,-0.011632223705670155,0.06581760679397472,2021-11-04,2019-06-11,False,False,False,False,False,0.0,0,0,False,[],玥玮集团
2019-06-30,半年报,2019-08-27,无保留意见,False,421769610.29673547,105729227.09604913,316040383.20068634,0.25068005023326234,127726442.76962736,1042932.1799630503,8092.583683955471,320634.98668763315,117277228.59890829,773829.8264320968,22490.466764121615,258319788.5754714,40000000,7.901009580017158,-12580253.43919871,-11172332.490365446,19678779.8920737,-4060756.659108741,-0.10151891647771853,-3899693.2452694876,-16277911.73027206,-13597248.171280928,-8516456.322129596,-38391616.22368258,0.07432594339089604,0.12683050953397748,-0.04712414552707537,0.05613276503082622,2021-11-04,2019-09-09,False,False,False,False,False,0.0,0,0,False,[],玥玮集团
2019-09-30,季报,2019-10-27,无保留意见,False,489531501.8960023,148537301.1492687,340994200.7467336,0.3034274619181187,153589059.9051322,1177814.6436241558,9250.298799207196,342052.81922869344,137789821.1346574,863075.6001813886,24304.41037378155,296216899.6233505,40000000,8.52485501866834,-11758240.041737724,-10354518.500406919,603481.604098605,1174304.853515692,0.0293576213378923,1168305.6999407532,-26765615.7504894,-15465743.659067934,-11512310.97618708,-53743670.385744415,0.07895768665171347,0.40458791713734316,0.05274741168485633,0.025180838058699938,2021-11-04,2019-11-23,False,False,False,False,False,0.0,0,0,False,[],玥玮集团
2019-12-31,年报,2020-03-30,无保留意见,False,613346174.7212713,227635405.76359802,385710768.95767325,0.37113691279976524,177695523.36910483,1626815.8335113942,10753.953434876295,449322.5900139163,172238961.18218675,1173655.1347150647,27464.955596684682,378749027.23237276,40000000,9.642769223941832,-4976531.874680635,-4020257.6338922903,21861890.199671872,9688154.524367273,0.24220386310918182,9048944.0950209,-94797506.37646115,-20130056.74546463,-14982692.724282853,-129910255.84620863,0.13113586129328925,0.46845531311777455,0.06770945088164657,0.07631638298147835,2021-11-04,2020-05-05,False,False,False,False,False,0.0,0,0,False,[],玥玮集团
2020-03-31,季报,2020-04-30,非标准无保留意见,False,629592854.7845142,221408340.24914825,408184514.535366,0.3516690803692935,218513271.9718668,1721326.2515454942,13080.493753774592,462868.8575956681,184620772.95924577,1266171.7042675253,32910.908012160384,397260922.33788425,40000000,10.20461286338415,5668174.885339184,5642952.774143266,31607812.842737764,15206723.942885455,0.38016809857213635,13804586.297193652,-77075310.97794865,-21839031.545535672,-14157948.518071659,-113072291.04155597,0.058265797551944984,0.20677973119046222,-0.019467832430471763,0.15562169530060693,2021-11-04,2020-06-21,False,False,False,False,False,0.0,0,0,False,[],玥玮集团
2020-06-30,半年报,2020-08-27,无保留意见,False,643071253.3481141,212426753.9971369,430644499.35097724,0.3303315968349526,229305222.0289965,1697303.4779860387,11933.628304838863,487927.05266893224,182566297.4939757,1203559.2106812284,32874.58928438425,411653277.80963296,40000000,10.766112483774432,12326561.955033444,11412380.617931204,45127613.98695376,9511981.528134659,0.23779953820336647,8242039.776839913,-55249120.94886489,-20490351.631832287,-15650145.11290582,-91389617.693603,0.05502409821003935,-0.17681843160607397,-0.021337483534340878,0.03415760471238818,2021-11-04,2020-10-10,False,False,False,False,False,0.0,0,0,False,[],玥玮集团
2020-09-30,季报,2020-10-27,无保留意见,False,726311652.4907463,257885128.03496265,468426524.45578367,0.3550612566253001,238443955.70316055,1878976.5035549107,13732.536342758029,568703.168361718,226918669.01345125,1500667.141745803,34461.12844079595,475775637.9220321,40000000,11.710663111394592,18755739.16529583,17358927.72959815,0.0,9184538.87180341,0.22961347179508526,8495067.302381352,-143151585.3166974,-24559261.390026685,-16658335.880621567,-184369182.58734566,0.0877336762962202,-0.012350742474068388,0.024729659790347434,-0.09468778664389202,2021-11-04,2020-12-25,False,False,False,False,False,0.0,0,0,False,[],玥玮集团
2020-12-31,年报,2021-03-30,无保留意见,False,661386467.9633882,198356436.66435254,463030031.29903567,0.2999100318383484,198100046.73004204,1466511.0488542737,12439.962495964866,463150.5727130934,181571768.52780667,1094258.738833462,28722.90363257059,376421862.6956476,40000000,11.575750782475891,31050324.959658813,28452589.64201948,83286324.00523922,17563693.991947122,0.43909234979867806,15848088.446316188,-49455994.9907083,-20926316.22990271,-15355287.385005739,-85737598.60561675,-0.011520468792875597,0.3200039214426164,-0.055151224786951614,0.12221517524657553,2021-11-04,2021-05-19,False,False,False,False,False,0.0,0,0,False,[],玥玮集团
2021-03-31,季报,2021-04-30,无保留意见,False,852157149.3573737,317885916.62834924,534271232.72902447,0.3730367302182144,265908177.96141002,2013078.922785968,15500.477108453797,604336.196064259,255842342.86423478,1525644.5052245194,40127.42083804995,510007004.80603284,40000000,13.356780818225612,43664987.46554694,39642203.38823189,0.0,18020946.43698305,0.45052366092457624,15985162.49458916,-67390038.74913493,-29220461.608068086,-19191442.239658006,-115801942.596861,0.1538587059463959,0.013229270145212592,0.07312669837986593,-0.053924382735228635,2021-11-04,2021-05-22,False,False,False,False,False,0.0,0,0,False,[],玥玮集团
2021-06-30,半年报,2021-08-27,无保留意见,False,813021353.4919635,265195572.51126894,547825780.9806945,0.3261852488526186,255234829.4420231,2082171.183018806,14058.216718281157,631579.882486683,215589905.5108257,1422957.1016489565,39150.42427171138,493872362.8726187,40000000,13.695644524517363,66637381.4880839,62935027.20292411,114872666.22790326,32817705.74648136,0.820442643662034,33275462.59241746,-150637021.62547705,-27127551.64569562,-17479381.38391731,-195243954.65508997,0.025370162983386266,0.42251169128520555,-0.04685148136559576,-0.023981124503954974,2021-11-04,2021-09-13,False,False,False,False,False,0.0,0,0,False,[],玥玮集团
2021-09-30,季报,2021-10-27,保留意见,False,887481125.5147603,279232945.33628637,608248180.178474,0.3146353621597581,289173852.09191084,2116022.8045076705,17293.40881230097,692617.9261516859,266489401.8344666,1633644.2440790443,45532.080323389855,551000221.8016319,40000000,15.206204504461848,63237200.757163584,59763096.14456862,2775658.8960838583,-4857401.044171875,-0.12143502610429688,-4531330.083364974,-157161010.4272766,-27186073.337420873,-19794173.30437497,-204141257.06907246,0.11029491728120902,-0.7562593705615245,-0.011549886692860504,0.08793096383286922,2021-11-04,2021-12-13,False,False,False,True,False,0.0,0,0,False,[],玥玮集团
2021-12-31,年报,2022-03-30,无保留意见,False,791195062.7680085,193084194.77539197,598110867.9926165,0.24404120281019429,274410370.3774855,2224539.337971211,16156.41901902035,632272.8813299113,244222338.5708689,1512366.8452695354,38796.750643178515,514827095.88503236,40000000,14.952771699815413,59831290.26282973,56685406.65285325,15370048.787461426,-4865586.420476947,-0.12163966051192368,-4396699.273879115,-97308632.56254113,-27147328.54369107,-18076382.849186566,-142532343.95541877,-0.01666640775297166,-0.0006741041464721209,-0.07059415934956383,0.020949496134560285,2021-11-04,2022-04-15,False,False,False,False,False,0.0,0,0,False,[],玥玮集团
2022-03-31,季报,2022-04-30,无保留意见,False,734146757.9186093,179373804.3869089,554772953.5317004,0.24432962817332912,266257017.6248082,1988637.8072128391,13252.43471321947,612754.3417722272,233991359.34399986,1491541.2716030926,37367.8726904297,470159255.63227904,40000000,13.869323838292509,53402393.75568179,50919365.182860054,21475795.217796896,-9184137.8673542,-0.229603446683855,-8237202.0999902785,-19887535.603232328,-24533952.472403213,-17080113.630905412,-61501601.70654095,-0.07245799529837521,-0.35589288419877585,0.00028842536313482877,0.03887786282923564,2021-11-04,2022-05-14,False,True,False,False,False,0.0,3,0,True,"['公司为增强投资者回报水平拟采取的措施', '结合所处行业特点、发展阶段和自身经营模式、盈利水平、偿债能力、资金需求等因素，未进行现金分红或现金分红水平较低原因的说明']",玥玮集团
2022-06-30,半年报,2022-08-27,无保留意见,False,997568031.0309064,347909269.2751088,649658761.7557976,0.3487574365385111,298907021.4699498,2338924.9942220855,15532.304017113178,647047.9018594396,254281095.9440988,1589419.3866331733,47342.26807210519,553731165.7766287,40000000,16.24146904389494,46328852.14003314,44650479.45710199,7688737.937014006,-10105059.450926637,-0.2526264862731659,-8955551.036797222,-153102425.50550917,-34665858.10956439,-23465835.842986517,-211234119.4580601,0.17103538955901076,-0.11782725538694867,0.104427808365182,0.1029629010484181,2021-11-04,2022-09-28,False,False,False,False,True,0.0,0,0,False,[],玥玮集团
2022-09-30,季报,2022-10-27,非标准无保留意见,False,1246078266.8023677,485517373.12181675,760560893.680551,0.38963633830780986,369088196.7127328,3002905.239847131,23143.51787748543,937786.0495031002,369321628.42502314,2168741.7126432597,60523.93493707093,742106851.4444875,40000000,19.014022342013778,38697766.34830737,37708047.56788226,8437666.970923698,-10901551.131036807,-0.27253877827592016,-9917759.841742476,-106021506.4561288,-41546049.02441287,-28346430.97792412,-175913986.45846578,0.1707082832609295,-0.11551828104119254,0.04087890176929875,0.11458225605915075,2021-11-04,2022-12-21,False,False,False,False,False,0.0,0,0,False,[],玥玮集团
2022-12-31,年报,2023-03-30,无保留意见,False,1278930805.7970686,489509806.43270355,789420999.3643651,0.38274924977479613,378770582.2734241,3155803.3708613715,21445.294792561024,1007802.1960007972,347737545.45108366,2314013.362602798,60815.685528127055,756741806.6242753,40000000,19.735524984109126,30956109.593677685,30980479.70676143,14688018.067213504,-11059509.649470985,-0.2764877412367746,-9610811.230172615,-127832257.21340111,-39922161.13279579,-27700629.402853202,-195455047.74905008,0.03794581857101897,-0.025901425399838154,-0.006887088533013748,0.038468131639275885,2021-11-04,2023-04-26,False,False,False,False,False,0.0,0,0,False,[],玥玮集团
2023-03-31,季报,2023-04-30,无保留意见,False,1414995536.8997645,650323325.2989327,764672211.6008319,0.4595939056626157,437948842.74686474,3497219.64128275,26210.841775464694,1089645.5434341636,420196092.5782885,2578528.940697386,74055.39260026856,875085329.7412373,40000000,19.116805290020796,23236010.613989737,24008493.402056873,5830246.402395367,-11028712.828125644,-0.2757178207031411,-9959980.435292225,-67059061.282677665,-46156289.93801968,-31019822.345471237,-144235173.56616858,-0.03135055665286422,0.005184222097524155,0.07684465588781957,-0.10350254538289218,2021-11-04,2023-05-28,False,False,False,False,False,0.0,0,0,False,[],玥玮集团
2023-06-30,半年报,2023-08-27,非标准无保留意见,False,1459693794.318962,699001044.3749461,760692749.9440161,0.4788682716165643,500019292.6073264,3673088.8463032003,25584.515284006247,1059592.8570440628,375122382.13830155,2564833.426346484,72791.342730792,899360738.5833327,40000000,19.017318748600403,14226175.621329235,15461195.384013807,27257743.922674,-12871192.846657857,-0.32177982116644643,-12210425.740061522,-45835004.76069315,-46477004.94102674,-33414864.462186486,-125726874.16390637,-0.005204140540800835,-0.3085565918200295,0.01927436595394857,0.12186036613589261,2021-11-04,2023-10-12,False,True,False,False,False,0.0,0,0,True,['根据公司盈利能力、融资能力及其成本、偿债能力及现金流等情况披露现金分红方案的合理性，是否导致公司营运资金不足或者影响公司正常生产经营'],玥玮集团
2023-09-30,季报,2023-10-27,无保留意见,False,1300026308.6015408,575140941.9388138,724885366.662727,0.4424071560194056,432698115.996109,3262265.165091998,22784.00618079359,967415.2152395179,376484295.1618151,2518025.7103474564,65765.82254537032,823035166.494992,40000000,18.122134166568173,2994059.808826393,5298046.493494365,38111970.401299305,-16045879.732146919,-0.401146993303673,-14518784.129313491,-170709856.01244375,-45460061.85492248,-28007547.740031686,-244177465.6073979,-0.04707207119290194,-0.7689113992449976,-0.036461115597158686,-0.02311645278059584,2021-11-04,2023-12-15,False,False,True,False,False,0.0,0,2,True,"['根据公司盈利能力、融资能力及其成本、偿债能力及现金流等情况披露现金分红方案的合理性，是否导致公司营运资金不足或者影响公司正常生产经营', '公司在相应期间是否按照中国证券监督管理委员会相关规定为中小股东参与现金分红决策提供了便利', '是否影响偿债能力、过去十二个月内是否使用过募集资金补充流动资金以及未来十二个月内是否计划使用募集资金补充流动资金等内容']",玥玮集团
2023-12-31,年报,2024-03-30,无保留意见,False,1566789784.2006445,758546765.2558368,808243018.9448078,0.4841407398139485,462701593.4690741,3773429.061455507,27345.365372102446,1054366.6730775477,402078119.7731719,2433201.5814847555,69743.08379055801,880314304.8299643,40000000,20.206075473620196,-8157590.4581690645,-5206953.436557903,16498140.000055797,-15930928.952850655,-0.39827322382126634,-15007142.757217526,-277653942.2463709,-53336985.07498438,-37076752.78707558,-368067680.10843086,0.11499425442376891,0.1204782910176747,0.041733583794542894,-0.0035372007505268164,2021-11-04,2024-05-02,False,False,True,True,True,0.0,0,8,True,"['根据公司盈利能力、融资能力及其成本、偿债能力及现金流等情况披露现金分红方案的合理性，是否导致公司营运资金不足或者影响公司正常生产经营', '上市公司控股子公司向母公司实施利润分配的情况', '结合所处行业特点、发展阶段和自身经营模式、盈利水平、偿债能力、资金需求等因素，未进行现金分红或现金分红水平较低原因的说明']",玥玮集团
2024-03-31,季报,2024-04-30,无保留意见,False,1324179799.872517,585941029.2120782,738238770.660439,0.4424935565913999,413810660.587577,3260635.202603823,23440.776056802282,923080.5206701019,353522844.1468833,2312999.114022564,59617.600013088995,777237880.0611117,40000000,18.455969266510976,-19461149.773684688,-14834362.453193119,53591918.74070758,-16147941.879308034,-0.40369854698270086,-13753441.452336024,-58830845.33266095,-44042381.3328164,-33056470.467043027,-135929697.13252038,-0.08661287093547917,-0.20299205280700444,-0.04164718322254862,0.012908332309617215,2021-11-04,2024-05-10,False,False,False,True,False,0.0,0,0,False,[],玥玮集团
2024-06-30,半年报,2024-08-27,无保留意见,False,1306266875.8880386,594896679.2591838,711370196.6288549,0.45541741143421055,417798751.5442047,3359807.9521536045,25249.200385448694,1079488.7932880977,357134099.0748234,2507829.7512208284,65596.10151751529,833166616.7844282,40000000,17.784254915721373,-30833432.442192506,-25206062.3031775,29699776.87395812,-16246118.097868318,-0.40615295244670796,-14816714.071406258,-99657614.3636236,-43152784.00880104,-31589585.927644856,-174399984.3000695,-0.03639550657512502,-0.11522244337106279,0.012923854842810646,0.03320287921076823,2021-11-04,2024-09-23,False,False,False,False,False,0.0,0,0,False,[],玥玮集团
2024-09-30,季报,2024-10-27,无保留意见,False,1267773746.0050173,513929853.03762,753843892.9673972,0.4053797885128204,407688867.744449,3524726.463621593,22353.48951793166,1090390.1793739314,333094679.05547553,2399115.7902528336,69493.32333823053,849396494.7207036,40000000,18.84609732418493,-42147117.733597256,-35212979.59180627,72013650.08565703,-16162407.559149642,-0.404060188978741,-14295596.126612538,-173950988.86954933,-42726334.64999881,-30130305.91655221,-246807629.43610036,0.0597068819298628,0.11103932656026792,-0.05003762292139013,-0.09077258920467401,2021-11-04,2024-12-14,False,False,False,True,False,0.0,0,0,False,[],玥玮集团
2024-12-31,年报,2025-03-30,无保留意见,False,1159009029.4161284,464878348.7089961,694130680.7071322,0.4010998507433432,387532368.3437373,2870512.0916063413,19194.69668111869,879223.1499504105,358669088.36773825,2007100.2199501104,56597.36302729893,681759225.8280468,40000000,17.353267017678306,-53476700.63769027,-45293101.89582148,74652621.95776385,-16185118.434418587,-0.40462796086046465,-14400174.720021723,-220778125.5537994,-33876957.784517065,-27600704.941288978,-282255788.2796054,-0.07921164158432388,-0.027114470190165843,-0.004279937769477161,0.1410843691089619,2021-11-04,2025-05-07,False,False,False,True,False,0.0,0,0,False,[],玥玮集团
2017-03-31,季报,2017-04-30,无保留意见,False,258922003.68134883,65029501.09297419,193892502.58837464,0.25115478857874496,43782725.77052499,6.782008041259079e-26,162605.45361065728,83569056.2593549,222751.06829556535,150392.9748873759,6147641.277357032,139842058.78510723,40000000,4.847312564709366,1542676.827263795,1334630.8805311366,8007494.729035935,2203824.038948279,0.05509560097370697,1906615.5436159095,-8325747.508318997,21907689.906290364,94908968.39783795,108490910.79580931,0.07718056993541464,0.06687911327490452,-0.04884521142125503,0.11577353662580225,2021-02-23,2017-06-22,False,False,False,False,False,0.0,0,0,False,[],麒琮实业
2017-06-30,半年报,2017-08-27,无保留意见,False,297007721.62176496,75970319.90143959,221037401.72032535,0.2557856727987251,54230669.6553741,7.510662645027921e-26,183171.9054398703,106983845.71396163,241430.05238497394,164855.464552055,6208990.058779535,161271837.74207526,40000000,5.5259350430081335,-67339.18725548107,17203.91665319933,9374201.451043183,-2300022.8778846804,-0.05750057194711701,-1882038.5198256248,-22528796.947726008,27074333.353089556,112305587.7991884,116851124.20455195,0.13999973577925373,-0.23452864948660618,0.004630884219980141,-0.0970313766893161,2021-02-23,2017-09-24,False,False,False,False,False,0.0,0,0,False,[],麒琮实业
2017-09-30,季报,2017-10-27,保留意见,False,297191395.9183487,86833383.60283288,210358012.31551585,0.2921800051933191,60183745.5629778,9.118867057980606e-26,212336.64561123762,116739813.62915964,282150.5803107929,180062.77478795825,7954976.575905855,180155034.58945492,40000000,5.258950307887896,-5186998.194714669,-4489028.883566856,4662764.262558206,-7313798.582084555,-0.18284496455211388,-6437475.428885795,-27337168.97251941,23779788.171814412,114709916.4950249,111152535.6943199,-0.0483148522453314,-0.341073707975839,0.036394332394594026,0.05598001717130979,2021-02-23,2017-11-15,False,False,False,False,False,0.0,0,0,False,[],麒琮实业
2017-12-31,年报,2018-03-30,无保留意见,False,328925555.9237819,107339094.60209702,221586461.32168487,0.32633248669486015,67043040.53470853,1.0142455179172926e-25,209808.20683138544,121080894.121128,313713.3859916159,201076.21442838974,7178124.576959815,189328576.9606478,40000000,5.539661533042121,-6555512.639318046,-5609295.501273559,2906813.5077450164,-1955020.6351476815,-0.04887551587869204,-1600380.8824381463,-16035732.001053488,27721765.38890641,123992478.88433485,135678512.27218777,0.05337780521203783,0.5532383352079965,0.03415248150154102,0.007250228032865225,2021-02-23,2018-04-09,False,False,False,False,False,0.0,0,0,False,[],麒琮实业
2018-03-31,季报,2018-04-30,无保留意见,False,346311378.20609057,86328130.62040947,259983247.5856811,0.249278932351554,65856996.90001151,9.968228686626939e-26,235225.20802326512,133981224.09668134,336868.8030210532,194638.7959079319,8041747.55507056,201721246.194041,40000000,6.4995811896420275,-11240479.13562058,-9658639.758700605,26304744.295627117,-6692809.280432189,-0.16732023201080473,-5784777.510610065,-63581015.94718152,28285857.412022453,122297828.16800524,87002669.63284618,0.17328128277771573,-0.3149082847101009,-0.07705355434330616,-0.03679488265985053,2021-02-23,2018-06-14,False,False,False,False,False,0.0,0,0,False,[],麒琮实业
2018-06-30,半年报,2018-08-27,保留意见,False,385353997.69087076,113745115.75855987,271608881.9323109,0.295170457397994,73932110.824594,1.1973915965452201e-25,264085.97474156105,142186331.54449296,326857.4904243489,235556.670987683,9641178.419229517,220732377.94644788,40000000,6.790222048307772,-17615111.409333173,-15281119.795656774,35630848.00564573,-9106617.533875134,-0.22766543834687836,-8032114.338508814,-18390393.26900013,32645430.137355622,138236943.49426606,152491980.36262155,0.04471685946917931,-0.23418682346300465,0.045891525046440035,0.20337865089782323,2021-02-23,2018-09-06,False,False,False,False,False,0.0,0,0,False,[],麒琮实业
2018-09-30,季报,2018-10-27,无保留意见,False,344044592.04965174,90938733.71625163,253105858.33340013,0.26432252044562743,58443695.88713184,9.837670906204793e-26,223875.69030258874,128514849.95282905,278116.0327841367,224022.70879554574,8079302.923177569,190971815.61513832,40000000,6.327646458335003,-20367690.383445628,-17741243.52546978,17554169.44226535,-3932255.677303506,-0.09830639193258765,-3514462.4711614363,-43616786.1153142,30528282.251666807,126109387.78931727,113020883.92566988,-0.06812377955858599,0.6555316277626041,-0.030847936952366622,-0.04614647459202734,2021-02-23,2018-12-23,False,False,False,False,False,0.0,0,0,False,[],麒琮实业
2018-12-31,年报,2019-03-30,无保留意见,False,353227753.1013816,70645550.62027632,282582202.48110527,0.2,63088900.76921899,9.220126153339947e-26,218229.89525779663,121595235.70426834,298089.78861764603,202218.19700802947,8056247.792463067,192308417.3928009,40000000,7.064555062027631,-21083084.03627701,-18389240.078752182,4832060.014286697,-1021990.9326162655,-0.025549773315406636,-925709.3618320039,-70502553.79215682,30301423.064552017,128914496.97588499,88713366.2482802,0.11645856141693019,0.2227059753252591,-0.12454567788206145,-0.001018255441202089,2021-02-23,2019-04-13,False,False,False,False,False,0.0,0,0,False,[],麒琮实业
2019-03-31,季报,2019-04-30,无保留意见,False,317880285.5512544,63576057.11025089,254304228.44100353,0.2,54988584.36847134,8.833630123194064e-26,194099.66224878107,110767626.10912846,266930.02646151517,165411.1906364303,6877302.625424183,167097573.42974702,40000000,6.357605711025088,-21876377.445126586,-19139325.608280446,5509466.297979461,-1133276.298356535,-0.028331907458913373,-1071550.756468949,-60022569.66070597,28824165.045581132,115892730.53496252,84694325.91983768,-0.10006990458640977,-0.006964908160394002,-0.053765810190646725,0.0495004591158659,2021-02-23,2019-05-14,False,False,False,False,False,0.0,0,0,False,[],麒琮实业
2019-06-30,半年报,2019-08-27,无保留意见,False,356011226.78640354,71202245.3572807,284808981.4291228,0.2,63980168.19807375,1.0418482890367583e-25,236958.0986746558,120730104.33376905,289237.93795852194,205777.23154798042,7654564.792631087,195500134.2622925,40000000,7.12022453572807,-20667438.283576835,-18036296.317088842,1160053.224483188,1727055.945071075,0.04317639862677688,1575756.1302737207,-60354209.183157615,32686141.959106605,129846459.87390152,102178392.6498505,0.11995377809927421,0.1802723925375559,0.03203837256185251,-0.012883891708440206,2021-02-23,2019-09-24,False,False,False,False,False,0.0,0,0,False,[],麒琮实业
2019-09-30,季报,2019-10-27,无保留意见,False,392841428.4130495,78568285.6826099,314273142.7304396,0.2,67898022.07885666,1.0126220994369016e-25,256926.67482398727,131836624.98069258,317185.4640623819,213684.99959454988,8350940.6354630785,209976667.69507205,40000000,7.85682856826099,-10032838.256947206,-9205709.647253115,58718274.13510407,15192285.752328038,0.37980714380820096,12615123.814051038,-40525976.737586476,33179766.465398774,152538712.626786,145192502.35459828,0.10345236008173159,0.7190254488880826,-0.0863037092737928,0.09719852936980025,2021-02-23,2019-11-09,False,False,False,False,False,0.0,0,0,False,[],麒琮实业
2019-12-31,年报,2020-03-30,无保留意见,False,319591057.5924158,63918211.51848316,255672846.07393262,0.2,61187437.074725315,7.806846937933606e-26,190186.8963770462,112460692.03582917,280673.5086712337,190872.75799277172,7185791.282811949,173959175.41299692,40000000,6.3918211518483155,5653969.907300138,5328288.1648658225,32830966.818461817,22409725.94892478,0.5602431487231195,20762854.01731277,-24576418.157617923,28930608.908496197,119333653.97191043,123687844.7227887,-0.18646294795470328,0.22419781720764603,-0.04764650523910948,-0.01077704488994468,2021-02-23,2020-04-17,False,False,False,False,False,0.0,0,0,False,[],麒琮实业
2020-03-31,季报,2020-04-30,非标准无保留意见,False,317597855.58430785,63519571.116861574,254078284.4674463,0.2,57032579.69958449,7.577685751360566e-26,205982.41424939514,98297715.42033625,288834.61523404106,171446.53960377874,7393960.877223936,171080284.0659922,40000000,6.351957111686158,11420649.646102976,10853514.040463883,39390820.70166121,8238113.912575483,0.20595284781438708,7893179.822282944,-46520188.11318138,24583430.285905816,122964289.29442005,101027531.46714449,-0.0062367264688922616,-0.359596817666679,0.016990648268959758,-0.03789673641261068,2021-02-23,2020-06-20,False,False,False,False,False,0.0,0,0,False,[],麒琮实业
2020-06-30,半年报,2020-08-27,无保留意见,False,291182017.255002,58236403.451000415,232945613.80400163,0.2,51368090.77582068,8.016526519550201e-26,180556.452609109,91160005.87994817,253600.73310267736,153957.3175307558,6506863.805103036,158400524.4741232,40000000,5.823640345100041,29173131.834338106,26529665.499817844,122439821.2782038,25360688.840335898,0.6340172210083974,22394502.084791373,-39064982.79163858,25494384.34571314,105104637.60433105,91534039.1584056,-0.08317385607250613,0.6784411460805986,0.044151193140530794,0.16337797225350115,2021-02-23,2020-10-20,False,False,False,False,False,0.0,0,0,False,[],麒琮实业
2020-09-30,季报,2020-10-27,保留意见,False,320006902.7706675,64001380.554133505,256005522.216534,0.2,61205364.28918134,9.280936222644117e-26,204815.8583211525,106290417.56056952,273072.49451152404,187822.7030793778,7801373.559236033,176627494.37264553,40000000,6.40013805541335,58727289.117712945,50581954.68509479,47810313.36655451,42220224.690535486,1.0555056172633872,34360413.121824205,-46989022.361545004,27690596.52183138,117866288.51759426,98567862.67788064,0.09899267058934505,0.3979995678008408,0.03576774118314086,0.0012642021693455414,2021-02-23,2020-11-13,False,False,False,False,False,0.0,0,0,False,[],麒琮实业
2020-12-31,年报,2021-03-30,无保留意见,False,360429851.4597149,72085970.29194298,288343881.16777194,0.2,75307941.6592107,1.0905627114767973e-25,209441.718007836,133160457.06701359,315680.1445676756,217303.97625124906,9373962.663517373,212527724.30275914,40000000,7.208597029194299,86862208.55692014,75413044.88628098,117022234.11192518,40192742.05601027,1.0048185514002568,35472986.00169457,-28417703.45016104,32140974.0275795,133387398.60559122,137110669.18300968,0.12631898980634323,-0.03423632120817062,0.03193267706593177,0.15787020835557664,2021-02-23,2021-04-25,False,True,False,False,False,0.0,3,0,True,['结合所处行业特点、发展阶段和自身经营模式、盈利水平、偿债能力、资金需求等因素，未进行现金分红或现金分红水平较低原因的说明'],麒琮实业
2021-03-31,季报,2021-04-30,无保留意见,False,367790753.7159392,73558150.74318784,294232602.9727514,0.2,72955643.29365218,1.0792528114090791e-25,225140.21044765788,128537975.18787044,317055.7139815523,206604.49246016308,8410294.994315969,207443738.93159297,40000000,7.355815074318785,113245534.02644716,98586401.31595975,111648079.29915732,37690464.95646719,0.9422616239116797,33104794.899541106,-15568567.041002901,31798604.246363953,132685413.20376043,148915450.40912148,0.020422565518402994,-0.04375165466087536,0.021228966954620433,-0.05284223843055033,2021-02-23,2021-06-19,False,False,False,True,False,0.0,0,0,False,[],麒琮实业
2021-06-30,半年报,2021-08-27,无保留意见,False,360344669.15001285,72068933.83000258,288275735.3200103,0.2,67571163.02312548,1.0970061959281479e-25,244181.1962609481,141927643.93020147,327494.16041659535,244686.4251779689,8424543.258322567,216517023.25353244,40000000,7.206893383000257,113650136.82479638,98955637.3971149,2765091.6522371303,578003.997641746,0.014450099941043648,527480.115935907,-7132643.014500096,32799179.1160702,134464030.28107736,160130566.38264745,-0.020245437088060203,-0.6785910668041755,0.016808816675829355,-0.003239748592824318,2021-02-23,2021-09-22,False,True,False,True,False,0.0,1,0,True,"['结合前述财务报表列报项目的具体情况说明现金分红方案确定的依据及未来增强投资者回报的规划', '结合所处行业特点、发展阶段和自身经营模式、盈利水平、偿债能力、资金需求等因素，未进行现金分红或现金分红水平较低原因的说明', '充分披露高送转的主要考虑及其合理性且送转股后每股收益不低于0.5元']",麒琮实业
2021-09-30,季报,2021-10-27,无保留意见,False,381263529.4902461,76252705.89804922,305010823.5921969,0.2,66417272.96760509,9.977065298284921e-26,217190.51243844483,119911430.48361091,305572.3386976563,204014.34130914888,8911222.332678678,202578160.49297085,40000000,7.625270589804922,113019568.40481624,98420295.20368628,4459779.901913899,-900812.0285430681,-0.0225203007135767,-764774.5620408828,-47642175.22224538,32834621.961754426,129024036.92838988,114216483.66789892,0.05805236522459732,-0.08412877971715163,-0.001104887718952772,0.07855314502116116,2021-02-23,2021-11-15,False,False,False,False,True,0.0,0,0,False,[],麒琮实业
2021-12-31,年报,2022-03-30,无保留意见,False,377633789.15290916,89949929.9143028,287683859.23860633,0.23819354225710143,71326839.72847137,1.2003987444036913e-25,268243.6188223079,153976483.36284027,380399.27818253543,218063.05194017148,9552075.69543743,235928464.14061186,40000000,7.192096480965159,116890479.47277452,101875122.28607431,0.0,5529872.954226103,0.13824682385565257,4935467.260554353,-14609209.96452727,32242277.064016666,141395058.256368,159028125.3558574,-0.05680770324648163,0.3994415739582928,0.08831919626517176,0.14176679764480998,2021-02-23,2022-04-10,False,False,True,False,False,0.0,0,2,True,"['公司为增强投资者回报水平拟采取的措施', '上市公司控股子公司向母公司实施利润分配的情况', '根据公司盈利能力、融资能力及其成本、偿债能力及现金流等情况披露现金分红方案的合理性，是否导致公司营运资金不足或者影响公司正常生产经营']",麒琮实业
2022-03-31,季报,2022-04-30,非标准无保留意见,False,410851791.9155919,86366465.77298592,324485326.14260596,0.21021318994448884,66835006.82949526,1.1611527760736824e-25,247813.328151674,125731518.59902005,351113.89014536026,205965.48233655887,8534074.530166468,214854519.08967024,40000000,8.112133153565148,119531723.3784835,104291061.01537964,17832799.628960717,3773205.5795842633,0.09433013948960658,3451341.041864742,-53436151.05501634,34474485.63921618,168540305.21187127,149578639.7960711,0.12792329399848706,-0.07797058501887061,-0.02798035231261259,0.13754546885040114,2021-02-23,2022-06-06,False,False,False,True,True,0.0,0,0,False,[],麒琮实业
2022-06-30,半年报,2022-08-27,无保留意见,False,437860596.2244288,105462100.32799698,332398495.8964318,0.2408577095938123,82311539.25813766,1.2819252550231117e-25,313291.3018140702,153222638.77515566,400124.7441901115,260426.86705281356,10287735.351974955,245917031.31338587,40000000,8.309962397410795,118065507.29054436,102908551.43495579,7493987.169673025,-2094594.4113416485,-0.05236486028354121,-1975013.6863197938,-14677294.752084939,42911534.907298736,152700654.69910187,180934894.85431567,0.024386833906776068,-0.28246964429470334,0.030644519649323482,-0.1545100275369656,2021-02-23,2022-09-21,False,True,False,False,False,0.0,2,0,True,"['充分披露高送转的主要考虑及其合理性且送转股后每股收益不低于0.5元', '是否影响偿债能力、过去十二个月内是否使用过募集资金补充流动资金以及未来十二个月内是否计划使用募集资金补充流动资金等内容', '结合所处行业特点、发展阶段和自身经营模式、盈利水平、偿债能力、资金需求等因素，未进行现金分红或现金分红水平较低原因的说明', '公司在相应期间是否按照中国证券监督管理委员会相关规定为中小股东参与现金分红决策提供了便利']",麒琮实业
2022-09-30,季报,2022-10-27,无保留意见,False,456196227.34546864,112032946.5744342,344163280.7710344,0.24558060733280418,82113802.07933368,1.3902925632744936e-25,334340.94337268185,155414491.402625,442860.6192362542,296893.748230172,11323208.383198945,268909252.75065315,40000000,8.604082019275861,124734769.844074,109275096.77206087,21883387.560353488,9527517.933613792,0.2381879483403448,9095064.767292975,-8748045.898520429,38398951.88902771,171018821.79104403,200669727.7815513,0.03539361645688155,0.7797246626954454,0.004722897738991866,0.0543418710627281,2021-02-23,2022-12-11,True,False,False,False,False,13812309.878242798,0,0,True,"['公司在相应期间是否按照中国证券监督管理委员会相关规定为中小股东参与现金分红决策提供了便利', '充分披露高送转的主要考虑及其合理性且送转股后每股收益不低于0.5元', '留存未分配利润的预计用途以及收益情况', '公司为增强投资者回报水平拟采取的措施']",麒琮实业
2022-12-31,年报,2023-03-30,无保留意见,False,593559460.3937227,185357614.69703606,408201845.6966866,0.31228145967732324,102032408.51790145,1.6912671125476706e-25,358109.2219610413,180171661.70476472,497072.94756925694,316592.69808583846,12287030.77992781,313228883.34834236,40000000,10.205046142417165,131671866.95747162,115835838.05967355,47328833.968392015,9910138.73342517,0.24775346833562925,9372487.55373239,-111152530.50448364,52637008.90025656,219756457.95021725,161240936.34599018,0.18607030006857686,0.014423543158802333,0.06670085234451903,0.023024045253343898,2021-02-23,2023-05-15,False,True,False,False,True,0.0,3,0,True,"['根据公司盈利能力、融资能力及其成本、偿债能力及现金流等情况披露现金分红方案的合理性，是否导致公司营运资金不足或者影响公司正常生产经营', '公司为增强投资者回报水平拟采取的措施', '是否影响偿债能力、过去十二个月内是否使用过募集资金补充流动资金以及未来十二个月内是否计划使用募集资金补充流动资金等内容']",麒琮实业
2023-03-31,季报,2023-04-30,无保留意见,False,697319929.3725016,227037526.73366335,470282402.63883823,0.3255858855747433,121677285.34943712,1.7977042755960917e-25,408819.49088151497,217646448.47520217,576922.6043369544,351672.3844338054,15834248.770292634,360323275.94290197,40000000,11.757060065970956,142635398.61503157,125358208.41832703,33199837.259217624,15662188.08222847,0.39155470205571175,13603386.226647852,-56815893.66352759,60578917.06366115,250248584.75230658,254011608.15244013,0.15208298932651163,0.21375026735401637,0.013304425897420081,-0.03663224656679719,2021-02-23,2023-06-09,False,False,False,True,False,0.0,0,0,False,[],麒琮实业
2023-06-30,半年报,2023-08-27,非标准无保留意见,False,831352315.0492983,293244988.4069281,538107326.6423702,0.3527325095492625,159416878.53099746,2.549724875434654e-25,612315.3913431342,277179081.8421851,745212.9162568742,535037.251454716,18986028.118361175,479496804.33810234,40000000,13.452683166059256,149436262.8401666,131734951.81463014,15357975.01971815,9715520.321621493,0.2428880080405373,9109633.423290143,-160869444.16149914,74804207.69918038,315552545.3242406,229487308.86192185,0.14422169237665344,-0.1820658109504478,0.027146623974519217,-0.03662441049347957,2021-02-23,2023-09-30,False,False,False,False,True,0.0,0,0,False,[],麒琮实业
2023-09-30,季报,2023-10-27,保留意见,False,956978104.0285183,444436070.7801008,512542033.2484175,0.4644161333568573,163128323.68475747,2.7742489617665897e-25,609622.8094093932,333382749.8539153,908927.8887553752,516691.00242069195,22221101.385000978,533828537.69041973,40000000,12.813550831210437,168649616.12783346,147197593.83985442,47472011.00106475,27447647.553809777,0.6861911888452444,22089488.60746326,-50280483.859790824,84814503.86028397,336208704.6626409,370742724.6631341,-0.04750965491117271,0.6637387937317194,0.11168362380759474,0.07115235939960435,2021-02-23,2023-11-26,True,False,False,False,False,9225161.978456926,0,0,True,['公司在相应期间是否按照中国证券监督管理委员会相关规定为中小股东参与现金分红决策提供了便利'],麒琮实业
2023-12-31,年报,2024-03-30,保留意见,False,1067464703.490669,499137068.7173647,568327634.7733043,0.46759116913670185,214167044.81935275,3.1920284067882566e-25,650669.8635826292,378508757.72823626,988879.3327132509,626728.7372041264,24834975.887510404,601411434.963675,40000000,14.208190869332608,208719852.33719382,185706884.1738227,213214366.73358828,57243194.58480053,1.4310798646200131,55013271.90566898,-96443403.59687974,89462420.48237817,396054243.3327266,389073260.218225,0.10884102747890888,0.6703514959913073,0.0031750357798445658,0.0979496309901476,2021-02-23,2024-05-25,True,True,False,False,False,45817295.534114294,0,0,True,"['根据公司盈利能力、融资能力及其成本、偿债能力及现金流等情况披露现金分红方案的合理性，是否导致公司营运资金不足或者影响公司正常生产经营', '是否影响偿债能力、过去十二个月内是否使用过募集资金补充流动资金以及未来十二个月内是否计划使用募集资金补充流动资金等内容', '上市公司控股子公司向母公司实施利润分配的情况', '充分披露高送转的主要考虑及其合理性且送转股后每股收益不低于0.5元']",麒琮实业
2024-03-31,季报,2024-04-30,无保留意见,False,904152751.5102155,452950018.82368994,451202732.6865256,0.5009662560525563,161187473.63988099,2.445654039210757e-25,506704.1470918986,314181820.0782464,778662.7731030266,506452.82233432867,22249932.125225134,486828391.7419139,40000000,11.28006831716314,219269177.48387784,195704047.03129694,59153853.586137034,15070464.495262891,0.3767616123815723,14281661.22496319,-149934761.36957896,82987373.3994647,345822845.6533044,278875457.6831901,-0.20608693809777137,-0.5680349603136753,0.033375086915854446,-0.004130209518298955,2021-02-23,2024-06-13,False,False,False,False,False,0.0,0,0,False,[],麒琮实业
2024-06-30,半年报,2024-08-27,无保留意见,False,1142654063.9158506,562854928.8934582,579799135.0223924,0.4925855923222875,203007929.07294047,3.085426637957745e-25,739539.018292423,378040388.2613171,1031237.5709821658,708870.9486065743,25311825.73188246,648303599.0559838,40000000,14.49497837555981,216770748.8807375,193266006.05551273,11392831.124717763,-3569183.718771884,-0.08922959296929711,-3482915.6796917245,-220856657.79272997,98924341.8943182,415353311.51948535,293420995.6210736,0.28500803080288417,-0.581209175089685,-0.008380663730268785,0.11468025991398195,2021-02-23,2024-10-20,False,False,False,False,False,0.0,0,0,False,[],麒琮实业
2024-09-30,季报,2024-10-27,保留意见,False,1413332003.4980354,734912052.9330363,678419950.5649992,0.5199854323783151,262261892.38465267,4.38668887436487e-25,1000070.1395834724,490100992.5397335,1304481.0150479705,930367.9116469568,34837031.05780488,833492228.9602792,40000000,16.96049876412498,215261970.8280872,191932219.46834284,4118745.468679891,-2155397.21807188,-0.05388493045179699,-1905409.4102426858,-166600673.85186863,125747037.27557649,515413156.31696934,474559519.7406772,0.17009479591375729,0.1052643764233464,0.027399840056027566,0.160926897414422,2021-02-23,2024-12-06,False,False,False,False,False,0.0,0,0,False,[],麒琮实业
2024-12-31,年报,2025-03-30,无保留意见,False,1532021662.9189186,839153246.0678371,692868416.8510814,0.5477424153840107,281278612.5204338,4.468128417667622e-25,1064167.6947630998,532264990.74183524,1268512.3571517505,872259.3218386694,33533561.60507667,832876243.3430294,40000000,17.321710421277036,211390323.75487784,188404238.37862524,4768531.400330148,-5530924.3902990725,-0.1382731097574768,-5039972.985310837,-55756466.326342106,129450208.51513806,577980412.9315126,651674155.1203085,0.021297230828853417,-0.22739087207753192,0.027756983005695682,0.17241825791480517,2021-02-23,2025-04-28,False,True,False,False,False,0.0,3,0,True,['上市公司控股子公司向母公司实施利润分配的情况'],麒琮实业
2017-03-31,季报,2017-04-30,无保留意见,True,305106075.38451624,88403524.8451162,216702550.5394,0.28974685192257754,15241367.493445398,22529.857044017946,104983808.51431435,1639391.117945467,480780.241555185,146897.98984383408,2470068.275702612,132891323.90820765,40000000,5.417563763485,16275035.419586543,14049326.055719778,58866438.382519946,23250050.59940935,0.5812512649852337,20070465.7938854,-28495731.13343897,-16585131.474828959,-16965742.114218183,-62046604.722486116,0.20390305855222227,1.2361139221894084,-0.010253148077422421,0.026552488906509773,2021-06-10,2017-06-07,False,False,False,False,False,0.0,0,0,False,[],铄璟电力
2017-06-30,半年报,2017-08-27,无保留意见,False,348898945.4061316,105067403.60118493,243831541.80494672,0.3011399288664587,17160967.958475135,24596.798639161625,121584262.73419428,1766993.2244533584,453797.29408799286,159845.03565779075,2830644.340676041,140089651.90217832,40000000,6.095788545123668,31547326.80565461,28991736.29423247,97415913.8895179,21817559.122954383,0.5454389780738595,21346300.340732414,-8800850.317306716,-17849046.43009091,-17181272.312427197,-43831169.059824824,0.12518999521703483,-0.03558980560575974,0.01139307694388113,0.08252898896635079,2021-06-10,2017-09-15,False,False,False,False,False,0.0,0,0,False,[],铄璟电力
2017-09-30,季报,2017-10-27,无保留意见,False,443110392.8645408,146891446.10169908,296218946.76284176,0.3315007918277464,24482090.231164057,37237.21951430114,168920210.98056236,2294185.311367947,689673.7278360124,221044.88073448805,3538147.5896822833,193959759.08831367,40000000,7.405473669071044,43524987.6365173,39284119.30660926,65414409.727573946,17110944.044089563,0.42777360110223905,14703404.303395415,-29816746.465270918,-25108346.929443542,-22895019.15675207,-77820112.55146652,0.21485081286080038,-0.12124964024545289,0.03036086296128772,0.12738100929424487,2021-06-10,2017-12-17,False,False,False,False,False,0.0,0,0,False,[],铄璟电力
2017-12-31,年报,2018-03-30,无保留意见,False,452795463.3888818,166810237.80667642,285985225.5822054,0.36840085931561556,23488082.423314586,35369.44445217441,165778946.65366983,2700480.024803431,591996.8724551948,225069.86449379104,3506355.194357902,202188410.92578748,40000000,7.149630639555135,59780532.939956285,55038740.319492795,12495541.159914313,23222207.576341406,0.5805551894085351,22506601.446976487,-53234992.60717169,-27366542.803634424,-23938796.49165288,-104540331.902459,-0.034547827856635065,0.17915844030446149,0.036900067487869136,0.003557281544004918,2021-06-10,2018-04-09,False,False,False,False,False,0.0,0,0,False,[],铄璟电力
2018-03-31,季报,2018-04-30,无保留意见,False,498678526.1981671,183379646.47610065,315298879.72206646,0.367731187212237,23037843.887128532,35961.11421623205,162629950.9836084,2805751.9446733547,718978.4218664946,248789.6099538534,3895634.384367305,208987093.7027191,40000000,7.882471993051661,100680922.07669206,94799832.30776298,146454096.18829346,58429127.33819397,1.4607281834548491,56801559.983243145,-68483901.35743752,-27994331.634533588,-26956639.518662028,-123434872.51063314,0.10250058925311496,0.875310478546712,-0.000669672103378532,0.022193549270919672,2021-06-10,2018-05-14,False,False,False,False,False,0.0,0,0,False,[],铄璟电力
2018-06-30,半年报,2018-08-27,无保留意见,False,542479725.9492385,207737472.62988347,334742253.3193551,0.38294052789969535,31021384.06627299,43343.00747957973,226503925.92144272,3328465.2095048386,781354.0385313239,274406.6979829785,4536769.197391713,232191234.34534827,40000000,8.368556332983877,141147082.34611687,129179684.1929604,170773630.61142159,57808800.38489258,1.4452200096223147,49114074.12171059,-73021806.3084406,-28672806.09147372,-27938408.204140667,-129633020.60405499,0.0616664848743762,-0.008223970967078864,0.01520934068745836,0.07493799205057516,2021-06-10,2018-09-24,False,False,False,False,False,0.0,0,0,False,[],铄璟电力
2018-09-30,季报,2018-10-27,无保留意见,False,575653585.4645741,247415544.89916742,328238040.56540674,0.4297993639690331,29135362.539111592,41247.75064223847,183108267.68681657,3115638.6456394168,744034.9713624689,257772.12108566085,4549294.790395713,221233371.1237992,40000000,8.205951014135168,193693324.3355923,175296947.67266858,92445126.07326056,75066059.98496489,1.8766514996241224,65881804.9710117,-76052850.21959743,-31056050.698865376,-30066415.88832489,-137175316.8067877,-0.01943051015953775,0.23068488615354613,0.04685883606933775,-0.05086102269735948,2021-06-10,2018-12-20,False,False,False,False,False,0.0,0,0,False,[],铄璟电力
2018-12-31,年报,2019-03-30,保留意见,False,608968637.8710761,313731456.38875604,295237181.48232,0.5151849157381003,30999937.509928554,46664.358101695136,194889081.64946696,3229086.4305493524,794216.1785355308,309174.4676629104,4683378.039701237,249820204.5047515,40000000,7.380929537058,245001985.3253156,224501525.72410926,309912228.6680844,73298087.12817618,1.8324521782044045,70292254.35920098,-37387049.58894158,-36129396.69317859,-34702838.69734914,-108219284.9794693,-0.10053941044201059,-0.019203307462896158,0.08538555176906716,0.20241613004782052,2021-06-10,2019-04-29,False,False,False,False,False,0.0,0,0,False,[],铄璟电力
2019-03-31,季报,2019-04-30,无保留意见,False,537903351.209309,250807876.23377198,287095474.975537,0.46626940633462904,31228052.476131048,43214.80262916021,191922983.14540502,2920576.992929846,671252.8641754538,255112.9167381756,4673771.068054161,221138114.80372214,40000000,7.177386874388425,300062400.12361217,274309507.2672874,372707433.0911584,78657735.426138,1.96644338565345,71154259.34739734,-94896530.39757948,-30370431.8588932,-30099536.043231405,-155366498.29970407,-0.027576833195281602,0.05935505909836077,-0.04891550940347124,-0.09115105207668717,2021-06-10,2019-06-01,False,False,False,False,False,0.0,0,0,False,[],铄璟电力
2019-06-30,半年报,2019-08-27,保留意见,False,726826223.822022,450516529.20521754,276309694.6168044,0.6198407740933899,42271633.07443154,57818.621158232134,270901107.22119063,4336426.7747205,1078737.8585728565,329383.6053220315,6155950.54748017,317509449.02877706,40000000,6.907742365420111,348345423.01660806,320139216.0558829,219812510.90414804,68975746.98999408,1.724393674749852,65471012.55513647,-119049831.06309606,-40939690.837544136,-39307319.99700888,-199296841.89764908,-0.03756861845228176,-0.10121490324867505,0.15357136775876085,-0.03009180126492062,2021-06-10,2019-09-10,False,False,False,False,False,0.0,0,0,False,[],铄璟电力
2019-09-30,季报,2019-10-27,无保留意见,False,952541969.731246,629129289.4399047,323412680.29134136,0.660474088734809,49268422.0714446,79108.38451226836,338449657.9817107,5270549.898481954,1287769.8731846195,477119.0849022386,7348864.632091647,399786434.36606604,40000000,8.085317007283534,397817644.68154705,362130139.3920731,167708840.02311444,70674602.37848425,1.7668650594621063,59987033.337414555,-76813300.44547288,-54570828.770944096,-49399770.04362634,-180783899.26004332,0.17047170834834777,0.019759704893147136,0.04063331464141905,0.13585719584058042,2021-06-10,2019-12-05,False,False,False,False,False,0.0,0,0,False,[],铄璟电力
2019-12-31,年报,2020-03-30,非标准无保留意见,False,792760977.8259466,477518383.9986449,315242593.8273016,0.6023484976621614,42500963.851161115,58253.53405116361,254162653.96020448,4179205.3121447964,1064033.9927307747,373892.33713298064,6559835.294257979,333389334.23112786,40000000,7.88106484568254,418759092.76086825,382526759.0623709,47984404.976544715,29916354.399030365,0.7479088599757592,29138028.100425433,-120583311.89903322,-44778283.30848425,-42151922.4063573,-207513517.6138748,-0.025262109255208793,-0.4648808990715896,-0.05812559107264751,0.11312828820186636,2021-06-10,2020-04-19,False,False,False,False,False,0.0,0,0,False,[],铄璟电力
2020-03-31,季报,2020-04-30,无保留意见,False,848124044.620089,556925989.2149646,291198055.4051245,0.6566562907250619,46094938.517550856,68746.07070483231,284507110.4152171,4363302.452273999,1184641.439377496,381394.3442565068,6747985.1527932305,358551895.23656356,40000000,7.279951385128112,458812213.73199654,418643363.73028207,283478126.1498382,57218744.24446893,1.430468606111723,51595149.52558748,-101000148.82277077,-49297848.70307738,-42427359.17441764,-192725356.7002658,-0.07627312708684719,0.5819375822176591,0.054307793062900574,0.0338683738156176,2021-06-10,2020-05-17,False,False,False,False,False,0.0,0,0,False,[],铄璟电力
2020-06-30,半年报,2020-08-27,无保留意见,True,795013629.9932156,503588291.9682599,291425338.0249557,0.6334335324195101,41553771.85888628,53481.83296084952,262228099.0656656,4245225.688558829,1039327.6291968145,367236.16652419494,6246423.733540453,309335010.8065951,40000000,7.285633450623893,481606527.67989635,438776703.8225384,131108607.2623828,32563305.63985695,0.8140826409964237,28761914.41750897,-58648443.30945143,-43712014.232791245,-40891304.145916,-143251761.6881587,0.0007805087143010647,-0.3321996195920467,-0.023222758305551927,-0.028385777290641453,2021-06-10,2020-10-21,False,False,False,False,False,0.0,0,0,False,[],铄璟电力
2020-09-30,季报,2020-10-27,非标准无保留意见,False,859544299.4658375,571496676.4294325,288047623.03640497,0.6648833303700441,52728102.50717035,75813.97263553241,329179388.7387096,4883029.80407976,1292382.68206097,482261.3966731231,8006601.219079303,404849413.2278031,40000000,7.2011905759101245,486044600.55016565,442838467.4085651,6848251.38400561,6340104.100384671,0.15850260250961679,5802519.4086096585,-58161592.99966571,-47037697.8354096,-46628008.43064172,-151827299.26571703,-0.011590327084947798,-0.5290849994957674,0.03144979795053412,-0.06306793108458855,2021-06-10,2020-11-11,False,False,False,False,False,0.0,0,0,False,[],铄璟电力
2020-12-31,年报,2021-03-30,无保留意见,False,966636438.0277189,664252095.1195943,302384342.90812457,0.6871788285520295,54471092.9645922,78700.64303550347,406757217.495376,6047898.067671994,1333066.583677964,454889.712848738,8672765.962892672,434915465.37923783,40000000,7.559608572703114,496027436.7858656,451930652.56674,42471107.76052285,14261194.622428514,0.35652986556071287,12988835.940249767,-172603284.0686279,-55053941.52445126,-51414737.247285426,-279071962.8403646,0.049772047137870715,0.3393768291681825,0.022295498181985268,0.09153836636103016,2021-06-10,2021-05-27,False,False,False,False,False,0.0,0,0,False,[],铄璟电力
2021-03-31,季报,2021-04-30,无保留意见,False,1066511074.686647,761552128.6916113,304958945.99503577,0.7140592786768425,56816528.98147603,80455.20659192973,380582854.02396315,5906759.0697138375,1458423.1123377683,477653.6399184516,8282333.50489553,444850950.3998777,40000000,7.623973649875894,503001617.87074316,458881318.48341143,22357176.99912482,9963115.835539378,0.24907789588848445,9929522.738102049,-44475711.3458959,-57778862.57578935,-53620545.983172365,-155875119.9048576,0.008514339936223138,-0.13748926868602315,0.026880450124812976,-0.03760995276517857,2021-06-10,2021-05-24,False,False,False,False,False,0.0,0,0,False,[],铄璟电力
2021-06-30,半年报,2021-08-27,保留意见,False,1235628091.0450406,943388209.2051187,292239881.83992183,0.7634888005882433,65785203.64890663,98125.85080972196,485676623.4150338,7336917.780133559,1833651.972309603,645534.4921985192,10249699.05468023,547483054.4316674,40000000,7.305997045998046,515674047.91911495,470679424.8058032,9053979.67610236,18103471.49767401,0.45258678744185027,16854437.603416786,-203039438.3360748,-67376443.71879269,-68368258.87479933,-338784140.9296668,-0.04170746365093008,0.3019070834315462,0.04942952191140087,-0.0003755448068144824,2021-06-10,2021-09-10,True,False,False,False,False,24143315.33469785,0,0,True,"['公司在相应期间是否按照中国证券监督管理委员会相关规定为中小股东参与现金分红决策提供了便利', '是否影响偿债能力、过去十二个月内是否使用过募集资金补充流动资金以及未来十二个月内是否计划使用募集资金补充流动资金等内容', '留存未分配利润的预计用途以及收益情况']",铄璟电力
2021-09-30,季报,2021-10-27,无保留意见,False,1186980399.5695138,875249460.2177348,311730939.351779,0.7373748214672833,61855603.03698745,89718.38707272956,372434291.80053717,6407601.847083876,1634764.2021842003,531801.4506776137,9183369.92192103,483865035.232185,40000000,7.793273483794475,534341794.41410506,485874387.8407122,43429732.56763859,26668209.278557256,0.6667052319639314,21707090.049870018,-222659922.1918671,-68584381.54117386,-64180309.77292049,-355424613.5059615,0.06669540580547313,0.24398549247332302,-0.026113979120960022,0.12727619658210645,2021-06-10,2021-12-11,False,False,False,True,False,0.0,0,0,False,[],铄璟电力
2021-12-31,年报,2022-03-30,非标准无保留意见,False,1489585883.3344803,1134806753.4236343,354779129.910846,0.7618270058275104,78883137.08336802,118278.90433558736,518782282.99133646,7531677.566156255,2135480.4016311853,729730.5669212366,13235279.95678487,630068102.6878288,40000000,8.86947824777115,555580251.2514042,503441415.1762292,126656383.8537217,30340652.62471304,0.7585163156178261,25095753.33645286,-296939230.3450688,-83748379.28438993,-78919153.19074914,-459606762.82020783,0.13809405844855357,0.08409878506190745,0.02445218436022711,0.04869953911809892,2021-06-10,2022-04-12,False,False,False,False,False,0.0,0,0,False,[],铄璟电力
2022-03-31,季报,2022-04-30,保留意见,False,1111951108.1899164,777406549.5759798,334544558.61393654,0.6991373486209091,54740552.1728376,75344.66942279656,359403217.6799046,5064110.083595486,1455618.1566851614,458889.9474100987,8188725.339104148,418012362.4452272,40000000,8.363613965348414,584090790.8138167,527383290.22853273,115705111.64637385,40729342.23201787,1.0182335558004467,34202678.64614798,-155267879.2023922,-60936501.71136857,-59491668.29947476,-275696049.2132355,-0.05703427736009807,0.21944542441482245,-0.06268965720660116,-0.021576574633871515,2021-06-10,2022-06-13,False,False,False,False,False,0.0,0,0,False,[],铄璟电力
2022-06-30,半年报,2022-08-27,无保留意见,False,1280521328.5598915,883564646.5062639,396956682.05362755,0.6900038498382095,64250607.4125508,83325.61713954911,441710533.0398862,6528065.107758432,1742160.064833467,559681.4908592803,9778103.54881498,500549910.3759719,40000000,9.92391705134069,620853785.6361079,561989739.5043817,114426376.5691596,52518564.03184457,1.3129641007961144,49437784.679784216,-238738965.639291,-76114598.05062158,-68657370.07008076,-383510933.7599933,0.18655847728707015,0.2042154187803678,-0.009133498782699655,0.03600779083788442,2021-06-10,2022-09-24,False,False,True,False,False,0.0,0,1,True,"['根据公司盈利能力、融资能力及其成本、偿债能力及现金流等情况披露现金分红方案的合理性，是否导致公司营运资金不足或者影响公司正常生产经营', '结合所处行业特点、发展阶段和自身经营模式、盈利水平、偿债能力、资金需求等因素，未进行现金分红或现金分红水平较低原因的说明', '公司在相应期间是否按照中国证券监督管理委员会相关规定为中小股东参与现金分红决策提供了便利', '结合前述财务报表列报项目的具体情况说明现金分红方案确定的依据及未来增强投资者回报的规划']",铄璟电力
2022-09-30,季报,2022-10-27,无保留意见,False,1369447129.9585936,1011450175.9184808,357996954.0401129,0.7385828585796246,75044492.79019505,117441.97197725289,507235977.9242868,7450543.402987947,1997121.1551567814,622819.1197919344,12112690.963964168,589887728.4594798,40000000,8.949923851002822,665046492.3279974,604241981.7393321,232940033.29961324,63132438.13127062,1.5783109532817654,60360346.04992914,-138590864.0500816,-77714511.00426361,-74541443.84586024,-290846818.9002055,-0.0981460440770495,0.15267683168145008,0.048579008741415027,0.15479909768997327,2021-06-10,2022-12-21,False,False,False,False,False,0.0,0,0,False,[],铄璟电力
2022-12-31,年报,2023-03-30,无保留意见,False,1037656253.6574731,721880256.913481,315775996.7439921,0.6956834253819968,55335042.014822066,78598.74976135744,355232138.5903221,5346164.759858234,1487868.6854875926,489366.20218523056,7966988.117317893,434983332.5852659,40000000,7.894399918599802,675925976.0885391,613827789.0974177,53397037.53422366,15542119.657916829,0.3885529914479207,13694010.511550955,-14581300.447519237,-58940856.420959204,-56010290.8551203,-129532447.72359875,-0.11793663834187271,-0.5938958002924198,-0.042899433197627866,-0.06813844381378621,2021-06-10,2023-04-21,False,False,True,False,True,0.0,0,3,True,"['留存未分配利润的预计用途以及收益情况', '结合所处行业特点、发展阶段和自身经营模式、盈利水平、偿债能力、资金需求等因素，未进行现金分红或现金分红水平较低原因的说明', '是否影响偿债能力、过去十二个月内是否使用过募集资金补充流动资金以及未来十二个月内是否计划使用募集资金补充流动资金等内容', '根据公司盈利能力、融资能力及其成本、偿债能力及现金流等情况披露现金分红方案的合理性，是否导致公司营运资金不足或者影响公司正常生产经营']",铄璟电力
2023-03-31,季报,2023-04-30,无保留意见,False,1208292699.4389954,900428967.479731,307863731.95926446,0.7452076536569292,61700704.76891697,96124.13563881179,412752701.9928057,6555160.079020405,1700356.2495637396,528991.2307641411,9873259.30483698,515505193.7189651,40000000,7.696593298981611,682222833.9493934,619597973.246928,33365687.5910196,8995511.229791753,0.22488778074479382,8243120.213586237,-125841878.17793128,-70132036.75430171,-63991591.05987183,-259965505.9921048,-0.025056574490499684,-0.20117338688884143,0.04952422827493247,0.06420706099385023,2021-06-10,2023-05-10,True,False,True,False,True,4854482.765394618,0,1,True,"['结合所处行业特点、发展阶段和自身经营模式、盈利水平、偿债能力、资金需求等因素，未进行现金分红或现金分红水平较低原因的说明', '公司在相应期间是否按照中国证券监督管理委员会相关规定为中小股东参与现金分红决策提供了便利']",铄璟电力
2023-06-30,半年报,2023-08-27,无保留意见,False,1533618818.4966304,1216495012.281386,317123806.2152446,0.7932186261732799,81609080.14276809,122710.20607237316,581063611.5672463,8198892.49920846,2235660.824322591,667995.7949752648,12137337.285280982,637296526.8535547,40000000,7.928095155381115,678171141.7223343,616173891.7573626,18841549.162817176,-5788131.752941605,-0.1447032938235401,-4891544.985093524,-78242695.71690612,-93340769.58706817,-84243065.20182054,-255826530.50579482,0.030078483740349722,-0.5686998363698573,0.048010972516350704,0.04349186652443537,2021-06-10,2023-10-05,False,True,True,False,False,0.0,3,4,True,['结合前述财务报表列报项目的具体情况说明现金分红方案确定的依据及未来增强投资者回报的规划'],铄璟电力
2023-09-30,季报,2023-10-27,无保留意见,False,2235378694.0950866,1869131255.7366602,366247438.35842633,0.8361586610242393,102327791.30030628,152873.11494998907,719418983.44084,11195346.537795294,2776555.180370813,986353.239830854,14932349.989901438,856137267.8664714,40000000,9.15618595896066,674292834.920412,612818353.3670586,19983653.011961836,-5540438.288460486,-0.13851095721151213,-4793626.271862848,-396941034.49662447,-130804819.69165772,-113226320.44911347,-640972174.6373956,0.15490364072459314,0.0220920777004407,0.04294003485095945,-0.043069373107986246,2021-06-10,2023-12-17,False,False,True,False,False,0.0,0,9,True,"['是否影响偿债能力、过去十二个月内是否使用过募集资金补充流动资金以及未来十二个月内是否计划使用募集资金补充流动资金等内容', '留存未分配利润的预计用途以及收益情况', '充分披露高送转的主要考虑及其合理性且送转股后每股收益不低于0.5元']",铄璟电力
2023-12-31,年报,2024-03-30,无保留意见,False,3798113119.834255,3418301807.8508296,379811311.9834254,0.9,216758580.57221147,282302.7159891731,1407272343.4285278,22197107.42127271,5820201.302418531,1843923.0970518016,33284585.168822564,1596580901.990016,40000000,9.495282799585635,669596031.4692403,608722224.3737749,9579278.469283286,-6709719.215959396,-0.16774298039898491,-5851612.8475480825,-115808733.51868641,-205099750.57624307,-194057342.16420126,-514965826.2591307,0.03703472626537473,-0.10203539689667805,0.07796312225394703,0.1985982289081083,2021-06-10,2024-04-24,False,True,False,False,False,0.0,3,0,True,"['根据公司盈利能力、融资能力及其成本、偿债能力及现金流等情况披露现金分红方案的合理性，是否导致公司营运资金不足或者影响公司正常生产经营', '是否影响偿债能力、过去十二个月内是否使用过募集资金补充流动资金以及未来十二个月内是否计划使用募集资金补充流动资金等内容', '结合前述财务报表列报项目的具体情况说明现金分红方案确定的依据及未来增强投资者回报的规划']",铄璟电力
2024-03-31,季报,2024-04-30,无保留意见,False,3673712165.314388,3306340948.782949,367371216.5314387,0.9,224966946.02786642,313059.4001673174,1448707025.5612638,21474357.601700187,5740089.8548008995,1824287.875290701,37731469.777452,1650272921.7022777,40000000,9.184280413285968,663813287.0686986,603379873.3098063,6496460.156134186,-8261063.429345228,-0.2065265857336307,-7631930.091383751,-81404861.84627295,-219710419.77027744,-204573462.0449187,-505688743.6614691,-0.032753356889300665,-0.15075820047513597,0.012596334938886976,-0.017041497254568664,2021-06-10,2024-06-16,False,False,False,False,True,0.0,0,0,False,[],铄璟电力
2024-06-30,半年报,2024-08-27,无保留意见,False,3774817706.510585,3397335935.8595266,377481770.65105844,0.9,186457713.1321938,283328.6245501217,1247319056.613372,20680087.963092137,4998805.616148322,1767731.573655486,29236611.474960044,1548494855.6431997,40000000,9.43704426627646,653804614.5648639,594433416.3293166,68740746.02682872,-14298103.576906696,-0.3574525894226674,-12780652.82927099,-533377786.16868055,-208893189.49580085,-185241214.23668656,-927512189.901168,0.027521356232203545,-0.690820913820769,0.022480039361412622,-0.04508996152747971,2021-06-10,2024-10-19,False,False,False,False,False,0.0,0,0,False,[],铄璟电力
2024-09-30,季报,2024-10-27,无保留意见,False,4058980875.959997,3653082788.3639975,405898087.5959996,0.9,230228594.36533698,381956.22244732233,1570933193.3947623,22833586.883100532,6089641.51145146,2106026.23740319,36859726.65786038,1860968480.6616874,40000000,10.14745218989999,644090800.8751982,585942647.0511451,25285932.890473254,-13876876.699522546,-0.3469219174880636,-12129670.39738798,-189001590.06012917,-229122507.08468887,-215328065.2758128,-633452162.4206309,0.0752786469554023,0.1559004533941026,0.06526636716070038,-0.13321884453954297,2021-06-10,2024-12-19,False,False,False,True,False,0.0,0,0,False,[],铄璟电力
2024-12-31,年报,2025-03-30,保留意见,False,4728479295.6017685,4255631366.0415916,472847929.56017673,0.9,252843604.97562003,374705.61800344335,1777742707.6603832,26470650.962832153,7093823.991330835,2386844.185530798,40369994.238390364,2095441747.8003407,40000000,11.821198239004419,635744845.0196658,578409544.3552195,31048839.97970672,-11922794.079331983,-0.29806985198329955,-10761575.279893586,-715707332.6727803,-286826587.8210324,-239436657.06204575,-1241970577.5558584,0.16494249174884978,0.625682188049325,0.0866770226841149,0.038435496728741976,2021-06-10,2025-05-27,False,False,False,False,False,0.0,0,0,False,[],铄璟电力
2017-03-31,季报,2017-04-30,无保留意见,False,245751985.92978817,53352986.67542434,192398999.25436383,0.2171009380598348,7035255.832621812,1.4008377464796455e-21,82297534.40497017,28074510.609477494,1016.2299134520828,2583257.0700675836,17291322.64736727,135247636.4532382,40000000,4.809974981359096,3436403.8280459195,3086180.6125677554,16995098.432599016,4909148.325779885,0.12272870814449713,4408829.446525365,-6024565.020975734,-22047290.925417107,44597528.46795303,16525672.521560185,0.06888332919091009,0.2171749069877714,-0.08289906194016519,-0.06633023598323029,2021-08-10,2017-05-23,False,False,False,False,False,0.0,0,0,False,[],翊珺控股
2017-06-30,半年报,2017-08-27,无保留意见,False,237866811.15782642,47573362.23156528,190293448.92626113,0.2,8229011.2971918015,1.348152235519733e-21,82158460.58647034,26585980.269530624,972.355204715982,3144395.997853453,17403009.09325597,137897992.0165393,40000000,4.757336223156528,11581587.120304814,10047124.199034678,7216616.35272973,11635976.13179842,0.2908994032949605,9944205.123524176,-10686495.977176704,-22474973.09090107,42418946.86910714,9257477.80102937,-0.010943665696093409,0.30703282966518897,-0.017248357631802807,-0.06173356905936544,2021-08-10,2017-10-20,False,False,False,False,False,0.0,0,0,False,[],翊珺控股
2017-09-30,季报,2017-10-27,无保留意见,False,258002595.18542802,56429997.12049465,201572598.06493336,0.21871871901109396,8557140.68342612,1.5100128412341528e-21,95727568.84693609,30015595.725113563,1093.8356561251624,2971615.586694165,20119840.853308447,150486118.9151476,40000000,5.039314951623334,39695503.84718116,35484724.1500331,169306139.7567957,40162738.18125192,1.0040684545312981,36339428.501426324,-18583034.90766114,-22148261.53479414,46299708.18564434,5568411.743189067,0.059272398510381394,0.9961861232932219,0.018866138583061968,0.0863499438588198,2021-08-10,2017-12-12,False,False,False,False,False,0.0,0,0,False,[],翊珺控股
2017-12-31,年报,2018-03-30,无保留意见,False,270368780.3144299,73914292.27906492,196454488.03536496,0.27338323675205795,8599103.544252263,1.4558707882774058e-21,84185841.38014284,26764554.28786136,1064.2585804744404,3112653.1747310683,18542127.388197787,146968397.28469175,40000000,4.911362200884124,76137707.33708273,64560201.77480182,114463974.98554072,52060290.699859396,1.301507267496485,41536396.60681246,-28144458.799015474,-23831195.254581243,47814051.11458233,-4161602.93901439,-0.025390901733179518,0.2081347552120867,0.054664517740964,0.07715217831560901,2021-08-10,2018-05-28,False,False,False,False,False,0.0,0,0,False,[],翊珺控股
2018-03-31,季报,2018-04-30,无保留意见,False,293160210.45495176,87846698.39617404,205313512.05877775,0.29965423431728955,10081973.398093795,1.661640593148326e-21,101379935.43257415,27773386.182068933,1096.7015292680958,3461654.717146231,22994848.935887232,163532990.2280455,40000000,5.132837801469444,86035183.01221167,73550320.84190571,34143951.03395635,14139250.964469895,0.35348127411174735,12843027.238719828,-27805960.848125756,-26609020.406413477,50336152.78960986,-4078828.4649293795,0.04509453620534244,-0.5491004939466133,0.026270997565231595,0.0038392490107096383,2021-08-10,2018-05-20,False,False,False,False,False,0.0,0,0,False,[],翊珺控股
2018-06-30,半年报,2018-08-27,无保留意见,True,321260636.258818,96175610.02258939,225085026.2362286,0.29936941899444913,10051095.642464366,1.7185654442787602e-21,107223874.36862256,33917272.10944366,1092.3628477480083,2942702.2314684447,20774006.232954852,167614755.33537608,40000000,5.627125655905715,97518949.17493331,83655121.75773917,22144445.51647901,16405380.232459497,0.4101345058114874,14435429.879762094,-60402523.39008063,-28055793.109500438,61094546.31750246,-27363770.182078607,0.09629913773912072,0.07277404554705806,-0.00028481532284039917,-0.041835917703455884,2021-08-10,2018-09-09,False,False,False,False,False,0.0,0,0,False,[],翊珺控股
2018-09-30,季报,2018-10-27,保留意见,True,351058291.1130947,110614645.28314632,240443645.82994834,0.3150891122167271,10881143.461248623,1.9102662733593033e-21,98429463.92185788,36221154.576937,1450.4492532399331,3964377.920051205,24491711.468017373,189198037.78819463,40000000,6.011091145748709,100754020.67274433,86282468.03154503,9674149.371543925,4621530.711158611,0.11553826777896527,3753351.8197226347,-44786580.79692509,-32537597.944053367,63572866.034718245,-13751312.706260204,0.06823474600038804,-0.3527530427523976,0.01571969322227794,-0.022102976012989467,2021-08-10,2018-11-11,False,False,False,False,False,0.0,0,0,False,[],翊珺控股
2018-12-31,年报,2019-03-30,无保留意见,False,358573857.1033671,108755959.2380856,249817897.86528146,0.3033014177794178,10946370.173981799,1.8930513615671444e-21,100442535.41441135,36933092.05988715,1250.762487142233,3663932.193976604,22702871.06032141,180040947.00345308,40000000,6.245447446632037,112175116.64987946,96509454.5534348,50238376.14819291,16315851.395907309,0.4078962848976827,14609980.745556835,-55404881.78095782,-30325777.12686629,64250846.03113533,-21479812.87668877,0.0389873144826752,0.54086460579377,-0.01178769443730927,0.011042822666444926,2021-08-10,2019-04-09,False,False,False,False,False,0.0,0,0,False,[],翊珺控股
2019-03-31,季报,2019-04-30,非标准无保留意见,False,396970947.0546255,112947296.60938911,284023650.4452364,0.2845228283012029,13793975.059213785,2.440011192105173e-21,141394894.94166636,41880174.8110495,1735.626071575063,4680569.616810482,30440651.53047912,234953428.9581803,40000000,7.100591261130909,131304787.05929863,113059535.79329117,15390946.178848902,27328100.584884547,0.6832025146221137,23642973.199794784,-22305742.048521057,-32455687.713300128,72181459.85967332,17420030.09785214,0.1369227460171846,0.33054083049277977,-0.018778589478214917,0.10265124989065005,2021-08-10,2019-05-21,False,False,False,False,False,0.0,0,0,False,[],翊珺控股
2019-06-30,半年报,2019-08-27,无保留意见,False,418848622.48731726,112418315.51413792,306430306.97317934,0.26839843675871694,12747595.908042373,2.3829731049156425e-21,138362722.7391418,42424572.34040751,1709.174227440964,4208057.624536661,30703299.520381913,232940267.64884287,40000000,7.660757674329483,130424159.4977166,112314617.50887755,4710366.142644371,-1258039.3736886233,-0.031450984342215584,-1064168.9777337362,-34513849.46279175,-36728247.27111523,74157642.64129663,2915545.907389641,0.07889010824562752,-0.6448762654252045,-0.01612439154248595,-0.16888808144612996,2021-08-10,2019-10-15,False,False,False,False,False,0.0,0,0,False,[],翊珺控股
2019-09-30,季报,2019-10-27,保留意见,False,516835059.0718007,201063308.2450367,315771750.826764,0.3890279978415787,17228930.889618963,2.6395581273337946e-21,139696853.13059965,56710446.15967129,1791.7716433977093,5536723.249341084,34090905.0166632,266097249.73136225,40000000,7.894293770669099,133701020.40919885,115250628.67947331,13876612.895060655,4681229.873546075,0.11703074683865188,4194301.6722796434,-58731501.654244274,-43309131.904015124,99267749.59132257,-2772883.9669368267,0.03048472569784758,0.3772890422116613,0.12062956108286173,-0.06194391571303468,2021-08-10,2019-12-23,False,False,False,False,False,0.0,0,0,False,[],翊珺控股
2019-12-31,年报,2020-03-30,无保留意见,False,542750115.5712261,209396942.38013443,333353173.19109166,0.3858072736838596,17244410.027679943,3.0626045479915577e-21,182438287.09266797,54220557.993085146,2223.3503504563078,6128823.841480158,37372898.42600943,309519360.6122792,40000000,8.333829329777291,143446600.87596443,124339644.89281465,31012875.372439966,13922257.809665114,0.3480564452416278,12984308.87620194,-70183526.48101062,-48913025.86334324,97836887.06510164,-21259665.279252216,0.05567762891485833,0.426222497063891,-0.003220724157719064,-0.15888512237652863,2021-08-10,2020-05-09,False,False,False,False,False,0.0,0,0,False,[],翊珺控股
2020-03-31,季报,2020-04-30,无保留意见,False,701570794.4729518,312691410.55055207,388879383.9223997,0.4457018636094429,21058691.2731063,3.767824240700871e-21,204255557.29948136,70245948.13300793,2725.815553352555,7744571.457212372,48469013.51638925,364621220.2479019,40000000,9.721984598059992,168241974.769864,147186909.6627191,157960984.47426814,35421962.70557079,0.8855490676392697,32638949.671292055,-65112684.36197709,-62294513.82928364,129746381.60763523,2339183.4163745046,0.16656871809490215,0.695282505832601,0.059894589925583316,-0.02686369872430386,2021-08-10,2020-05-11,False,False,False,False,False,0.0,0,0,False,[],翊珺控股
2020-06-30,半年报,2020-08-27,无保留意见,False,831879310.1651367,423497768.036716,408381542.1284207,0.509085588332095,26527292.32638175,4.671958764133377e-21,273492662.7326203,87077815.08750427,3596.759440371652,9435472.687072149,56786392.03870441,470199432.9937254,40000000,10.209538553210518,183606812.80683258,160176899.03407386,29388487.62062582,21949768.624240838,0.5487442156060209,18557127.67336391,-164969500.85463288,-78345093.78768411,147261935.85014567,-96052658.79217133,0.05014963253982264,-0.25699522463508007,0.06338372472265219,0.024438618625466795,2021-08-10,2020-09-07,False,False,False,False,False,0.0,0,0,False,[],翊珺控股
2020-09-30,季报,2020-10-27,无保留意见,False,797805602.6135399,325016647.5190658,472788955.0944742,0.407388274103792,23478546.345447887,4.004694127285601e-21,230394053.66603833,76227651.82463935,2489.7884003117715,7960272.42395019,52722586.95465043,396092903.58840626,40000000,11.819723877361854,206340969.04916754,180979966.26969826,41839003.4013246,32477366.060478568,0.8119341515119642,29718667.479463436,-53618116.72806281,-62138768.51652923,145878108.66780853,30121223.423216492,0.1577138198518279,0.270286520513135,-0.1016973142283031,0.11128280153964991,2021-08-10,2020-12-07,False,False,False,False,False,0.0,0,0,False,[],翊珺控股
2020-12-31,年报,2021-03-30,无保留意见,False,808226987.6362273,388173171.11797404,420053816.5182532,0.4802774184183588,26649688.143657003,4.898414053715567e-21,288976305.57895446,86966080.46929085,3590.444686320244,9410433.926848607,62202150.82676787,461992386.5158725,40000000,10.501345412956331,212750716.5307824,186858335.80883116,0.0,9156782.11659262,0.2289195529148155,8397670.770189857,-140099559.58157665,-65926371.81289524,141266442.17200896,-64759489.22246292,-0.11154054680842382,-0.4713384280678982,0.07288914431456676,0.15337523406197107,2021-08-10,2021-05-28,False,False,False,False,False,0.0,0,0,False,[],翊珺控股
2021-03-31,季报,2021-04-30,无保留意见,False,1058580699.3651774,579100408.0952886,479480291.2698887,0.547053624199431,33395863.8785464,6.047237920417991e-21,356886143.53632426,112535112.564927,4192.811239220527,13020219.67660297,77863070.15494856,612055346.5748339,40000000,11.987007281747218,217387790.75372472,191294200.961812,14535691.679605193,6624391.747060493,0.16560979367651232,6336950.218544093,-76908578.17047335,-80882617.11377499,197334277.28820676,39543082.003958404,0.141473478908513,-0.096815822307351,0.06677620578107227,-0.04219549922002151,2021-08-10,2021-06-14,False,False,False,False,False,0.0,0,0,False,[],翊珺控股
2021-06-30,半年报,2021-08-27,无保留意见,False,1009327613.332505,596138045.5198255,413189567.8126795,0.5906288876329775,31419527.11345861,5.27328373320964e-21,343094134.17916924,115238261.77337685,4204.786371614493,10990562.808250988,80927600.67279083,540410671.8859117,40000000,10.329739195316987,224867671.58569723,198156569.10124475,12011238.98951798,10685544.04567495,0.26713860114187377,9803383.0563325,-37991044.70600773,-78177054.76403414,175577165.26170444,59409065.791662574,-0.13825536662130616,0.17190505229070174,0.043575263433546486,-0.09104854826123764,2021-08-10,2021-09-27,False,False,False,True,False,0.0,0,0,False,[],翊珺控股
2021-09-30,季报,2021-10-27,无保留意见,False,975378175.9243126,546893522.1951497,428484653.72916293,0.5606989531797639,32486044.682685006,5.508402488459839e-21,334923353.09855473,110671482.26587747,4384.3980932998675,11998414.063204484,80153010.1897054,581218897.0876881,40000000,10.712116343229074,235928783.01897898,207941549.78380716,25016280.191368315,15801587.761831097,0.39503969404577743,13978543.832231978,-44706730.592158884,-86269635.62295878,176643617.671375,45667251.45625734,0.03701711540649899,0.18479115699210458,-0.029929934453213576,0.09371540466756276,2021-08-10,2021-11-15,False,True,True,False,False,0.0,2,9,True,"['充分披露高送转的主要考虑及其合理性且送转股后每股收益不低于0.5元', '公司在相应期间是否按照中国证券监督管理委员会相关规定为中小股东参与现金分红决策提供了便利', '公司为增强投资者回报水平拟采取的措施']",翊珺控股
2021-12-31,年报,2022-03-30,无保留意见,True,951364782.4950718,547637386.1994185,403727396.2956532,0.5756334439489885,34568129.54545239,6.010699203258979e-21,333879171.2776984,113556649.4261576,4345.503161703921,11123498.056983978,72526623.36724712,579595634.2519017,40000000,10.093184907391331,243469076.75746864,214538383.1326867,23017262.624222007,10771848.19784234,0.26929620494605855,9424047.641256528,-28401716.367692407,-79297710.19054477,167304641.03580397,59605214.47756679,-0.05777863271891714,-0.15333829571023108,0.014934490769224616,-0.04163925389345672,2021-08-10,2022-05-01,False,False,False,False,True,0.0,0,0,False,[],翊珺控股
2022-03-31,季报,2022-04-30,无保留意见,True,1015928506.4022207,591224831.0653708,424703675.33684987,0.5819551546585862,35086173.588610314,6.3961517189582604e-21,356699602.7544375,123378982.37477773,4428.91739429377,12671025.98919277,79193427.2322237,623488921.6375054,40000000,10.617591883421246,252538693.6276667,222847837.63504612,25254969.404357597,12956595.528854351,0.3239148882213588,11870649.28908486,-46873793.60852327,-86230427.7656621,183312502.95822862,50208281.584043235,0.05195654105632094,0.07866769670668675,0.006321710709597509,-0.0007066804718470117,2021-08-10,2022-05-25,False,False,False,False,True,0.0,0,0,False,[],翊珺控股
2022-06-30,半年报,2022-08-27,无保留意见,False,1215513316.9824777,791200879.8776995,424312437.10477805,0.6509191374734278,44957577.740382545,7.224800577340258e-21,442900621.9005369,151605168.27689812,5227.337222141866,16121836.372259403,91427243.97865868,721425568.0387425,40000000,10.607810927619452,257541491.21412894,227233752.660632,26168825.773242082,7146853.694946069,0.17867134237365173,6265592.893694142,-242177091.71596336,-100152097.16705745,232635480.17469934,-109693708.70832148,-0.0009212028404546895,-0.1939386546215609,0.06896398281484173,0.0900190927494964,2021-08-10,2022-10-05,False,False,False,False,True,0.0,0,0,False,[],翊珺控股
2022-09-30,季报,2022-10-27,无保留意见,False,995294402.4936638,567437945.7929623,427856456.7007014,0.5701207043576986,27954042.36171456,5.568695468029734e-21,290930421.20106274,99461156.03062926,3594.52130603502,10371408.760799918,63669526.50157178,523506538.2883631,40000000,10.696411417517535,263824887.94634226,233248180.4086077,25234341.540122714,8976281.046019007,0.22440702615047517,8592039.639965251,-121537999.53843196,-94342366.14915307,184988463.99066427,-30891901.696920753,0.008352382079831001,0.07576255582547532,-0.08079843311572923,0.019687494934611742,2021-08-10,2022-12-11,True,False,False,False,False,9300406.947186714,0,0,True,"['结合前述财务报表列报项目的具体情况说明现金分红方案确定的依据及未来增强投资者回报的规划', '留存未分配利润的预计用途以及收益情况', '是否影响偿债能力、过去十二个月内是否使用过募集资金补充流动资金以及未来十二个月内是否计划使用募集资金补充流动资金等内容']",翊珺控股
2022-12-31,年报,2023-03-30,无保留意见,False,1029196188.8046074,595305489.3770727,433890699.42753464,0.5784178914114608,32923485.37834219,6.185614810424223e-21,358206745.6281582,102193188.8602854,3538.7483256391165,11958689.434388066,71230864.85730268,579323781.5650976,40000000,10.847267485688366,277534506.77476203,245927818.14845538,80909190.40469806,19585169.754885413,0.4896292438721353,18113768.19978241,-183417073.4298971,-92851198.35393661,175215173.87782526,-101053097.90600848,0.014103427989294788,0.40840675730571036,0.008297187053762237,0.11238015330894469,2021-08-10,2023-05-12,True,False,False,True,False,20146116.16307688,0,0,True,['是否影响偿债能力、过去十二个月内是否使用过募集资金补充流动资金以及未来十二个月内是否计划使用募集资金补充流动资金等内容'],翊珺控股
2023-03-31,季报,2023-04-30,无保留意见,False,930452842.9048817,517601675.46339965,412851167.441482,0.5562900682289742,31301062.508573346,6.386733754345849e-21,342348427.37612814,111769917.42737389,3864.96047394613,11321323.233952867,69675733.07545915,573831543.4074032,40000000,10.32127918603705,297439198.2888771,263673105.74440387,124826003.83655322,28435273.591592953,0.7108818397898238,25350410.851354986,-30200358.67772816,-76789664.4278178,153778943.0191167,46788919.91357073,-0.04849039634592715,0.24190413481751682,-0.022127823182486683,0.05950132502392615,2021-08-10,2023-06-11,True,False,False,False,False,21128179.801226508,0,0,True,['上市公司控股子公司向母公司实施利润分配的情况'],翊珺控股
2023-06-30,半年报,2023-08-27,无保留意见,False,1028155520.6267071,572402272.0281664,455753248.59854066,0.5567273243635957,35617670.24053956,6.412452415094834e-21,351628029.3049212,124519728.05121678,4457.174142269316,12593425.557979388,73786355.19565427,609937360.6660244,40000000,11.393831214963516,308153059.39860857,272194929.02582943,41379241.93382108,15305515.87104493,0.38263789677612325,12174033.259179438,-67580286.95480996,-87151059.10392906,178663972.2758695,23932626.217130482,0.1039165794853653,-0.288977190685993,0.0004372561346215836,0.07062110540521402,2021-08-10,2023-10-24,False,False,False,False,True,0.0,0,0,False,[],翊珺控股
2023-09-30,季报,2023-10-27,无保留意见,False,998251312.1468203,522769202.17102706,475482109.97579324,0.5236849637059525,35110230.57932794,5.902253060994924e-21,359267792.0578317,114443849.18189432,4315.427826487949,12037638.431269601,73835476.90202717,578106307.27429,40000000,11.887052749394831,328377486.0657609,292812454.4013179,44372467.52122518,28892038.095931895,0.7223009523982974,29453607.679269217,-117406409.37439604,-83442481.80453557,160642487.58698982,-40206403.591941774,0.04328847120216811,0.42056354336271123,-0.03304236065764328,-0.07246951968912693,2021-08-10,2023-12-03,True,False,False,False,False,36004490.733890496,0,0,True,"['是否影响偿债能力、过去十二个月内是否使用过募集资金补充流动资金以及未来十二个月内是否计划使用募集资金补充流动资金等内容', '根据公司盈利能力、融资能力及其成本、偿债能力及现金流等情况披露现金分红方案的合理性，是否导致公司营运资金不足或者影响公司正常生产经营', '留存未分配利润的预计用途以及收益情况', '公司在相应期间是否按照中国证券监督管理委员会相关规定为中小股东参与现金分红决策提供了便利']",翊珺控股
2023-12-31,年报,2024-03-30,无保留意见,False,955325940.0637966,491917078.9181089,463408861.14568776,0.5149206760629348,32282697.376686797,5.410026931853602e-21,357706341.96563256,110722677.7609256,4331.798812173072,11409370.351116288,74806957.85197651,584956731.0354985,40000000,11.585221528642194,347001822.93262196,310140457.5405095,34429509.17747334,26606195.524087176,0.6651548881021794,24754290.198845193,-129150097.12188521,-76748788.2152462,159079585.56632778,-46819299.77080363,-0.025391594293043104,-0.049809131751055336,-0.00876428764301772,-0.024577697711613045,2021-08-10,2024-04-24,False,False,False,False,False,0.0,0,0,False,[],翊珺控股
2024-03-31,季报,2024-04-30,无保留意见,False,1102623132.1080317,630725543.1767646,471897588.931267,0.5720227744278523,35211634.147786595,5.86579480201415e-21,335039218.51991946,114212545.30539732,4342.913142813766,11871567.18335076,77005286.45335895,591789009.3054063,40000000,11.797439723281675,360139330.8677625,322636998.3778577,21554063.860253178,18767868.47877223,0.46919671196930574,17852201.196211714,-119884197.44445778,-90695258.06151915,194331141.56880575,-16248313.937171161,0.018318009208094413,-0.1797526005446912,0.057102098364917454,-0.07089701109499165,2021-08-10,2024-06-18,False,True,False,False,False,0.0,0,0,True,"['根据公司盈利能力、融资能力及其成本、偿债能力及现金流等情况披露现金分红方案的合理性，是否导致公司营运资金不足或者影响公司正常生产经营', '充分披露高送转的主要考虑及其合理性且送转股后每股收益不低于0.5元', '公司为增强投资者回报水平拟采取的措施']",翊珺控股
2024-06-30,半年报,2024-08-27,无保留意见,False,1120797362.7968636,673618145.7985928,447179216.99827063,0.6010168904373853,37642865.71257681,7.391165800391246e-21,387261079.77322817,132010902.4523834,4722.872939364687,12545134.508309705,90349876.15410271,676635838.6895254,40000000,11.179480424956767,380723796.1772798,341700791.63885665,125605955.98438764,29406379.013596155,0.7351594753399039,27233990.37285564,-215416763.98706064,-92056123.04899153,194158073.1991014,-113314813.83695078,-0.05238079725937464,0.29743205248972965,0.028994116009532982,-0.02709941058822306,2021-08-10,2024-09-10,True,False,False,False,False,31948429.25952429,0,0,True,['留存未分配利润的预计用途以及收益情况'],翊珺控股
2024-09-30,季报,2024-10-27,无保留意见,False,1765196628.770661,1241226179.9347298,523970448.8359313,0.7031659587969863,64064653.52595699,1.0765212990319732e-20,610232788.8721627,224103859.3282736,7451.622416776379,21815760.102279384,145727445.05206555,1080551397.9275343,40000000,13.099261220898283,386305128.8020756,346364815.25657576,22941323.15935635,7973332.321136914,0.19933330802842286,6662890.88245582,-164070197.2852956,-156340816.20339727,301383589.1305516,-19027424.358141303,0.17172361531720653,-0.46185561442274525,0.10214906835960096,-0.05329477164761858,2021-08-10,2024-11-29,False,False,False,False,False,0.0,0,0,False,[],翊珺控股
2024-12-31,年报,2025-03-30,无保留意见,False,2481177708.4558353,1908445916.320107,572731792.1357286,0.7691693786447207,72344118.69253394,1.3445770308376373e-20,752453641.8004942,264179477.7171761,8813.194731427933,26117985.89740475,166335329.71643144,1275257607.3543952,40000000,14.318294803393215,398961653.0451553,357825471.78739184,77340053.05617833,18080748.91868519,0.45201872296712975,16372366.472594408,-80403036.83796492,-226800294.5924048,429844171.52565116,122640840.09528142,0.09306124688544354,0.40472839057179266,0.06600341984773439,0.14430424452895285,2021-08-10,2025-05-15,False,False,True,True,False,0.0,0,4,True,"['是否影响偿债能力、过去十二个月内是否使用过募集资金补充流动资金以及未来十二个月内是否计划使用募集资金补充流动资金等内容', '结合前述财务报表列报项目的具体情况说明现金分红方案确定的依据及未来增强投资者回报的规划']",翊珺控股
2017-03-31,季报,2017-04-30,无保留意见,False,249544101.3036403,68385576.69511436,181158524.60852596,0.2740420484309671,364549.37360802904,18950277.859799553,2155279.481772568,2085049.8569471336,43083910.99799199,1146617.886000535,100858087.40946195,176710178.35283393,40000000,4.528963115213149,-6705450.64798996,-5900909.099856753,17981309.58677595,-9579215.21141423,-0.23948038028535573,-8429870.142652504,5964289.479107734,-6157338.818687555,116298584.01933044,116105534.67975062,0.006436247825144389,-0.5877341784119016,-0.025957951569032887,-0.04612125715770155,2021-01-15,2017-06-13,False,False,False,False,False,0.0,0,0,False,[],玥璨控股
2017-06-30,半年报,2017-08-27,非标准无保留意见,False,236691408.90225786,62895209.66472505,173796199.2375328,0.26572662673488817,356986.45521602244,17791574.220898017,1992205.671782454,2009287.7187087156,43688795.94780463,1043098.0913017264,102237758.83464156,167882998.23396015,40000000,4.34490498093832,-12678590.539673073,-11035698.901328404,33979236.364098005,-8533056.988118736,-0.2133264247029684,-7335414.002102359,13466027.845864858,-5812063.308161891,108328496.74392714,115982461.2816301,-0.040640236979754545,0.1409767636577513,-0.008315421696078951,0.039117653275701374,2021-01-15,2017-09-23,False,False,False,False,False,0.0,0,0,False,[],玥璨控股
2017-09-30,季报,2017-10-27,无保留意见,False,219548346.27317464,50691176.435424194,168857169.83775043,0.23088844573828549,316210.6100960384,16209891.983234512,1762586.409456202,1845506.0832904344,38824646.23689958,993417.6839229945,96798430.3493691,159944990.82286996,40000000,4.221429245943761,-19260764.979432452,-16946956.708887864,6979495.012589673,-9403106.3425134,-0.23507765856283497,-8444654.010799231,23930662.778313044,-4936547.193661416,105443783.83627339,124437899.42092502,-0.02841851215072897,-0.10275838081982634,-0.03483818099660265,0.04520462581688682,2021-01-15,2017-12-15,False,False,False,False,False,0.0,0,0,False,[],玥璨控股
2017-12-31,年报,2018-03-30,无保留意见,False,286142132.78753644,75181835.39399032,210960297.3935461,0.26274297553311954,407010.16478712065,21307307.040635247,2569504.0526880566,2345049.8801282328,48032591.231368154,1431498.6219969818,113115660.42082576,193383420.93415865,40000000,5.274007434838652,-25553937.91852222,-22393894.494015943,13733917.342531899,-8990247.055842526,-0.22475617639606316,-7781339.693040114,23106586.919530615,-6437249.261653234,139254785.72768214,155924123.38555953,0.24934166311238784,0.05434580307228704,0.03185452979483406,-0.013865546254025045,2021-01-15,2018-05-28,False,False,False,False,False,0.0,0,0,False,[],玥璨控股
2018-03-31,季报,2018-04-30,无保留意见,False,357761710.7716861,109223888.32864736,248537822.4430387,0.30529787017468485,573626.9966402076,32734344.11697947,3426708.9821290886,3083032.894600993,65926123.50306708,1747956.7132183888,153815011.98411477,272512946.64345884,40000000,6.213445561075967,-29895411.17292905,-26471448.769441396,28455573.808533575,-6202104.649152612,-0.1550526162288153,-5825077.536322074,60775948.131886125,-8711473.198967697,170683487.86678344,222747962.79970187,0.17812605269223605,0.34809343385848845,0.04255489464156528,-0.17854950174407452,2021-01-15,2018-06-04,False,False,False,False,False,0.0,0,0,False,[],玥璨控股
2018-06-30,半年报,2018-08-27,无保留意见,False,347732298.5120192,90196962.90428117,257535335.60773805,0.2593862097085685,530245.3874219405,28024542.7738771,2803585.8300058777,2894745.7906360836,56034162.67703633,1712877.2604503997,133089855.44560893,242184899.3069232,40000000,6.438383390193451,-36127260.38119902,-32443143.529083457,16439893.436858175,-8902641.726099951,-0.22256604315249878,-8530992.513774374,37444442.73123454,-8210976.82625288,172030183.33228534,201263649.23726702,0.03620178641728227,-0.25009846726616103,-0.04591166046611631,-0.0990858398676741,2021-01-15,2018-10-11,False,False,False,False,False,0.0,0,0,False,[],玥璨控股
2018-09-30,季报,2018-10-27,无保留意见,False,432256392.6290326,136247575.35363513,296008817.2753975,0.3152008337573954,643382.826267059,36307914.81209681,3706731.1059562843,3754717.156333267,82214267.72100034,1897766.6118818163,191289366.76156175,317417274.6477665,40000000,7.400220431884937,-43549361.23891687,-39056360.88309923,13413358.37914368,-10603001.225311216,-0.2650750306327804,-9447453.362879675,65095196.74027258,-10663133.144741382,199677683.60040018,254109747.19593138,0.14939107900230011,-0.20998941157043502,0.05581462404882687,0.18731363961918335,2021-01-15,2018-11-27,False,False,False,False,False,0.0,0,0,False,[],玥璨控股
2018-12-31,年报,2019-03-30,无保留意见,False,401880564.89191186,93360563.99421893,308520000.8976929,0.23230922853741084,635914.423314104,31630986.42225581,3387171.1531090843,3511475.079339449,72590144.8634004,2076561.7521827358,189274393.7357894,305777266.3175628,40000000,7.713000022442323,-50527144.42817348,-45885652.08583284,48907707.94369003,-9968261.698938023,-0.2492065424734506,-9756130.289619444,41385259.72807172,-8996391.492502142,177766047.28745046,210154915.52302003,0.042266253206422036,0.09922458151542693,-0.08289160521998455,0.2338105818983249,2021-01-15,2019-05-16,False,False,False,False,False,0.0,0,0,False,[],玥璨控股
2019-03-31,季报,2019-04-30,无保留意见,False,534710921.5811998,138534642.47114152,396176279.1100583,0.2590832483119648,783296.8978627804,44706436.57083819,4815799.884315427,4117565.131279056,94999080.44099523,2785734.0615253453,219702370.7187692,391790974.6949573,40000000,9.904406977751458,-58093874.13432372,-53062758.4452454,10000795.355189385,-10809613.865928914,-0.2702403466482229,-10253009.084875083,97586101.73820938,-13529641.834716054,238918023.31120157,322974483.2146949,0.2841186242620062,-0.1196506654497971,0.026774019774553924,0.1185237610924355,2021-01-15,2019-05-18,False,False,False,False,False,0.0,0,0,False,[],玥璨控股
2019-06-30,半年报,2019-08-27,无保留意见,False,548701370.8447788,162256396.65917498,386444974.18560386,0.2957098437887362,841147.2127377567,44612642.736402564,5311238.170039863,4676543.509840997,111889599.51184632,2815892.9545950084,235211209.61332846,414661975.6278514,40000000,9.661124354640096,-62373758.063770436,-57118569.87022895,8094685.848792534,-6114119.899209585,-0.15285299748023962,-5794016.321405078,22512325.90106209,-11671747.827136543,247550325.65637165,258390903.7302972,-0.024563068102699558,0.7585139060834891,0.036626595476771474,-0.007524233089832075,2021-01-15,2019-09-15,False,False,False,False,False,0.0,0,0,False,[],玥璨控股
2019-09-30,季报,2019-10-27,无保留意见,False,593135237.9673035,181057697.83291668,412077540.1343869,0.3052553384847073,766298.3120962362,43945359.21314082,4694458.259017177,4860327.5852239,103451945.44450608,2774588.8680973183,214649500.2715183,399687526.0474322,40000000,10.301938503359672,-68604295.46105939,-62337720.17697911,33781913.13218688,-8900767.710412804,-0.2225191927603201,-7455929.009643084,93753280.10716592,-14529506.690207131,299520211.7840898,378743985.2010486,0.06632914816087647,-0.25598736945494033,0.009545494695971048,-0.1173449869971052,2021-01-15,2019-12-13,False,False,False,False,False,0.0,0,0,False,[],玥璨控股
2019-12-31,年报,2020-03-30,无保留意见,False,603608822.7899001,193719106.34690168,409889716.4429984,0.3209348489167629,842625.227146186,47452363.70065581,5160614.656287512,4849895.370909394,102749475.935442,2618205.6111592273,244333061.67465732,408116098.9174694,40000000,10.24724291107496,-73939964.69387972,-67521008.8313428,7584632.273565272,-7622384.618314762,-0.19055961545786904,-7404698.077662425,120586945.23990928,-14497031.3244164,300140631.52249736,406230545.43799025,-0.005309252454465244,0.15784003302900707,0.01567951043205561,-0.0790283474850793,2021-01-15,2020-05-18,False,False,False,False,False,0.0,0,0,False,[],玥璨控股
2020-03-31,季报,2020-04-30,无保留意见,True,670636386.4575733,267385617.0431638,403250769.41440946,0.39870430898559595,913296.7681293982,53288218.34721082,5698350.731561025,5363776.410751914,117043145.09330755,3302845.709926487,291550479.68367463,473258797.9330009,40000000,10.081269235360237,-77657212.37272762,-71172425.01786466,3016097.0432801708,-5310353.826925557,-0.13275884567313892,-5216308.837888363,65164582.92806464,-15473729.786242459,335083844.66174394,384774697.8035661,-0.016196910442646366,0.24654783730037236,0.07776946006883301,0.1688421151471726,2021-01-15,2020-05-22,False,False,False,False,False,0.0,0,0,False,[],玥璨控股
2020-06-30,半年报,2020-08-27,非标准无保留意见,False,712738471.8317552,297193490.08171475,415544981.7500404,0.4169741101780577,911945.1690990849,51532495.44475916,5567157.261163435,5209051.781107039,113674062.24823861,2771680.2251268583,266442027.39713073,450852306.4421814,40000000,10.38862454375101,-73938884.44628207,-67924686.46366143,13330102.873479344,5311897.03777935,0.13279742594448374,4639626.5060046,35708103.265523635,-16253127.066282969,324529452.5517077,343984428.75094837,0.030487759151667033,0.9086888266277777,0.018269801192461778,0.04543021175350593,2021-01-15,2020-09-12,False,False,False,False,False,0.0,0,0,False,[],玥璨控股
2020-09-30,季报,2020-10-27,保留意见,False,914884210.7001333,476079493.1494276,438804717.5507058,0.5203713077364165,1284598.484458412,72678646.1070197,7812450.602772709,7695066.254022842,163822440.2165162,4547922.244982754,384412653.9606144,643943426.4101177,40000000,10.970117938767645,-68026454.42453067,-62649280.5482555,26191449.644669745,8446328.602502022,0.21115821506255056,7536294.164865618,58712480.07247174,-21563191.488213703,439250969.8613786,476400258.44563663,0.05597405051724716,0.1404825219216157,0.10339719755835873,-0.052587811760995556,2021-01-15,2020-12-19,False,False,False,False,False,0.0,0,0,False,[],玥璨控股
2020-12-31,年报,2021-03-30,无保留意见,False,1003091064.8484273,522443367.78497213,480647697.06345516,0.5208334378533381,1440064.2974088422,78343629.3536558,8588674.202300426,8049757.175525053,183898028.39902735,4557220.523266811,435626095.1366619,702978463.583698,40000000,12.016192426586379,-68440919.51826878,-63033898.899158575,1903313.488619305,-592092.9910544474,-0.014802324776361184,-549454.787004385,125031288.7905917,-21406620.14062589,454105653.1068575,557730321.7568233,0.09535672211161746,-0.35519550716906806,0.0004621301169217265,0.2652538739881473,2021-01-15,2021-04-12,False,False,False,True,True,0.0,0,0,False,[],玥璨控股
2021-03-31,季报,2021-04-30,无保留意见,False,1051403263.6243846,548946816.8673364,502456446.7570482,0.5221087244631651,1454747.963078502,87622023.24371327,8296251.312813957,8377821.511816265,186759792.54624817,4757076.513205099,454284343.20770997,751145266.0177286,40000000,12.561411168926204,-65275509.78633111,-60053892.0197058,0.0,4522013.902768098,0.11305034756920244,4257152.684932529,71998686.4896051,-25064100.08434804,501848008.6363508,548782595.0416079,0.04537366937745631,0.31168551181051574,0.001275286609827001,-0.08960856484283179,2021-01-15,2021-06-02,False,False,False,True,False,0.0,0,0,False,[],玥璨控股
2021-06-30,半年报,2021-08-27,无保留意见,False,1247417750.4440007,757137827.8437636,490279922.6002372,0.6069641285561882,1531175.4429647974,90503530.67394087,9978305.894415485,10073860.115708953,207529429.22132534,5694734.991769875,486844898.18140215,791955485.779895,40000000,12.256998065005929,-57141533.31310422,-53508907.084510684,23855801.950344406,11619966.390324127,0.2904991597581032,9349978.478850167,203452940.02653784,-29933520.418914862,615500800.0064484,789020219.6140714,-0.02423398930474608,0.3297996423393777,0.08485540409302306,0.16093918570897683,2021-01-15,2021-09-29,False,False,False,False,False,0.0,0,0,False,[],玥璨控股
2021-09-30,季报,2021-10-27,无保留意见,False,1483375436.3004577,989235070.6339381,494140365.6665196,0.666881118849516,1950709.7286665218,104408335.56013854,12360237.969754038,11017240.715882646,234228019.72531277,6250817.338648512,573400743.8936096,967076507.9463614,40000000,12.35350914166299,-42550049.1762872,-40403844.64879199,65923089.26452579,20844977.338310033,0.5211244334577508,18721517.76531242,165753388.35047418,-34780517.094114885,728814701.4976808,859787572.7540401,0.007873957077027085,0.3223278050775318,0.05991699029332769,-0.010211298399366478,2021-01-15,2021-11-14,False,False,False,False,False,0.0,0,0,False,[],玥璨控股
2021-12-31,年报,2022-03-30,无保留意见,False,1706253599.7725778,1218509056.9930267,487744542.7795509,0.7141429955989185,2581924.7785660466,130104311.53635634,17080292.12270176,13460525.596766418,300551522.1905125,7654120.275155797,783290028.6263998,1222121576.6314702,40000000,12.193613569488774,-45125262.04281532,-42967264.95239943,8276239.107665579,-3678875.5236116014,-0.09197188809029004,-3662029.0051534907,233776180.36852068,-43936462.86435517,797398250.8973455,987237968.4015111,-0.012943332160977566,-0.6480081264864815,0.04726187674940249,-0.005494861876784133,2021-01-15,2022-05-15,False,True,False,False,False,0.0,4,0,True,['结合所处行业特点、发展阶段和自身经营模式、盈利水平、偿债能力、资金需求等因素，未进行现金分红或现金分红水平较低原因的说明'],玥璨控股
2022-03-31,季报,2022-04-30,无保留意见,False,1709949132.66194,1287159359.5277963,422789773.1341439,0.7527471636094978,2511777.5833980385,142704780.2210022,15484166.35251941,14824815.50718531,336240580.35600036,7735835.078986683,709509596.9273173,1242294088.0561955,40000000,10.569744328353597,-47165008.69354351,-44725594.84106252,6580701.008830919,-2913923.786754543,-0.07284809466886358,-2511899.840947272,163909599.92322597,-40586184.23143974,846999853.2917832,970323268.9835694,-0.1331737496748683,0.05742396133396466,0.038604168010579414,-0.0008599564060509941,2021-01-15,2022-05-15,False,False,False,False,False,0.0,0,0,False,[],玥璨控股
2022-06-30,半年报,2022-08-27,无保留意见,False,1814092803.3811564,1382045289.9618568,432047513.41929954,0.761838251817086,2788256.002169441,133737160.19878466,15927922.5393094,16252404.663059428,320126667.41224027,8634670.498033771,782314439.6587859,1309530153.5723197,40000000,10.801187835482489,-50992849.56798245,-48269288.84017825,20040447.342494838,-5468344.106341355,-0.13670860265853385,-5062419.998736751,47867841.94011227,-44643942.58145131,852406509.3690387,855630408.7276996,0.021896793331891398,-0.1813436389890346,0.009091088207588124,0.13320145612313972,2021-01-15,2022-09-15,False,False,True,False,False,0.0,0,7,True,"['充分披露高送转的主要考虑及其合理性且送转股后每股收益不低于0.5元', '结合前述财务报表列报项目的具体情况说明现金分红方案确定的依据及未来增强投资者回报的规划', '根据公司盈利能力、融资能力及其成本、偿债能力及现金流等情况披露现金分红方案的合理性，是否导致公司营运资金不足或者影响公司正常生产经营', '公司为增强投资者回报水平拟采取的措施']",玥璨控股
2022-09-30,季报,2022-10-27,无保留意见,False,2452368074.186505,2036698361.398321,415669712.7881839,0.8305027221796348,3599926.6556120943,191966512.90308335,20648298.38485626,20255269.6840074,425865811.44348085,11028466.025952939,1042383189.7652477,1747888087.0890768,40000000,10.391742819704598,-53815657.9897566,-50909729.908883564,17609313.54682614,-4032583.459677359,-0.10081458649193398,-3772058.669579018,235670451.91488397,-60123890.02077288,1131220567.0463789,1306767128.94049,-0.03790740629774453,0.1245060258391453,0.0686644703625489,0.04232678203678811,2021-01-15,2022-12-15,False,True,False,False,False,0.0,2,0,True,['充分披露高送转的主要考虑及其合理性且送转股后每股收益不低于0.5元'],玥璨控股
2022-12-31,年报,2023-03-30,非标准无保留意见,False,2679241221.0189524,2223185773.048412,456055447.97054046,0.8297818634646505,3057338.19051542,192339534.53876027,18981868.10070902,19862305.460352086,416140378.08668375,10175003.582982529,916887416.0463294,1597929722.8868475,40000000,11.401386199263511,-57018466.78614184,-53839543.604815885,4607109.070163478,-4575441.137693215,-0.11438602844233038,-4185448.1370461714,49846793.248539224,-65423807.49227545,1267725913.81571,1252148899.5719738,0.09715823390513925,-0.04186320970933732,-0.0007208587149842761,0.02208389222159863,2021-01-15,2023-05-06,False,False,False,True,False,0.0,0,0,False,[],玥璨控股
2023-03-31,季报,2023-04-30,保留意见,False,3201867777.665846,2721210815.7091293,480656961.9567163,0.8498823201540464,4004913.8663828755,236976187.393605,25874992.602318466,23379139.726229664,531404013.3592748,13916217.743493795,1327850553.4347882,2070450052.179159,40000000,12.016424048917907,-60486532.35801713,-56855547.13499272,9157367.772816332,-4954379.388393274,-0.12385948470983184,-4308576.471681186,292980810.744669,-77939004.96810852,1351077278.4340146,1566119084.210575,0.05394412915283283,-0.03049913118844566,0.020100456689395835,-0.01693349999497766,2021-01-15,2023-05-25,False,True,True,True,False,0.0,0,3,True,"['结合前述财务报表列报项目的具体情况说明现金分红方案确定的依据及未来增强投资者回报的规划', '充分披露高送转的主要考虑及其合理性且送转股后每股收益不低于0.5元', '留存未分配利润的预计用途以及收益情况', '根据公司盈利能力、融资能力及其成本、偿债能力及现金流等情况披露现金分红方案的合理性，是否导致公司营运资金不足或者影响公司正常生产经营']",玥璨控股
2023-06-30,半年报,2023-08-27,无保留意见,False,4212234741.446432,3724435767.475152,487798973.9712799,0.884194731796031,5903860.428302643,353954347.86827904,35886747.38099053,34215000.09716041,698250332.2473783,19013891.59408052,1817722396.7444956,2876813257.34305,40000000,12.194974349281997,-61927880.90923701,-58203609.24032337,3333164.0545984223,-2059069.358885549,-0.05147673397213873,-1925803.0076152226,333464160.1978657,-97347738.72398391,1927357219.2264395,2163473640.700321,0.014858854817142365,0.24036204715910672,0.03431241164198457,0.023559716340182665,2021-01-15,2023-10-10,False,True,False,False,False,0.0,2,0,True,"['根据公司盈利能力、融资能力及其成本、偿债能力及现金流等情况披露现金分红方案的合理性，是否导致公司营运资金不足或者影响公司正常生产经营', '上市公司控股子公司向母公司实施利润分配的情况', '公司为增强投资者回报水平拟采取的措施']",玥璨控股
2023-09-30,季报,2023-10-27,无保留意见,True,4207663370.4938774,3671552129.277904,536111241.2159733,0.872586945767706,6085415.828730094,345674030.523077,39520018.46021567,36521698.125965,723093684.1569674,20214146.306207728,1821916691.2408106,3093483965.065354,40000000,13.402781030399334,-59299068.09010542,-55813955.59121479,17170543.545095403,3755446.8844736926,0.09388617211184232,3413790.927297985,577959114.3131869,-100380424.83931749,1990824034.3798926,2468402723.853762,0.09904134658458268,0.38916693899634724,-0.011607786028324964,0.0523744153793185,2021-01-15,2023-11-25,False,False,True,False,False,0.0,0,7,True,"['公司为增强投资者回报水平拟采取的措施', '是否影响偿债能力、过去十二个月内是否使用过募集资金补充流动资金以及未来十二个月内是否计划使用募集资金补充流动资金等内容', '充分披露高送转的主要考虑及其合理性且送转股后每股收益不低于0.5元', '上市公司控股子公司向母公司实施利润分配的情况']",玥璨控股
2023-12-31,年报,2024-03-30,无保留意见,False,3634353696.8735766,3154353571.5017757,480000125.371801,0.8679269643500254,4745684.201558096,249636671.45941874,29795951.48191112,27543140.815988436,651591432.3094941,15691789.921807677,1459189042.0076594,2418562533.8350816,40000000,12.000003134295026,-54463250.63575926,-51471219.894148156,16256108.616622685,6908310.649065964,0.1727077662266491,6203908.138666621,302356312.85570943,-83177489.14084482,1650103697.9827151,1869282521.6975799,-0.10466319586379987,0.15190536643905256,-0.004659981417680618,0.13565350864016842,2021-01-15,2024-04-19,False,False,False,True,False,0.0,0,0,False,[],玥璨控股
2024-03-31,季报,2024-04-30,无保留意见,False,5072721793.50634,4565449614.155706,507272179.3506339,0.9,6527811.636903258,363930018.53933865,40370470.12116725,42197029.02314902,809318791.0277475,21321642.9369409,2142785823.656974,3402682970.568628,40000000,12.681804483765848,-40159651.2413474,-38504812.04402019,75821790.11752649,20433713.420588367,0.5108428355147092,18523439.7858971,482114805.6809999,-120002672.70805517,2309919662.0037384,2672031794.976683,0.0568167642825267,0.5657197185553053,0.04005001642639438,-0.010513496818102432,2021-01-15,2024-06-03,False,False,False,True,True,0.0,0,0,False,[],玥璨控股
2024-06-30,半年报,2024-08-27,无保留意见,False,5294266576.727784,4764839919.055006,529426657.67277837,0.9,7739729.277040397,404459420.4269966,42429236.65681358,43911288.820041016,875317182.032671,23888884.87134618,2238313770.4899836,3618804273.0338182,40000000,13.23566644181946,-39496701.834504634,-37930469.19564155,1906599.889859299,947070.581203945,0.023676764530098624,820489.7833980623,803489727.6701771,-124272291.35679697,2485535868.5887156,3164753304.902096,0.04367374995905491,-0.5205639798659906,0.00425141325960718,0.056319517343576736,2021-01-15,2024-10-16,True,False,False,True,False,860366.0247169116,0,0,True,"['结合所处行业特点、发展阶段和自身经营模式、盈利水平、偿债能力、资金需求等因素，未进行现金分红或现金分红水平较低原因的说明', '根据公司盈利能力、融资能力及其成本、偿债能力及现金流等情况披露现金分红方案的合理性，是否导致公司营运资金不足或者影响公司正常生产经营', '上市公司控股子公司向母公司实施利润分配的情况', '是否影响偿债能力、过去十二个月内是否使用过募集资金补充流动资金以及未来十二个月内是否计划使用募集资金补充流动资金等内容']",玥璨控股
2024-09-30,季报,2024-10-27,无保留意见,False,6153519921.822055,5538167929.63985,615351992.1822053,0.9,8370044.307802036,440259660.4069705,55719833.746622406,48770872.950788386,1057658837.6485955,27562485.58441207,2775480696.256457,4290198761.801746,40000000,15.383799804555133,-35698160.43030626,-34477805.2608007,7407769.051716502,5426487.720283389,0.13566219300708474,4932377.0497726435,816291665.510133,-127255923.27238752,2984331900.2017956,3673367642.439541,0.1622988439742199,0.24959043420549998,0.033232555729882755,0.07695493940078268,2021-01-15,2024-12-12,False,False,False,False,True,0.0,0,0,False,[],玥璨控股
2024-12-31,年报,2025-03-30,保留意见,False,5642244079.765785,5078019671.7892065,564224407.9765784,0.9,8564582.287652308,407645217.22883606,44843187.08252687,43268263.18219255,960534639.2821286,23118662.91595414,2047154765.197,3683741460.0244036,40000000,14.105610199414459,-25652661.23448153,-25223428.31517642,19344204.063540477,14350713.136892483,0.3587678284223121,13220538.49374897,560007012.8917943,-130723212.22844028,2592318032.6176114,3021601833.2809653,-0.08308672898630685,0.39793237032554485,0.026292988973927612,0.0844041233986138,2021-01-15,2025-04-28,False,False,False,False,False,0.0,0,0,False,[],玥璨控股
2017-03-31,季报,2017-04-30,无保留意见,False,270389366.04912984,68623536.57728183,201765829.47184804,0.25379524934724285,93227.4783695798,2.4303414309064397e-62,250685.85832041653,1296347.7755644736,11565292.034596646,699017.148690088,64705321.6490036,81106461.7185934,40000000,5.044145736796201,-1805478.986961385,-1682515.7211591946,2039153.3514118395,-2579255.6956591215,-0.06448139239147804,-2403593.887370278,38749961.821208246,-5487500.644739711,27178725.86773118,60441187.04419972,0.12092127484360025,-0.198847538647729,-0.04620475065275713,-0.00513085022312939,2021-11-26,2017-05-22,False,False,False,False,False,0.0,0,0,False,[],翰珵物流
2017-06-30,半年报,2017-08-27,无保留意见,False,294507710.20987266,83083331.51488134,211424378.69499132,0.28210918979226157,107066.93071329602,2.612164996526314e-62,273163.05196305126,1454186.4769088195,13527086.162177056,885906.7636820183,72229474.21555623,90546999.71352895,40000000,5.285609467374783,-3269860.034294778,-3043816.8388842507,9862078.13756623,-2091972.92476199,-0.05229932311904975,-1944715.8824643658,41418874.584989324,-6293400.557307682,26367630.471979547,61493104.49966119,0.04787009400167488,0.03379040364445346,0.028313940445018716,0.02101349771525241,2021-11-26,2017-10-13,False,False,False,False,False,0.0,0,0,False,[],翰珵物流
2017-09-30,季报,2017-10-27,无保留意见,False,321096570.0381202,106833752.10841115,214262817.92970908,0.33271533263568637,114731.06439356899,2.895553118503735e-62,285862.53288502526,1482162.736290339,14374134.178796796,976113.3939044634,85663611.42997755,97976552.09416898,40000000,5.356570448242727,-12125002.700020665,-9996087.659881689,55626521.84134947,-12650203.80817984,-0.316255095204496,-9931815.45856777,28647018.65320868,-6331178.918220672,27334316.057925936,49650155.79291394,0.013425316665173265,-0.7082245578259581,0.050606142843424774,0.09408982438070483,2021-11-26,2017-12-11,False,False,False,False,False,0.0,0,0,False,[],翰珵物流
2017-12-31,年报,2018-03-30,无保留意见,False,361511125.00192475,140401451.49940744,221109673.5025173,0.3883738059199698,135941.08337279552,3.555186761503412e-62,327202.71084668813,1752871.6276949663,16930148.853381097,1109734.859083011,93753597.01341972,112656339.42178784,40000000,5.527741837562933,-18896865.46853202,-16573484.741660729,43997695.530641824,-9674089.669301935,-0.24185224173254835,-9396281.54539863,57960181.44300532,-7478207.8695110865,31909274.155882437,82391247.72937667,0.03195540709753206,0.6841962261299787,0.05565847328428342,-0.0020508148182196055,2021-11-26,2018-05-10,False,False,False,False,False,0.0,0,0,False,[],翰珵物流
2018-03-31,季报,2018-04-30,无保留意见,False,387465981.3955537,161587326.71050802,225878654.68504572,0.4170361643840619,137297.6532034751,3.5888203559880464e-62,336859.5109024721,1933665.7227314287,18560114.59614806,1187121.4949273628,100335186.62657404,118488556.54151434,40000000,5.646966367126143,-24927522.788188696,-21796765.812964268,23561090.31714195,-8615224.742366683,-0.21538061855916707,-7461830.101862199,40625365.42391561,-8096022.319705028,30656193.943997633,63185537.048208214,0.021568396836668034,0.14453697617594977,0.028662358464092118,0.11710349498721791,2021-11-26,2018-06-21,False,False,False,False,False,0.0,0,0,False,[],翰珵物流
2018-06-30,半年报,2018-08-27,无保留意见,False,346616692.51319975,165799789.14541286,180816903.36778688,0.47833757786809106,118722.77148597782,3.393137284516916e-62,336552.6762731438,1776735.1881435087,17079178.360042345,1067637.1099360446,87981838.19924784,110003745.18406032,40000000,4.520422584194672,-30522171.57815038,-27113769.102335196,15540759.568946773,-7992355.414230978,-0.19980888535577446,-7595718.984815613,11191398.63827589,-7317330.9166355,31999327.020630598,35873394.74227099,-0.19949539446341572,0.07428575113789218,0.06130141348402917,-0.004281121469567492,2021-11-26,2018-09-08,False,False,False,False,False,0.0,0,0,False,[],翰珵物流
2018-09-30,季报,2018-10-27,无保留意见,False,354502558.65989316,163876981.8453642,190625576.81452897,0.46227305795721046,132923.50485466575,3.5268912464354364e-62,372234.7203747908,1908768.7262019233,17389807.616350006,1093980.1108365916,97544971.86306374,116305654.64287572,40000000,4.765639420363224,-34456733.20645606,-30336140.194937907,0.0,-5620802.3261509705,-0.14052005815377427,-4603387.2751467265,54256330.07453885,-7476503.030294357,33549043.25469808,80328870.29894257,0.054246440814169676,0.2632822671341597,-0.01606451991088063,-0.049012309047086255,2021-11-26,2018-11-20,False,False,False,False,False,0.0,0,0,False,[],翰珵物流
2018-12-31,年报,2019-03-30,保留意见,False,329686079.9907836,143589694.81053367,186096385.18024987,0.43553459950310236,108507.86774930963,2.9796196282376765e-62,287251.4225976151,1563315.18831268,13830511.373734517,904400.9102357597,78574697.2638049,98429882.19111736,40000000,4.652409629506247,-41057636.69085985,-36061116.03951926,37095305.30236358,-9429862.120576842,-0.23574655301442105,-8178536.920830495,56886069.85284123,-7530720.513040787,30348128.94322561,79703478.28302605,-0.023759621924637205,-0.3347388720717646,-0.026738458454108105,0.12577586804997648,2021-11-26,2019-05-21,False,False,False,False,False,0.0,0,0,False,[],翰珵物流
2019-03-31,季报,2019-04-30,无保留意见,False,369050291.788913,167319559.9088198,201730731.8800932,0.4533787498114814,123103.09463687742,3.3566171571129634e-62,299908.6807161505,1714357.8166891937,16163515.70172472,1072432.6912248214,92286920.87102272,110818845.744219,40000000,5.04326829700233,-45506077.07029995,-40130883.206485115,0.0,-6354914.827771572,-0.15887287069428932,-5813953.0956655145,51076391.28542997,-7789730.176379564,35315727.57643178,78602388.68548219,0.08401209236117178,0.4061943575906941,0.017844150308379055,0.027833697817086736,2021-11-26,2019-05-10,False,False,False,False,False,0.0,0,0,False,[],翰珵物流
2019-06-30,半年报,2019-08-27,无保留意见,False,408354614.40697026,206280746.83541295,202073867.57155728,0.5051510122763827,134060.7334539862,3.269765437549986e-62,366122.71727514383,1807639.4610169707,15697625.905054187,1055415.1243120031,100556829.09835774,115452818.30983892,40000000,5.051846689288932,-43710062.65954724,-38671325.42517932,8026398.9730913695,2565734.872503873,0.06414337181259683,2085082.5447225699,66107331.303499445,-9039668.853478834,39154446.98363161,96222109.43365222,0.0017009589380165707,0.8380064185440433,0.05177226246490131,0.1184129695881552,2021-11-26,2019-09-14,False,False,False,False,False,0.0,0,0,False,[],翰珵物流
2019-09-30,季报,2019-10-27,保留意见,False,468569462.13900924,240876991.54957592,227692470.5894333,0.5140689076278633,166065.84243170082,4.2230964811852415e-62,419415.7892848491,2398283.3345491653,21655856.141641736,1262605.4550300327,117638134.68321459,142153263.57040963,40000000,5.692311764735833,-36975818.66622949,-32618451.623630743,17419338.35429549,9620348.561882507,0.24050871404706267,8646962.573640816,38413551.699808165,-9330307.776498163,44295150.821890816,73378394.74520081,0.126778406954596,0.36055960766864037,0.008917895351480631,0.011256068364577184,2021-11-26,2019-11-22,False,False,False,False,False,0.0,0,0,False,[],翰珵物流
2019-12-31,年报,2020-03-30,无保留意见,False,493167941.3716317,225241653.94540554,267926287.42622614,0.4567240387097109,178982.741289855,4.801628346836493e-62,437145.1058905927,2281240.3945496823,22161404.461040586,1510456.1597274798,116323877.37966247,154718671.74989593,40000000,6.698157185655654,-23277081.05996877,-20196607.726480186,16746888.877966786,19569625.15180102,0.4892406287950255,17745491.281643655,86475242.46850601,-10345310.662641454,46098275.43035786,122228207.23622242,0.17670244752774888,0.3737470441752523,-0.05734486891815243,0.06462510251414627,2021-11-26,2020-04-22,False,False,False,False,False,0.0,0,0,False,[],翰珵物流
2020-03-31,季报,2020-04-30,无保留意见,False,532798108.3839952,257334753.10243547,275463355.2815597,0.4829873624794679,191983.14942870935,4.491719031246103e-62,445741.11077449203,2307720.7384443516,23608737.317343205,1533296.996593428,126886625.4197819,155041986.1254399,40000000,6.886583882038993,14663289.107398018,11686284.894538242,0.0,54200528.81052399,1.3550132202630996,45546989.45859776,93562903.00770941,-11532656.235609427,49357258.23020007,131387505.00230005,0.02813112489907857,0.9469854699075969,0.026263323769756975,0.1204588873507929,2021-11-26,2020-06-04,False,False,False,False,False,0.0,0,0,False,[],翰珵物流
2020-06-30,半年报,2020-08-27,无保留意见,False,619819238.6106446,311884072.06411713,307935166.54652745,0.5031855299671251,216227.69180615206,5.692640652327046e-62,554096.9156473489,2886516.6114109103,28687419.773860503,1662373.4601552002,154340967.31741074,192250428.07023686,40000000,7.698379163663186,53938389.4986655,44176387.47322114,0.0,56107286.273239255,1.4026821568309813,46414432.25526128,36740262.956859805,-11988794.77767133,54070140.80723533,78821608.9864238,0.11788069317524022,0.02678010254375305,0.02019816748765723,-0.043423776956948816,2021-11-26,2020-09-09,False,False,False,False,False,0.0,0,0,False,[],翰珵物流
2020-09-30,季报,2020-10-27,非标准无保留意见,False,647516359.1258879,350514030.7929989,297002328.3328889,0.5413207339906809,208416.2095453947,5.970695755546301e-62,600513.244575359,3104536.973680908,28130782.21782987,1778422.0177448066,163266551.2471847,190050417.3978539,40000000,7.4250582083222225,92667111.99567261,80587814.39747258,217071145.1601995,55326746.42429589,1.3831686606073972,52016324.17750207,44527012.07667614,-13593523.516104301,64105433.068143815,95038921.62871565,-0.03550370143251136,-0.010676635513813128,0.03813520402355581,-0.0006263629403823163,2021-11-26,2020-12-08,False,False,False,False,False,0.0,0,0,False,[],翰珵物流
2020-12-31,年报,2021-03-30,无保留意见,False,798509200.666086,460573406.55984807,337935794.1062379,0.5767916088827221,318494.8025989141,7.950199994438965e-62,763106.2944785057,4141598.196432134,39914032.207949,2378113.193169166,217646605.12289944,263506572.95113206,40000000,8.448394852655948,130561289.12439114,111224160.31205088,31487373.422167618,54134538.75531219,1.3533634688828047,43766208.44939757,21591073.02195062,-18078974.354111977,69978545.78697446,73490644.45481311,0.13782203662548262,-0.016483634726077,0.03547087489204119,0.01935506966903813,2021-11-26,2021-05-04,False,False,False,False,False,0.0,0,0,False,[],翰珵物流
2021-03-31,季报,2021-04-30,无保留意见,False,794607267.696132,462666297.6420789,331940970.05405307,0.5822578227651052,273051.5916799012,7.254133098699449e-62,715518.0528309358,3827701.609814712,35342802.76309504,2328689.1348927747,172542202.94830397,235572845.12988558,40000000,8.298524251351326,165148261.52947238,140022633.38719118,141312687.2327461,49409960.57868749,1.2352490144671873,41140675.82162903,118797402.49923696,-17844185.338293776,69461922.72718695,170415139.88813013,-0.017739535606282105,-0.06641749928085212,0.005466213882382981,0.18181541738368145,2021-11-26,2021-05-13,False,False,False,False,False,0.0,0,0,False,[],翰珵物流
2021-06-30,半年报,2021-08-27,无保留意见,False,823075137.9980586,484447086.0400109,338628051.95804757,0.5885818483332121,282101.52664976445,7.032332373394252e-62,706179.3432175424,4021590.676912817,39041230.712956,2337277.0883643194,185868136.2425524,248997093.3696062,40000000,8.465701298951188,188121143.20509285,158398776.8171479,103594028.97526832,32818402.393743537,0.8204600598435884,26251633.47136676,65602951.44054547,-17544186.19015485,71503688.21751349,119562453.4679041,0.020145394836032313,-0.2498353867457131,0.006324025568106996,0.04050112467450169,2021-11-26,2021-10-23,False,False,False,False,False,0.0,0,0,False,[],翰珵物流
2021-09-30,季报,2021-10-27,无保留意见,False,686451600.1448197,393283607.136296,293167993.0085238,0.5729225586382571,259931.9349151976,6.331743876966377e-62,664701.365080457,3273914.810354953,29133937.66829342,1956174.2110447409,168341191.91806772,210996553.7886311,40000000,7.329199825213095,206491392.0460702,175602050.23175022,107829781.39660566,26243212.6299676,0.65608031574919,24576104.878003288,134346248.49382207,-13653463.929723375,67570691.887682,188263476.45178068,-0.13424776443256917,-0.13198315176404943,-0.015659289694954923,0.053239115851590205,2021-11-26,2021-11-15,False,False,False,False,False,0.0,0,0,False,[],翰珵物流
2021-12-31,年报,2022-03-30,无保留意见,False,592511165.4082205,283101748.1414383,309409417.26678216,0.4777998536894923,238063.26373819466,6.075096875086234e-62,528307.2446327672,3208709.350058869,28465075.416184027,1827567.9537460909,159080072.7339491,192629709.01485932,40000000,7.735235431669554,204856344.12910098,174109472.82550302,8659049.753653727,-2335782.738527391,-0.058394568463184776,-2132253.4374960205,98205230.6414437,-14378626.147199458,54240029.07768822,138066633.57193246,0.05539971840577473,-0.6608897357614386,-0.09512270494876489,-0.140816377429247,2021-11-26,2022-05-17,False,False,True,False,False,0.0,0,0,True,"['上市公司控股子公司向母公司实施利润分配的情况', '是否影响偿债能力、过去十二个月内是否使用过募集资金补充流动资金以及未来十二个月内是否计划使用募集资金补充流动资金等内容', '留存未分配利润的预计用途以及收益情况', '充分披露高送转的主要考虑及其合理性且送转股后每股收益不低于0.5元']",翰珵物流
2022-03-31,季报,2022-04-30,无保留意见,False,695687378.3639749,317147793.3027619,378539585.061213,0.4558768825856636,251779.0979802457,6.606320923799154e-62,684446.3753277548,3509102.2270254046,35852478.47598331,2037698.94339885,202042397.2477691,232536311.23688588,40000000,9.463489626530325,199495414.71286362,168909832.3170445,24679089.88769682,-7658470.594624823,-0.19146176486562058,-7428057.869226443,76402718.38743484,-15371295.998539735,64247629.911918536,125279052.30081365,0.22342619175946005,-0.3629711536040701,-0.021922971103828674,0.03867786871990147,2021-11-26,2022-06-19,False,False,False,False,True,0.0,0,0,False,[],翰珵物流
2022-06-30,半年报,2022-08-27,无保留意见,False,724572068.7964802,344849523.5024388,379722545.29404145,0.47593543603638555,251903.7013594039,6.304516398478687e-62,691037.9990912675,3167839.7101407945,33151800.44391622,2073510.9133964207,174049702.7760419,212758204.02478176,40000000,9.493063632351037,195110377.90854633,165064016.46706587,26355339.684096303,-6264338.291881839,-0.15660845729704598,-5494022.642826611,54769791.97381347,-15602162.783213751,66322727.871288784,105490357.0618885,0.0031250634795226737,0.14924026272836985,0.020058553450721963,0.07395782844788887,2021-11-26,2022-10-08,False,False,False,False,False,0.0,0,0,False,[],翰珵物流
2022-09-30,季报,2022-10-27,无保留意见,False,815551546.3881867,428903702.9184247,386647843.46976197,0.5259063082130125,287670.98410148785,7.590631792230784e-62,671992.5024822331,3620767.4403823293,32908841.802121475,2352310.024305462,202224266.01664793,245988231.88039455,40000000,9.66619608674405,191468244.90090495,161811494.50203955,18504141.00133688,-5203047.15377339,-0.13007617884433476,-4646459.9500375865,25306364.14277013,-17953578.572374694,82775213.19178846,90127998.7621839,0.01823778509215938,0.09885661144724006,0.049970872176626956,-0.0189331019397695,2021-11-26,2022-12-22,False,False,True,True,False,0.0,0,4,True,"['结合所处行业特点、发展阶段和自身经营模式、盈利水平、偿债能力、资金需求等因素，未进行现金分红或现金分红水平较低原因的说明', '充分披露高送转的主要考虑及其合理性且送转股后每股收益不低于0.5元', '公司在相应期间是否按照中国证券监督管理委员会相关规定为中小股东参与现金分红决策提供了便利', '结合前述财务报表列报项目的具体情况说明现金分红方案确定的依据及未来增强投资者回报的规划']",翰珵物流
2022-12-31,年报,2023-03-30,无保留意见,False,1022939122.4503648,600554320.6105648,422384801.8398,0.5870870586824242,413337.9954041425,1.0367962378282592e-61,1069762.5080120096,5065685.389211588,45350309.640583985,3001713.8735376955,241194403.3971436,323019042.57234687,40000000,10.559620045995,188849150.58976984,159421638.7772175,13014370.349135524,-3741563.3016216233,-0.09353908254054058,-3414079.6068886314,167016366.43578818,-21709670.439234655,99156066.45557097,244462762.4521245,0.09242766764023833,0.12388655538444716,0.06118075046941162,-0.15467711910059595,2021-11-26,2023-05-05,False,True,True,True,True,0.0,0,1,True,"['根据公司盈利能力、融资能力及其成本、偿债能力及现金流等情况披露现金分红方案的合理性，是否导致公司营运资金不足或者影响公司正常生产经营', '是否影响偿债能力、过去十二个月内是否使用过募集资金补充流动资金以及未来十二个月内是否计划使用募集资金补充流动资金等内容', '留存未分配利润的预计用途以及收益情况', '公司在相应期间是否按照中国证券监督管理委员会相关规定为中小股东参与现金分红决策提供了便利']",翰珵物流
2023-03-31,季报,2023-04-30,无保留意见,False,1167611603.1196673,778120985.2031767,389490617.9164905,0.6664210796845156,397804.2488492793,1.1802069298446707e-61,1152266.1920933404,6447531.121860469,61529269.64278748,3689412.054244358,321463342.47908807,377256347.0992295,40000000,9.737265447912263,184790091.77035987,155800323.33659482,17366180.609057292,-5798655.456299925,-0.14496638640749812,-5173307.772318156,13500687.890996229,-23485355.688785933,108287747.97984652,98303080.18205681,-0.07787729051810287,-0.15515344693163577,0.07933402100209147,0.006154558240662913,2021-11-26,2023-06-23,False,False,True,False,False,0.0,0,2,True,"['结合前述财务报表列报项目的具体情况说明现金分红方案确定的依据及未来增强投资者回报的规划', '结合所处行业特点、发展阶段和自身经营模式、盈利水平、偿债能力、资金需求等因素，未进行现金分红或现金分红水平较低原因的说明']",翰珵物流
2023-06-30,半年报,2023-08-27,非标准无保留意见,False,1257598675.2507324,884552631.8699145,373046043.3808178,0.7033663833126715,520125.4027112412,1.0837338759590122e-61,1073002.9562155849,6161355.434273367,54713814.48597428,3501528.3045471213,324629151.61777526,382772899.5376407,40000000,9.326151084520443,177532061.57673123,148741868.56228814,31226867.30440795,-10368614.562326636,-0.2592153640581659,-10083506.82043813,133562856.2570442,-26027274.255469896,113134918.90489851,220670500.9064728,-0.042220720549419236,-0.40798308526247196,0.03694530362815597,0.0213491455351689,2021-11-26,2023-10-02,False,False,False,False,True,0.0,0,0,False,[],翰珵物流
2023-09-30,季报,2023-10-27,无保留意见,False,1561720602.0770118,1176922188.5562272,384798413.5207846,0.7536061104598213,569342.9358820088,1.4704459159186221e-61,1570048.3984028606,8480215.032007687,74879798.58908142,4653735.4934209725,412537061.9363758,502969632.0144801,40000000,9.619960338019615,171549685.3455308,143223810.2026943,15666663.573071958,-8546251.758857735,-0.21365629397144337,-7882940.5137054715,277405209.23081625,-33308679.168404922,134200314.42247307,378296844.4848844,0.031503805893391225,0.2748087591343933,0.05023972714714977,-0.03852522070789897,2021-11-26,2023-12-19,False,False,False,True,False,0.0,0,0,False,[],翰珵物流
2023-12-31,年报,2024-03-30,无保留意见,False,1239957129.2447963,857192539.7504027,382764589.4943936,0.6913082069800923,427106.6170800585,1.2192815929682368e-61,1208233.0186543954,5623276.902646608,55145522.199937575,3635215.785423261,316101813.19111526,393583381.1638669,40000000,9.56911473735984,167617659.42117062,139963413.66594717,23696406.91787649,-5617179.891943149,-0.14042949729857873,-4657709.338210208,242088895.08795318,-26788619.66531355,109089249.632322,324389525.0549616,-0.005285427265102627,0.34648203179975584,-0.06229790347972902,0.030657145895009185,2021-11-26,2024-04-22,False,False,False,False,False,0.0,0,0,False,[],翰珵物流
2024-03-31,季报,2024-04-30,无保留意见,False,1165347745.0323763,789840422.3895713,375507322.6428049,0.6777723008059089,450001.8284082707,1.1639286795311244e-61,1150939.4119573648,5579633.323359634,53845328.10543894,3171798.773046762,272593385.28658175,361024759.15333617,40000000,9.387683066070123,165449916.38047498,137829370.61251742,7897651.506690015,-3096775.772422312,-0.07741939431055779,-3048632.9334710757,50571374.9744495,-23966559.254663073,106410823.5321172,133015639.25190362,-0.018960131241959922,0.22142176504545433,-0.013535906174183484,0.040366553602039376,2021-11-26,2024-05-25,False,False,False,False,False,0.0,0,0,False,[],翰珵物流
2024-06-30,半年报,2024-08-27,无保留意见,False,1043751120.8641689,672996162.9295838,370754957.9345851,0.644786050502518,362696.40419224696,1.0300714210949996e-61,899690.2668946605,5598122.834734323,49037191.88042696,3223880.4288010714,282240026.39483064,334535600.7306026,40000000,9.268873948364627,160543430.89029056,133562702.08603239,25859708.6785736,-7009264.985977776,-0.17523162464944442,-6095240.752121458,26130461.050083935,-22106695.037643872,93795687.19390751,97819453.20634758,-0.012655850955909027,-0.28140876889512156,-0.032986250303390724,0.007933709929208452,2021-11-26,2024-10-18,False,True,False,False,False,0.0,4,0,True,"['结合前述财务报表列报项目的具体情况说明现金分红方案确定的依据及未来增强投资者回报的规划', '根据公司盈利能力、融资能力及其成本、偿债能力及现金流等情况披露现金分红方案的合理性，是否导致公司营运资金不足或者影响公司正常生产经营', '留存未分配利润的预计用途以及收益情况', '充分披露高送转的主要考虑及其合理性且送转股后每股收益不低于0.5元']",翰珵物流
2024-09-30,季报,2024-10-27,非标准无保留意见,False,912928808.4990871,552898444.9815847,360030363.5175024,0.6056315014207787,334878.0155558855,8.551277933120069e-62,800549.6832442754,4261182.722892387,42316677.12407554,2728211.416213249,193616896.8261544,266577877.55801305,40000000,9.00075908793756,152589008.05284047,126397135.01500884,44931550.348075755,-11363461.196357273,-0.2840865299089318,-10236524.387176523,34812823.946241945,-19951499.83545651,89629728.8406703,104491052.95145574,-0.02892636817812936,-0.4358234108169501,-0.03915454908173936,0.199265906484181,2021-11-26,2024-12-08,False,False,True,True,False,0.0,0,5,True,"['结合所处行业特点、发展阶段和自身经营模式、盈利水平、偿债能力、资金需求等因素，未进行现金分红或现金分红水平较低原因的说明', '是否影响偿债能力、过去十二个月内是否使用过募集资金补充流动资金以及未来十二个月内是否计划使用募集资金补充流动资金等内容', '根据公司盈利能力、融资能力及其成本、偿债能力及现金流等情况披露现金分红方案的合理性，是否导致公司营运资金不足或者影响公司正常生产经营', '结合前述财务报表列报项目的具体情况说明现金分红方案确定的依据及未来增强投资者回报的规划']",翰珵物流
2024-12-31,年报,2025-03-30,无保留意见,False,1556474672.0068083,1142580656.1376135,413894015.86919475,0.7340823957414295,525899.2034917914,1.3289082454816642e-61,1230830.003977997,7015692.63258863,66744818.01423788,4052881.096034962,364594604.5259896,452449953.76667213,40000000,10.347350396729869,141058663.75530216,115568486.80700861,12002168.898543319,-16471920.4250547,-0.4117980106263675,-15469497.440000314,162360596.45466328,-33623881.04941391,134437907.99551907,263174623.40076843,0.1496086380755322,-0.9063113741709684,0.12845089432065082,0.04434253391400357,2021-11-26,2025-05-22,False,False,False,False,False,0.0,0,0,False,[],翰珵物流
2017-03-31,季报,2017-04-30,非标准无保留意见,False,235350255.15496442,63218934.640441746,172131320.51452267,0.26861638454063186,42324046.384906486,1.389354575378797e-35,6517117.118590837,9.675121605005222e-05,28767196.739038717,1634652.5401607063,32951.500726853985,83039414.17374127,40000000,4.303283012863067,-1633259.5194994144,-1407816.1679144297,6454799.120997427,-2333227.8849991634,-0.05833069712497908,-2011165.9541634712,-43589889.52517617,-16764609.024087625,-34291146.08287075,-94645644.63213454,-0.043714886030429584,-0.18517932694439804,-0.031383615459368144,-0.016841878478825213,2021-12-17,2017-05-18,False,False,False,False,False,0.0,0,0,False,[],翊颉化工
2017-06-30,半年报,2017-08-27,非标准无保留意见,False,244529223.90547907,71396115.68568224,173133108.21979684,0.29197375489679656,34827691.12595149,1.2566439295166297e-35,5306747.325045343,7.720568297187792e-05,25225206.126272004,1621372.2059917243,26930.53948088743,71123770.73018874,40000000,4.328327705494921,-3489186.1086228993,-2982110.500000708,5974959.55448056,-2651323.698747836,-0.0662830924686959,-2248991.9029803975,-8685293.936227929,-17508908.828471463,-37611313.09874333,-63805515.86344272,0.005819903677492839,-0.0216881950066799,0.0233573703561647,0.04788184819641312,2021-12-17,2017-10-02,False,False,False,False,False,0.0,0,0,False,[],翊颉化工
2017-09-30,季报,2017-10-27,无保留意见,False,237342231.5175834,67270627.5373238,170071603.9802596,0.28343302878375476,41854258.733476445,1.3328294244597068e-35,6434439.782267061,9.140278361581223e-05,30297217.096651427,1697336.4046026778,32374.90294099467,78501140.2326118,40000000,4.25179009950649,-3077172.1231102683,-2620754.8097394267,1954513.2737846612,588591.4078751877,0.014714785196879692,516222.4146589735,-28138470.925116368,-18114886.191825256,-37856560.633679844,-84109917.75062147,-0.017682950829084672,0.22579888476125748,-0.008540726113041804,0.16564320726398304,2021-12-17,2017-11-19,False,False,False,False,False,0.0,0,0,False,[],翊颉化工
2017-12-31,年报,2018-03-30,无保留意见,False,253259173.09934115,63173247.10018639,190085925.99915475,0.24944110148936888,37618890.88326243,1.2783783382871235e-35,6815902.342867493,8.765743512528626e-05,25660912.552130032,1631090.531351872,33112.7036672685,77423042.60047072,40000000,4.7521481499788685,-7629743.407527307,-6701430.1804017555,25764706.812364668,-6503673.263452914,-0.16259183158632284,-5829536.243803328,-14117951.66625496,-16909708.04691942,-38462803.5268974,-69490463.24007177,0.11768173845892724,-0.40323096414375637,-0.03399192729438585,0.05563397562422667,2021-12-17,2018-05-25,False,False,False,False,False,0.0,0,0,False,[],翊颉化工
2018-03-31,季报,2018-04-30,无保留意见,False,259549836.59990835,51909967.31998168,207639869.2799267,0.2,41499716.73344728,1.3742018474541074e-35,6805015.492712047,9.484879776198626e-05,32146215.987119336,1700435.385567056,34018.73762209348,81156105.9550757,40000000,5.190996731998167,-6909234.988472362,-6026545.003471812,918744.5239445217,1029297.7415070646,0.025732443537676612,964121.6813284896,-15398723.28810949,-17418192.836928636,-42365843.86925656,-75182759.99429469,0.09234741177445188,0.7176768782102577,-0.09860940034519981,0.2045286992033533,2021-12-17,2018-05-13,False,False,False,False,False,0.0,0,0,False,[],翊颉化工
2018-06-30,半年报,2018-08-27,无保留意见,False,257064491.45166636,51412898.29033327,205651593.16133308,0.2,43952323.27291759,1.5655646840621313e-35,6757289.193588442,9.514341727077935e-05,32393575.216933973,1978647.0730275162,39599.218821145405,87161361.53238538,40000000,5.141289829033327,-5083355.6817858955,-4365508.8465762595,9240975.74199994,2608399.009552095,0.06520997523880238,2372908.7955650757,-7228957.598121956,-17135686.230870854,-39427520.57115509,-63792164.4001479,-0.009575598970894853,0.08758528982577188,0.02577586466500497,0.06759315284420134,2021-12-17,2018-09-17,False,False,False,False,False,0.0,0,0,False,[],翊颉化工
2018-09-30,季报,2018-10-27,无保留意见,False,261830960.07031798,52366192.0140636,209464768.0562544,0.2,47439466.285174936,1.559724727081739e-35,7735847.04619535,0.00010760987363139335,33099307.555764206,1957347.5082175096,38519.05892947588,92611410.065792,40000000,5.236619201406359,-1661550.9496318041,-1191516.0777230486,5520753.121582185,4888292.474505845,0.12220731186264613,4534275.384076015,-41656088.39939416,-18665522.171027526,-41143787.58085419,-101465398.15127587,0.018541917601046152,0.11627127048175219,-0.011233831660336547,-0.10806769687311606,2021-12-17,2018-12-18,False,False,False,False,False,0.0,0,0,False,[],翊颉化工
2018-12-31,年报,2019-03-30,非标准无保留意见,False,323907145.17142993,70037245.1198893,253869900.0515406,0.21622630486530836,58202916.529774226,1.9117864690382917e-35,8314686.38575312,0.00011834120829032487,42738007.10152015,2271490.1700256206,45917.732695112805,107527618.59321488,40000000,6.346747501288515,2341999.2279537846,2699702.462620838,27267804.109560743,5719357.396550842,0.14298393491377104,5558883.629062695,-26257092.38275481,-22237745.410746194,-49466593.281804286,-97961431.07530528,0.21199332187148867,0.03796846752723949,0.05085257071647085,0.05315970209069852,2021-12-17,2019-05-27,False,False,False,False,False,0.0,0,0,False,[],翊颉化工
2019-03-31,季报,2019-04-30,无保留意见,False,315088347.12001705,63017669.424003415,252070677.69601366,0.2,54384514.686598904,1.8679884425949665e-35,8437371.288868278,0.00010917584717261922,40059645.13497996,2297607.790222199,45109.861937454596,105877831.73550382,40000000,6.3017669424003415,10922390.332637895,10758626.454842126,50011040.63334304,12257701.578120157,0.3064425394530039,11512748.560316129,-46176318.948724225,-23494401.844239973,-49291473.371616624,-118962194.16458082,-0.007087182667821897,0.2877873730073869,-0.02114138209728474,-0.03089385826469901,2021-12-17,2019-06-08,False,False,False,False,False,0.0,0,0,False,[],翊颉化工
2019-06-30,半年报,2019-08-27,无保留意见,False,333036745.22727025,66607349.04545405,266429396.1818162,0.2,58003235.69546005,1.7621300614372165e-35,8801550.71107843,0.00012500415223264035,33529389.89373267,2222639.8367719743,42420.5918155429,103702921.40848696,40000000,6.6607349045454045,27675903.4180792,24446612.79908274,0.0,23933590.12205901,0.5983397530514752,19554266.206058018,-42888207.5277529,-23617806.00088983,-52876239.392704226,-119382252.92134696,0.05696306534756304,0.3990706007019517,-0.14242327562371604,0.07934309671783701,2021-12-17,2019-09-12,False,False,False,False,False,0.0,0,0,False,[],翊颉化工
2019-09-30,季报,2019-10-27,无保留意见,False,387397855.740142,77479571.1480284,309918284.5921136,0.2,67930991.14082602,2.1796829593249592e-35,9905799.747744553,0.0001300817041125875,47553878.466170676,2659472.6568784644,51572.46463250564,124624104.79336463,40000000,7.7479571148028406,44317550.38386169,39807506.79401234,73606596.4197283,23773781.37968927,0.5943445344922317,21944134.278470855,-77216969.96418934,-27129929.01387095,-59857368.4401241,-164204267.4181844,0.16322856649278963,-0.0039040978788619785,0.10433853812242898,-0.02769217701690061,2021-12-17,2019-12-04,False,False,False,False,False,0.0,0,0,False,[],翊颉化工
2019-12-31,年报,2020-03-30,无保留意见,False,374751709.45193684,74950341.89038737,299801367.5615495,0.2,59743439.912694834,1.9444083629419458e-35,9878746.487995416,0.00013672958372384342,42829801.97635788,2510209.121520303,48811.93135770661,117303366.97270551,40000000,7.495034189038737,66634667.672477216,60227707.503080875,95348301.67393324,31881596.126593612,0.7970399031648403,29171715.298669342,-29871676.520668123,-27618033.917766586,-63747028.32157151,-121236738.76000622,-0.032643821076510725,0.19884873250787344,0.021180332404313544,-0.035738253196570674,2021-12-17,2020-04-17,False,False,False,False,False,0.0,0,0,False,[],翊颉化工
2020-03-31,季报,2020-04-30,无保留意见,False,346874980.35732305,73048845.47963864,273826134.8776844,0.21059127817287232,61672244.08334905,2.1321055266068777e-35,9565927.009366378,0.00012095576820158921,42678365.08574977,2510606.3801466404,44858.86270972088,114189462.63968728,40000000,6.84565337194211,93822963.19055912,86691906.67199738,140696355.31237456,38840422.168688454,0.9710105542172114,37805998.81273787,-8762426.234268297,-25109389.932202205,-53576857.341333166,-87448673.50780366,-0.08664147497103185,0.1423608595773522,0.032410760501822185,0.05724890524986362,2021-12-17,2020-05-27,False,False,False,False,False,0.0,0,0,False,[],翊颉化工
2020-06-30,半年报,2020-08-27,无保留意见,False,296505738.9463612,59301147.789272234,237204591.15708894,0.2,46167264.52163358,1.7514497567500607e-35,7524367.6463144,0.00010593558008212531,31973499.190457072,2054063.7466208413,38256.21319434771,94350969.15471607,40000000,5.930114778927224,125306742.49562111,113771454.85984012,40103195.06809117,44976827.57865999,1.1244206894664996,38685068.83977533,-28986488.495983277,-17521440.329620607,-43472624.01352331,-89980552.8391272,-0.13374013308464502,0.10989181620858908,-0.023408025854770868,-0.05100582951793976,2021-12-17,2020-10-14,False,False,False,False,False,0.0,0,0,False,[],翊颉化工
2020-09-30,季报,2020-10-27,保留意见,False,356801337.0242312,79288629.2670061,277512707.7572251,0.2222206618626584,62357037.27460124,1.8916978180900498e-35,9364458.427068895,0.0001160991879965865,44115583.27622516,2507020.1439868663,44102.07971938401,115512261.74645986,40000000,6.9378176939306275,136493194.81450954,124653661.59277108,39154073.95108137,15980646.16984063,0.3995161542460158,15546009.618472816,-44234543.17095352,-27471155.263207942,-53621933.98360941,-125327632.41777086,0.16992974884470957,-0.46785520559305616,0.03503740954455695,0.09716883808573112,2021-12-17,2020-12-19,False,False,False,False,False,0.0,0,0,False,[],翊颉化工
2020-12-31,年报,2021-03-30,无保留意见,False,448060134.2110765,174629846.69264272,273430287.51843375,0.38974644999409036,70133432.2699574,2.3002848685908008e-35,10457381.360805843,0.0001466390268368032,48929322.1634936,2686550.8368498976,56865.18132036534,136920957.20314702,40000000,6.835757187960843,165384229.6225763,147960431.3644129,120290747.1671839,41272906.86866677,1.0318226717166692,33295385.388059746,-13030790.355822472,-34931005.44315874,-72243445.75892891,-120205241.55791011,-0.014710750623941607,0.7668819030584918,0.16752578813143199,-0.0762570116188305,2021-12-17,2021-05-03,False,False,False,False,False,0.0,0,0,False,[],翊颉化工
2021-03-31,季报,2021-04-30,无保留意见,False,468288470.75613797,198582225.450686,269706245.3054519,0.42405960823685973,82106299.35521983,2.844316183049637e-35,12875609.567522712,0.0001687811918274298,59518722.97304426,2942593.2378582936,61549.26223448782,154324297.7486611,40000000,6.742656132636299,201425502.83955523,178423142.06376982,196226262.861281,51487533.16711278,1.2871883291778197,43518158.14193843,-5400637.787488971,-32289686.02382003,-76561523.75914302,-114251847.57045203,-0.013619713627118748,0.17528945864099998,0.034313158242769336,0.028053825152386008,2021-12-17,2021-06-09,False,False,False,False,False,0.0,0,0,False,[],翊颉化工
2021-06-30,半年报,2021-08-27,无保留意见,False,492931755.125719,193991895.13416326,298939859.99155575,0.3935471657424199,79920340.17235836,2.493288917117265e-35,11500016.527282048,0.00018695657256083292,58156110.148614116,3400900.727098084,69588.5501409846,157266931.749728,40000000,7.473496499788894,243062834.57973045,215405014.9710156,0.0,59481902.48596457,1.4870475621491142,52831247.01035115,-47052679.063115545,-36530576.27176918,-72308721.16899288,-155891976.5038776,0.10839057380000856,0.11672736553885149,-0.030512442494439816,-0.12429688758070832,2021-12-17,2021-09-26,False,False,False,False,False,0.0,0,0,False,[],翊颉化工
2021-09-30,季报,2021-10-27,无保留意见,False,672762429.9740278,293743847.62584114,379018582.3481866,0.43662344170613276,101900336.62754942,3.5457041098694166e-35,17727229.803373225,0.0002378199848767332,76350102.49029425,4055859.87763857,85727.72695376197,215712852.8153792,40000000,9.475464558704665,293092273.4236558,262007856.46976298,124918863.88731822,71470626.91989335,1.7867656729973338,66575487.85535341,-107622351.7303735,-49214879.947146386,-100589051.99597272,-257426283.6734926,0.2678756936558839,0.15675243481461343,0.04307627596371285,-0.13624792047100934,2021-12-17,2021-11-26,False,False,False,False,False,0.0,0,0,False,[],翊颉化工
2021-12-31,年报,2022-03-30,保留意见,False,829637066.7202855,392095783.04836965,437541283.6719159,0.47261121612899903,130325870.90753081,4.1554377244683364e-35,19932344.151765794,0.00026241509052665155,81357469.4393924,5106904.831136156,92281.85339191539,241947208.07194462,40000000,10.938532091797898,321791773.0018895,287932355.93001175,39052540.03250977,40999285.111762404,1.02498212779406,37034999.228926785,-73660278.63455926,-53626357.392623916,-122973169.91546752,-250259805.94265068,0.15440588944519673,-0.3444232607927775,0.0359877744228663,0.09742008644312854,2021-12-17,2022-05-12,True,True,False,False,False,48038302.33340988,3,0,True,"['公司为增强投资者回报水平拟采取的措施', '是否影响偿债能力、过去十二个月内是否使用过募集资金补充流动资金以及未来十二个月内是否计划使用募集资金补充流动资金等内容', '上市公司控股子公司向母公司实施利润分配的情况']",翊颉化工
2022-03-31,季报,2022-04-30,非标准无保留意见,False,992805814.096545,536598192.57438904,456207621.52215594,0.5404865533172711,167549459.19941598,6.014026310849635e-35,25849550.783572257,0.0003919035914541667,117791900.5067151,6850878.1494091125,130920.95496960047,325622235.5803574,40000000,11.4051905380539,348757092.9033351,310274411.0809177,88675097.71977784,38521885.57349365,0.9630471393373413,31917221.644151375,-44177048.92318084,-73457948.86089239,-146552588.54463217,-264187586.3287054,0.04266188939610275,-0.04271431162461573,0.06787533718827204,0.04117486765474388,2021-12-17,2022-05-12,True,False,False,False,False,28285793.7976402,0,0,True,"['是否影响偿债能力、过去十二个月内是否使用过募集资金补充流动资金以及未来十二个月内是否计划使用募集资金补充流动资金等内容', '上市公司控股子公司向母公司实施利润分配的情况']",翊颉化工
2022-06-30,半年报,2022-08-27,无保留意见,False,985092987.4440073,530554594.4203165,454538393.02369076,0.5385832618674217,156724348.0241899,5.023727458291725e-35,22987568.393794566,0.0003547016818333989,113595741.54670063,6864027.883385762,119616.68207202735,303508616.6694963,40000000,11.363459825592269,365811979.3477699,325450902.6873564,75355065.31630033,24364123.492049754,0.6091030873012439,21680702.294912484,-19354342.080703095,-66929257.48368101,-154593029.96698114,-240876629.53136525,-0.0036589228669520447,-0.25499425920438956,-0.0019032914498494213,-0.0015301075568135154,2021-12-17,2022-10-16,False,False,False,False,False,0.0,0,0,False,[],翊颉化工
2022-09-30,季报,2022-10-27,无保留意见,False,1093791983.075955,586564691.7416232,507227291.3343317,0.5362671338037144,200171521.9715037,5.523659576360481e-35,28406831.25259339,0.0004097585308653587,123559253.65296586,7180896.61761582,143461.09002911023,345755984.71922165,40000000,12.680682283358292,374384170.01972467,332798913.27185583,27662134.936515704,12245986.674221098,0.30614966685552747,10497157.977856338,-55709459.855199054,-71239330.73370801,-164172487.03834152,-291121277.6272486,0.11591737710018878,-0.2929624949059486,-0.002316128063707362,-0.07402295510683754,2021-12-17,2022-12-22,False,False,False,False,False,0.0,0,0,False,[],翊颉化工
2022-12-31,年报,2023-03-30,无保留意见,False,1190784973.037371,714528284.5092916,476256688.52807933,0.6000481200957071,199936074.9077727,6.642676960117227e-35,32968389.442385994,0.00041039445827388505,136831822.5186499,7421809.1169127645,167064.44966691476,378674866.0199589,40000000,11.906417213201983,381592059.5474538,339280225.2690971,38898495.06695344,10296985.039613012,0.2574246259903253,9259017.13891605,-90296697.57605816,-78422690.80760986,-190860439.58143988,-359579827.9651079,-0.06105862861751749,-0.06664167826917707,0.06378098629199276,0.010426506270061257,2021-12-17,2023-04-24,False,True,False,False,False,0.0,1,0,True,"['结合所处行业特点、发展阶段和自身经营模式、盈利水平、偿债能力、资金需求等因素，未进行现金分红或现金分红水平较低原因的说明', '是否影响偿债能力、过去十二个月内是否使用过募集资金补充流动资金以及未来十二个月内是否计划使用募集资金补充流动资金等内容', '充分披露高送转的主要考虑及其合理性且送转股后每股收益不低于0.5元', '上市公司控股子公司向母公司实施利润分配的情况']",翊颉化工
2023-03-31,季报,2023-04-30,无保留意见,True,1212163881.4870267,676386418.0134716,535777463.47355515,0.5579991520484111,231958165.0073314,7.141438880974612e-35,29307560.7595045,0.0004414460090479259,149155764.96928412,8227110.028085566,148818.67218773192,383364863.30390066,40000000,13.394436586838879,400111727.22852206,356080548.4027203,128539975.80524279,26456668.115811884,0.6614167028952971,24000461.619461663,-45589746.67538935,-82111611.31778763,-182631822.89231962,-310333180.8854966,0.12497624994922572,0.5919951618374031,-0.04204896804729589,-0.001908440625716292,2021-12-17,2023-05-15,False,False,False,False,False,0.0,0,0,False,[],翊颉化工
2023-06-30,半年报,2023-08-27,无保留意见,False,1171827586.821235,648596014.5204883,523231572.3007466,0.5534909928856566,197960805.80463442,6.785492810964026e-35,30283364.770903997,0.0004415450046181472,144863692.05996326,8408333.628444731,154877.23300993818,396559013.4345738,40000000,13.080789307518666,422069392.1341902,376079434.0625992,118448758.10963897,31368092.722382963,0.7842023180595741,28569836.65696992,-79189353.40778278,-82430918.5660512,-170709655.9536695,-332329927.92750347,-0.02341623533672159,0.1130188949019779,-0.004508159162754517,-0.013350152746443052,2021-12-17,2023-10-08,False,True,False,False,False,0.0,1,0,True,"['上市公司控股子公司向母公司实施利润分配的情况', '结合前述财务报表列报项目的具体情况说明现金分红方案确定的依据及未来增强投资者回报的规划', '充分披露高送转的主要考虑及其合理性且送转股后每股收益不低于0.5元', '留存未分配利润的预计用途以及收益情况']",翊颉化工
2023-09-30,季报,2023-10-27,无保留意见,True,1017751512.2431685,470771630.5143539,546979881.7288146,0.4625604824469902,194002727.6440387,6.042124645236172e-35,26480663.41268097,0.0003875536034518246,119290315.1025712,6554240.692884216,132213.16649956914,327224133.5727375,40000000,13.674497043220365,464149785.0666548,415636833.36274636,181918221.5874466,60114847.04637797,1.5028711761594493,56510570.428781636,-119385764.03440402,-72282463.59118205,-152713863.78172028,-344382091.4073064,0.04538776076459268,0.5943330138939317,-0.09093051043866637,0.083475254595852,2021-12-17,2023-12-22,False,False,True,True,False,0.0,0,1,True,"['根据公司盈利能力、融资能力及其成本、偿债能力及现金流等情况披露现金分红方案的合理性，是否导致公司营运资金不足或者影响公司正常生产经营', '结合前述财务报表列报项目的具体情况说明现金分红方案确定的依据及未来增强投资者回报的规划', '结合所处行业特点、发展阶段和自身经营模式、盈利水平、偿债能力、资金需求等因素，未进行现金分红或现金分红水平较低原因的说明']",翊颉化工
2023-12-31,年报,2024-03-30,保留意见,False,871365555.8618288,344918210.1908924,526447345.67093647,0.39583640628272154,153847563.29351473,4.3154233668440107e-35,20847156.10114394,0.0003041159939091676,104626191.27971603,6108716.909118296,117442.37539309192,285163178.27976537,40000000,13.161183641773412,513738243.0755561,459256501.8318603,271596812.6853402,70840654.29843043,1.7710163574607607,62313812.09873431,-77074513.41652259,-65214789.57330306,-144604828.70198408,-286894131.6918098,-0.03753800961194748,0.1390887444230006,-0.06672407616426869,0.07682730628527158,2021-12-17,2024-04-28,False,False,True,False,False,0.0,0,0,True,"['结合所处行业特点、发展阶段和自身经营模式、盈利水平、偿债能力、资金需求等因素，未进行现金分红或现金分红水平较低原因的说明', '公司为增强投资者回报水平拟采取的措施', '充分披露高送转的主要考虑及其合理性且送转股后每股收益不低于0.5元', '是否影响偿债能力、过去十二个月内是否使用过募集资金补充流动资金以及未来十二个月内是否计划使用募集资金补充流动资金等内容']",翊颉化工
2024-03-31,季报,2024-04-30,无保留意见,False,905982972.285696,391904477.6217598,514078494.66393626,0.43257377854798706,149187899.09556797,5.027324612632681e-35,22755665.370055635,0.0003622315235158011,103037593.57982445,6655655.848337359,120433.92201990688,293498218.3418461,40000000,12.851962366598407,574416818.3935437,520640261.3005727,394664869.9448556,86683679.02569658,2.1670919756424145,87691084.95530343,-39605234.72931948,-68860577.61817871,-140580228.98720783,-249046041.334706,-0.023494944192826234,0.18036095989723566,0.036737372265265474,-0.04944298809334364,2021-12-17,2024-06-07,False,True,False,False,False,0.0,1,0,True,['公司为增强投资者回报水平拟采取的措施'],翊颉化工
2024-06-30,半年报,2024-08-27,保留意见,False,1054374984.5539498,520987157.1969013,533387827.35704845,0.4941194212961183,170814830.12723625,5.888348662949995e-35,30305824.676058006,0.00037178056049388264,140822871.04802215,7541116.851761979,144039.50609000243,353812112.8771534,40000000,13.334695683926212,652658354.841098,589297030.6738421,246978360.02832934,111773623.49650599,2.7943405874126497,98081099.10467054,-27374551.16021206,-77964157.50968069,-169718097.1400077,-275056805.80990046,0.03756105904748089,0.24198547646627422,0.06154564274813123,-0.03242890287377285,2021-12-17,2024-09-13,True,False,False,False,False,46715837.97920669,0,0,True,"['结合前述财务报表列报项目的具体情况说明现金分红方案确定的依据及未来增强投资者回报的规划', '上市公司控股子公司向母公司实施利润分配的情况']",翊颉化工
2024-09-30,季报,2024-10-27,无保留意见,False,1118803558.4016936,484056342.6539378,634747215.7477558,0.4326553477765602,180756227.47303182,5.813336755735164e-35,29749620.08842077,0.0003629272911571757,123246293.52189219,7275185.677729289,142448.51775248142,339829124.2202238,40000000,15.868680393693895,687748567.6698351,615572317.0124437,151702975.7208716,50128875.46962452,1.253221886740613,37536123.34085944,-174230151.38653943,-80076202.14143133,-167477519.9838539,-421783873.51182467,0.19002943672889183,-0.4787063247354695,-0.061464073519558106,-0.030162329957682827,2021-12-17,2024-11-25,True,False,False,False,False,51870366.60542578,0,0,True,"['结合所处行业特点、发展阶段和自身经营模式、盈利水平、偿债能力、资金需求等因素，未进行现金分红或现金分红水平较低原因的说明', '上市公司控股子公司向母公司实施利润分配的情况']",翊颉化工
2024-12-31,年报,2025-03-30,无保留意见,False,1226072705.1106524,576635950.3127537,649436754.7978988,0.4703113835820304,214621700.81844828,6.697197032908315e-35,29207115.670629427,0.0004337857285580083,130136211.64819288,8174740.695399799,168073.54427198286,384616701.51313794,40000000,16.23591886994747,743381993.639618,667299883.6834766,133801201.1603762,79476322.81397568,1.986908070349392,73896523.81576136,-156206575.3794906,-90133865.63057548,-188816287.91170248,-435156728.92176855,0.02314234499294074,0.43718067879195627,0.03765603580547023,0.0047069953395371235,2021-12-17,2025-04-19,True,False,False,True,False,90075254.19468956,0,0,True,"['是否影响偿债能力、过去十二个月内是否使用过募集资金补充流动资金以及未来十二个月内是否计划使用募集资金补充流动资金等内容', '结合前述财务报表列报项目的具体情况说明现金分红方案确定的依据及未来增强投资者回报的规划', '公司为增强投资者回报水平拟采取的措施']",翊颉化工
2017-03-31,季报,2017-04-30,无保留意见,False,278416463.1555684,90076749.4694914,188339713.68607703,0.32353241057860854,1730051.081500771,1.8813842507776568e-05,69077.18172653906,133512166.88935657,6.410926499040364e-09,7194175.061241069,51229391.118618935,203733624.53697377,40000000,4.708492842151926,1760859.5400562715,1703662.4108854258,7831988.104506043,2515513.6286518164,0.06288784071629541,2433803.444122037,19289583.089664172,2413745.057544622,120595724.28938353,142299052.43659234,0.04633174270042787,0.08419520159176752,0.023532410578608543,0.10248143776627221,2021-03-18,2017-06-25,False,False,False,False,False,0.0,0,0,False,[],裴琯能源
2017-06-30,半年报,2017-08-27,无保留意见,False,302176259.49956125,112679047.28769763,189497212.21186364,0.37289179326763505,2255446.670719195,2.7392966827352307e-05,85953.16652631233,158352470.8125879,7.896650695722153e-09,9416889.30543246,59191964.368685,238740648.13890672,40000000,4.7374303052965905,952825.1245511712,983538.4268239784,4770597.835936335,-1154334.8792930003,-0.028858371982325007,-1028748.5486592106,45244798.13548084,2958463.2225676915,130754579.96585724,178957841.32390577,0.00614580166409258,-0.18804775409840652,0.04935938268902652,0.090073859812751,2021-03-18,2017-10-13,False,False,False,False,False,0.0,0,0,False,[],裴琯能源
2017-09-30,季报,2017-10-27,无保留意见,False,316771848.3128727,126184388.22088459,190587460.09198812,0.3983447042183288,2268804.2673014384,2.5649522480687632e-05,91094.27859702804,176901243.26254472,8.05359470553998e-09,8829460.725612964,65690801.95376224,243697781.6633892,40000000,4.7646865022997025,-556125.9158622357,-305233.60902640264,3785375.882637461,-2155644.3434477244,-0.05389110858619311,-1841102.9083576873,60969904.09066729,3144083.294404703,129892748.35077745,194006735.73584944,0.00575337160583424,-0.06319138114601586,0.02545291095069375,0.06335562487403394,2021-03-18,2017-11-12,False,False,False,False,False,0.0,0,0,False,[],裴琯能源
2017-12-31,年报,2018-03-30,无保留意见,False,397568610.2924334,175164218.88462976,222404391.40780365,0.44058865400813946,2418066.745386379,2.5586564832536705e-05,96531.30526548422,182025825.08059642,8.666678975912247e-09,9925351.396897633,69054117.92064938,266875221.2122237,40000000,5.560109785195092,1990571.6581579815,2085479.8399303684,15745936.117254773,3638139.3914574534,0.09095348478643633,3415304.9270811016,67273952.28610678,3695545.556319958,161544330.40973788,232513828.2521646,0.1669413680231581,0.3903021369841546,0.042243949789810664,-0.01902808038137072,2021-03-18,2018-05-19,False,False,False,False,False,0.0,0,0,False,[],裴琯能源
2018-03-31,季报,2018-04-30,无保留意见,False,434985837.1901725,193125002.07467955,241860835.11549294,0.44397997719233045,2720329.197980374,3.667142549655032e-05,104027.920226505,211923024.60254875,1.1032997314729767e-08,11909252.509893304,84077973.1027251,321815043.6923462,40000000,6.046520877887324,753966.52371768,950438.8602611151,4717123.404863352,-1766578.763486145,-0.04416446908715363,-1621487.113813219,68532091.21160237,4074157.8854560223,179969671.8844492,252575920.9815076,0.08748228209223474,-0.2618801071370185,0.0033913231841909927,-0.03035414085726288,2021-03-18,2018-06-01,False,False,False,False,False,0.0,0,0,False,[],裴琯能源
2018-06-30,半年报,2018-08-27,无保留意见,False,414333097.26164234,182877583.67362735,231455513.58801496,0.4413781686335913,2856645.1134814476,3.200490999183163e-05,105156.2117348432,214660676.5019366,1.008554384816243e-08,11677321.977942968,75935756.33808653,303397981.07988065,40000000,5.786387839700374,2537728.314024249,2433397.0810592677,5509406.985333259,2548231.1290093847,0.06370577822523461,2118511.7439973615,42654914.701402724,4003550.1120223952,170455113.38568646,217113578.19911158,-0.043021936654230354,0.2832462797098471,-0.0026018085587391476,0.09442889424030093,2021-03-18,2018-10-08,False,False,False,False,False,0.0,0,0,False,[],裴琯能源
2018-09-30,季报,2018-10-27,无保留意见,False,589162406.435182,317734627.1916136,271427779.24356836,0.5392988821437471,3341703.2574897166,4.2609590525071244e-05,150462.16014778765,280652884.8645568,1.3330910162532197e-08,14360447.509083739,116316065.18946329,401027200.4777461,40000000,6.785694481089209,-3292780.817726579,-3142075.4050046746,27631258.102844067,-8329298.759644041,-0.208232468991101,-7964960.694377061,104933525.1722855,5291992.3832397135,234292091.97033283,344517609.52585804,0.17269956129324707,-0.5564457375640129,0.09792071351015577,-0.01051606503851634,2021-03-18,2018-12-19,False,False,False,False,False,0.0,0,0,False,[],裴琯能源
2018-12-31,年报,2019-03-30,无保留意见,False,575334047.7514424,342080890.4415277,233253157.30991477,0.5945778661604858,3705441.6836786335,4.0842728125519676e-05,135984.01649062632,290171330.45793265,1.3453186593544427e-08,15492758.393347269,108233753.70535764,395656472.9967254,40000000,5.831328932747869,-8275342.617298965,-7632278.842446872,23247519.686887838,-7117945.427960552,-0.1779486356990138,-6414576.33920314,65027838.71675257,5349938.018909133,243262099.673798,313639876.4094597,-0.14064375444562455,0.1397065010204133,0.05527898401673871,0.05023169926920005,2021-03-18,2019-04-09,False,False,False,False,False,0.0,0,0,False,[],裴琯能源
2019-03-31,季报,2019-04-30,无保留意见,False,665971372.1556152,430332989.7637759,235638382.39183936,0.6461734058791065,4301624.010098093,4.601127352530258e-05,168998.53759391946,321392250.1625642,1.4264230025274424e-08,17276668.93113189,115189940.08636795,462774331.77091706,40000000,5.890959559795984,-10416647.222136822,-9601143.424938235,13636223.13783039,-3059006.5783397947,-0.07647516445849487,-2812663.689273379,64457258.989733554,6154991.778711555,294860068.69672036,365472319.4651655,0.010225906947769313,0.41073835608085263,0.05159553971862075,0.014533758706491729,2021-03-18,2019-05-12,False,False,False,False,False,0.0,0,0,False,[],裴琯能源
2019-06-30,半年报,2019-08-27,无保留意见,False,527109505.4762934,325670541.78095263,201438963.69534075,0.6178422858959419,3236934.6489360756,3.542483421781238e-05,130225.56555187024,257962172.738011,1.1840743937932115e-08,14999079.997078544,99005823.36731535,357035841.3401559,40000000,5.035974092383519,-11665317.22632931,-10771463.59796962,6897269.170704128,-1783814.2917035557,-0.04459535729258889,-1671885.961473406,9896910.225098485,4423710.282331804,201701922.79850164,216022543.30593193,-0.14513517852804164,0.09147068993339919,-0.028331119983164614,-0.05034753475946005,2021-03-18,2019-10-15,False,False,False,False,False,0.0,0,0,False,[],裴琯能源
2019-09-30,季报,2019-10-27,非标准无保留意见,False,488493340.3549485,272297603.6645184,216195736.69043007,0.5574233693066559,3086377.0147619247,3.590492956078631e-05,124864.75478720517,226774295.66074282,1.218462258488259e-08,13647954.38768139,94803997.76443355,355876517.8250834,40000000,5.404893417260752,-9896668.710355006,-9258790.066553233,5532927.0967569845,2526640.737106148,0.06316601842765371,2160962.187737696,5025894.461173638,4283347.166947354,209477436.80764046,218786678.43576145,0.07325679562871319,0.28328091621933105,-0.060418916589286,-0.23992937853490354,2021-03-18,2019-12-01,False,False,False,False,False,0.0,0,0,False,[],裴琯能源
2019-12-31,年报,2020-03-30,无保留意见,False,421737645.7348704,196170698.5834581,225566947.15141228,0.4651486547795233,2501442.9196800548,2.7899007637994998e-05,95374.68535477229,186507648.07600296,9.246833672008024e-09,10928112.075563421,74158703.62691772,269373771.95539916,40000000,5.639173678785307,-3825907.5147594702,-3281984.42796829,4690419.274238697,8672515.99370791,0.21681289984269775,8538293.769407062,56530452.09947413,3883661.9925295073,182486647.6312324,242900761.72323605,0.04334595401573909,0.3147430907008422,-0.09227471452713262,0.04307379943594562,2021-03-18,2020-04-13,False,False,False,False,False,0.0,0,0,False,[],裴琯能源
2020-03-31,季报,2020-04-30,保留意见,True,452366990.6315502,186005742.35187128,266361248.2796789,0.4111832786300088,2536649.1392153343,3.1685909989224076e-05,91220.74255387414,227100320.01897088,8.505700223984541e-09,11139677.374291642,76054738.73610401,295652743.64781857,40000000,6.659031206991973,8388829.508827694,7723378.950858694,31661837.59347401,17449624.319410235,0.4362406079852559,15721947.68403855,73937196.8255368,4396267.440682453,186078140.43161955,264411604.6978388,0.1808522996983391,0.3418873447329241,-0.0539653761495145,0.0693076991993426,2021-03-18,2020-06-16,False,False,False,False,False,0.0,0,0,False,[],裴琯能源
2020-06-30,半年报,2020-08-27,无保留意见,False,547951009.0640887,256302398.76028743,291648610.3038013,0.46774692357635594,3636876.775508005,3.8470410757955016e-05,132655.6248642207,272440728.92135185,1.2514814061609519e-08,13332671.580172962,102807370.5852131,387582478.41142887,40000000,7.291215257595033,17949866.574031852,16185182.512369143,46305067.17135348,13658624.378863085,0.3414656094715771,12088290.802157782,92633192.6163757,5188595.068385117,244406990.9021887,342228778.58694947,0.09493633997979581,-0.11004473968707851,0.05656364494634716,0.10511427889157648,2021-03-18,2020-10-04,False,False,False,False,False,0.0,0,0,False,[],裴琯能源
2020-09-30,季报,2020-10-27,无保留意见,False,506258125.45960367,216310797.8247811,289947327.6348226,0.4272737304283354,3113213.1102796686,3.547034432368025e-05,130064.89473485752,261862158.68070373,1.2125632085059021e-08,13217816.318836184,96194129.5203868,364296193.9506089,40000000,7.248683190870565,34155687.49137694,30707716.28491699,68412546.58794895,23151172.73906441,0.5787793184766102,20746476.817925498,21707029.090792492,4875059.979811148,213217082.75161317,239799171.8222168,-0.005833330277852264,0.3096208180411955,-0.04047319314802057,0.06731251878515097,2021-03-18,2020-12-08,False,False,False,False,False,0.0,0,0,False,[],裴琯能源
2020-12-31,年报,2021-03-30,无保留意见,False,466853655.9873044,145559987.57563037,321293668.411674,0.31178932778795404,3024746.073705535,2.9970531976789005e-05,105952.03543427231,208152708.1200477,9.604104947800071e-09,12262194.237897445,78374786.49540953,312670571.1995177,40000000,8.03234171029185,34753448.32898353,31241086.80325661,3030844.013243225,853944.0537237041,0.0213486013430926,761957.8833423135,76872528.30349083,4304077.467572683,171100357.79105696,252276963.5621205,0.10811046624416883,-0.5553319408687406,-0.11548440264038133,0.1508463115682975,2021-03-18,2021-05-20,True,False,True,False,False,867014.471723443,0,5,True,"['上市公司控股子公司向母公司实施利润分配的情况', '结合所处行业特点、发展阶段和自身经营模式、盈利水平、偿债能力、资金需求等因素，未进行现金分红或现金分红水平较低原因的说明', '是否影响偿债能力、过去十二个月内是否使用过募集资金补充流动资金以及未来十二个月内是否计划使用募集资金补充流动资金等内容', '结合前述财务报表列报项目的具体情况说明现金分红方案确定的依据及未来增强投资者回报的规划']",裴琯能源
2021-03-31,季报,2021-04-30,无保留意见,False,491861352.03627026,132926608.7516315,358934743.28463876,0.2702521924142342,2920121.822090143,3.415891916872206e-05,114162.06678213138,238986481.77926758,1.1171122956377921e-08,12017514.247844804,88891808.63558702,330162349.25112224,40000000,8.973368582115969,39604466.695980504,35846665.47922386,4135579.11060435,6930026.238567095,0.17325065596417738,6579398.10852465,85122526.68984611,4731796.53287699,188234103.8383586,278088427.0610817,0.11715473591199183,0.34032156517126155,-0.041537135373719836,0.05226662425290701,2021-03-18,2021-06-02,False,False,False,False,False,0.0,0,0,False,[],裴琯能源
2021-06-30,半年报,2021-08-27,无保留意见,False,449692580.42896026,89938516.08579205,359754064.3431682,0.2,2888477.787741,3.1739965022456526e-05,108039.94428534064,222188225.43728206,1.0039385023838612e-08,12312342.604757782,83718615.11005273,319219145.3969539,40000000,8.993851608579204,46648837.842860684,42645316.850233264,27685454.40468269,10063387.352685973,0.2515846838171493,9712359.101441998,59122650.822277024,4224034.727930347,185714145.90954962,249060831.459757,0.0022826462855943396,0.1309384738186772,-0.09290897826983359,0.16874145928865483,2021-03-18,2021-09-10,False,False,False,False,False,0.0,0,0,False,[],裴琯能源
2021-09-30,季报,2021-10-27,无保留意见,False,464947969.66498244,93784826.19404992,371163143.47093254,0.20171036828406075,2969968.887608153,3.4204601089875776e-05,108577.07900681073,217165552.6736456,1.061749779743617e-08,12721610.684457561,83983782.47851788,320075498.07115793,40000000,9.279078586773313,56262652.91423242,51946606.8985642,10418364.498084666,13734021.530531045,0.3433505382632761,13287557.211901333,19774344.335093703,4094292.5936744027,204332162.96674126,228200799.89550936,0.03171355172482852,0.13563099585465482,0.02436715413966013,-0.027012373885499274,2021-03-18,2021-12-05,True,True,False,False,False,18967336.66862739,4,0,True,"['是否影响偿债能力、过去十二个月内是否使用过募集资金补充流动资金以及未来十二个月内是否计划使用募集资金补充流动资金等内容', '留存未分配利润的预计用途以及收益情况', '结合所处行业特点、发展阶段和自身经营模式、盈利水平、偿债能力、资金需求等因素，未进行现金分红或现金分红水平较低原因的说明', '充分披露高送转的主要考虑及其合理性且送转股后每股收益不低于0.5元']",裴琯能源
2021-12-31,年报,2022-03-30,无保留意见,False,564950684.0102565,180601814.70514318,384348869.3051133,0.3196771325651929,3621996.822542398,4.261480518848993e-05,157971.79423315718,277967054.5697974,1.312201461011581e-08,15735922.804129966,115599246.90645003,417826327.9896816,40000000,9.608721732627833,62626908.26035019,57903566.94244982,27660114.146084465,9091793.351596817,0.22729483378992044,8509942.919836607,38022182.699767835,4877860.450886127,246624200.63589346,289524243.7865474,0.035525418043597774,-0.15104525694181145,0.11796676428113219,0.1878284888773693,2021-03-18,2022-04-21,True,False,False,False,False,7898271.540132969,0,0,True,"['是否影响偿债能力、过去十二个月内是否使用过募集资金补充流动资金以及未来十二个月内是否计划使用募集资金补充流动资金等内容', '根据公司盈利能力、融资能力及其成本、偿债能力及现金流等情况披露现金分红方案的合理性，是否导致公司营运资金不足或者影响公司正常生产经营', '公司为增强投资者回报水平拟采取的措施', '上市公司控股子公司向母公司实施利润分配的情况']",裴琯能源
2022-03-31,季报,2022-04-30,保留意见,False,505355771.29343414,184190183.25275275,321165588.04068136,0.36447626348725914,3171726.0588701414,3.692759174382962e-05,117005.61232682689,255815809.56715357,1.2402378209827283e-08,12748016.804519346,96696205.68211749,356166686.0043052,40000000,8.029139701017034,62601239.84342719,57878397.420689054,0.0,-36669.16703284904,-0.0009167291758212261,-35956.45965824787,56155439.73545276,4508001.655097456,210430499.70115155,271093941.09170175,-0.16439044396999183,-0.34985952845862944,0.04479913092206617,-0.01949884264878913,2021-03-18,2022-06-11,False,False,True,True,False,0.0,0,0,True,"['根据公司盈利能力、融资能力及其成本、偿债能力及现金流等情况披露现金分红方案的合理性，是否导致公司营运资金不足或者影响公司正常生产经营', '公司为增强投资者回报水平拟采取的措施', '留存未分配利润的预计用途以及收益情况', '是否影响偿债能力、过去十二个月内是否使用过募集资金补充流动资金以及未来十二个月内是否计划使用募集资金补充流动资金等内容']",裴琯能源
2022-06-30,半年报,2022-08-27,无保留意见,False,553595871.1326201,221817846.7051978,331778024.4274223,0.4006855149612539,3311556.2626604657,3.942916581692392e-05,125450.46589972767,279917350.44273347,1.1962719916451417e-08,14080852.278937249,92917997.36389692,380447441.99952304,40000000,8.294450610685557,63304625.47925437,58513987.56906224,4335066.1407223195,1004836.6226102486,0.025120915565256214,907985.9262474152,52004084.94302917,5367038.280076489,227189629.5270636,284560752.7501693,0.03304350398024793,0.06139748142027602,0.03620925147399475,0.1372269911282591,2021-03-18,2022-09-22,True,False,False,False,False,696350.5455799727,0,0,True,['上市公司控股子公司向母公司实施利润分配的情况'],裴琯能源
2022-09-30,季报,2022-10-27,无保留意见,False,656886047.4136425,286459776.73629445,370426270.6773481,0.4360874734121276,4125116.839234357,4.7346525329763065e-05,173872.94608333474,290541176.11924064,1.4541317017436603e-08,16391247.249068111,114219644.36049758,442184489.8590018,40000000,9.260656766933701,57788094.39657651,53755314.35910934,38234639.33883361,-7880758.689539801,-0.19701896723849505,-6798104.585646996,81603100.7772668,6171520.590373579,276409691.02560705,364184312.3932474,0.11648826445520119,-0.4935115768277302,0.035401958450873704,0.1329757873844779,2021-03-18,2022-11-20,False,False,False,True,False,0.0,0,0,False,[],裴琯能源
2022-12-31,年报,2023-03-30,无保留意见,False,620280253.5242066,212332284.16432127,407947969.35988533,0.3423166914599111,4192423.321704105,4.849762701969299e-05,158982.87763132065,316790783.30285066,1.3731077228937075e-08,17687641.103708312,122099614.94296819,448161902.3906068,40000000,10.198699233997134,49937203.00242183,46814183.13233796,27454493.416753855,-11215559.134506667,-0.2803889783626667,-9915901.752530552,110808921.74192035,5716302.40970751,261914381.19111425,378439605.3427421,0.1012932981614033,-0.3656883650114283,-0.09377078195221646,0.06667983467034658,2021-03-18,2023-04-25,False,False,False,False,False,0.0,0,0,False,[],裴琯能源
2023-03-31,季报,2023-04-30,无保留意见,False,616249258.5525913,180618562.55412197,435630695.99846935,0.29309335475445086,3532352.9920578403,4.628237549407795e-05,152934.15403382143,291307238.3141505,1.2752161071661911e-08,15754716.645544497,103473322.70670035,419917945.3733938,40000000,10.890767399961733,41419633.815214604,38909424.551389284,22960091.9074622,-12167955.98172462,-0.3041988995431155,-11292512.2584981,91638580.18737756,5795131.694588003,244225799.0295929,341659510.91155845,0.06785847391769395,-0.16464803934627598,-0.04922333670546025,0.13426593601907708,2021-03-18,2023-05-31,False,False,False,False,False,0.0,0,0,False,[],裴琯能源
2023-06-30,半年报,2023-08-27,无保留意见,False,714166841.1031624,251736068.14058325,462430772.9625792,0.3524891575079717,3829097.899035223,5.0741620066134906e-05,161497.24009870863,313617996.6357284,1.534063480584813e-08,17906216.652428474,121391401.09465916,466409368.65107614,40000000,11.560769324064479,35086408.24534712,33084161.767350342,8953202.033803042,-9047465.09981069,-0.22618662749526725,-8321803.97719849,40214201.656396836,6764623.009343497,297906013.72465694,344884838.39039725,0.06152017571370582,0.6457910710481638,0.05939580275352084,0.08734377942294869,2021-03-18,2023-10-10,False,True,False,False,False,0.0,3,0,True,"['是否影响偿债能力、过去十二个月内是否使用过募集资金补充流动资金以及未来十二个月内是否计划使用募集资金补充流动资金等内容', '结合所处行业特点、发展阶段和自身经营模式、盈利水平、偿债能力、资金需求等因素，未进行现金分红或现金分红水平较低原因的说明', '公司为增强投资者回报水平拟采取的措施']",裴琯能源
2023-09-30,季报,2023-10-27,无保留意见,False,659620601.5878674,256503686.52510118,403116915.0627662,0.3888654870809589,3931544.04072248,4.5439210919729934e-05,155833.20537269555,329114607.51690036,1.5064420398753482e-08,18044352.392633706,124802453.0977216,440057014.3530686,40000000,10.077922876569154,29524479.36481212,27970358.686872266,31247284.981247216,-7945612.686478566,-0.19864031716196415,-7305432.97211154,27609753.63295787,5880390.189632863,284878262.8149694,318368406.6375601,-0.12826537801499827,0.1385536092782053,0.036376329572987205,-0.0610691086756888,2021-03-18,2023-12-11,False,True,False,False,False,0.0,0,0,True,"['是否影响偿债能力、过去十二个月内是否使用过募集资金补充流动资金以及未来十二个月内是否计划使用募集资金补充流动资金等内容', '上市公司控股子公司向母公司实施利润分配的情况', '公司在相应期间是否按照中国证券监督管理委员会相关规定为中小股东参与现金分红决策提供了便利', '根据公司盈利能力、融资能力及其成本、偿债能力及现金流等情况披露现金分红方案的合理性，是否导致公司营运资金不足或者影响公司正常生产经营']",裴琯能源
2023-12-31,年报,2024-03-30,无保留意见,False,826813820.2253039,371872450.4026807,454941369.82262325,0.44976564409790193,4325900.54327131,5.347391314023171e-05,169051.93766989172,329995715.15923214,1.671568375749507e-08,17999550.061037704,136896715.05410874,510545575.008758,40000000,11.373534245565581,26351956.544229075,25006792.898165412,20918893.012676504,-4532175.457975782,-0.11330438644939456,-4233665.412438364,37476621.398016214,7945300.460561944,334471315.7393823,379893237.5979605,0.12855936534389253,0.3769926236096952,0.060900157016943006,0.04954984498062388,2021-03-18,2024-04-17,False,False,False,True,False,0.0,0,0,False,[],裴琯能源
2024-03-31,季报,2024-04-30,无保留意见,False,653044330.6947559,331875238.8890607,321169091.80569524,0.5081971059085495,3850473.2738888725,4.286478642573235e-05,139905.06932889303,309466601.2229234,1.4052984302908726e-08,15282362.421824874,107240214.79372856,436177842.86340106,40000000,8.02922729514238,18297140.819168497,17355262.685781382,13423118.604568658,-11506879.607229397,-0.2876719901807349,-10930757.446262905,92484409.5872358,6347755.052806677,266306561.37969035,365138726.01973283,-0.29404289627273156,-0.5594162899665921,0.0584314618106476,0.04431582422073684,2021-03-18,2024-06-20,False,False,True,False,False,0.0,0,1,True,"['上市公司控股子公司向母公司实施利润分配的情况', '留存未分配利润的预计用途以及收益情况', '结合前述财务报表列报项目的具体情况说明现金分红方案确定的依据及未来增强投资者回报的规划']",裴琯能源
2024-06-30,半年报,2024-08-27,无保留意见,True,689852019.4426873,371001768.3952732,318850251.0474141,0.5377990611595157,4331315.067887929,5.089120010404214e-05,170650.93520101625,342151429.64854187,1.6949925556195978e-08,19022888.87835622,133408869.74303284,505142752.60615736,40000000,7.971256276185353,10423925.450055188,10652419.416185549,17087278.562747587,-11247450.52730473,-0.28118626318261825,-9575490.385136902,59105880.54164324,6656117.899924885,267850518.8504232,333612517.2919913,-0.007219999736724524,0.04722799818225283,0.02960195525096617,-0.025448669825538766,2021-03-18,2024-09-21,False,False,False,True,False,0.0,0,0,False,[],裴琯能源
2024-09-30,季报,2024-10-27,无保留意见,False,741276718.9901514,432788834.8225371,308487884.16761434,0.5838424757385199,4453117.962736451,5.189726362382722e-05,179327.29719306118,367392455.0544532,1.5284972318451677e-08,17692866.606207132,117956322.34159586,487378494.5781607,40000000,7.712197104190358,7451591.746821056,7978177.985878084,9628964.292178378,-4246191.004620187,-0.10615477511550467,-3820344.9004392354,59193539.673911065,6730557.067768055,330037852.08926696,395961948.8309461,-0.032499164876802544,1.2170707189770953,0.04604341457900419,0.05621236808120934,2021-03-18,2024-11-21,False,False,False,False,False,0.0,0,0,False,[],裴琯能源
2024-12-31,年报,2025-03-30,无保留意见,False,853977995.2630668,541493963.9042222,312484031.3588446,0.6340842116633412,5023857.997217101,5.6628743561410205e-05,202091.86084328598,421353943.21087897,1.6510734512778506e-08,20218440.781842154,164218173.44799054,564654421.1129841,40000000,7.812100783971115,2724154.683692069,3731494.2872743895,22478912.175481007,-6753481.518755697,-0.1688370379688924,-6066690.9980052775,130956697.6313578,8044684.629999899,332892660.8063919,471894043.0677496,0.01295398424483658,-0.19659150572537182,0.050241735924821215,-0.07262531778659354,2021-03-18,2025-05-24,False,False,False,True,False,0.0,0,0,False,[],裴琯能源
2017-03-31,季报,2017-04-30,保留意见,False,307743338.24009156,124162517.43756434,183580820.80252725,0.40346126791117304,59008698.44794628,165.59292868009285,3044083.6065990487,96968483.57086602,16905.013308525475,496924.80224070774,355075.81346774613,173062514.03282577,40000000,4.589520520063181,-2822112.927197663,-2571538.464373043,9982678.149228498,-4031589.895996662,-0.10078974739991654,-3673626.377675776,-52637210.0857463,-24307723.943244647,-60115275.69164331,-137060209.72063428,0.019893448902929264,-0.2795327719998145,0.10346126791117304,0.12809894500538144,2021-07-27,2017-05-13,False,False,False,False,False,0.0,0,0,False,[],曦璟食品
2017-06-30,半年报,2017-08-27,无保留意见,False,274893430.2048012,110340110.8391841,164553319.36561707,0.4013923168588587,52043341.487954326,126.82307176677898,2626637.826084172,95621970.34575848,14323.6717429683,435607.47637526365,338591.4711168153,155539310.68034285,40000000,4.113832984140426,4382707.495242108,3625406.7043333068,8185027.516981645,10292600.603485387,0.25731501508713467,8852778.812437642,-21359851.085925136,-21617269.29493788,-52247455.43833373,-95224575.81919673,-0.10364645584288744,1.1045448427837872,-0.0020689510523143532,0.07917683894419024,2021-07-27,2017-09-14,False,False,False,False,False,0.0,0,0,False,[],曦璟食品
2017-09-30,季报,2017-10-27,无保留意见,False,322294166.66235965,146684083.6639304,175610082.99842927,0.45512484815649457,71220932.158243,167.1147807680601,3284132.6247328757,121445710.60960726,19265.42299621151,574243.0098036055,373905.63556302985,185559516.3713528,40000000,4.390252074960732,12943698.703997988,11118366.524751138,47245390.393174335,12229987.441079829,0.3057496860269957,10704228.314882617,-40490889.194987774,-28373153.480954427,-58859116.79801739,-127723159.4739596,0.06719258946241889,0.07098579082812018,0.05373253129763587,0.06694276202891743,2021-07-27,2017-12-08,False,False,False,False,False,0.0,0,0,False,[],曦璟食品
2017-12-31,年报,2018-03-30,无保留意见,False,343603684.1369926,147144727.357605,196458956.77938753,0.42823966724099316,68163280.22431456,180.02174444900845,3522776.1203472395,121829877.87818916,17863.75540048217,578251.8406497751,388219.0683094335,191031839.87262124,40000000,4.911473919484688,24868468.98809514,22305870.08108889,23979179.358087085,17035386.120138787,0.42588465300346967,15982147.937625362,-32352088.985305328,-29664493.20578286,-64183580.266852446,-126200162.45794064,0.11872253247067113,0.16439961490730748,-0.026885180915501367,0.12092637048627093,2021-07-27,2018-05-16,False,False,False,False,False,0.0,0,0,False,[],曦璟食品
2018-03-31,季报,2018-04-30,无保留意见,False,358115025.4116857,153655020.78654876,204460004.6251369,0.42906610972245124,76158951.75485094,185.7216781827421,3730855.6531110303,125525552.26489055,19011.297510750555,611829.5470586999,442310.51713354426,214306929.40704548,40000000,5.111500115628423,34292475.636729345,31001010.638347536,62456497.54373359,13462866.64090601,0.33657166602265026,12421629.367512355,-46370354.13766847,-27622454.06888223,-68469140.04871535,-142461948.25526607,0.04072630730058347,-0.10496485823966938,0.0008264424814580818,0.08595443237017403,2021-07-27,2018-06-20,False,False,False,False,False,0.0,0,0,False,[],曦璟食品
2018-06-30,半年报,2018-08-27,非标准无保留意见,False,389096285.537994,167499710.1186247,221596575.4193693,0.43048396076828876,83051764.12536716,184.31900677083613,3853224.369602683,126792570.10041878,19702.176244357408,677248.8959989782,448496.0704069077,215751343.49096096,40000000,5.5399143854842325,52623864.18778478,47647069.42960872,84193198.95668767,26187697.930079192,0.6546924482519798,23780083.987515967,-19006062.083851717,-32396122.70712723,-71011246.46691169,-122413431.25789064,0.08381380419926666,0.4177161473072295,0.001417851045837557,-0.06947109457816958,2021-07-27,2018-10-09,False,False,False,False,False,0.0,0,0,False,[],曦璟食品
2018-09-30,季报,2018-10-27,无保留意见,True,406623377.9557929,168948298.33510455,237675079.62068832,0.4154908632761204,81064011.6216529,207.98002182973423,3941504.390070936,140209770.84780374,22482.455548893973,705260.713143104,516865.0269938309,223193888.9198189,40000000,5.941876990517208,67892979.570569,60953206.26664875,54954092.78390189,21813021.97540602,0.5453255493851505,19008766.910057187,-21508045.406001758,-32630900.601059772,-70373556.70534065,-124512502.71240218,0.07255754819717114,-0.10129449274549814,-0.014993097492168412,0.05650873258477057,2021-07-27,2018-12-15,False,False,False,False,False,0.0,0,0,False,[],曦璟食品
2018-12-31,年报,2019-03-30,无保留意见,False,371155378.88746506,160263372.57081288,210892006.31665218,0.4317959045917667,78782230.1218052,191.277898938092,3847276.092248009,133248982.12196143,19287.47998447503,656041.7572116533,466491.9279481788,212829623.68643507,40000000,5.2723001579163045,84412372.30011038,76523014.06636275,113848587.07931007,23599132.470773406,0.5899783117693351,22242582.57102001,-8183458.537330747,-34043242.08781471,-70734368.67660433,-112961069.3017498,-0.11268776409701824,0.046018331077110314,0.016305041315646324,0.006369657325717071,2021-07-27,2019-05-19,False,False,False,False,False,0.0,0,0,False,[],曦璟食品
2019-03-31,季报,2019-04-30,无保留意见,False,509759975.8875327,270154764.2254213,239605211.6621114,0.5299646441544579,109159088.3561824,236.22300636178306,4397457.163443006,171379912.3564147,27311.139303492273,860335.3370405658,590027.3339502147,276721109.6572417,40000000,5.990130291552785,94858524.50123075,86107000.5815567,51125809.26341485,14923074.573029116,0.3730768643257279,13691409.30741992,-50375700.39460172,-46927059.85331265,-100101079.8971246,-197403840.14503896,0.13615122662518844,-0.21370057362654316,0.09816873956269118,0.04226432069151381,2021-07-27,2019-06-08,False,False,False,False,False,0.0,0,0,False,[],曦璟食品
2019-06-30,半年报,2019-08-27,无保留意见,True,552686966.4682454,302220181.96652275,250466784.50172266,0.5468198099509314,108421384.24808528,313.2282924187397,5622213.641954231,175700317.1685763,28188.33333372922,1013664.6177438808,716338.9611236415,319358617.16115457,40000000,6.261669612543066,113875820.3025568,103521085.6410072,106121717.18972936,27167565.430465788,0.6791891357616447,24877264.370643593,-92076611.35313006,-46405043.39342628,-106928924.90529077,-245410579.65184712,0.04533112098967243,0.38356239244517143,0.01685516579647351,0.03261691961965311,2021-07-27,2019-10-10,False,False,False,False,False,0.0,0,0,False,[],曦璟食品
2019-09-30,季报,2019-10-27,无保留意见,False,484093332.3779585,232293108.17365932,251800224.20429915,0.47985190589713644,107369605.32375252,259.5630022721758,5101517.460590812,184283315.51999703,28226.700307736694,954828.7459793736,644391.6548452044,290372201.13023657,40000000,6.2950056051074785,143989064.2976862,132510751.90382977,119854255.58765137,43018919.993042,1.07547299982605,41413808.94688936,-34380038.667364,-42388816.18507874,-94667456.2430323,-171436311.09547505,0.005323818506430884,0.35889129065833225,-0.06696790405379491,0.05998649823632286,2021-07-27,2019-11-14,False,False,False,False,False,0.0,0,0,False,[],曦璟食品
2019-12-31,年报,2020-03-30,无保留意见,True,448273359.59379286,205151699.6544629,243121659.93932995,0.45764865402745114,92605743.15303434,224.65445509969547,4657724.975328577,165835514.1663799,24394.75873416324,740509.4587866192,526818.4405884901,257296685.76525146,40000000,6.078041498483249,160261514.70834878,146397282.14099714,106645109.16234814,23246357.729517967,0.5811589432379491,19837900.33881053,-20188225.343189012,-39194962.46602793,-91107361.6261745,-150490549.43539143,-0.03446607044292316,-0.32943882138859326,-0.02220325186968536,0.03969499217614663,2021-07-27,2020-05-04,False,False,False,False,False,0.0,0,0,False,[],曦璟食品
2020-03-31,季报,2020-04-30,无保留意见,False,533763749.02057946,218863099.26830754,314900649.7522719,0.41003739888650476,122632706.79434846,286.5056319526586,5998655.123739664,206888403.90157253,29582.710052912324,1026490.5333395912,719285.4725664624,318188716.184491,40000000,7.872516243806797,174376005.73181698,158233315.31769884,44081568.06741344,20163558.604954593,0.5040889651238648,16908618.823859576,-56079138.335816324,-45768406.43794144,-104155806.69679278,-206003351.47055054,0.29523897554357803,-0.07659821406155104,-0.04761125514094635,-0.03772162631833,2021-07-27,2020-05-30,False,False,False,False,False,0.0,0,0,False,[],曦璟食品
2020-06-30,半年报,2020-08-27,保留意见,False,444794172.1688118,147302807.41069624,297491364.75811553,0.33117072261187525,75309604.51282616,238.85655468445304,4095708.5539907073,135865636.70412073,23066.347504422964,729156.0705930253,517905.06598296924,232776003.7512994,40000000,7.437284118952888,185540987.3218246,167571067.31728244,55765110.57366666,15949973.700010873,0.39874934250027183,13339645.713690847,-47282203.22449516,-37007539.196569525,-89447228.73120937,-173736971.15227404,-0.05528500816956713,-0.11337947879894278,-0.0788666762746295,0.15854574472139074,2021-07-27,2020-09-12,False,False,False,False,False,0.0,0,0,False,[],曦璟食品
2020-09-30,季报,2020-10-27,无保留意见,False,562109428.158227,221612524.3760449,340496903.78218204,0.3942515696670785,114035406.60321821,284.3037097630269,5656478.439907781,185271718.39333725,28671.999220994843,915569.83036413,664340.5057074362,312138555.4213817,40000000,8.51242259455455,191658795.4525316,173351539.7927903,13077212.665317262,8739725.901010018,0.21849314752525045,8257817.822154076,-52108346.012579,-50710186.22333921,-116365481.4737,-219184013.7096182,0.14456062971452482,-0.21882408358336491,0.06308084705520328,0.02066781439322441,2021-07-27,2020-12-03,False,False,False,False,False,0.0,0,0,False,[],曦璟食品
2020-12-31,年报,2021-03-30,无保留意见,False,440874440.4711462,142635824.80019048,298238615.6709558,0.32352935826300305,94468656.53769323,234.95786153245012,4324460.951561739,143133302.21866545,24980.47373385864,750307.5374967665,534847.2508780804,253140695.88786322,40000000,7.455965391773894,200859581.50271899,181716175.2975889,22925862.506454002,13143980.071696293,0.3285995017924073,11949479.292569445,-14044692.612000322,-37523111.11380845,-74369466.18146728,-125937269.90727606,-0.12410770154391516,0.1711072677162212,-0.07072221140407547,0.13493837499361963,2021-07-27,2021-05-28,False,False,False,False,False,0.0,0,0,False,[],曦璟食品
2021-03-31,季报,2021-04-30,保留意见,False,439263389.89608526,154433029.46443176,284830360.4316535,0.3515727306593098,96262354.9457101,264.5581276098672,4413519.136068796,154925509.55997446,25579.97830225838,814421.4212087091,556046.5364962214,262715616.18580994,40000000,7.120759010791337,211026324.45804235,190282611.85483614,70245346.31260332,14523918.50760477,0.36309796269011924,12237766.510353187,-54830207.47353217,-38782759.41297725,-76738967.9183292,-170351934.8048386,-0.04495814604402379,0.04577824270804138,0.028043372396306717,-0.0176663058766502,2021-07-27,2021-06-26,False,False,False,False,False,0.0,0,0,False,[],曦璟食品
2021-06-30,半年报,2021-08-27,无保留意见,False,484702086.76102054,156829337.19319895,327872749.56782156,0.3235582050846889,101493976.83013232,222.52360292085504,5046039.2759799035,164161090.57523203,26044.846292522063,832469.0723081821,592280.1247058326,267105278.8012567,40000000,8.196818739195539,220722507.19397068,199211102.66933453,64074921.479583286,13851689.622754764,0.3462922405688691,12754986.877854856,-66783802.07410502,-42917863.68420001,-97296692.16640913,-206998357.92471415,0.15111587497533058,-0.021324407518939603,-0.028014525574620863,-0.08880998781200725,2021-07-27,2021-10-01,False,False,False,False,False,0.0,0,0,False,[],曦璟食品
2021-09-30,季报,2021-10-27,无保留意见,False,503297025.4661776,196041959.35244063,307255066.113737,0.38951543409353007,105896806.19979529,279.4414589932573,5307716.59536779,172081580.00697437,29508.27904143825,907573.6728092614,612422.7228853272,292448066.29989016,40000000,7.681376652843425,227318888.12565175,204870684.37520134,19786251.32290139,9423401.330972955,0.23558503327432387,8085116.722666889,-33024823.91185146,-40806715.038592465,-89839241.82436529,-163670780.7748092,-0.06288318709396049,-0.14353470898772777,0.06595722900884117,0.06955061431539578,2021-07-27,2021-12-24,True,False,False,False,False,5446216.105052909,0,0,True,"['是否影响偿债能力、过去十二个月内是否使用过募集资金补充流动资金以及未来十二个月内是否计划使用募集资金补充流动资金等内容', '根据公司盈利能力、融资能力及其成本、偿债能力及现金流等情况披露现金分红方案的合理性，是否导致公司营运资金不足或者影响公司正常生产经营', '结合前述财务报表列报项目的具体情况说明现金分红方案确定的依据及未来增强投资者回报的规划', '留存未分配利润的预计用途以及收益情况']",曦璟食品
2021-12-31,年报,2022-03-30,保留意见,False,471868144.881364,151706408.58791116,320161736.2934528,0.3215016954069931,95107025.50603256,229.99127347879897,4200515.999520301,157446527.1767803,24353.595128436133,751646.727076197,545733.8890176701,252103007.16702417,40000000,8.00404340733632,237923430.6722936,214526563.0313669,38560352.5596308,15149346.495202687,0.37873366238006717,13794112.365950808,-51260308.14930591,-38422412.71617443,-95519470.42915589,-185202191.29463622,0.04200637061241534,0.2166997765544248,-0.068013738686537,0.05418305445269714,2021-07-27,2022-04-17,False,False,False,False,False,0.0,0,0,False,[],曦璟食品
2022-03-31,季报,2022-04-30,无保留意见,True,433904499.8435707,94055967.87410542,339848531.9694653,0.21676651868790034,98437476.21216348,242.74699082974897,4350547.582353137,165638475.26800224,22311.84887291209,829117.7272894616,564346.7335471724,257739411.02739254,40000000,8.496213299236633,234960492.67036304,212135186.9063641,8806840.358316297,-4232768.574186532,-0.1058192143546633,-3416251.6071468336,-56485214.1967829,-37289890.0375101,-89038245.3838852,-182813349.6181782,0.06149015776816021,-0.6028774199899027,-0.10473517671909276,-0.04864203094843256,2021-07-27,2022-06-03,False,True,False,False,False,0.0,0,0,True,['结合所处行业特点、发展阶段和自身经营模式、盈利水平、偿债能力、资金需求等因素，未进行现金分红或现金分红水平较低原因的说明'],曦璟食品
2022-06-30,半年报,2022-08-27,无保留意见,False,496919259.3283995,118881476.30840372,378037783.01999575,0.23923700697186784,90968806.4586909,267.3103835521069,4528659.051032367,174807241.25515607,24552.176929306304,857705.9685739676,554531.8714365658,268124633.20485014,40000000,9.450944575499893,232439563.69922626,209938527.59816116,16095688.366331792,-3601327.1016239915,-0.09003317754059979,-3138084.7260042364,-78453498.8696235,-43236527.904438235,-85849501.22109507,-207539527.99515682,0.11237138742138697,0.049457979690558304,0.022470488283967503,0.19247813589103208,2021-07-27,2022-10-21,False,False,False,False,False,0.0,0,0,False,[],曦璟食品
2022-09-30,季报,2022-10-27,无保留意见,False,491162623.6229409,121057445.97643653,370105177.6465044,0.24647120964434527,94429768.80047333,267.68908727554646,4389881.6782953,149942640.31810588,24696.09195525579,764040.9902692707,588430.7974214876,270194374.2948726,40000000,9.25262944116261,229548116.70728907,207267552.36180744,11313968.97086818,-4130638.5599102397,-0.10326596399775599,-3815678.9090767456,-63552234.300018735,-43265573.16600014,-88325482.75815137,-195143290.22417027,-0.02098363108079007,-0.03950476754682204,0.007234202672477435,0.013811340484919313,2021-07-27,2022-12-05,False,False,False,False,False,0.0,0,0,False,[],曦璟食品
2022-12-31,年报,2023-03-30,非标准无保留意见,False,471678801.89659667,97562647.8332399,374116154.06335676,0.2068412814842334,107781945.5969895,267.22293953318933,4968911.858596018,160179372.28428918,24615.969806109715,857759.8968106864,574650.0665367569,281292060.39457333,40000000,9.35290385158392,237773376.95977443,215189350.57950756,22693212.27297927,11750371.78926481,0.2937592947316202,11316854.596714502,-78835845.91038653,-38310347.214410506,-96028642.13076329,-213174835.25556034,0.010837396121713576,1.234016965263218,-0.03962992816011188,0.14751888734497712,2021-07-27,2023-05-21,False,True,False,True,False,0.0,3,0,True,['留存未分配利润的预计用途以及收益情况'],曦璟食品
2023-03-31,季报,2023-04-30,非标准无保留意见,False,510289638.3601648,105329465.59231538,404960172.76784945,0.20641113923221255,122230491.48842524,263.21371554110914,5176418.493360259,193514759.78449628,28332.90524466671,879032.8862670974,697673.2546109484,301712576.5337599,40000000,10.124004319196237,241000740.21186876,218137901.60947484,21454649.669808052,4610518.931563325,0.11526297328908314,4212215.7570961,-93264520.7891179,-44506978.1399136,-94590966.7715698,-232362465.70060128,0.08244503309864891,-0.2483394966171344,-0.0004301422520208579,-0.020560750926142745,2021-07-27,2023-06-24,False,False,False,False,False,0.0,0,0,False,[],曦璟食品
2023-06-30,半年报,2023-08-27,无保留意见,False,575999592.3956383,126608060.99320623,449391531.4024321,0.21980581699134716,120625732.11630662,331.92517340601324,6375654.608408271,209488164.65895113,34658.591879184285,1045251.1578515033,815268.7876014194,354622299.43083733,40000000,11.234788285060802,238095677.12629095,215634697.60042673,16598878.505668877,-4150090.122254025,-0.10375225305635064,-3576005.727211604,-88307941.59794623,-47308328.87895898,-111018472.67984977,-246634743.15675497,0.10971784788341071,-0.4053863343846875,0.013394677759134608,-0.0958566562765595,2021-07-27,2023-10-08,False,False,True,True,True,0.0,0,6,True,"['公司为增强投资者回报水平拟采取的措施', '留存未分配利润的预计用途以及收益情况', '结合所处行业特点、发展阶段和自身经营模式、盈利水平、偿债能力、资金需求等因素，未进行现金分红或现金分红水平较低原因的说明', '充分披露高送转的主要考虑及其合理性且送转股后每股收益不低于0.5元']",曦璟食品
2023-09-30,季报,2023-10-27,无保留意见,False,594897209.073484,159111975.8639875,435785233.2094964,0.2674612915259675,124750655.72666486,331.57118987890107,5436872.364766655,218535099.58697882,35045.14309931917,1001844.5335910772,699399.4255068697,347927579.5174329,40000000,10.894630830237409,237712874.4090955,215273987.05788898,2329498.550953726,-546861.0245649088,-0.01367152561412272,-515300.7750538901,-80936918.99311547,-49246463.53618616,-113503621.25789563,-243687003.78719726,-0.030277157538937276,0.28040890029348325,0.04765547453462033,0.04118639249096784,2021-07-27,2023-12-12,False,True,False,False,False,0.0,2,0,True,"['充分披露高送转的主要考虑及其合理性且送转股后每股收益不低于0.5元', '留存未分配利润的预计用途以及收益情况', '上市公司控股子公司向母公司实施利润分配的情况']",曦璟食品
2023-12-31,年报,2024-03-30,无保留意见,False,525953699.80326253,126184649.09905736,399769050.70420516,0.23991588831157157,110932080.06112769,249.3576370676042,4544176.399407986,181048856.3579778,29080.043803681987,847753.5020947607,643802.7454219296,290126338.6563351,40000000,9.994226267605129,245273767.99759865,222528429.49242613,8317507.080820062,10801276.555004455,0.2700319138751114,10363489.19219589,-55617870.23425891,-43197012.31521807,-98224919.86881764,-197039802.4182946,-0.08264663361820948,0.6897247751029388,-0.02754540321439592,0.11305890669906404,2021-07-27,2024-04-09,False,False,False,True,True,0.0,0,0,False,[],曦璟食品
2024-03-31,季报,2024-04-30,无保留意见,False,483484666.20261276,96696933.24052255,386787732.9620902,0.2,96588537.56007968,232.71224167965997,4795938.603756759,159708418.74716377,23685.44588020127,863878.4469915307,566308.2741576894,270657843.8791211,40000000,9.669693324052254,250311652.3912514,227077614.02941072,33615993.0365736,7196977.705218207,0.17992444263045518,6498835.052835155,-47948390.063237354,-40025586.99316499,-94074824.20133916,-182048801.2577415,-0.032472042843857095,-0.12964508455772503,-0.06513179524038244,0.02953780369007139,2021-07-27,2024-05-28,False,False,False,False,False,0.0,0,0,False,[],曦璟食品
2024-06-30,半年报,2024-08-27,保留意见,False,477683562.071518,101297436.160181,376386125.911337,0.21205970689235254,83231769.86893977,215.83071179662838,4319948.960920339,153708856.73408848,24004.989391363473,712488.6679200779,553774.0324650486,236829275.3590179,40000000,9.409653147783425,248073949.31301752,225022497.11601496,9835791.429055465,-3196718.6831912287,-0.07991796707978072,-2935881.304851099,-82312246.19962005,-40996558.42033051,-97392623.89926884,-220701428.5192194,-0.02689228784764133,-0.42954523143474976,0.03727561382116344,0.05469539265932659,2021-07-27,2024-10-24,False,True,False,False,False,0.0,3,0,True,"['根据公司盈利能力、融资能力及其成本、偿债能力及现金流等情况披露现金分红方案的合理性，是否导致公司营运资金不足或者影响公司正常生产经营', '公司为增强投资者回报水平拟采取的措施', '上市公司控股子公司向母公司实施利润分配的情况']",曦璟食品
2024-09-30,季报,2024-10-27,无保留意见,False,472925997.38593966,94585199.47718793,378340797.9087517,0.2,101473147.05438906,256.5416415678773,5146486.6720462805,185154717.10610092,26721.570768260324,855101.4306285749,586657.6455128108,282487328.39304847,40000000,9.458519947718793,240056650.90573278,218243905.22372606,50843879.65902596,-11453283.438978191,-0.2863320859744548,-9683702.703269817,-19387535.95664591,-39596872.01149779,-85713786.99732701,-144698194.96547073,0.0051932626174299714,-0.5981595655616055,-0.0255704268316345,-0.0748178348795834,2021-07-27,2024-11-07,False,False,False,True,False,0.0,0,0,False,[],曦璟食品
2024-12-31,年报,2025-03-30,无保留意见,False,515716210.55780786,115897055.58232307,399819154.9754848,0.22473029392845095,104686121.78719914,256.78547300285754,5042152.180972119,165451430.027436,26719.51145116016,924298.8769625737,606283.5732675943,292732421.6137061,40000000,9.99547887438712,234570914.63125685,213430690.79350618,23819460.79171616,-7836766.106394168,-0.1959191526598542,-6876020.614599801,-47271184.52734137,-44008693.06095641,-101816372.75136226,-193096250.33966005,0.05676986776327846,0.6520104809389777,0.03824101386773291,-0.0596272964992634,2021-07-27,2025-05-23,False,True,True,True,False,0.0,3,4,True,"['结合前述财务报表列报项目的具体情况说明现金分红方案确定的依据及未来增强投资者回报的规划', '公司为增强投资者回报水平拟采取的措施', '是否影响偿债能力、过去十二个月内是否使用过募集资金补充流动资金以及未来十二个月内是否计划使用募集资金补充流动资金等内容', '结合所处行业特点、发展阶段和自身经营模式、盈利水平、偿债能力、资金需求等因素，未进行现金分红或现金分红水平较低原因的说明']",曦璟食品
2017-03-31,季报,2017-04-30,无保留意见,False,297164745.0912043,107710771.50521468,189453973.5859896,0.36246147392806183,73949893.13018928,5560479.690358669,2953415.1719909417,12710553.670109691,1370951.2914064843,99026366.47338888,4087870.4552748953,195880880.8655931,40000000,4.73634933964974,-7346001.378253097,-6737260.451335801,25271372.014707774,-10494287.68321871,-0.26235719208046776,-9624657.787622573,50175417.87370223,-58371249.09322937,-11261306.871087017,-19457138.090614155,0.05252207547772001,-0.638571537956595,0.06246147392806187,-0.024937429337918992,2021-10-18,2017-06-12,False,False,False,False,False,0.0,0,0,False,[],澜瀚生物
2017-06-30,半年报,2017-08-27,无保留意见,False,292243757.96127206,114603902.3438855,177639855.61738655,0.39215175421838344,66932533.753121525,5201725.7824595645,2751392.780402926,11312372.379643008,1443113.5532819044,90992727.43236959,4110587.333427047,189734472.21871734,40000000,4.440996390434663,-14225945.593698917,-12436495.253256219,33098293.375810955,-9828491.736351173,-0.24571229340877934,-8141764.002743456,36316654.303006016,-54486386.398116335,-11382857.945420124,-29552590.040530443,-0.06235877635599359,0.1023402072591095,0.029690280290321558,0.02807115503184245,2021-10-18,2017-09-10,False,False,False,False,False,0.0,0,0,False,[],澜瀚生物
2017-09-30,季报,2017-10-27,非标准无保留意见,False,311211890.70689285,108955053.49188039,202256837.21501243,0.3500992627383155,91220020.86892596,6754319.974738958,3516171.613313609,15126898.002534067,1639071.6437741765,111886814.24299963,5161887.02707194,235568998.50085145,40000000,5.056420930375311,-20220057.59635274,-17572582.72080949,12983281.953891065,-8563017.146648323,-0.21407542866620807,-7337267.810790391,16389712.051734274,-57072422.1252274,-11771226.1750032,-52453936.248496324,0.13857803200790528,0.1764586392680222,-0.042052491480067934,-0.05028821788263136,2021-10-18,2017-12-03,False,False,False,False,False,0.0,0,0,False,[],澜瀚生物
2017-12-31,年报,2018-03-30,无保留意见,True,358270217.5918528,121782972.23498967,236487245.35686314,0.33991932975496947,97403126.03648725,7232103.319366469,3986186.541882615,16318123.43074175,1960473.742760297,125732847.01367146,5485973.096241072,261047791.6798839,40000000,5.912181133921578,-27791122.90795945,-24418460.4149107,25833592.131532688,-10815807.588009581,-0.2703951897002395,-9779825.27728744,65363198.024723694,-75311150.03473122,-13313772.591855273,-23261724.601862803,0.1692422793374423,-0.26701375130403554,-0.010179932983345992,-0.060778320798381566,2021-10-18,2018-04-12,False,False,False,False,False,0.0,0,0,False,[],澜瀚生物
2018-03-31,季报,2018-04-30,无保留意见,False,405384018.6004049,153633621.11197284,251750397.48843208,0.37898292498652386,102224567.06318878,7923845.903665185,4103227.3527405793,17362600.746429026,1886592.3899573223,124258928.19153546,6143022.296771574,269538576.0585735,40000000,6.293759937210802,-32608521.028384898,-28931076.451940898,26207311.833976343,-6881997.314893497,-0.17204993287233744,-6446594.338614568,15070537.25503958,-70081359.61765589,-14610921.201519715,-69621743.56413603,0.06454112190505915,0.6361073542098867,0.03906359523155434,-0.05518383511004318,2021-10-18,2018-06-08,False,False,False,False,False,0.0,0,0,False,[],澜瀚生物
2018-06-30,半年报,2018-08-27,无保留意见,False,428934094.4889462,186429425.59091926,242504668.89802694,0.4346341966894488,101292017.1467783,7645968.076840781,3970765.1763416957,17963858.672079187,2025839.8002362675,122335952.55206807,5741853.126223999,274674926.0025704,40000000,6.062616722450674,-37004039.35909287,-32691044.078903947,18398494.640298307,-6279311.901011391,-0.15698279752528477,-5371382.3242329275,56361707.07475896,-78873318.0608211,-18085581.757572673,-40597192.74363481,-0.03672577554055288,0.05956565071575312,0.055651271702925005,0.13872384270820853,2021-10-18,2018-10-24,False,False,False,False,False,0.0,0,0,False,[],澜瀚生物
2018-09-30,季报,2018-10-27,无保留意见,False,442714203.75240266,172379210.68894687,270334993.06345576,0.3893690539582363,109735895.46668026,8303837.262734851,4646995.119448904,20587452.531190634,2146426.7372578704,148287860.22247675,6637442.70506311,296485591.2705585,40000000,6.758374826586394,-41569903.914826445,-36633671.48266122,15370813.680555996,-6522663.651047958,-0.16306659127619896,-5632324.862510384,29547382.571727704,-85213572.10161054,-18092756.649765,-73758946.17964783,0.11476201382799552,-0.02269926592300785,-0.04526514273121256,0.2067678757017656,2021-10-18,2018-11-29,False,False,False,False,False,0.0,0,0,False,[],澜瀚生物
2018-12-31,年报,2019-03-30,非标准无保留意见,False,468382874.9141219,200378703.8195325,268004171.0945894,0.42780962872793327,119550655.19012386,8393068.971014703,4449664.667138517,19185235.735160876,2174604.6544394107,154738925.37750673,6926502.170637425,307689862.5873642,40000000,6.700104277364735,-44912242.040961385,-39689329.59420847,11338945.540580079,-4774768.751621341,-0.11936921879053353,-4365225.873638941,11398590.385444395,-87549779.43591282,-16450585.668012636,-92601774.71848105,-0.008621976542708213,0.166826265876388,0.03844057476969696,-0.08552715909082499,2021-10-18,2019-05-28,False,False,False,False,False,0.0,0,0,False,[],澜瀚生物
2019-03-31,季报,2019-04-30,非标准无保留意见,False,390875647.0145447,130463005.91805914,260412641.09648558,0.33377112878358606,112337966.1275287,7734307.838196833,4355733.914942966,18878640.80779889,1868540.9772477995,139165036.63582465,6205235.943046077,286868724.3306607,40000000,6.51031602741214,-46145076.62168585,-40744855.41242451,2636936.613433042,-1761192.258177802,-0.04402980645444505,-1507894.0260229122,34931703.38716974,-76795773.77859485,-16257283.448048335,-58121353.83947344,-0.02832616360819419,0.24650466172925842,-0.09403849994434718,0.02517141284069915,2021-10-18,2019-06-04,False,False,False,False,False,0.0,0,0,False,[],澜瀚生物
2019-06-30,半年报,2019-08-27,无保留意见,False,331122872.0440103,99946644.15907222,231176227.8849381,0.30184155972707344,92476178.25068672,7308599.071461296,3444886.810796323,15827348.045961317,1665942.833877206,126295588.56091465,5086199.988630707,242450909.82158232,40000000,5.779405697123452,-47130466.81312106,-41641680.86288589,7015233.284298043,-1407700.273478886,-0.03519250683697215,-1281179.2149448243,40052000.73064695,-64767022.55335646,-13348327.019852886,-38063348.84256239,-0.11226956221650972,0.023196826857312156,-0.031929569056512626,0.0784270516809213,2021-10-18,2019-09-10,False,False,False,False,False,0.0,0,0,False,[],澜瀚生物
2019-09-30,季报,2019-10-27,无保留意见,False,356953623.1339554,100457664.33691649,256495958.7970389,0.281430577605364,97797757.7868161,7679206.929314857,3846635.6687242053,17179339.83842816,2040231.0565184571,126340425.11567675,5885546.140803124,260425873.4163868,40000000,6.412398969925973,-43229627.51792611,-38127304.07139498,4606355.954570838,5572627.564564209,0.13931568911410525,5020538.273558443,31387452.315489978,-68761318.92875755,-13893344.811877867,-51267211.42514544,0.10952566855058737,0.44767788975799244,-0.020410982121709442,0.16578751023052984,2021-10-18,2019-11-27,False,False,False,False,False,0.0,0,0,False,[],澜瀚生物
2019-12-31,年报,2020-03-30,无保留意见,False,388097846.12719214,127077529.05013244,261020317.0770597,0.3274368315058493,111826047.30390576,8418248.176968945,4399613.200520097,18229545.232008003,2045708.4826214537,138519004.60851976,6000497.673883517,285751746.29086816,40000000,6.525507926926492,-40149044.96502,-35147070.43208226,12655077.508637346,4400832.218437295,0.11002080546093239,4257476.627589603,4460453.50735136,-68546550.91955736,-15498529.038808968,-79584626.45101497,0.01763910161095698,-0.051912226114361,0.04600625390048532,0.10364818205799979,2021-10-18,2020-05-13,False,False,False,False,False,0.0,0,0,False,[],澜瀚生物
2020-03-31,季报,2020-04-30,保留意见,False,408060123.60409313,123499828.79188643,284560294.8122067,0.3026510596063733,112223371.15928312,8019078.6368780695,4485823.740890452,19287638.019256014,2006172.5220817795,142319147.7621688,6107706.150194977,282225559.05262077,40000000,7.114007370305167,-31942495.692792058,-27504399.800565574,11709122.437468095,11723641.817468494,0.2930910454367123,10918100.902166685,26817679.070880998,-81054539.38335623,-17985446.704732217,-72222307.01720744,0.09018446532726183,0.34217405773231724,-0.02478577189947601,0.1503898266985953,2021-10-18,2020-05-28,False,False,False,False,False,0.0,0,0,False,[],澜瀚生物
2020-06-30,半年报,2020-08-27,无保留意见,False,358950136.85227156,98736294.89754418,260213841.95472738,0.2750696677911556,101418189.21179949,6587591.518237182,4023633.9901957586,15398041.79772135,1848060.512421891,118330377.52194743,4851829.724483789,254165612.3542416,40000000,6.5053460488681845,-17692725.97826722,-15283797.124364056,11445895.462005407,20356813.87789263,0.5089203469473157,17458003.82314503,48191571.34871355,-74675294.25849843,-13168131.966613417,-39651854.8763983,-0.0855581516512925,0.3005598007134949,-0.02758139181521772,-0.0543200833656718,2021-10-18,2020-09-07,False,False,False,False,False,0.0,0,0,False,[],澜瀚生物
2020-09-30,季报,2020-10-27,无保留意见,False,389906134.5696465,117970250.61932331,271935883.95032316,0.30256064257499143,91266816.76951477,6591320.7733469475,3505399.2698672274,16249866.377007777,1758352.336224827,121613103.2221456,4792518.270151161,245421479.64347163,40000000,6.7983970987580795,-2666497.58279395,-2342115.3177039735,39184455.627409145,21466040.564961813,0.5366510141240454,18488116.86665726,43268641.808866665,-77101284.20155607,-16324616.815174883,-50157259.20786429,0.045047726544982146,0.02969275406341904,0.02749097478383583,-0.046156638205088696,2021-10-18,2020-11-11,False,False,False,False,False,0.0,0,0,False,[],澜瀚生物
2020-12-31,年报,2021-03-30,保留意见,False,353182768.8499571,70636553.76999143,282546215.0799657,0.2,90640981.91943811,6526957.442567886,3581693.1562139443,13854335.760972327,1613920.4973832949,111752972.36454539,4487896.185424619,225165929.3098029,40000000,7.063655376999143,31278606.539232764,30204439.788234036,40488346.138960466,48493005.888609596,1.2123251472152399,46495078.72276859,56056916.322649874,-63351510.75388449,-13526717.07181562,-20821311.50305023,0.03901776762783121,0.7026188535834454,-0.13717497614739582,-0.017767035026965187,2021-10-18,2021-04-14,False,False,False,False,False,0.0,0,0,False,[],澜瀚生物
2021-03-31,季报,2021-04-30,保留意见,False,356143426.30518717,82753846.87304617,273389579.432141,0.23236101177431973,86972042.24737775,6637215.615253407,3431211.6577374637,14567446.608006293,1727322.3680877604,110643944.97195555,5234710.656671317,233972886.16253382,40000000,6.834739485803525,49438547.88199381,48053842.86485398,61472194.71150143,25942773.34680149,0.6485693336700372,25499147.2523142,6151662.571347849,-67048893.95740309,-14915744.619325042,-75812976.00538029,-0.03240756789197545,-0.3443151254984617,0.06697534534672415,-0.01650384377334499,2021-10-18,2021-06-11,False,False,False,False,False,0.0,0,0,False,[],澜瀚生物
2021-06-30,半年报,2021-08-27,无保留意见,False,389905283.09302664,111584545.51955602,278320737.5734706,0.28618372296569605,106584056.10020727,7499841.67542187,4269675.218069029,17438285.770965904,1934407.0561633562,139144041.74142572,5498319.0133740585,278712949.9981646,40000000,6.958018439336765,84007363.64819816,79195484.0516481,167647305.5686484,49384022.523149066,1.2346005630787267,44488058.8382773,34982850.747051276,-67074217.89300262,-15199784.563353367,-47291151.70930471,0.01803711082028842,0.5458718044835721,0.0538227111913763,-0.030972734647699476,2021-10-18,2021-09-25,False,False,False,False,False,0.0,0,0,False,[],澜瀚生物
2021-09-30,季报,2021-10-27,无保留意见,False,415148301.72972894,101415051.60133174,313733250.12839717,0.2442863217283622,106930541.0823451,8828455.987446534,4329378.155618578,18577269.00221119,1910121.4009579923,142115756.87829998,6357627.11221594,294860857.7353929,40000000,7.8433312532099295,97943696.58102159,91368971.83794594,90369921.6358406,19909047.04689061,0.4977261761722652,17390696.83756835,15941592.016374076,-75373907.22643025,-16864688.38645226,-76297003.59650844,0.12723634201198702,-0.4440070721231168,-0.041897401237333834,0.1984783444625891,2021-10-18,2021-11-20,False,False,False,True,True,0.0,0,0,False,[],澜瀚生物
2021-12-31,年报,2022-03-30,无保留意见,False,396343375.5781455,113867842.91410308,282475532.6640424,0.2872959406676199,106184517.37490202,7738694.837274953,3790173.1510607,16558500.26557777,2032634.1906861584,120600905.55621664,6113105.995883386,266427583.89003545,40000000,7.061888316601061,104379479.06959277,97072524.28212355,31146509.106381133,9193974.983673122,0.22984937459182805,8147932.06311089,11915865.953779127,-70210290.72470751,-16747500.545229526,-75041925.3161579,-0.09963151005372363,-0.29031017922529034,0.04300961893925768,-0.08012502535429228,2021-10-18,2022-05-08,True,False,False,False,False,7678672.939606765,0,0,True,['根据公司盈利能力、融资能力及其成本、偿债能力及现金流等情况披露现金分红方案的合理性，是否导致公司营运资金不足或者影响公司正常生产经营'],澜瀚生物
2022-03-31,季报,2022-04-30,无保留意见,False,398042555.3480901,90123685.91653557,307918869.43155456,0.22641721269657206,104844621.4563305,7681041.059917746,4257161.040834731,18830616.004329454,2063353.555841836,126802082.3520144,5449105.360710442,280969298.9999241,40000000,7.6979717357888635,101209983.73588282,94502149.45099139,9209421.757783735,-4527850.47672851,-0.11319626191821275,-3671964.0444745217,46516003.94393749,-73554657.77549258,-15260409.385361077,-42299063.216916166,0.09007271011246405,-0.5238542630110373,-0.06087872797104781,0.012928872962498289,2021-10-18,2022-06-21,False,False,False,False,False,0.0,0,0,False,[],澜瀚生物
2022-06-30,半年报,2022-08-27,保留意见,False,437247140.452824,87449428.0905648,349797712.3622592,0.2,100133554.18328227,7363862.703567374,4120746.733963339,17849776.101088796,1954193.9546792717,140968074.80639046,6095394.193583418,284346627.0933681,40000000,8.74494280905648,99673348.92279622,93032905.66208881,6228895.754510359,-2195192.590123728,-0.0548798147530932,-2098919.6984322653,20385932.146576438,-81177822.30986972,-17155696.045554522,-77947586.2088478,0.13600609474832343,0.18702933942960923,-0.04093424344003216,-0.07302513532026848,2021-10-18,2022-09-16,False,False,False,False,True,0.0,0,0,False,[],澜瀚生物
2022-09-30,季报,2022-10-27,非标准无保留意见,False,424165214.73983675,84833042.94796735,339332171.7918694,0.2,115843958.16212033,8712500.271400519,4626585.027830913,19979602.82844403,2214942.6457360196,145448975.07660297,6870111.870463903,308964946.48932487,40000000,8.483304294796735,99004926.60313062,92488752.28204057,1471447.0623563004,-954889.028093718,-0.023872225702342948,-777361.9714974964,6318787.586684608,-77973251.71245651,-17718718.295503963,-89373182.42127585,-0.029918836517579723,0.08377708184184852,-0.023592140228627396,0.08158669159466618,2021-10-18,2022-12-03,False,True,False,False,False,0.0,3,0,True,"['公司在相应期间是否按照中国证券监督管理委员会相关规定为中小股东参与现金分红决策提供了便利', '结合前述财务报表列报项目的具体情况说明现金分红方案确定的依据及未来增强投资者回报的规划', '结合所处行业特点、发展阶段和自身经营模式、盈利水平、偿债能力、资金需求等因素，未进行现金分红或现金分红水平较低原因的说明']",澜瀚生物
2022-12-31,年报,2023-03-30,无保留意见,False,488555809.69834036,97711161.93966807,390844647.7586723,0.2,117571373.00468151,8535357.494160613,4985258.149036435,19184584.027640697,2398577.4472750463,155105471.45837435,6863971.515405643,314232862.06949306,40000000,9.771116193966808,101053812.09361584,94488933.74579172,1997677.1033077645,2926979.27212175,0.07317448180304374,2857402.0910730897,93331679.92393146,-92957034.05717357,-19864111.567487124,-19489465.700729225,0.1518054586300714,0.24193464956473731,-0.037540735316402195,0.045271057907360954,2021-10-18,2023-05-14,True,False,True,True,False,1895897.044915686,0,3,True,"['充分披露高送转的主要考虑及其合理性且送转股后每股收益不低于0.5元', '根据公司盈利能力、融资能力及其成本、偿债能力及现金流等情况披露现金分红方案的合理性，是否导致公司营运资金不足或者影响公司正常生产经营']",澜瀚生物
2023-03-31,季报,2023-04-30,无保留意见,False,469684968.67588484,93936993.73517697,375747974.94070786,0.2,135312277.1890728,10248403.145439567,5208823.212475979,22022600.070679624,2415680.134879432,160870705.9303608,7432011.219332666,344211456.15967077,40000000,9.393699373517697,104160842.41659461,97338841.19846821,12321131.44257106,4438614.747112498,0.11096536867781244,4071296.360966414,86554045.88740872,-84270468.39545754,-19390103.853957377,-17106526.362006195,-0.038625763214457105,0.07585873675823801,-0.011734073328590822,0.08206197789488648,2021-10-18,2023-06-06,False,False,False,True,False,0.0,0,0,False,[],澜瀚生物
2023-06-30,半年报,2023-08-27,无保留意见,False,418515547.26587844,83703109.4531757,334812437.8127028,0.2,113770125.93753985,8352270.832587143,4270988.874150816,19095880.2485785,2247643.4551212694,134425184.07706922,6610073.648772762,294560836.4009439,40000000,8.37031094531757,114512693.0317408,106221424.13050401,47163179.725408256,14788358.02163741,0.3697089505409352,12689404.188622577,42810196.541464075,-76311340.67483988,-17756436.3828492,-51257580.51622501,-0.10894413239210324,0.48276175474065514,-0.012961078879789083,0.004962358446342699,2021-10-18,2023-10-17,False,False,False,False,False,0.0,0,0,False,[],澜瀚生物
2023-09-30,季报,2023-10-27,无保留意见,True,451711839.2442821,90342367.84885642,361369471.39542574,0.2,112439378.5628117,9176315.731476814,4612366.911319503,19785209.14915713,2416888.3692845143,155927401.8381296,6919067.846635746,323825973.64442855,40000000,9.034236784885643,129771563.25754122,121509035.3678316,14988790.908220824,21798386.03685777,0.5449596509214443,21839444.624753717,58730141.39839905,-81479832.40989785,-17112463.76759263,-39862154.77909143,0.07931913687620899,0.22052186559774,-0.029548800393819036,0.05071794582943067,2021-10-18,2023-11-21,False,False,False,False,False,0.0,0,0,False,[],澜瀚生物
2023-12-31,年报,2024-03-30,无保留意见,False,384046078.6392733,77538538.53865282,306507540.10062045,0.20189905027381677,94630977.69863364,6568838.727675778,3944540.131223157,16778369.533088412,1887815.8645147248,120510872.01911153,5274411.146016285,252698108.1097598,40000000,7.662688502515511,157468865.9888067,144828562.84497696,69800585.75991608,39567575.33037925,0.9891893832594811,33313610.681636255,44436898.096592814,-64916067.72951315,-15112503.636030229,-35591673.26895057,-0.15181672951773248,0.45798784713985435,0.13179290916450542,-0.01436859273302246,2021-10-18,2024-05-04,False,False,False,True,False,0.0,0,0,False,[],澜瀚生物
2024-03-31,季报,2024-04-30,无保留意见,False,385750041.9528761,83570684.72006638,302179357.2328097,0.2166446549091381,95761038.9524769,6433407.88205262,3595846.573736593,16318214.704476224,1831973.5865237531,140101849.05205187,5738644.303303486,260450451.88043872,40000000,7.554483930820243,186592718.70844975,169696410.32188177,143065361.91580984,41605503.88520437,1.0401375971301092,35525496.39557829,63656015.78784781,-70909101.4026762,-15208318.710630607,-22461404.325458992,-0.014120967028706221,0.03602644346912034,0.01474560463532131,-0.06463603141555029,2021-10-18,2024-05-16,False,False,False,False,False,0.0,0,0,False,[],澜瀚生物
2024-06-30,半年报,2024-08-27,无保留意见,False,442019842.7762839,88403968.55525677,353615874.22102714,0.2,130943380.61218047,8632540.585562855,4699253.073322125,20778094.30479185,2265663.8142329967,148744626.58401772,6377201.8607180305,308463036.2561874,40000000,8.840396855525679,218394067.5905958,198408271.3685217,82363031.67840782,45430498.40306579,1.1357624600766447,41016944.35234271,58090325.70990852,-83648389.79497471,-18163900.841447398,-43721964.92651359,0.17021850022862048,0.06526681393873468,-0.034585234590592866,0.07048843802871609,2021-10-18,2024-10-20,False,False,False,False,False,0.0,0,0,False,[],澜瀚生物
2024-09-30,季报,2024-10-27,无保留意见,False,506801532.9067201,114623933.63555188,392177599.27116823,0.22617124494106278,142975081.43423054,10046447.984179076,4994891.599083741,22686486.068410028,2593798.681111926,168937104.6623005,7530073.551218066,351658946.82310635,40000000,9.804439981779206,253125437.45549992,231046811.61147827,220489519.82697502,49616242.66414875,1.2404060666037187,46626486.06136654,60531734.29195018,-103640776.30685574,-20042257.285259254,-63151299.30016481,0.10904975670305475,0.06704646556013083,0.04411182462251755,0.03132602096070679,2021-10-18,2024-11-16,False,False,True,False,False,0.0,0,4,True,"['结合前述财务报表列报项目的具体情况说明现金分红方案确定的依据及未来增强投资者回报的规划', '留存未分配利润的预计用途以及收益情况', '根据公司盈利能力、融资能力及其成本、偿债能力及现金流等情况披露现金分红方案的合理性，是否导致公司营运资金不足或者影响公司正常生产经营', '是否影响偿债能力、过去十二个月内是否使用过募集资金补充流动资金以及未来十二个月内是否计划使用募集资金补充流动资金等内容']",澜瀚生物
2024-12-31,年报,2025-03-30,无保留意见,False,608049552.3057792,162783913.04302534,445265639.2627539,0.26771488018654716,178241089.12833732,12516866.33244907,6614691.610779149,29071881.206526957,3287176.4366601384,231538152.16912758,9597881.477437355,444978923.07132035,40000000,11.131640981568848,289093788.11894965,262038181.99236187,167940054.53651965,51383358.09064248,1.284583952266062,44273386.25840518,92767477.44014592,-123955819.96419944,-24943962.38116928,-56132304.90522279,0.13536734400497563,0.026526795205229294,0.04154363524548437,-0.04103935638258444,2021-10-18,2025-04-16,False,True,False,False,False,0.0,3,0,True,"['结合前述财务报表列报项目的具体情况说明现金分红方案确定的依据及未来增强投资者回报的规划', '结合所处行业特点、发展阶段和自身经营模式、盈利水平、偿债能力、资金需求等因素，未进行现金分红或现金分红水平较低原因的说明']",澜瀚生物
2017-03-31,季报,2017-04-30,无保留意见,False,288720962.449823,101953458.05791652,186767504.3919065,0.35312107992725006,5608305.359604372,0.04328812644444082,15542315.392488003,15114107.079003558,25038645.483978916,6213.112010272372,16317301.431535548,79023014.41115996,40000000,4.669187609797662,-7525884.496995857,-6890835.248131009,24639856.757030375,-10751263.56713694,-0.2687815891784235,-9844050.35447287,-10380808.664076153,864820.4214891361,4134764.674151811,-5381223.568435206,0.0375972466217027,-0.6528479759520522,0.0531210799272501,0.0008935099755407477,2021-02-03,2017-06-06,False,False,False,False,False,0.0,0,0,False,[],芷琯环保
2017-06-30,半年报,2017-08-27,无保留意见,False,329278574.7790921,125664143.37683679,203614431.40225527,0.3816347403141639,7496123.945959714,0.056890915658379886,19275214.019190624,18252066.61362096,31257435.899138123,7121.054820415261,20363582.268891916,94820632.92571492,40000000,5.090360785056381,-14399831.792040426,-12893750.385290986,36918493.6118574,-9819924.707206527,-0.24549811768016316,-8575593.053085685,-35846021.53327922,1050659.492266747,4417528.7760773925,-30377833.26493508,0.09020266702818802,0.14904434999568242,0.028513660386913806,0.2223240733701326,2021-02-03,2017-10-13,False,False,False,False,False,0.0,0,0,False,[],芷琯环保
2017-09-30,季报,2017-10-27,非标准无保留意见,False,330381918.0862005,122535250.3565279,207846667.7296726,0.37088969961290985,7919016.6366687585,0.04975810175808308,21159899.124511532,18628426.886272196,35022994.179294735,8988.522140715968,20119590.00109139,102137104.07143691,40000000,5.196166693241815,-21204018.083447017,-19538888.490432836,8680930.527871992,-9720266.130580844,-0.24300665326452112,-9493054.435916927,-11323823.824124493,936343.8577078249,4266668.307254182,-6120811.659162486,0.020785542057459867,0.013879879048860084,-0.01074504070125404,-0.055114008103619785,2021-02-03,2017-12-03,False,False,False,False,False,0.0,0,0,False,[],芷琯环保
2017-12-31,年报,2018-03-30,无保留意见,False,324349189.849964,94016280.4102319,230332909.43973213,0.2898613079740434,6194066.730491806,0.048811618860639776,17799676.97965489,17702320.92526242,28838427.119276065,6859.971679385145,16782969.974204,85466010.3582718,40000000,5.758322735993303,-28604386.656810306,-26288611.88432637,29621811.029901322,-10571955.104804702,-0.26429887762011756,-9642461.991276475,-43835536.735228114,976921.1182491024,4327819.490063776,-38530796.12691523,0.1081866837495098,-0.11699452061038212,-0.08102839163886645,0.0053232339057189895,2021-02-03,2018-04-09,False,False,False,False,False,0.0,0,0,False,[],芷琯环保
2018-03-31,季报,2018-04-30,保留意见,False,364579985.65935165,108160388.81529345,256419596.8440582,0.29667121912817784,7840905.784053419,0.05912818050943392,22717750.629896507,20625144.455299668,33883022.19793695,8179.074983809516,23132828.437096987,108101887.67201117,40000000,6.410489921101455,-34825528.97828432,-32124130.769338768,39112896.30545376,-8887346.17353431,-0.22218365433835774,-8336455.550017715,-30824093.12872659,1050506.2119336245,5096713.590999674,-24676873.325793292,0.11325644897110014,0.2620717432340227,0.0068099111541344475,0.1566738352091522,2021-02-03,2018-06-01,False,False,False,False,False,0.0,0,0,False,[],芷琯环保
2018-06-30,半年报,2018-08-27,无保留意见,False,399787236.21554637,146438825.4771171,253348410.73842928,0.3662918978187793,8321883.575315902,0.06145358106876439,21181537.909600995,24016656.94540745,40515631.39500903,9049.876152035287,21503492.408508476,116096086.63277581,40000000,6.333710268460732,-37657807.713959716,-34528457.157846816,19488055.35298711,-4046112.4795362763,-0.10115281198840691,-3434751.983582929,-66008456.6963403,1186710.5041677118,5435919.8692963105,-59385826.322876275,-0.01197718951058425,0.5967509273235112,0.06962067869060147,0.05452353481064721,2021-02-03,2018-09-13,False,False,False,False,False,0.0,0,0,False,[],芷琯环保
2018-09-30,季报,2018-10-27,无保留意见,False,409278832.02306515,146510601.51159793,262768230.51146722,0.3579725850647982,9615511.75570096,0.07389042176830357,26681384.09917537,23783721.055304706,42012998.4020204,10382.203031954343,25397989.720302276,123053761.44367947,40000000,6.56920576278668,-42569237.23230885,-38648240.59776264,3976593.1745723262,-7016327.883355908,-0.1754081970838977,-5885404.914165451,-35213889.270591006,1217665.7849732174,5483533.476547742,-28512690.009070046,0.03718128621996173,-0.22929143078689507,-0.008319312753981149,0.006351135035956686,2021-02-03,2018-11-21,False,False,False,False,False,0.0,0,0,False,[],芷琯环保
2018-12-31,年报,2019-03-30,无保留意见,False,446445704.17665184,130463176.47447443,315982527.7021774,0.2922263004301462,9996384.622012809,0.07977331471977885,30405145.638230838,28371194.062875208,46180042.05436657,10356.700957017718,25470033.25946018,138641106.64214268,40000000,7.899563192554435,-42578791.47126727,-38656439.007046096,48773.120817581956,-13648.912797737867,-0.00034122281994344666,-11712.013262092412,-30331212.164117765,1366985.6699769811,6171285.4185756985,-22792941.075565085,0.2025141969679165,0.7014131562758141,-0.06574628463465197,-0.013560264563450535,2021-02-03,2019-05-17,False,False,False,False,False,0.0,0,0,False,[],芷琯环保
2019-03-31,季报,2019-04-30,无保留意见,False,425922969.3381678,99488551.60771783,326434417.73045,0.23358343825013914,8965449.281118155,0.06070243619651649,25350820.301007867,22785780.42093996,41132604.57684026,10402.031307617975,23275424.566938132,121965171.4602889,40000000,8.16086044326125,-42816929.5082991,-38867208.391544245,666425.1170299476,-340197.1957597602,-0.008504929893994005,-301099.12071164243,-44175895.40537254,1205340.7305854843,5766307.893197743,-37204246.78158931,0.03307743027527068,-0.019224157165104762,-0.05864286218000705,0.04666603466680839,2021-02-03,2019-06-21,False,False,False,False,False,0.0,0,0,False,[],芷琯环保
2019-06-30,半年报,2019-08-27,无保留意见,False,465277901.2165173,117456270.2782264,347821630.9382909,0.25244326019165064,10477400.293327067,0.07928851100829337,29507442.860917233,27152153.21484332,39723913.737970345,10833.679644136428,27381179.125761442,136922557.25418785,40000000,8.695540773457273,-36743708.78465763,-33629787.02416081,11019814.150266698,8676029.605202109,0.21690074013005273,7482030.52483348,-60792715.8849987,1374176.4030568628,6283605.467633225,-53134934.01430862,0.06551764166455366,0.5411964899528743,0.018859821941511493,-0.07635711780187722,2021-02-03,2019-09-23,False,False,False,False,False,0.0,0,0,False,[],芷琯环保
2019-09-30,季报,2019-10-27,无保留意见,False,496486587.2978207,114102471.78654268,382384115.51127803,0.22981984751603685,11087766.93447661,0.08535994166446725,32430474.459815636,29598648.242372762,52255330.361379154,12850.490601804124,31596107.047893602,152763343.63905764,40000000,9.559602887781951,-26195580.22761852,-24101518.105997555,23415417.58215034,15068755.08148444,0.37671887703711104,13611812.740233226,-12821601.073874498,1413689.921890063,6956699.384529022,-4451211.767455413,0.09936841616132575,0.24897640229341111,-0.02262341267561377,-0.041333524763072296,2021-02-03,2019-12-04,False,False,False,False,False,0.0,0,0,False,[],芷琯环保
2019-12-31,年报,2020-03-30,无保留意见,False,543248337.0047672,121328026.94396214,421920310.060805,0.22333805495459336,10471263.133688955,0.08396645157577483,28907267.207932755,29558613.858151678,50646325.23310829,11595.805183299008,29113471.60612181,149947889.8893408,40000000,10.548007751520126,2415563.0619360893,1382467.3763731478,32075489.95698631,40873061.84222087,1.0218265460555218,36405693.54624386,-34722654.41113971,1651871.1709190137,7597255.91934672,-25473527.32087398,0.10339392497165815,0.804655706003227,-0.006481792561443504,0.13621074573645478,2021-02-03,2020-05-08,False,False,False,False,False,0.0,0,0,False,[],芷琯环保
2020-03-31,季报,2020-04-30,无保留意见,False,674424124.0210208,242043475.4499773,432380648.5710435,0.3588891126949563,13514909.749702316,0.10805425880569394,41307647.12508687,37160923.955789745,64889056.79791098,15843.686425610456,37508710.13322289,196435803.09582853,40000000,10.809516214276087,48021408.782008044,44581763.96021984,194981538.74198455,65151208.171531364,1.6287802042882842,61713280.834066704,-114542391.05142576,2105883.3638673117,9479315.281460214,-102957192.40609823,0.02479221374465475,0.4195068578797492,0.13555105774036297,0.04107156123549499,2021-02-03,2020-06-11,False,False,False,False,False,0.0,0,0,False,[],芷琯环保
2020-06-30,半年报,2020-08-27,保留意见,False,634073352.7963493,230851899.78182325,403221453.01452607,0.36407759254309474,14019895.452841565,0.10622909654647628,37787903.18155758,35857331.343848445,60742939.068334654,14550.316229631462,37947887.53712493,183688543.1721389,40000000,10.080536325363152,88851744.52881181,84025037.14662957,128833884.40341078,58329051.06686254,1.4582262766715635,56347533.12344248,-27516340.801683962,2054307.2997493206,8101346.077003508,-17360687.42493113,-0.06743871552273323,-0.08304390472778195,0.005188479848138397,0.06711953158221683,2021-02-03,2020-09-11,False,False,False,False,False,0.0,0,0,False,[],芷琯环保
2020-09-30,季报,2020-10-27,无保留意见,True,647941478.9433842,237384140.85232103,410557338.0910631,0.36636663736890224,12610859.073840667,0.0954929225203344,38257774.73216168,35689484.955177456,60002737.74011114,14065.121483466613,36153607.790976174,180179405.15899262,40000000,10.263933452276577,134114350.98701175,123082286.9081661,251352363.80407757,64660866.36885704,1.616521659221426,55796071.0879093,-52704546.001112,1911179.2678230063,8741989.838950437,-42051376.89433856,0.018193191413039107,0.08405542366880944,0.002289044825807512,-0.041175406726675044,2021-02-03,2020-12-12,False,False,False,False,False,0.0,0,0,False,[],芷琯环保
2020-12-31,年报,2021-03-30,无保留意见,False,581288043.3198122,195928030.82331222,385360012.49649996,0.3370584223689542,13070365.57919147,0.09355347155930782,36665626.57138622,31178983.192525245,54089473.66126916,14564.111312105619,35636337.54310112,170375068.38636366,40000000,9.6340003124125,154370426.17138016,141752914.44702166,32868849.838078726,28937250.263383456,0.7234312565845864,26672325.055507947,-113529022.0508459,1792519.2290634385,7277368.569042746,-104459134.25273973,-0.06137346298989862,-0.43746310434807595,-0.02930821499994804,0.060963548505859534,2021-02-03,2021-05-22,False,False,False,True,True,0.0,0,0,False,[],芷琯环保
2021-03-31,季报,2021-04-30,无保留意见,False,629076077.7502825,215509290.06768793,413566787.68259466,0.3425806475401156,12671877.045766156,0.09488589594554386,39101797.11426978,34825399.315996766,56349019.974053964,14328.1958659485,40764294.81244133,180474884.72875273,40000000,10.339169692064866,174439722.22191036,160212939.7147141,77986554.15223178,28670422.92932882,0.7167605732332205,26371464.668132074,-102859102.32735708,1943033.6365159387,8434488.208493043,-92481580.4823481,0.07319590583195469,-0.00580851776118011,0.005522225171161388,0.11178239778981017,2021-02-03,2021-06-25,True,False,False,False,False,38573480.707296014,0,0,True,"['公司为增强投资者回报水平拟采取的措施', '公司在相应期间是否按照中国证券监督管理委员会相关规定为中小股东参与现金分红决策提供了便利', '充分披露高送转的主要考虑及其合理性且送转股后每股收益不低于0.5元']",芷琯环保
2021-06-30,半年报,2021-08-27,无保留意见,False,716453086.9806311,261587497.0995343,454865589.88109684,0.36511462069617145,17915160.077689476,0.12645179836824125,49873847.36999424,41347205.28894984,76864246.30961365,19336.786217201916,47685173.407298446,228520186.16132054,40000000,11.371639747027421,201154282.40372524,185418840.9010377,54281086.94729207,38163657.40259268,0.9540914350648171,36008430.266176544,-121111283.9806676,2345341.250926225,10361362.897028852,-108404579.83271253,0.09986005508304584,0.20786394923370535,0.022533973156055886,0.09115468485457033,2021-02-03,2021-10-13,False,True,False,False,True,0.0,0,0,True,"['结合前述财务报表列报项目的具体情况说明现金分红方案确定的依据及未来增强投资者回报的规划', '是否影响偿债能力、过去十二个月内是否使用过募集资金补充流动资金以及未来十二个月内是否计划使用募集资金补充流动资金等内容', '根据公司盈利能力、融资能力及其成本、偿债能力及现金流等情况披露现金分红方案的合理性，是否导致公司营运资金不足或者影响公司正常生产经营', '公司在相应期间是否按照中国证券监督管理委员会相关规定为中小股东参与现金分红决策提供了便利']",芷琯环保
2021-09-30,季报,2021-10-27,无保留意见,True,688769092.1545732,247463829.38020557,441305262.7743676,0.35928416678237046,15013160.535886431,0.10993779344044967,40969745.34775061,37141860.25805238,64756300.44461008,16374.716943328027,35841110.382232256,199977456.61837757,40000000,11.03263156935919,254323519.83014283,237111245.35726324,308066039.663738,75956053.46631087,1.8989013366577718,73846292.08032222,-26603652.30003741,2070046.9521335359,9378948.854478955,-15154656.493424919,-0.02981172330550213,0.685095909937653,-0.005830453913800997,0.11074008137290171,2021-02-03,2021-12-25,True,True,False,False,True,108584334.66794536,2,0,True,"['结合所处行业特点、发展阶段和自身经营模式、盈利水平、偿债能力、资金需求等因素，未进行现金分红或现金分红水平较低原因的说明', '公司为增强投资者回报水平拟采取的措施', '是否影响偿债能力、过去十二个月内是否使用过募集资金补充流动资金以及未来十二个月内是否计划使用募集资金补充流动资金等内容']",芷琯环保
2021-12-31,年报,2022-03-30,非标准无保留意见,False,727354264.2859826,307723805.4576683,419630458.8283143,0.42307280037706196,14769314.479509301,0.11782400209462186,40713667.39357876,38126101.30139013,66814992.65238636,16321.622542886402,43303567.50007401,199874293.46675,40000000,10.490761470707858,317338556.85217524,294153848.28671944,99019064.14030617,90021481.46004629,2.250537036501157,81489432.756366,-94442145.21017362,2039295.1563743837,9554566.842166703,-82848283.21163253,-0.04911521745693591,0.1513126630191223,0.06378863359469149,-0.013332686583656408,2021-02-03,2022-04-29,True,False,False,False,False,75427984.62340249,0,0,True,"['是否影响偿债能力、过去十二个月内是否使用过募集资金补充流动资金以及未来十二个月内是否计划使用募集资金补充流动资金等内容', '留存未分配利润的预计用途以及收益情况', '公司为增强投资者回报水平拟采取的措施', '结合所处行业特点、发展阶段和自身经营模式、盈利水平、偿债能力、资金需求等因素，未进行现金分红或现金分红水平较低原因的说明']",芷琯环保
2022-03-31,季报,2022-04-30,无保留意见,False,808649342.0872927,419395924.39146996,389253417.6958228,0.5186375633583298,18999572.44905444,0.13624791322660174,52394177.42700421,49869424.98056607,78097781.75922364,18539.506770943983,47439192.7226799,245652591.9951488,40000000,9.731335442395569,346339783.5020818,319829244.1324513,118414284.28634116,41430323.78558088,1.035758094639522,36679136.92247405,-154314965.22616598,2518514.968230007,10479998.192572944,-141316452.06536302,-0.07238998145489683,-0.4540318168984202,0.09556476298126776,0.035913487845828644,2021-02-03,2022-05-14,True,False,False,False,False,41776266.53346484,0,0,True,['上市公司控股子公司向母公司实施利润分配的情况'],芷琯环保
2022-06-30,半年报,2022-08-27,无保留意见,False,709432724.039938,356508661.88182336,352924062.15811455,0.5025263845338963,16198323.324370537,0.1213206793624222,40457319.892026536,39650170.796916686,69344519.06000783,17555.785013606164,42742822.70996025,209552439.8732446,40000000,8.823101553952863,355123136.2861428,327441040.841787,43125555.820056826,12547646.834372822,0.3136911708593206,10873995.299051054,-65900312.0308318,2395861.701778993,10719460.1059375,-52784990.22311531,-0.0933308582176595,-0.4943097193367867,-0.016111178824433397,0.07418426420317582,2021-02-03,2022-09-30,False,False,False,False,True,0.0,0,0,False,[],芷琯环保
2022-09-30,季报,2022-10-27,无保留意见,False,624909124.4150329,328592392.3906261,296316732.02440673,0.5258242831679183,14309986.444029983,0.09678739415195503,38321624.56312282,35685112.09436511,61357846.27206274,15288.750816845586,32731316.85285387,180536651.31378856,40000000,7.407918300610168,358326183.6891463,330320760.5330601,20888616.169042673,4575782.00429064,0.11439455010726601,4113885.273247255,-62217555.42092168,1875038.4047718602,7707803.4099149825,-52634713.60623484,-0.16039521303125823,-0.26979694439858054,0.02329789863402189,0.15658634276091277,2021-02-03,2022-12-04,False,False,False,True,False,0.0,0,0,False,[],芷琯环保
2022-12-31,年报,2023-03-30,非标准无保留意见,False,563058432.668313,296722538.6174726,266335894.05084044,0.5269835622766814,12864392.716134513,0.08619964742270987,33087905.68051493,33020354.271211784,52785685.92918336,14210.245487470784,30959695.133895107,162887145.1551615,40000000,6.658397351271011,359683621.57780665,331641606.0388997,7360982.555195009,1939196.9838005677,0.04847992459501419,1886922.1511994966,-58411138.78221123,1715705.5175977882,7517577.839742996,-49177855.42487045,-0.10117834983107481,-0.12220113365836537,0.0011592791087631981,0.14408172533466945,2021-02-03,2023-04-16,False,False,False,False,True,0.0,0,0,False,[],芷琯环保
2023-03-31,季报,2023-04-30,无保留意见,True,581714347.8840375,339698016.7187223,242016331.16531524,0.5839601824406775,13149221.07145778,0.08831813069077608,31560800.617031652,30718283.817774564,54432586.56799706,13723.768960789253,34086678.11400665,169192387.18661192,40000000,6.050408279132881,372438855.1073068,342498606.3645907,76459226.64666961,18221762.18500013,0.45554405462500325,15510000.465272874,-63712559.61783471,1860196.0572549247,7697552.697612291,-54154810.86296749,-0.091311623512837,0.8597283831583076,0.056976620163996114,0.006628176080939364,2021-02-03,2023-05-11,True,False,False,True,True,14692347.524801409,0,0,True,"['上市公司控股子公司向母公司实施利润分配的情况', '结合前述财务报表列报项目的具体情况说明现金分红方案确定的依据及未来增强投资者回报的规划']",芷琯环保
2023-06-30,半年报,2023-08-27,无保留意见,True,528319885.25098586,291218302.9278716,237101582.32311428,0.5512158657240853,11252583.983726572,0.07405407528723858,32125913.5693655,25873169.125952255,50192528.375936836,11153.092248580884,30134210.01538528,144952368.9302729,40000000,5.927539558077857,382180059.5084102,351462300.46428037,67415034.9883917,13916006.2872906,0.34790015718226497,12805277.285270903,-15424119.991430975,1634189.899338674,7477304.087372728,-6312626.004719574,-0.020307509078153266,-0.1222470322493749,-0.032744316716592184,-0.03811861979988269,2021-02-03,2023-10-10,False,False,False,False,False,0.0,0,0,False,[],芷琯环保
2023-09-30,季报,2023-10-27,无保留意见,False,516450147.77967477,285279280.1660818,231170867.61359298,0.5523849327811329,10887981.874747165,0.08660353018054649,30659241.87917097,29180757.17634289,47853760.84923877,12704.84353980451,29393678.46188337,148848899.64592257,40000000,5.779271690339825,386806631.2507839,355334116.7317701,5973317.610451445,6609388.20339103,0.16523470508477575,5531166.096413933,-18875795.181660008,1385777.2905908227,7201601.333587302,-10288416.557481883,-0.025013391523634323,-0.23633770856435865,0.0011690670570474937,0.027143350304402042,2021-02-03,2023-12-20,True,False,False,False,False,9834043.906094695,0,0,True,"['公司为增强投资者回报水平拟采取的措施', '结合所处行业特点、发展阶段和自身经营模式、盈利水平、偿债能力、资金需求等因素，未进行现金分红或现金分红水平较低原因的说明']",芷琯环保
2023-12-31,年报,2024-03-30,非标准无保留意见,False,556102598.3115376,342504295.462014,213598302.84952357,0.6159012680428758,12016420.550983422,0.08823557768732271,33189401.121631764,30994894.796403874,53830788.14871884,13101.166872379963,30335306.83025751,161272911.21503997,40000000,5.33995757123809,399541434.1701121,366423642.29175115,76819645.64276086,18192575.599040195,0.4548143899760049,15842179.371401414,-101523015.37641205,1637274.021751815,6898551.074626129,-92987190.2800341,-0.07601548129949617,0.49061785489153253,0.06351633526174295,-0.11264585665735874,2021-02-03,2024-05-02,False,False,False,True,False,0.0,0,0,False,[],芷琯环保
2024-03-31,季报,2024-04-30,无保留意见,False,564500706.4642096,347247018.49454576,217253687.96966374,0.6151400955183073,13338424.325548753,0.09966700231980653,37008436.475927964,34348766.19481217,53783409.81727733,12395.979811866058,34891012.156519726,171199796.34542498,40000000,5.431342199241594,399968954.6165932,366813618.03740984,0.0,610743.4949731156,0.01526858737432789,557108.2080839098,-56608273.69159904,1656296.3728261318,7684189.818888341,-47267787.49988457,0.01711336219143692,-0.4995892401960653,-0.0007611725245685398,0.07891532462375998,2021-02-03,2024-05-10,False,False,False,True,True,0.0,0,0,False,[],芷琯环保
2024-06-30,半年报,2024-08-27,保留意见,False,537124928.988503,316330476.0665837,220794452.9219193,0.5889327770771828,13165635.520604987,0.09865619682295125,34069916.82686352,30310602.74396073,55483827.15968316,13368.430861678255,29869088.234070193,163425097.91694474,40000000,5.519861323047982,410068655.32251996,376591402.1796934,25038490.878819924,14428143.865609672,0.3607035966402418,13968263.060405051,-25127193.98130089,1579119.8568116382,7723707.5267707985,-15824366.597718453,0.016297835886449945,0.7846006260088143,-0.026207318441124398,0.06698249327544101,2021-02-03,2024-10-05,False,False,False,False,False,0.0,0,0,False,[],芷琯环保
2024-09-30,季报,2024-10-27,保留意见,False,743837133.5448059,510925049.1563527,232912084.3884532,0.6868775785923795,15507821.135974834,0.12380494634432666,45386864.51875158,40704652.96750857,73495647.17952691,17057.61599912694,41910529.445740335,220006329.4219027,40000000,5.82280210971133,431840065.5956542,397146579.9787138,152190938.1963086,31102014.675906114,0.7775503668976529,29364539.712886386,-60989915.98744582,2442991.0910235196,10287801.062670682,-48259123.83375162,0.05488195607350295,0.530539470660304,0.09794480151519667,0.08428771321830224,2021-02-03,2024-12-03,False,True,False,True,True,0.0,0,0,True,['公司为增强投资者回报水平拟采取的措施'],芷琯环保
2024-12-31,年报,2025-03-30,无保留意见,False,925618600.1891582,696487400.1230986,229131200.06605956,0.7524561412019652,18255198.202724103,0.13184353193134898,49849024.429249845,52286385.02668766,76004246.20618194,18820.581673554036,53211687.66321865,247808979.75538084,40000000,5.728280001651489,459597383.5264837,424092158.97648704,43888059.91444138,39653311.32975647,0.9913327832439117,38493684.28253316,-142729736.42751768,2911596.567744537,12532835.103856247,-127285304.75591691,-0.016233096416276106,0.1777741891159004,0.06557856260958561,0.14155171685922274,2021-02-03,2025-04-29,False,False,False,False,False,0.0,0,0,False,[],芷琯环保
2017-03-31,季报,2017-04-30,无保留意见,False,263228724.3401382,68946302.33607848,194282422.0040597,0.26192545098910874,2942735.905366939,82725.37020588465,4978790.536318601,550194.0037770862,9947604.542685658,1494.5166409901485,112355638.07629983,135150171.58324814,40000000,4.857060550101493,-222450.696567603,-206507.785904607,448298.737208982,-317786.70938229,-0.00794466773455725,-295011.12272086716,17176498.469335422,-1708819.0513743805,24569062.338689484,40036741.75665052,0.0793467889114427,-0.07321037274346057,-0.03807454901089125,-0.009151093236307084,2021-07-09,2017-06-04,False,False,False,False,False,0.0,0,0,False,[],淼珺集团
2017-06-30,半年报,2017-08-27,无保留意见,False,213998445.77822465,69797939.45311783,144200506.3251068,0.326160964390612,2200109.3422322604,66653.20449147845,3626758.231317928,443664.82929232053,7264018.005647959,1180.156364457406,88942409.41971254,100303634.17661664,40000000,3.60501265812767,-1685952.2770521073,-1557721.5096165095,8063386.192173408,-2090716.5435492918,-0.0522679135887323,-1930305.3195884326,36350140.631665684,-1310399.0928834518,18438613.77542552,53478355.31420775,-0.2577789342048989,-0.10627665545818919,0.06423551340150326,0.01656045748934921,2021-07-09,2017-10-23,False,False,False,False,False,0.0,0,0,False,[],淼珺集团
2017-09-30,季报,2017-10-27,无保留意见,False,196255903.3068893,46402827.933763616,149853075.37312567,0.23644041861610954,2405539.8102731546,64239.05145698559,3791491.3735060897,376749.6341535251,7919775.454008754,1110.5470839234456,87534648.41488568,101394756.32061704,40000000,3.7463268843281416,-5793398.320351024,-5108168.176480213,5376611.738351929,-5867780.061855596,-0.14669450154638988,-5072066.666948149,6629604.075242207,-1239079.1841977907,19966457.398155887,25356982.289200302,0.03919937032173037,-0.25333635444915376,-0.08972054577450246,-0.010571236157564716,2021-07-09,2017-11-20,False,False,False,False,False,0.0,0,0,False,[],淼珺集团
2017-12-31,年报,2018-03-30,无保留意见,False,168702280.15986264,33740456.03197253,134961824.1278901,0.2,2016389.8180517252,59289.63534681624,3788930.3886955185,381411.3815456454,7053563.998999464,1022.1775983263884,80620598.56036232,90329866.55893037,40000000,3.3740456031972528,-11523325.981850494,-10249974.141863467,34305056.08120674,-8185610.944999242,-0.20464027362498105,-7345437.093404649,10316886.392490331,-1097742.3302438792,14858667.502045332,24077811.564291783,-0.09937234326460893,-0.20820922475683676,-0.06003878655967176,0.1105492096089348,2021-07-09,2018-05-08,False,False,False,False,False,0.0,0,0,False,[],淼珺集团
2018-03-31,季报,2018-04-30,无保留意见,False,190971003.12136447,47439397.53555216,143531605.58581233,0.24841152195971775,1958898.6111787332,60534.97478992966,3461767.1499591805,350032.12552488793,6919998.4546384625,1028.3290382604594,75272955.30790365,91510069.71181858,40000000,3.5882901396453084,-11744009.879343804,-10444585.142736288,1488810.4226260416,-315262.71070472896,-0.007881567767618223,-278015.71553260065,6867795.162176024,-1121568.1462962548,17048756.62713617,22794983.64301594,0.06349781883357983,0.8928977590147723,0.07200988990327997,0.07312213812442167,2021-07-09,2018-05-22,False,False,False,False,False,0.0,0,0,False,[],淼珺集团
2018-06-30,半年报,2018-08-27,无保留意见,False,193745891.76010585,49505344.94420715,144240546.81589872,0.2555168757100881,2318032.4167500734,66119.27461643066,3978415.2219536193,400454.33690489735,7919166.634117366,1162.4653644681493,86404163.5295124,104207244.40945953,40000000,3.606013670397468,-11444149.747527864,-10165861.220198013,1488373.3341872317,428371.61687991396,0.01070929042199785,398177.03219753545,7877518.099528423,-1110496.116941373,18229576.911112864,24996598.893699914,0.004939269140012046,0.044569735482844444,0.007105353750370307,0.044090680985019545,2021-07-09,2018-09-15,False,False,False,False,False,0.0,0,0,False,[],淼珺集团
2018-09-30,季报,2018-10-27,无保留意见,False,255855371.8971112,97038423.84159678,158816948.05551443,0.3792706134019319,3106468.5635574474,80672.97774132615,5303283.416002588,536401.6453272701,10266438.616355585,1469.5597233390058,109993869.49040975,136053633.02722394,40000000,3.9704237013878605,-11222196.52999779,-9955304.913103102,1097547.1072869007,317076.0250429623,0.007926900626074058,300794.72442130215,40074269.782899745,-1454644.6264089195,24149610.671917308,62769235.82840814,0.101056197867998,-0.006385885858043128,0.12375373769184385,0.017403983157959522,2021-07-09,2018-11-11,False,False,False,False,False,0.0,0,0,False,[],淼珺集团
2018-12-31,年报,2019-03-30,无保留意见,False,250110786.36243704,91989940.44971097,158120845.91272607,0.3677967743318667,3032676.8946894724,78983.16520061418,5051836.625983478,512743.1240093267,10213706.903318355,1432.1562762917836,122873932.62097034,133317175.59737734,40000000,3.953021147818152,-7124984.597899441,-6277064.595718237,3866154.9001695593,5853159.902997643,0.14632899757494106,5254629.024835524,21631251.17619771,-1569734.60576292,20581268.75965063,40642785.33008542,-0.004383046968923171,0.3196892980055475,-0.011473839070065201,-0.13087387756700802,2021-07-09,2019-05-10,False,False,False,False,False,0.0,0,0,False,[],淼珺集团
2019-03-31,季报,2019-04-30,非标准无保留意见,False,250998493.3444079,85592117.13700035,165406376.20740753,0.3410064976746893,2869372.1686924906,87034.05739939872,5704477.589048626,510351.0860007514,10559052.26608073,1553.1567279280457,117416520.10836986,132833026.37309544,40000000,4.135159405185188,-12463697.105477775,-11050088.723169371,13785738.1862837,-7626732.153683335,-0.19066830384208336,-6818605.896358766,25481235.06189108,-1661455.3226631621,22747040.495598614,46566820.234826535,0.04607571033804535,-0.5898480610076519,-0.02679027665717739,0.0032813667901653728,2021-07-09,2019-06-22,False,False,False,False,False,0.0,0,0,False,[],淼珺集团
2019-06-30,半年报,2019-08-27,无保留意见,False,235681763.4986107,67094804.03776886,168586959.46084183,0.28468390189283516,2384004.5870549125,72909.50927793694,4157406.6143746725,452817.21029417444,7830638.204464847,1246.9667238504783,97375742.19034265,110049278.65256867,40000000,4.214673986521046,-16824693.116839442,-14664130.1766655,17961621.850472562,-6229994.301945237,-0.15574985754863094,-5162916.362137324,43018873.429027416,-1360303.517528779,22118807.098560665,63777377.0100593,0.019228903542666643,0.1490129029319227,-0.05632259578185416,0.07533640395082378,2021-07-09,2019-10-14,False,False,False,False,False,0.0,0,0,False,[],淼珺集团
2019-09-30,季报,2019-10-27,无保留意见,False,189352245.01560056,37870449.00312011,151481796.01248044,0.2,2460956.0457394226,64546.4591571592,3787081.8617409905,400919.14218599244,7649374.620398857,1188.363534543142,88307450.09850655,102479100.73632424,40000000,3.787044900312011,-22183770.109128106,-19421693.560969528,22273151.30875804,-7655824.274698092,-0.1913956068674523,-6796519.120434323,6810343.239791735,-1153107.2674398015,17824742.811406385,23481978.78375832,-0.10146196065855531,-0.13238897106715383,-0.11729088433630698,-0.09977735132885715,2021-07-09,2019-12-03,False,False,False,False,False,0.0,0,0,False,[],淼珺集团
2019-12-31,年报,2020-03-30,无保留意见,False,253730419.69583976,71056122.72663571,182674296.96920407,0.28004573835417323,2467643.734323863,68692.7386851788,4131815.824966741,462721.4066252383,9378289.959943898,1444.3840450944713,97004723.47691092,117877851.27214168,40000000,4.566857424230101,-26791733.49349963,-23708457.2907205,15319091.54422799,-6582804.834816465,-0.16457012087041162,-6123948.185358533,34768300.813412026,-1527967.426984641,23242417.161313713,56482750.5477411,0.20591583792783752,0.1148329688381321,0.11265272079764506,0.025083847813627214,2021-07-09,2020-04-25,False,False,False,False,False,0.0,0,0,False,[],淼珺集团
2020-03-31,季报,2020-04-30,无保留意见,False,323147147.4396015,107619867.00301906,215527280.43658242,0.33303672291624975,3296305.3633258324,102665.13146276647,5354004.736061466,603847.1290873119,11953430.446064254,1699.7350638128478,119445480.63266388,155868283.10982338,40000000,5.38818201091456,-36049678.34886058,-31464172.16300266,30829216.580157176,-13225635.507658498,-0.33064088769146244,-11079592.674688805,34167920.37454207,-1750348.216155155,31438905.469662115,63856477.62804903,0.17984458685458524,-0.6376793913820272,0.05299098456207653,0.19752174296721833,2021-07-09,2020-06-07,False,False,False,False,False,0.0,0,0,False,[],淼珺集团
2020-06-30,半年报,2020-08-27,非标准无保留意见,False,355977125.94391227,131573837.68979795,224403288.2541143,0.3696131804562317,4137026.390315745,109993.14457529073,6665755.014290079,804634.1793422538,13916159.85635147,1896.5899484111826,150008276.85836864,180018387.0305448,40000000,5.610082206352858,-44297363.2705623,-38661224.577122085,8972096.226660443,-11782407.031002458,-0.29456017577506144,-10281503.448742038,60811188.93725142,-2211470.7622756073,34119716.60014078,92719434.7751166,0.04118275793000405,0.3823765509622802,0.036576457539981934,0.07298484512705136,2021-07-09,2020-10-08,False,False,False,False,False,0.0,0,0,False,[],淼珺集团
2020-09-30,季报,2020-10-27,非标准无保留意见,False,343808606.25985616,119852871.92696372,223955734.33289245,0.34860346641926976,3585212.61500671,98552.16242489518,5791815.679895628,727715.0858299677,12992418.02807565,1848.2493216670534,147745482.02125585,163809924.01919904,40000000,5.598893358322311,-50037522.05809969,-44262702.87980671,16663343.41388562,-8200226.839339117,-0.2050056709834779,-8002111.860978034,15135463.402040184,-2151279.338684808,31818825.420839947,44803009.48419532,-0.001994417838989355,0.6865579996270936,-0.021009714036961967,0.11563784482974566,2021-07-09,2020-11-17,False,False,False,False,False,0.0,0,0,False,[],淼珺集团
2020-12-31,年报,2021-03-30,非标准无保留意见,False,385674440.3589805,165109757.2802099,220564683.07877058,0.4281065582840491,4545218.750641406,118469.94588719482,6904496.311522753,859439.9727567122,13537731.95396524,2082.054047643771,158115370.65938222,194913467.39685234,40000000,5.5141170769692645,-56156908.20634901,-49414035.45962868,30839240.519502226,-8741980.211784754,-0.21854950529461886,-7359046.542602813,51990667.51788265,-2371739.015034596,35858249.98679929,85477178.48964736,-0.01514161387393335,-0.06156447019197371,0.07950309186477937,0.0620512747016297,2021-07-09,2021-05-14,False,False,False,False,False,0.0,0,0,False,[],淼珺集团
2021-03-31,季报,2021-04-30,无保留意见,False,379792063.51246536,144426250.10420093,235365813.40826443,0.3802771673754595,4062074.869818061,127021.89944668855,7471722.942527903,783162.5949027529,15476154.669935605,2101.4120722194934,173729749.6841264,193033984.12396565,40000000,5.884145335206611,-59453491.06334025,-52489755.456019945,21831892.566734225,-4709404.081416048,-0.1177351020354012,-4393885.70913038,28197585.33336396,-2514194.22012078,34702990.09240408,60386381.20564726,0.06710562236388433,0.4883224106732542,-0.047829390908589585,-0.010124365038432235,2021-07-09,2021-05-23,False,False,False,False,False,0.0,0,0,False,[],淼珺集团
2021-06-30,半年报,2021-08-27,保留意见,False,420770218.3840706,196195426.39797267,224574791.9860979,0.46627688421353397,4819421.448677624,130208.01800963048,8334237.32268786,921452.0500825179,15857219.482493497,2548.4086958503844,192347841.4984811,211767546.7387239,40000000,5.614369799652447,-56876922.86193682,-50161934.38725606,14512635.689920755,3680811.716290612,0.0920202929072653,3325458.6696626814,13030699.827215796,-2560660.7234335425,40431032.25216404,50901071.355946295,-0.04584787087769814,0.6826532947047965,0.08599971683807442,-0.02575598123305656,2021-07-09,2021-09-22,False,False,False,True,False,0.0,0,0,False,[],淼珺集团
2021-09-30,季报,2021-10-27,无保留意见,False,442177999.32199883,209010724.64007515,233167274.6819237,0.47268458620862147,5110451.1967821,137364.19039446153,8121730.280060286,1015596.4012308371,17061490.649101548,2568.8248939207756,194964538.90646207,225176382.30448717,40000000,5.829181867048092,-58127694.98308402,-51218961.67557739,8071385.304044026,-1786817.31592457,-0.044670432898114246,-1510038.9833161645,48149755.412098035,-2856375.083375178,38734572.01208868,84027952.34081154,0.03826111835542831,-0.26438174222669614,0.006407701995087524,0.04990363270562924,2021-07-09,2021-12-22,False,False,False,False,False,0.0,0,0,False,[],淼珺集团
2021-12-31,年报,2022-03-30,保留意见,False,470270283.10778975,198846520.29631108,271423762.8114787,0.42283454311046453,4891839.628237625,150487.22289078558,8868821.181366473,897397.8452894776,17427821.966045026,2586.127308986496,210627021.52254364,233581677.90575495,40000000,6.785594070286967,-47226780.9045339,-41059300.148513846,75523221.03129762,15572734.397928748,0.38931835994821873,14513802.181519348,17547458.88628353,-3180796.773233614,45260122.264310345,59626784.37736026,0.16407314526338565,1.1410861273640405,-0.04985004309815692,-0.03644813776778913,2021-07-09,2022-05-15,True,True,False,False,False,21781097.35319337,3,0,True,"['结合前述财务报表列报项目的具体情况说明现金分红方案确定的依据及未来增强投资者回报的规划', '结合所处行业特点、发展阶段和自身经营模式、盈利水平、偿债能力、资金需求等因素，未进行现金分红或现金分红水平较低原因的说明']",淼珺集团
2022-03-31,季报,2022-04-30,无保留意见,False,508413915.02461016,222166818.3940312,286247096.630579,0.43698020811109595,5058778.815188425,161883.80651504442,9488624.71632187,937421.9072727095,18026138.200876918,3016.862453623906,205116503.0029464,242679088.34149995,40000000,7.156177415764475,-50656899.48022145,-43998451.4737182,7688742.394485947,-4900169.393839354,-0.12250423484598384,-4198787.607434802,82229145.58145244,-3095234.632468371,45657906.68952332,124791817.6385074,0.05461325001745001,-0.6285288653282343,0.014145665000631347,0.10087256360651264,2021-07-09,2022-06-14,False,False,False,True,True,0.0,0,0,False,[],淼珺集团
2022-06-30,半年报,2022-08-27,无保留意见,False,590016932.6657048,248990361.93526223,341026570.7304426,0.42200545128479666,6194043.044566416,183802.39713910845,9976776.318919532,1222175.6642974694,21603754.1753687,3264.1230088028697,242215426.89127952,280787268.7554166,40000000,8.525664268261064,-53731717.90698932,-46669545.57516992,16959430.202202465,-4392597.75252552,-0.10981494381313799,-3815848.7163595953,81111943.99197939,-3768304.317319761,53962394.19221573,131306033.86687535,0.1913712828694997,0.041948656789906065,-0.014974756826299269,0.012450154331783717,2021-07-09,2022-10-08,False,False,False,False,False,0.0,0,0,False,[],淼珺集团
2022-09-30,季报,2022-10-27,无保留意见,False,533680616.64949065,224590537.0489486,309090079.60054207,0.4208332287931952,5885303.640974432,162419.90606101288,9782653.634768296,1091784.8699264424,18936637.8266154,2822.037148064418,209926865.69538066,256554235.78901383,40000000,7.727251990013552,-63676113.48243611,-55116698.4061044,50886202.158690125,-14206279.393495422,-0.35515698483738556,-12067361.187049259,70780706.69424467,-3216479.810571794,48044934.40269144,115609161.28636432,-0.09364810214493233,-0.7784063241843324,-0.0011722224916014667,0.02048458326493261,2021-07-09,2022-12-10,False,False,False,True,False,0.0,0,0,False,[],淼珺集团
2022-12-31,年报,2023-03-30,保留意见,True,536934373.0706749,235159064.34416258,301775308.72651225,0.4379661205135947,6070392.319626449,163624.2413774981,9146460.564555645,1043694.5902858148,19800842.83021616,2946.3112038055124,230904191.0546798,263480409.44968316,40000000,7.544382718162806,-74218531.54646935,-63892337.66567779,11314802.596275445,-15060597.234333184,-0.3765149308583296,-12536627.513676284,99315652.98127481,-3236043.9730382953,50698294.95289533,146777903.96113184,-0.023665498690489235,-0.3057993125184626,0.01713289172039951,-0.14975815313206434,2021-07-09,2023-04-12,False,False,False,False,True,0.0,0,0,False,[],淼珺集团
2023-03-31,季报,2023-04-30,保留意见,False,528369189.36698973,252695967.0965148,275673222.2704749,0.4782564392129981,5738268.865744279,175576.82549877468,9461965.010725847,1090443.9925631501,20085203.25098289,2936.8666354864285,226474221.13008296,258295237.75987908,40000000,6.891830556761873,-84427915.31094515,-73149057.67856328,33828886.70599176,-14584833.949251156,-0.3646208487312789,-13223885.73269356,27687274.38690133,-3365153.8215213274,51524489.34490767,75846609.91028768,-0.08649510314872261,0.24531432743339773,0.04029031869940345,-0.004967250171865546,2021-07-09,2023-05-26,False,False,False,False,True,0.0,0,0,False,[],淼珺集团
2023-06-30,半年报,2023-08-27,无保留意见,False,518638757.0788177,205646085.99956387,312992671.07925385,0.39651121940412903,5621301.966909054,178299.64192774094,9002122.559710173,1063974.3038896343,20219589.71679503,2931.6984808996126,216852026.046426,267405111.12542725,40000000,7.824816776981346,-94480855.46100183,-82055565.19045644,28366128.534888696,-14361343.071509525,-0.3590335767877381,-12723582.159847366,60172036.78942274,-3294972.7373859053,46561658.72281759,103438722.77485442,0.135375675959427,0.09253644389061236,-0.08174521980886912,0.23945869361469488,2021-07-09,2023-09-29,False,False,False,False,False,0.0,0,0,False,[],淼珺集团
2023-09-30,季报,2023-10-27,无保留意见,False,561892591.1782595,240273884.64519992,321618706.53305954,0.4276153279425844,6498405.212618283,163261.81169953375,10389815.418386498,1120765.092310009,21802187.238237336,3321.5053035689434,237487924.60799065,272323963.9584528,40000000,8.040467663326488,-104872935.54652388,-91931520.2440514,53655668.08437475,-14845828.693602942,-0.37114571734007357,-14108507.219421368,106018233.1421707,-3759001.6892341566,49581605.261880115,151840836.71481666,0.027559864018737567,-0.18361069105356598,0.031104108538455418,-0.11829806637056567,2021-07-09,2023-12-19,False,False,False,False,False,0.0,0,0,False,[],淼珺集团
2023-12-31,年报,2024-03-30,非标准无保留意见,False,660574155.0483379,345706583.6483257,314867571.4000123,0.5233425816107328,6896755.6114748195,196872.20375382697,11483697.29159322,1338690.4971038979,24875867.082253926,3687.2147617421515,293391081.8743943,322684088.50980824,40000000,7.871689285000308,-115536631.57616906,-100712843.1999616,38034627.70795635,-15233851.470921652,-0.38084628677304133,-12544747.079871727,76892063.1067666,-4107731.9386210274,57143198.41146078,129927529.57960635,-0.020991114620857055,-0.18012623980573572,0.09572725366814834,0.008576067567820735,2021-07-09,2024-04-22,False,True,False,False,False,0.0,4,0,True,"['充分披露高送转的主要考虑及其合理性且送转股后每股收益不低于0.5元', '公司为增强投资者回报水平拟采取的措施', '结合所处行业特点、发展阶段和自身经营模式、盈利水平、偿债能力、资金需求等因素，未进行现金分红或现金分红水平较低原因的说明', '结合前述财务报表列报项目的具体情况说明现金分红方案确定的依据及未来增强投资者回报的规划']",淼珺集团
2024-03-31,季报,2024-04-30,无保留意见,False,873582252.0557175,515163992.31391364,358418259.7418039,0.5897143527145011,9991927.119354613,292055.25709488156,16508506.658905683,1805457.8833092158,36147940.27882846,4789.016510424506,360282434.9183433,450538588.17670065,40000000,8.960456493545097,-125996723.83851252,-110232612.44111831,67230868.3872151,-14942988.946204955,-0.37357472365512384,-13599670.344509587,120028381.77722672,-5805268.27899242,74952408.71038623,189175522.20862055,0.13831430194017716,0.16468746536763929,0.06637177110376835,-0.0035573270450117685,2021-07-09,2024-06-02,False,False,False,False,False,0.0,0,0,False,[],淼珺集团
2024-06-30,半年报,2024-08-27,无保留意见,False,689555395.1757584,326887847.24941695,362667547.9263415,0.47405596350398743,8092827.338495893,209504.33695017375,12547956.985086756,1527427.2204500434,25135046.35847825,4101.200576307833,290945600.0805966,346787118.90137374,40000000,9.066688698158536,-135826987.12018824,-118751990.86017029,63737093.68633814,-14043233.259536736,-0.3510808314884184,-12170540.598645685,30267439.06982695,-4212600.624993915,68144155.43621328,94198993.88104632,0.011855668814414536,0.43740926185507484,-0.11565838921051368,-0.08359884480126113,2021-07-09,2024-09-12,False,False,False,True,False,0.0,0,0,False,[],淼珺集团
2024-09-30,季报,2024-10-27,无保留意见,False,747861830.7912338,376093895.63840306,371767935.1528307,0.5028922190620395,7685871.116933616,228545.89879599574,13740156.582827244,1650070.5102800222,31438371.105709177,4232.126030112284,325195276.7427326,379642022.28030694,40000000,9.294198378820768,-144767646.17283475,-126460569.48100813,34928920.62401251,-12772370.075209295,-0.3193092518802324,-11012255.172625486,132819991.05616766,-4564622.409889407,68067925.4425669,196323294.08884516,0.025092918510419095,0.42981516496912464,0.02883625555805213,0.049419782207759506,2021-07-09,2024-11-21,False,False,False,False,False,0.0,0,0,False,[],淼珺集团
2024-12-31,年报,2025-03-30,无保留意见,False,690217375.8955716,351987806.74072075,338229569.15485084,0.509966597528799,7713006.527779249,216338.1624788094,13157825.052572628,1295834.2314160564,27609839.088686276,3757.6772447944345,308717835.1890874,344872609.07583123,40000000,8.455739228871272,-154303139.77593222,-135918162.61392155,26501399.472538147,-13622133.718710653,-0.34055334296776635,-13510847.332733465,130302337.22580677,-4374234.952070104,67677544.31640586,193605646.59014255,-0.09021317555047496,-0.20100237216090477,0.007074378466759508,0.04363615745411715,2021-07-09,2025-05-07,False,False,False,False,False,0.0,0,0,False,[],淼珺集团
2017-03-31,季报,2017-04-30,无保留意见,True,259070148.9090923,72086888.47138311,186983260.4377092,0.27825239138870606,73219322.60126707,37.300398921846096,58564990.82006821,65600.71837161297,2421102.9683599067,12163008.965608148,44139.05150239758,143878492.65707073,40000000,4.674581510942731,6428344.269328361,6380314.509467935,22372408.773782406,9183348.956183374,0.22958372390458434,9114735.013525622,14393718.998733183,23757278.111147746,10948233.761924252,49099230.87180518,0.038795891320606846,0.454630497565743,-0.02174760861129391,0.11479838892707417,2021-05-12,2017-06-24,False,False,False,False,False,0.0,0,0,False,[],钧煜控股
2017-06-30,半年报,2017-08-27,无保留意见,False,293587439.7819739,87413250.79956052,206174188.98241338,0.297741793260897,95888544.6181478,41.37477962559539,68828770.73590907,78692.06735280956,3243727.557615307,14415859.674252037,49296.17455837745,177470857.98883414,40000000,5.154354724560335,16822189.940402262,15626030.396216255,57609664.44627646,14848350.958677001,0.37120877396692503,13208165.552497601,34158027.44584813,24257061.315595098,11978230.44287642,70393319.20431966,0.10263447380145191,0.2163589543863831,0.019489401872190913,-0.005239831614527259,2021-05-12,2017-09-13,False,False,False,False,False,0.0,0,0,False,[],钧煜控股
2017-09-30,季报,2017-10-27,非标准无保留意见,False,339665203.4350507,108231561.12794144,231433642.30710927,0.31864188628505485,104736196.03737831,48.4089345253025,74941005.2321809,94758.62406300362,3678678.0128208436,15482277.623711346,58950.89834181687,205357242.86478472,40000000,5.7858410576777315,29474211.446649287,26564958.164032906,17799749.31439432,18074316.437495753,0.4518579109373938,15627039.668309504,64863330.5350143,31107759.412001982,13093565.551043147,109064655.49805944,0.12251510942938895,0.10129144466551558,0.020900093024157837,0.04122315510786482,2021-05-12,2017-11-20,False,False,False,False,False,0.0,0,0,False,[],钧煜控股
2017-12-31,年报,2018-03-30,无保留意见,False,307913256.92939454,105374961.35790099,202538295.57149357,0.3422228792898767,105379788.06310965,49.505675684993165,73237206.25949234,93605.59109596685,3351598.1260979655,15141166.817452911,58733.397416026884,195712631.32028937,40000000,5.063457389287339,26159010.66742994,23697347.598064434,22813208.121917684,-4736001.113170493,-0.11840002782926233,-4096586.522812104,33685367.529388584,26551100.67670778,13309762.93068755,73546231.13678391,-0.12485370081706598,-0.6503424690062146,0.02358099300482187,0.0021743026686804772,2021-05-12,2018-05-26,False,False,False,False,False,0.0,0,0,False,[],钧煜控股
2018-03-31,季报,2018-04-30,无保留意见,False,297083515.6934503,117963512.35065778,179120003.34279248,0.39707188759803175,79107579.54030322,40.19810531787187,67402487.36857231,71596.19154151288,3221391.0129309203,13917947.468480924,57432.285748562026,173575771.81548488,40000000,4.478000083569812,25524833.885069,23143991.922810767,3998982.396933779,-905966.8319441993,-0.02264917079860498,-790508.1075052368,33445728.243757866,27145080.118481483,12318896.60978787,72909704.97202721,-0.11562402143566336,0.3122989749566454,0.05484900830815506,0.19158805971325663,2021-05-12,2018-06-15,False,False,False,False,False,0.0,0,0,False,[],钧煜控股
2018-06-30,半年报,2018-08-27,无保留意见,True,378326553.4576448,183742075.17465037,194584478.28299448,0.48567057610779363,102304165.03848846,48.08859562553689,74859330.15178597,92841.17647426379,3732995.6375236954,17687082.582917973,66507.1005893791,210543008.2793767,40000000,4.864611957074862,27234938.770696573,24595894.99970678,5167440.651232819,2443006.979467958,0.061075174486698955,2074147.252708587,34357469.19936916,33704785.95870041,14519157.30652371,82581412.46459329,0.0863358343657839,0.20808791534364154,0.08859868850976187,0.04658398495736073,2021-05-12,2018-10-25,False,False,False,False,False,0.0,0,0,False,[],钧煜控股
2018-09-30,季报,2018-10-27,无保留意见,False,363617527.43350387,187078285.6159178,176539241.81758603,0.5144919358985783,93331954.85733737,44.25967393720147,68742542.74489434,93895.46595238622,3324623.746227326,17656541.349894598,55493.31822026854,194243184.72268364,40000000,4.413481045439651,31809235.6683316,28859108.4397768,8666023.149621237,6534709.853764325,0.16336774634410814,6090304.914385741,69458736.70464803,33396584.367164228,16311711.31098028,119167032.38279253,-0.09273728626578479,0.21044599112767137,0.0288213597907847,-0.05278599187333789,2021-05-12,2018-11-16,False,False,False,False,False,0.0,0,0,False,[],钧煜控股
2018-12-31,年报,2019-03-30,无保留意见,False,346064979.0109112,183872896.78604716,162192082.2248641,0.5313247740686576,97671380.43868797,43.84166252471463,72403154.6456259,78290.30750749937,2992143.847536504,15032324.090176309,53868.2170760489,182429128.67310235,40000000,4.054802055621602,32343442.077892467,29343954.417375956,3478464.5343595166,763152.013658382,0.01907880034145955,692637.1108559371,7210055.802615364,28392195.868835825,13688652.700746464,49290904.37219765,-0.08126895439794929,-0.2452359887148893,0.016832838170079325,0.038488219861174774,2021-05-12,2019-05-09,False,False,False,False,False,0.0,0,0,False,[],钧煜控股
2019-03-31,季报,2019-04-30,无保留意见,False,400148720.1415826,236066743.65852898,164081976.48305362,0.5899475164508903,125539069.7696744,58.276597233713666,89494061.19433968,102481.0520128034,4679055.115475612,19216433.54871261,77249.2179172171,240108276.62602374,40000000,4.10204941207634,31965977.288412508,28998047.939054474,1654567.3980511406,-539235.4135427959,-0.013480885338569898,-494152.11188782967,36157336.560729414,36975464.93808413,17502614.86492421,90635416.36373775,0.011652198012781879,-0.0733196127691612,0.058622742382232654,-0.055861707208799634,2021-05-12,2019-06-02,False,False,False,False,False,0.0,0,0,False,[],钧煜控股
2019-06-30,半年报,2019-08-27,非标准无保留意见,False,334229531.93710476,182754514.32736105,151475017.6097437,0.5467934364392185,90645021.27340153,41.0234337979576,65236886.81804822,79637.01473125692,3195388.4593650918,15252902.332674282,57418.488504066314,181741198.92755902,40000000,3.786875440243593,28256863.748163447,25451698.616976473,19799039.01525456,-5298733.628927233,-0.1324683407231808,-5066213.317254287,66586802.24570341,32252399.851940732,14466407.052229024,113305609.14987317,-0.07683329481719123,-0.28914198914552397,-0.04315408001167178,-0.009725559102549915,2021-05-12,2019-10-07,False,False,False,False,False,0.0,0,0,False,[],钧煜控股
2019-09-30,季报,2019-10-27,非标准无保留意见,False,386387956.11580884,210935255.02207822,175452701.09373063,0.5459157090260245,120391547.88781074,57.11402742424607,97824689.9427377,109775.57381603243,3923204.531542577,17362435.697855465,69873.22600349913,239949673.05331534,40000000,4.386317527343266,25801362.01456854,23313618.49087413,6626436.09447472,-3507859.6194212977,-0.08769649048553244,-3054400.1801462066,44152048.97460375,33842426.147367656,15582511.631871747,93576986.75384314,0.15829464067640772,0.15304958905415875,-0.0008777274131940179,0.11990238671972822,2021-05-12,2019-12-23,False,False,False,False,False,0.0,0,0,False,[],钧煜控股
2019-12-31,年报,2020-03-30,无保留意见,False,479058285.3475642,309458742.85085976,169599542.49670446,0.645973052373664,144911353.34361726,63.36189783760332,99241174.9659882,133538.66722172775,5140782.898752443,21660105.698516387,92615.91161161606,277332519.9770694,40000000,4.2399885624176115,25557451.436675582,23100075.47453712,1192113.980249656,-348443.68270422705,-0.008711092067605676,-305061.4519100147,30128578.814651765,42093340.324919075,20256514.736205246,92478433.87577608,-0.03336032195878982,0.23416714083889165,0.10005734334763945,0.067519840769288,2021-05-12,2020-04-26,False,False,False,False,False,0.0,0,0,False,[],钧煜控股
2020-03-31,季报,2020-04-30,无保留意见,True,618551897.5655549,409805237.2974506,208746660.26810423,0.662523611859131,180409918.9073204,100.38449289303641,150346936.27813363,191436.51530325535,6512249.827103553,34047593.82522186,116100.76631020123,392416043.5532839,40000000,5.218666506702606,27140144.647343397,24612935.161280368,0.0,2260990.3009540252,0.05652475752385063,2161228.1239189273,104780459.895327,60205434.77660851,26399536.047694534,191385430.71963003,0.23082089252782304,0.15670811388049455,0.016550559485467013,0.06589682246197658,2021-05-12,2020-05-23,False,False,False,False,False,0.0,0,0,False,[],钧煜控股
2020-06-30,半年报,2020-08-27,无保留意见,False,513445831.56996435,355016738.54328495,158429093.0266794,0.6914395184741291,144610001.13797805,75.46390805159383,113411539.39356853,134128.7065754268,4931927.209950463,23592789.441546578,103669.2262815301,301127027.21353656,40000000,3.960727325666985,30382803.827852212,27315254.508080766,5270234.052086293,4632370.257869735,0.11580925644674338,3860456.209714855,90180038.72501689,46664380.72960237,22028689.063874304,158873108.51849356,-0.24104609471020685,0.12311827792147609,0.028915906614998096,-0.021182799090293296,2021-05-12,2020-09-14,False,False,False,False,False,0.0,0,0,False,[],钧煜控股
2020-09-30,季报,2020-10-27,非标准无保留意见,True,470670113.5675354,318356072.359888,152314041.20764738,0.6763889679479465,133617120.58067986,66.18811333342188,97145604.63196515,113801.57970471654,4822175.670713193,19069724.31848475,82668.21870947538,258986356.89112866,40000000,3.8078510301911845,46324352.82739838,41909073.86527127,63825112.01209766,22773641.427923106,0.5693410356980776,20848313.367415015,60814947.649556346,42758200.75996611,19294165.64325288,122867314.05277534,-0.03859803589232322,0.838616894672172,-0.015050550526182586,-0.015636759241380586,2021-05-12,2020-11-25,False,False,False,False,False,0.0,0,0,False,[],钧煜控股
2020-12-31,年报,2021-03-30,无保留意见,False,518470338.1232704,365761218.4303962,152709119.69287416,0.7054621866206618,158125884.6535859,79.32403376927475,124766160.99659507,142287.7692226128,5670876.119336637,25958124.658991493,99160.17336996848,315479331.884286,40000000,3.817727992321854,52016587.389575645,47312535.82318016,32534796.156341527,8131763.660253242,0.20329409150633104,7719231.3684412725,91689205.8503373,42872199.06391737,22114921.108744774,156676326.02299944,0.002593841526981441,-0.3681301797373404,0.029073218672715416,-0.013052727022061197,2021-05-12,2021-05-26,False,False,True,False,True,0.0,0,3,True,['是否影响偿债能力、过去十二个月内是否使用过募集资金补充流动资金以及未来十二个月内是否计划使用募集资金补充流动资金等内容'],钧煜控股
2021-03-31,季报,2021-04-30,无保留意见,False,569549180.0065767,406188178.0068189,163361001.99975774,0.7131748973848555,199264215.5138026,82.72718664411504,146895490.70363545,148502.75477372587,6589107.740864564,30394075.443874087,115053.95797388273,358829715.3414085,40000000,4.084025049993944,59805445.659088865,54064941.44003387,20680694.90909772,11126940.385018885,0.2781735096254721,9646293.738362454,88075596.88881819,52430315.69050701,22610884.243591778,163116796.82291698,0.06975275823936686,0.11917893090418558,0.007712710764193629,0.05680167048295638,2021-05-12,2021-06-21,True,False,False,False,False,10307413.418451328,0,0,True,"['根据公司盈利能力、融资能力及其成本、偿债能力及现金流等情况披露现金分红方案的合理性，是否导致公司营运资金不足或者影响公司正常生产经营', '公司为增强投资者回报水平拟采取的措施', '公司在相应期间是否按照中国证券监督管理委员会相关规定为中小股东参与现金分红决策提供了便利']",钧煜控股
2021-06-30,半年报,2021-08-27,无保留意见,False,488204461.56660914,318291536.8863071,169912924.68030205,0.6519635971062923,151166096.61675096,70.32447652291533,125964088.36761414,138504.80633510088,5093000.262961492,22040155.288877577,89067.67362787409,298615088.24968016,40000000,4.2478231170075516,67319731.6659616,60839550.49844958,5480585.928445047,10734694.295532458,0.2683673573883114,9678012.940593867,5540297.355073392,42524641.79770426,19509581.004481096,67574520.15725875,0.04010701820103919,-0.013945565501157298,-0.0612113002785633,-0.028004692309037342,2021-05-12,2021-09-22,False,False,False,False,False,0.0,0,0,False,[],钧煜控股
2021-09-30,季报,2021-10-27,无保留意见,False,540609941.1760569,377251545.03856426,163358396.13749257,0.6978257636511114,168836271.5937877,77.18989727061827,110366560.14721268,129670.89556866423,5661899.432903369,27396550.737244677,109202.99705599256,322606977.9159934,40000000,4.083959903437314,86062942.36624768,77514360.98630095,124289955.03594252,26776015.286122993,0.6694003821530748,23821157.839787662,61079171.03945713,49133524.79083872,23316147.24139524,133528843.07169108,-0.03857580908069296,0.5783846333281738,0.04586216654481918,0.10247331093574855,2021-05-12,2021-11-23,False,False,False,False,True,0.0,0,0,False,[],钧煜控股
2021-12-31,年报,2022-03-30,非标准无保留意见,False,642015230.2649845,476536855.8812821,165478374.38370243,0.7422516373709653,192212474.53211263,99.49556484363444,157232011.70565447,178740.04312283194,7777915.995943783,32144353.964854553,131064.22774217684,399186354.5580486,40000000,4.136959359592561,100910541.43152533,90024650.53165121,55550693.453110315,21210855.8075395,0.5302713951884875,17871842.207643256,94596453.37547007,57397652.72651454,24961978.023250595,176956084.1252352,0.01297746731319251,-0.1271280504223426,0.044425873719853945,-0.010385147023440598,2021-05-12,2022-05-26,True,False,False,False,True,20435005.240355242,0,0,True,"['上市公司控股子公司向母公司实施利润分配的情况', '公司为增强投资者回报水平拟采取的措施', '是否影响偿债能力、过去十二个月内是否使用过募集资金补充流动资金以及未来十二个月内是否计划使用募集资金补充流动资金等内容', '结合前述财务报表列报项目的具体情况说明现金分红方案确定的依据及未来增强投资者回报的规划']",钧煜控股
2022-03-31,季报,2022-04-30,无保留意见,False,823667462.9936591,646319874.8853621,177347588.108297,0.7846854512575759,280989586.4496078,126.84969395520949,203117974.6032021,231423.65443803064,10406050.659742976,38842000.46546273,152103.8727193125,527194024.3372939,40000000,4.433689702707425,126201147.09148511,112353329.04107922,161129051.16086546,36129436.65708538,0.9032359164271345,31898112.156325698,74972527.21079534,74051906.65699577,34878490.87661112,183902924.74440223,0.07172667588015375,0.39042781257472514,0.04243381388661059,0.16508851669006835,2021-05-12,2022-05-22,False,False,True,False,False,0.0,0,4,True,"['充分披露高送转的主要考虑及其合理性且送转股后每股收益不低于0.5元', '公司为增强投资者回报水平拟采取的措施', '上市公司控股子公司向母公司实施利润分配的情况', '根据公司盈利能力、融资能力及其成本、偿债能力及现金流等情况披露现金分红方案的合理性，是否导致公司营运资金不足或者影响公司正常生产经营']",钧煜控股
2022-06-30,半年报,2022-08-27,非标准无保留意见,False,575727559.5425173,414590971.4143332,161136588.12818405,0.7201165977598399,184893951.51457185,84.88270721839415,137694589.23251,149873.7904888482,6099822.778486663,28630789.31809846,122658.61797918926,346318341.87834924,40000000,4.028414703204601,159871366.84827867,143879323.35315675,223898729.04862946,48100313.93827653,1.2025078484569132,45037134.73153933,94436064.71272431,51555316.2790177,24622620.694650166,170614001.6863922,-0.09140806566940006,0.22531534370400128,-0.06456885349773599,0.10568319102792503,2021-05-12,2022-09-13,False,False,False,False,False,0.0,0,0,False,[],钧煜控股
2022-09-30,季报,2022-10-27,无保留意见,False,769345068.4977214,571203477.2736828,198141591.22403854,0.7424541998937563,225851706.90004975,111.28657622778282,189791212.36178377,208816.42367378442,8606797.535699246,37054397.66296797,162482.3439148184,463778178.18470746,40000000,4.953539780600964,164795219.66360563,149108489.43833277,8832629.588702394,7034075.450467069,0.17585188626167672,7470237.264537195,144721107.40466213,75877116.3688827,34214801.43469056,254813025.2082354,0.2296499108347573,-0.630814753470245,0.022337602133916345,0.137555032781555,2021-05-12,2022-11-25,False,True,False,False,False,0.0,4,0,True,"['上市公司控股子公司向母公司实施利润分配的情况', '结合所处行业特点、发展阶段和自身经营模式、盈利水平、偿债能力、资金需求等因素，未进行现金分红或现金分红水平较低原因的说明', '是否影响偿债能力、过去十二个月内是否使用过募集资金补充流动资金以及未来十二个月内是否计划使用募集资金补充流动资金等内容']",钧煜控股
2022-12-31,年报,2023-03-30,非标准无保留意见,False,900767328.0986109,688530666.1808459,212236661.917765,0.7643823712325737,286599334.4197558,132.90957416115683,194237671.74620524,243578.96402790325,9534522.639744421,42936554.59484864,168078.57206400938,542680642.0534139,40000000,5.305916547944125,168800459.97716486,152524035.54494178,18325267.488399804,5721771.876513187,0.14304429691282966,4879351.580870008,160961997.4954951,80307830.60744412,33802961.78966804,275072789.8926073,0.07113635560637624,-0.05460179138816761,0.02192817133881734,0.027398086595787324,2021-05-12,2023-05-19,True,False,True,False,False,7580360.496942984,0,1,True,['结合所处行业特点、发展阶段和自身经营模式、盈利水平、偿债能力、资金需求等因素，未进行现金分红或现金分红水平较低原因的说明'],钧煜控股
2023-03-31,季报,2023-04-30,无保留意见,False,823925936.8737736,600572391.4854999,223353545.38827372,0.7289155063673014,254907484.70937246,115.77559459127542,181852753.05038294,203430.05995340273,8448854.192391654,40656982.14397027,150549.0077190098,480453852.4126161,40000000,5.583838634706843,172868003.4355292,156207359.81781,4675072.761747301,5810776.369091883,0.14526940922729709,5261891.818383147,98636418.74432339,77825941.2118318,35607614.005768195,212069973.96192336,0.05237965660624721,0.003917145769370917,-0.03546686486527221,0.05242948611349007,2021-05-12,2023-05-20,False,False,False,False,False,0.0,0,0,False,[],钧煜控股
2023-06-30,半年报,2023-08-27,非标准无保留意见,False,695416884.1926368,480853208.21017325,214563675.98246363,0.6914603587291857,216125780.73325247,104.59692323929109,160432109.3113729,171257.43141962076,7249850.027771163,34563843.019235976,142023.68566633592,429487584.90738916,40000000,5.364091899561591,182068906.58125794,164427281.12254882,55474167.76021318,13144147.351041067,0.32860368377602667,11742744.721055461,40481652.99413198,63862447.43044218,29582054.244674034,133926154.6692482,-0.03935406259403638,0.3214871279824453,-0.037455147638115756,0.04814555944825198,2021-05-12,2023-09-13,False,False,False,False,False,0.0,0,0,False,[],钧煜控股
2023-09-30,季报,2023-10-27,无保留意见,False,686601678.1967058,484423725.98310006,202177952.21360576,0.7055382201444556,206176893.12719297,105.91075482904353,165721863.63221964,183731.6303164707,7280063.004567834,37508102.20143015,138593.09238626467,438491992.3715262,40000000,5.054448805340144,185415034.29692093,167667924.6529263,5005751.428504437,4780182.450947106,0.11950456127367765,4629490.757682109,76933080.08987133,59637480.28511784,27940614.67831802,164511175.0533072,-0.057725165791203764,-0.27746563214053227,0.014077861415269882,0.16448405441825537,2021-05-12,2023-11-23,False,True,False,True,False,0.0,2,0,True,['结合前述财务报表列报项目的具体情况说明现金分红方案确定的依据及未来增强投资者回报的规划'],钧煜控股
2023-12-31,年报,2024-03-30,无保留意见,False,528321747.21768016,300143950.1042112,228177797.11346895,0.5681082629758667,154687779.3751544,71.68983970081642,117809135.83306271,143190.73259118656,6053282.275572741,26758051.343571912,113644.11262152948,330551104.68492466,40000000,5.7044449278367235,188531170.56300083,170696240.27913114,13315533.127828691,4451623.237257022,0.11129058093142556,4326165.180292649,61930343.877159946,45452063.51804464,23331561.914886,130713969.31009059,0.12859881413970284,-0.01508523697770029,-0.13742995716858877,0.1423908178058486,2021-05-12,2024-04-20,False,False,False,False,False,0.0,0,0,False,[],钧煜控股
2024-03-31,季报,2024-04-30,无保留意见,False,505290113.1385019,265267842.40398127,240022270.7345206,0.5249812642411041,149261081.92466167,73.03388043062681,114788766.92076533,142290.21760787166,5475674.994370035,26184843.541586332,90707.51506178235,302734973.80419785,40000000,6.000556768363015,194542721.26912534,176031001.82473642,8036579.247654963,8587929.580177922,0.21469823950444805,7621087.922293235,45217206.172566794,50075743.128010094,20695623.517850045,115988572.81842694,0.0519089664765306,0.19282020279644838,-0.04312699873476261,0.1519407489757021,2021-05-12,2024-06-23,False,False,True,False,True,0.0,0,3,True,"['留存未分配利润的预计用途以及收益情况', '是否影响偿债能力、过去十二个月内是否使用过募集资金补充流动资金以及未来十二个月内是否计划使用募集资金补充流动资金等内容', '上市公司控股子公司向母公司实施利润分配的情况']",钧煜控股
2024-06-30,半年报,2024-08-27,无保留意见,False,587297095.796376,333175619.40430427,254121476.39207175,0.5673033661992104,198664187.234551,88.60759782870815,134873598.76102987,179692.89930830168,6142519.439701152,31425166.958924737,115946.7577293797,369588812.57707775,40000000,6.353036909801794,187416114.96282643,169803370.5704894,40394284.68249268,-10180866.151855588,-0.2545216537963897,-8896616.07749572,68621951.86653897,54174351.04862468,26499706.897563353,149296009.812727,0.05874123936251612,-0.7335019300105095,0.04232210195810619,0.11742947031062398,2021-05-12,2024-10-17,False,False,False,False,False,0.0,0,0,False,[],钧煜控股
2024-09-30,季报,2024-10-27,无保留意见,True,680106449.2832007,398599888.9734644,281506560.30973625,0.5860845598414328,197204262.62484378,99.23763055435901,153171979.70797822,186569.58289637035,7216146.930285567,34085494.10177011,127362.02778463512,418292955.32166946,40000000,7.037664007743406,181773114.03337666,164579878.73812717,16859482.60102374,-8061429.899213968,-0.2015357474803492,-7462131.189088901,57535764.56444146,62850330.4482549,27234207.431322895,147620302.44401926,0.1077637526212596,0.31080725204101245,0.018781193642222475,0.16664723400375286,2021-05-12,2024-11-30,False,False,False,False,False,0.0,0,0,False,[],钧煜控股
2024-12-31,年报,2025-03-30,非标准无保留意见,False,861452209.245801,585283869.1031356,276168340.14266545,0.6794153672384797,267762414.96295905,124.67507045994887,198917445.97901422,239407.90185691067,9237714.20954909,38581760.76936793,147858.48621095947,511010182.13526094,40000000,6.904208503566636,173830075.51783085,157285003.74525085,42821658.948226474,-11347197.879351165,-0.28367994698377913,-10421249.989823317,138245587.59727713,79250707.50985648,36331276.26069238,253827571.367826,-0.01896304001298333,-0.3675943627547604,0.09333080739704686,-0.005861336571368543,2021-05-12,2025-04-13,False,True,False,False,True,0.0,2,0,True,"['结合所处行业特点、发展阶段和自身经营模式、盈利水平、偿债能力、资金需求等因素，未进行现金分红或现金分红水平较低原因的说明', '根据公司盈利能力、融资能力及其成本、偿债能力及现金流等情况披露现金分红方案的合理性，是否导致公司营运资金不足或者影响公司正常生产经营', '充分披露高送转的主要考虑及其合理性且送转股后每股收益不低于0.5元']",钧煜控股
2017-03-31,季报,2017-04-30,无保留意见,False,231277110.1926446,46255422.03852892,185021688.15411568,0.2,1627771.9124855548,715.2987029110891,2429272.191292345,3831514.095456488,14523846.330535226,7569515.68218154,34858964.0166449,65503402.96269819,40000000,4.625542203852892,7019738.431860144,6372681.397418253,40793276.17919339,10028197.759800207,0.25070494399500515,9103830.567740362,31209611.597988132,-9342898.003131641,79804809.83457956,101671523.42943606,0.02789826752286488,0.5015665422111225,-0.1320028349422322,0.03676881683392749,2021-05-25,2017-06-27,False,False,False,False,False,0.0,0,0,False,[],骁骞环保
2017-06-30,半年报,2017-08-27,无保留意见,False,262242493.9936185,80741517.58304676,181500976.41057172,0.30788876491165296,1755559.9594071303,830.8097849554914,2701184.1100214436,4669929.354634607,14924126.27118046,8624114.988506751,40688851.93723098,73981258.69851184,40000000,4.537524410264293,22416018.570414793,20777352.93948657,0.0,21994685.912220925,0.5498671478055231,20578102.202954743,34724455.08411874,-11363703.46715509,89168251.03191161,112529002.64887527,-0.019028643499411687,0.44274088338286505,0.13989159985388516,-0.07047313306509788,2021-05-25,2017-09-15,False,False,False,False,False,0.0,0,0,False,[],骁骞环保
2017-09-30,季报,2017-10-27,无保留意见,False,257968153.84273732,62180232.79446465,195787921.04827267,0.24103840674989283,1777511.3132653425,825.573387269998,2812817.5153107317,4647706.331861051,14942163.316251943,8571262.343798405,38717244.67072392,74675759.44278622,40000000,4.894698026206817,39592898.33780247,35320304.51710645,0.0,24538399.667696692,0.6134599916924173,20775645.110885546,28171479.927199733,-11083245.545373444,97462062.00744112,114550296.38926741,0.07871552495333463,0.0652323180959017,-0.06685035816176013,-0.01990444465694614,2021-05-25,2017-11-07,False,False,False,False,False,0.0,0,0,False,[],骁骞环保
2017-12-31,年报,2018-03-30,无保留意见,False,258330647.87486702,68899914.22158808,189430733.65327895,0.2667121179325287,1750099.846881024,719.7022653416204,2582926.7513465,4253426.1507528005,15242720.102834042,7632222.978384468,41711234.731483206,74208370.88328418,40000000,4.7357683413319736,46615226.86792341,41786867.65890872,45958770.77398034,10031897.90017277,0.25079744750431926,9237947.345431808,48243820.43928319,-10714190.68414322,92008836.99799423,129538466.7531342,-0.032469763001499674,-0.3492311182803041,0.025673711182635856,-0.020779183755971112,2021-05-25,2018-05-08,False,False,False,False,False,0.0,0,0,False,[],骁骞环保
2018-03-31,季报,2018-04-30,无保留意见,False,271757458.1252193,80707640.86645792,191049817.25876135,0.2969840880292227,1910991.1341067667,850.2379189573819,2941933.9866177263,5317486.478002824,16816903.39024306,9594062.301404158,44135539.91655654,83259460.69912091,40000000,4.776245431469033,57244129.35446468,50598183.59951916,21406978.0861607,15184146.409344673,0.3796036602336168,12587594.20087207,35855842.03511329,-11813112.740907548,92890118.3678457,116932847.66205144,0.008547100960110661,0.19059884467597732,0.030271970096694047,0.06295287839652641,2021-05-25,2018-06-15,False,False,False,False,False,0.0,0,0,False,[],骁骞环保
2018-06-30,半年报,2018-08-27,无保留意见,False,282505016.96481526,81147488.51351196,201357528.45130333,0.2872426457602291,1937109.8621133447,859.2756211319162,2967364.9142141305,4993384.138805293,16435079.566769287,8780119.351833398,41698282.58484793,78986035.61874834,40000000,5.0339382112825835,67742311.48822144,59766103.9586549,66266067.09560352,14997403.048223935,0.37493507620559835,13097029.084479636,4113126.649291762,-11497144.997975515,100969599.13932662,93585580.79064286,0.053953002104058866,-0.00580234003243657,-0.009741442268993606,-0.01830666077692497,2021-05-25,2018-09-25,False,False,False,False,False,0.0,0,0,False,[],骁骞环保
2018-09-30,季报,2018-10-27,无保留意见,False,228898364.7040866,49708036.32969439,179190328.3743922,0.21716204217516166,1443415.079614011,703.4868957285934,2147373.7315931465,3609018.8825480524,12732142.190331269,7172625.529300788,37737993.332749,62575205.468980275,40000000,4.479758209359805,76063442.89973389,66911369.3544419,10851359.291680887,11887330.587874953,0.29718326469687384,10207521.993981436,35908464.55977106,-9580576.204857703,80355053.70516391,106682942.06007726,-0.11008875728364971,-0.09719765243640961,-0.07008060358506746,0.22383322870244912,2021-05-25,2018-11-16,False,False,False,False,False,0.0,0,0,False,[],骁骞环保
2018-12-31,年报,2019-03-30,无保留意见,False,241969832.23219186,49563161.07071172,192406671.16148016,0.20483198510114844,1771856.0450740256,774.5286689978037,2529275.050896481,4297190.578878223,15512651.052012945,8644933.290841894,43040110.35788405,72305401.70788507,40000000,4.810166779037004,94509387.0581358,82901588.57947452,67868170.78753237,26351348.79771699,0.6587837199429247,22843170.32147518,29922568.023838498,-9448980.48579546,81975314.21991949,102448901.75796252,0.07375589356292894,0.500704562016994,-0.012330057074013214,-0.028959966392984413,2021-05-25,2019-05-09,False,False,False,False,False,0.0,0,0,False,[],骁骞环保
2019-03-31,季报,2019-04-30,无保留意见,False,267798278.44449615,74956212.13376518,192842066.310731,0.2798980358243811,1870289.7435258161,906.045749926744,3273444.4952185513,5248186.4852431165,17375653.133638598,8513973.548302697,46434045.872213036,79319853.45212926,40000000,4.821051657768275,109165251.696272,96072907.26186833,82877879.41412632,20936949.483051717,0.523423737076293,18816169.546276856,38538063.29393122,-10569851.255737744,91254158.13356553,119222370.17175901,0.002262890089114341,-0.12489575214671092,0.07506605072323269,0.01428370749274761,2021-05-25,2019-06-14,False,False,False,False,False,0.0,0,0,False,[],骁骞环保
2019-06-30,半年报,2019-08-27,无保留意见,False,315188382.02187043,85488186.00003017,229700196.02184024,0.2712288614562522,2077895.1789844031,1064.2012004515511,3433935.365327687,5269333.054374183,17935630.38763445,10136912.676278226,44879840.15438027,85908166.33977056,40000000,5.742504900546006,123831043.96314779,109461045.64647941,0.0,20951131.809822574,0.5237782952455644,19125911.97801584,46510345.742113985,-13267728.725749465,107162571.27401014,140405188.29037467,0.19113116975068534,0.0003738394089170538,-0.008669174368128956,-0.0037345986212522116,2021-05-25,2019-09-19,False,False,False,False,False,0.0,0,0,False,[],骁骞环保
2019-09-30,季报,2019-10-27,无保留意见,True,275808096.6400635,70378089.09633523,205430007.54372832,0.25517049700023997,1730578.1379993283,896.5861487992992,2756275.608932301,4431333.023455014,15415310.364061747,9635741.710972924,41723513.59289784,76865263.61168508,40000000,5.135750188593208,132736103.89559284,117545153.20400096,6636969.621838826,12721514.189207233,0.3180378547301808,11548725.082173642,54924519.94376108,-11580420.944676349,100414489.14029184,143758588.13937658,-0.10566028631427152,-0.2168477520474196,-0.016058364456012223,-0.08286230849168202,2021-05-25,2019-12-03,False,False,False,False,False,0.0,0,0,False,[],骁骞环保
2019-12-31,年报,2020-03-30,无保留意见,False,322305197.11639905,80136583.52836958,242168613.58802947,0.24863571622591185,2119808.4989230484,1062.4053502644633,3392593.9661775236,5346197.475506066,17839495.891515538,10258512.016089419,49208571.18852835,91954157.42668076,40000000,6.054215339700737,134054026.8764441,118754059.04915723,4929572.403978892,1882747.1155017987,0.047068677887544964,1727008.3502232307,53988367.976165436,-12944288.24710978,114088606.80457939,155132686.53363505,0.17883758309496658,-0.3646774859687771,-0.006534780774328101,-0.017438135414917195,2021-05-25,2020-05-18,False,False,False,False,False,0.0,0,0,False,[],骁骞环保
2020-03-31,季报,2020-04-30,无保留意见,True,310033860.8486756,86581442.18636844,223452418.66230714,0.27926447114313097,1932082.2726923162,853.4538428075776,3480302.4598132153,4753461.275902066,18784549.52121158,10170885.451755272,49608821.526790135,87702570.27015308,40000000,5.586310466557679,133946645.58515391,118651178.43630613,113435.41716029617,-153401.84470028058,-0.0038350461175070145,-146972.30407300623,40595149.84212584,-12522312.743529998,109526170.76939724,137599007.8679931,-0.07728579954445201,-0.10783118302370859,0.03062875491721909,-0.09762777066463685,2021-05-25,2020-05-19,False,False,False,False,False,0.0,0,0,False,[],骁骞环保
2020-06-30,半年报,2020-08-27,非标准无保留意见,False,305908641.1106698,72763061.9915636,233145579.1191062,0.23785879904333862,1725354.782242839,827.3082184740433,2876304.17598614,4546228.396805073,14975558.506431341,9116480.954406254,39233389.40842175,78374795.6149785,40000000,5.828639477977655,137870541.28226176,122215811.51823682,7741448.227075593,5605565.281582646,0.14013913203956616,5092332.974186677,13663439.895625968,-11619327.796184903,108047041.05000311,110091153.14944418,0.04337908049877878,0.34184748001905857,-0.04140567209979233,0.006705166043570324,2021-05-25,2020-09-29,False,False,False,False,False,0.0,0,0,False,[],骁骞环保
2020-09-30,季报,2020-10-27,无保留意见,False,285195648.6530915,77349964.93930088,207845683.7137906,0.271217198805822,1836983.709807483,983.140245456371,3378036.4773618816,5109754.080474654,16724683.804316059,9596332.569583593,49070423.76636576,84832669.66782108,40000000,5.196142092844765,140174212.0272214,124363962.01571816,0.0,3290958.2070851773,0.08227395517712943,3068786.424973359,40265324.370288044,-11373070.621585963,95206875.87309699,124099129.62179907,-0.10851544130026482,-0.1023910283005948,0.033358399762483386,0.07566249324951035,2021-05-25,2020-11-24,False,False,False,False,False,0.0,0,0,False,[],骁骞环保
2020-12-31,年报,2021-03-30,无保留意见,False,288705078.53413016,86643648.77804469,202061429.7560855,0.30011127347661753,1947424.992670103,896.9616047492741,3156679.3690587752,4937296.161689236,16738023.14652857,9752106.770533843,46324135.96477487,82921029.741382,40000000,5.0515357439021376,139050782.12410155,123461069.79893011,4616806.073725456,-1604899.861599801,-0.04012249653999503,-1289846.0239829354,53534156.8486312,-12157148.711971797,109109448.67453384,150486456.81119326,-0.02782956015420657,-0.24128274370874447,0.028894074670795543,0.07893076117963316,2021-05-25,2021-04-10,False,False,False,False,False,0.0,0,0,False,[],骁骞环保
2021-03-31,季报,2021-04-30,无保留意见,False,310620223.2468555,88233085.15439287,222387138.09246266,0.2840545416911649,2111158.3347183033,939.4943398409563,3046594.421017003,5564255.489205834,18131518.68652635,10925069.463150902,47923038.069733165,87765421.3181794,40000000,5.559678452311567,137926278.65334257,122512110.25261512,3566080.792649252,-1606433.5296556614,-0.040160838241391536,-1355656.4947356768,10528240.079525346,-12827402.672440764,114972595.2297081,112673432.63679269,0.1005917277776019,-9.962053134265902e-05,-0.016056731785452676,-0.046410907519496565,2021-05-25,2021-06-26,False,True,False,True,False,0.0,4,0,True,"['结合所处行业特点、发展阶段和自身经营模式、盈利水平、偿债能力、资金需求等因素，未进行现金分红或现金分红水平较低原因的说明', '留存未分配利润的预计用途以及收益情况', '是否影响偿债能力、过去十二个月内是否使用过募集资金补充流动资金以及未来十二个月内是否计划使用募集资金补充流动资金等内容', '根据公司盈利能力、融资能力及其成本、偿债能力及现金流等情况披露现金分红方案的合理性，是否导致公司营运资金不足或者影响公司正常生产经营']",骁骞环保
2021-06-30,半年报,2021-08-27,无保留意见,False,304408429.0979692,89141598.64882669,215266830.44914252,0.2928355135006391,1999081.113846265,849.0144142817977,3295709.4009205285,5188533.220929725,16035265.585675498,8685345.350732485,40591668.47278835,81589111.43212958,40000000,5.381670761228563,138571285.53255245,123049834.10270955,3418615.4377320097,921438.3988712877,0.02303595997178219,768176.9287063099,45773802.87485123,-12202485.34224178,104668905.20154758,138240222.73415703,-0.032017623430900574,0.16421613103090096,0.008780971809474212,0.054153038521872275,2021-05-25,2021-10-03,False,True,False,True,False,0.0,1,0,True,"['留存未分配利润的预计用途以及收益情况', '结合所处行业特点、发展阶段和自身经营模式、盈利水平、偿债能力、资金需求等因素，未进行现金分红或现金分红水平较低原因的说明', '是否影响偿债能力、过去十二个月内是否使用过募集资金补充流动资金以及未来十二个月内是否计划使用募集资金补充流动资金等内容', '公司在相应期间是否按照中国证券监督管理委员会相关规定为中小股东参与现金分红决策提供了便利']",骁骞环保
2021-09-30,季报,2021-10-27,无保留意见,False,314303167.2476126,97952499.5021327,216350667.7454799,0.31164973728999773,1959045.6880897346,967.683292025539,3191269.7856104504,4975906.108860837,17582346.19924374,9083318.699185405,47608539.69596973,85741484.7441039,40000000,5.408766693636998,142212440.72239903,126167334.8755151,16114977.11178705,5201650.2712094,0.130041256780235,4453572.532579365,8210214.287471413,-13430547.785622578,105847745.98699188,100627412.48884071,0.0050348550869450575,0.23883193843456668,0.018814223789358646,0.053681846769251765,2021-05-25,2021-11-29,False,False,False,False,False,0.0,0,0,False,[],骁骞环保
2021-12-31,年报,2022-03-30,保留意见,False,341481480.1917263,100784820.11852807,240696660.07319826,0.29513992987831134,2308263.560088837,1071.940126340406,3537999.531084476,5808792.275044218,20132628.181874104,10873117.190381093,53730332.77703838,96560236.31979617,40000000,6.017416501829956,141038796.82622373,124986970.77687609,5253705.822145225,-1676634.137393253,-0.04191585343483132,-1686234.4266271733,54070327.86468915,-14102564.033921065,120018669.48320742,159986433.3139755,0.11253023890067003,-0.3098096008440533,-0.01650980741168637,-0.020080177681721746,2021-05-25,2022-05-03,False,False,False,False,False,0.0,0,0,False,[],骁骞环保
2022-03-31,季报,2022-04-30,无保留意见,False,396385280.34039134,141299133.4357796,255086146.90461174,0.3564691739169542,2425983.6988041815,1120.7215708300444,3912979.4555528867,6175402.265885399,22244829.9206568,13337319.108986963,55990625.0463856,108995780.90897182,40000000,6.377153672615293,140580134.5573715,124575766.44968489,2676216.2417128854,-655231.812646078,-0.01638079531615195,-587434.7531302957,76243978.49264814,-17001105.259130217,150133941.30549455,209376814.53901246,0.05978266099345763,0.06665652532905178,0.06132924403864283,0.03155327745559613,2021-05-25,2022-05-26,False,False,False,False,False,0.0,0,0,False,[],骁骞环保
2022-06-30,半年报,2022-08-27,无保留意见,False,332247216.7658426,79850000.79566415,252397215.97017848,0.24033309164464697,2396208.887376732,945.0345031735628,3347911.1139850914,5421759.277119157,17346400.48935335,10757286.819342662,52272019.07455664,89026682.65047938,40000000,6.309930399254462,138444123.474714,122657305.59577847,13510978.84782127,-3051444.403796416,-0.07628611009491039,-2740658.3627234697,34858973.85566189,-14034072.569642989,131579128.77471793,152404030.06073684,-0.010541266027428645,-0.1466042567067001,-0.11613608227230722,-0.0035909096068148577,2021-05-25,2022-10-17,False,False,False,False,False,0.0,0,0,False,[],骁骞环保
2022-09-30,季报,2022-10-27,无保留意见,False,314811618.79330945,79156890.62135017,235654728.1719593,0.2514420875721263,1956932.7611850433,904.3175331937675,3089188.6678221384,4720802.191746666,17676750.261899352,9554293.56422684,46786195.83382852,85277493.70530172,40000000,5.891368204298983,136745843.0493804,121135167.88638027,7663874.54821378,-2426114.8933337405,-0.060652872333343516,-2174482.441997396,50017645.73792029,-13414700.887184374,111441108.45648406,148044053.30721998,-0.06633388460274207,0.044831130087252306,0.011108995927479342,0.11538120898560511,2021-05-25,2022-12-11,False,False,False,False,False,0.0,0,0,False,[],骁骞环保
2022-12-31,年报,2023-03-30,无保留意见,False,328972742.2118504,81607203.47038329,247365538.74146712,0.24806676359170887,2141477.736123649,991.6195201266352,3243755.3388513145,5133112.819878568,18081715.827146493,10729120.838311398,52960794.65230028,90824471.64510658,40000000,6.184138468536678,137260456.06597707,121597614.25733836,477842.44151010923,735161.4522809535,0.01837903630702384,660637.6727972683,9556604.48468561,-14057586.918212166,114907981.53684297,110406999.10331641,0.04969478295789723,0.21691376887338668,-0.0033753239804174286,-0.12904271294033817,2021-05-25,2023-05-03,False,False,False,False,False,0.0,0,0,False,[],骁骞环保
2023-03-31,季报,2023-04-30,无保留意见,False,334628452.72382975,103619912.96155855,231008539.76227123,0.309656612036743,2123586.453385282,989.747559781775,3305017.2192454347,5474195.882511209,18850935.32884343,11424546.241055304,50494228.32979864,92702357.45223697,40000000,5.77521349405678,132985548.19595684,118002317.85963513,14654238.004607577,-6107011.242886035,-0.15267528107215086,-5136137.711004602,61303490.010142386,-12867820.47832656,125077153.61020958,173512823.1420254,-0.06612480890594594,-0.3857970345280959,0.06158984844503414,0.07976481097060142,2021-05-25,2023-05-26,False,False,False,False,False,0.0,0,0,False,[],骁骞环保
2023-06-30,半年报,2023-08-27,无保留意见,False,335423669.36775374,88348962.0324115,247074707.33534223,0.2633951330833095,2140775.6566001293,1008.5734509095876,3279384.790605671,5241309.076741433,17738069.84183308,9763549.834381368,44053370.92045263,88444973.39892225,40000000,6.176867683383556,131879183.58904819,117027610.18883623,1514436.5680755733,-1580520.867012361,-0.039513021675309026,-1392439.529712715,63409509.113859095,-12827969.34450319,129710037.5599507,180291577.3293066,0.06954793787971882,0.41554163662544175,-0.046261478953433556,-0.04182371271100795,2021-05-25,2023-09-26,False,False,False,False,True,0.0,0,0,False,[],骁骞环保
2023-09-30,季报,2023-10-27,无保留意见,False,392254322.23563266,103022805.02551876,289231517.2101139,0.2626428803597262,2289670.2399619864,1224.62343057534,3951234.576100425,5995766.995112714,22192912.998814445,12197016.699490495,59680626.82622214,105941687.80403265,40000000,7.2307879302528475,137181587.51417148,121580262.95741001,34531929.12059409,7574862.750176135,0.1893715687544034,6503789.669391091,71183586.03225157,-15771255.297982229,151886054.37158814,207298385.1058575,0.17062373696371247,0.5937544023521483,-0.0007522527235832405,0.016459637413147633,2021-05-25,2023-12-16,False,False,False,False,False,0.0,0,0,False,[],骁骞环保
2023-12-31,年报,2024-03-30,无保留意见,False,476129495.65716064,177936208.04242405,298193287.6147366,0.37371389436152025,3145981.2592155472,1379.0193266761157,5073777.822620932,8092175.940515074,27692653.18743287,14156636.904809855,72471101.63955575,131191327.87709157,40000000,7.454832190368416,131578470.8637072,116695258.32023405,38021850.327486224,-8004452.357806103,-0.20011130894515258,-6978578.053108499,75129821.18658149,-19745000.973149046,175579415.22434485,230964235.43777728,0.030984764354405905,-0.633953290659602,0.11107101400179399,0.022815449633497156,2021-05-25,2024-04-18,False,False,False,False,False,0.0,0,0,False,[],骁骞环保
2024-03-31,季报,2024-04-30,非标准无保留意见,True,402618671.1502099,138903853.82265615,263714817.32755378,0.3450010239858786,2798244.1081190156,1345.9076549534416,4578439.221796817,7661825.001015868,24594476.1741485,13432135.582616728,66693596.54781448,124107119.94823587,40000000,6.592870433188844,124499532.05715121,110351973.74235941,15823225.872471713,-10112769.723651398,-0.25281924309128495,-9061835.111249479,42556391.016097784,-16970510.36038259,128549333.95521756,154135214.61093274,-0.1156245687586661,-0.23437343113566184,-0.028712870375641623,0.03236292069163356,2021-05-25,2024-06-28,False,False,False,True,True,0.0,0,0,False,[],骁骞环保
2024-06-30,半年报,2024-08-27,无保留意见,False,468329732.4063877,160530128.15566233,307799604.2507253,0.3427715924223324,3044996.501012663,1418.1612418717914,4730307.8783973865,7926857.789955884,26426381.940090314,14792096.454954851,71655174.66138254,128004587.3889281,40000000,7.694990106268134,116806497.30676937,104260364.52296655,27903173.439944513,-10990049.643402625,-0.2747512410850656,-8702298.884846948,29268725.329982735,-18567262.91297803,157174388.40968478,167875850.82668948,0.16716841082317674,-0.12737775340021468,-0.0022294315635461746,0.017948322992271212,2021-05-25,2024-10-12,False,False,False,False,False,0.0,0,0,False,[],骁骞环保
2024-09-30,季报,2024-10-27,无保留意见,False,434977900.2823818,164004384.61942443,270973515.6629574,0.3770407289955536,2766104.0149538894,1223.513196300156,4101168.1298892987,7044203.826748196,25377758.57935157,12559767.225526681,58936269.15074136,115447316.88869947,40000000,6.774337891573934,109507744.68305995,97566460.50950009,18678546.57454439,-10426789.46244203,-0.26066973656105075,-9562720.019237788,22219231.58444441,-18710161.968984455,156309766.02301836,159818835.6384783,-0.11964306672002874,0.09372127015030698,0.034269136573221164,-0.12186360492987527,2021-05-25,2024-12-05,False,False,False,False,False,0.0,0,0,False,[],骁骞环保
2024-12-31,年报,2025-03-30,无保留意见,False,455381426.5494113,153116210.67052725,302265215.878884,0.3362372765853535,2289191.692679156,1087.0946078628735,4430401.327784299,6359898.130293702,22754823.351729095,11589559.059628015,60677171.712098755,107218607.30844592,40000000,7.556630396972101,105026709.94403884,93784061.2777812,12651860.603705028,-6401478.198601589,-0.16003695496503972,-5403427.473884117,72558802.74556156,-18677871.116792727,166825338.36427808,220706269.9930469,0.11547881400648731,0.6123813075574925,-0.0408034524102001,-0.020828654509217774,2021-05-25,2025-04-14,False,True,False,False,False,0.0,2,0,True,"['结合所处行业特点、发展阶段和自身经营模式、盈利水平、偿债能力、资金需求等因素，未进行现金分红或现金分红水平较低原因的说明', '根据公司盈利能力、融资能力及其成本、偿债能力及现金流等情况披露现金分红方案的合理性，是否导致公司营运资金不足或者影响公司正常生产经营', '是否影响偿债能力、过去十二个月内是否使用过募集资金补充流动资金以及未来十二个月内是否计划使用募集资金补充流动资金等内容', '结合前述财务报表列报项目的具体情况说明现金分红方案确定的依据及未来增强投资者回报的规划']",骁骞环保
2017-03-31,季报,2017-04-30,保留意见,False,282551296.1832609,104025464.05626927,178525832.12699166,0.368164880011023,292.073376737386,0.2676472949781623,23661828.07766647,55546965.82388473,0.010680568895969125,1561449.7040463588,20686309.931278843,98844479.04621214,40000000,4.4631458031747915,2460105.732340168,2295223.2095377757,11497798.992417896,3514436.7604859546,0.08786091901214886,3278890.2993396795,40498090.11606393,14937149.609376846,-29839467.881101776,25595771.844339002,-0.008189821516712971,0.1396909311381085,0.068164880011023,0.09445477372984533,2021-03-05,2017-05-17,False,False,False,False,False,0.0,0,0,False,[],泓瀚生物
2017-06-30,半年报,2017-08-27,无保留意见,False,304895688.1934041,116437423.28916962,188458264.90423447,0.3818926531204666,319.5819070430521,0.2705948736880832,26396079.460847363,56024971.19470018,0.012096717689306495,1595166.084948985,21849390.97434729,103103986.18823078,40000000,4.711456622605862,14685529.37992659,12969525.75187853,21801944.09694722,17464890.92512346,0.4366222731280865,15249003.631915363,59652030.47770756,15155210.802579977,-31752998.41944274,43054242.86084479,0.055635829610235464,0.680031059468729,0.01372777310944361,0.13321711032436437,2021-03-05,2017-09-28,False,False,False,False,False,0.0,0,0,False,[],泓瀚生物
2017-09-30,季报,2017-10-27,非标准无保留意见,False,361252297.54509676,151580657.09476706,209671640.4503297,0.4195977662283091,369.7111138355718,0.3386231957207426,30498794.7788749,63486077.55761555,0.015209288917779786,2041853.3214198456,28233264.495246407,126275656.67122926,40000000,5.241791011258242,8797510.421267757,7667753.3986307755,32998116.781858515,-8411455.655226905,-0.21028639138067262,-7573960.504639649,57400959.14688328,17532140.4274438,-35924006.48762204,39009093.086705044,0.11256272340655829,-0.7508030893400447,0.03770511310784248,-0.07122802507819484,2021-03-05,2017-11-23,False,False,False,False,False,0.0,0,0,False,[],泓瀚生物
2017-12-31,年报,2018-03-30,保留意见,False,386923163.58648026,163294134.15715864,223629029.4293216,0.4220324589604499,398.2967060858492,0.34539293986429437,31875971.078514107,70273099.48259126,0.016494979648102828,2107709.3165842365,29742517.329517893,139433437.09753034,40000000,5.59072573573304,2278944.7851659656,1467885.3816306102,15911119.487342514,-9312236.623002559,-0.23280591557506397,-8856954.310000237,45345646.05449588,20292995.0818786,-38553133.81133873,27085507.325035743,0.06656784364835609,-0.1048816809479316,0.0024346927321408245,0.016228391382822026,2021-03-05,2018-04-28,False,False,False,False,False,0.0,0,0,False,[],泓瀚生物
2018-03-31,季报,2018-04-30,无保留意见,False,347233111.9576378,120106296.2936066,227126815.66403118,0.3458952852061513,358.80991502998825,0.29688912235059856,27368686.456370004,66378506.486444205,0.013944785193911808,1874686.5071206698,25739161.343699697,122974674.12677145,40000000,5.678170391600779,-2009727.0895426995,-2296222.3748654188,6318467.454434333,-6126674.106726665,-0.15316685266816663,-5377296.794994327,36597569.68046581,17509829.909331817,-34939188.924788535,19168210.665009096,0.01564102050451844,0.41436791951836305,-0.07613717375429856,0.059954373653964846,2021-03-05,2018-05-16,False,False,False,False,False,0.0,0,0,False,[],泓瀚生物
2018-06-30,半年报,2018-08-27,无保留意见,False,392043539.0792216,131473354.15290147,260570184.9263201,0.3353539621177999,426.1274077857478,0.36858832432138866,33379586.282941993,73378492.30912574,0.014791269996045865,2187525.00028234,30416685.729782924,141576622.83356547,40000000,6.514254623158003,-7333646.962648049,-7026693.347088333,36960265.565661415,-7605599.818721928,-0.1901399954680482,-6757815.674604163,36019951.60977767,20220091.291464534,-42009293.73815923,14230749.163082965,0.14724535790506924,-0.13601410704614156,-0.010541323088351463,0.0005037375589817233,2021-03-05,2018-10-06,False,False,False,False,False,0.0,0,0,False,[],泓瀚生物
2018-09-30,季报,2018-10-27,保留意见,False,356670896.2118125,136614687.45411056,220056208.75770196,0.38302729183987183,388.09237543221326,0.33290156432910256,34171789.57747903,69210394.86705917,0.013634757162298776,2097870.36929312,25786986.409624822,127311032.81361488,40000000,5.501405218942549,-13791138.193564083,-12290635.441916442,22110739.11813965,-9224987.472737195,-0.23062468681842987,-7519917.278325871,44665005.79285691,18861506.384029496,-38338011.90073236,25188500.27615405,-0.1554820102694177,-0.1723779722778379,0.04767332972207193,0.06716094017530433,2021-03-05,2018-12-08,False,False,False,False,False,0.0,0,0,False,[],泓瀚生物
2018-12-31,年报,2019-03-30,无保留意见,False,345796337.99236494,122246117.72376609,223550220.26859885,0.35352056772349405,380.9177379975875,0.2936389503541126,31332983.30454592,68259163.31709942,0.014634439425924272,2021947.9053309243,26075369.557708625,126763795.6373478,40000000,5.588755506714971,-16453081.135013146,-14542370.038808899,7482115.570430789,-3802775.630641518,-0.09506939076603796,-3216763.7098463657,28218880.699013647,15183252.632904552,-35030296.53153292,8371836.800385274,0.01587781381230671,0.6973894669729319,-0.029506724116377763,0.0633293260752163,2021-03-05,2019-04-14,False,False,False,False,False,0.0,0,0,False,[],泓瀚生物
2019-03-31,季报,2019-04-30,非标准无保留意见,False,412143875.01553005,168617529.00967926,243526346.0058508,0.4091229767840795,420.326698630276,0.37903424938622693,35185994.14807163,79138733.63133295,0.017062241074965418,2297225.2197984206,30145854.817533735,145991283.28306276,40000000,6.08815865014627,-15962301.552469252,-14126175.346299512,2232798.226217319,701113.689348422,0.01752784223371055,594563.8464419789,24922713.3739721,22152570.79400907,-41881901.77899809,5193382.388983078,0.08935855984955128,0.34127549808482005,0.05560240906058548,-0.08699700763208121,2021-03-05,2019-06-14,False,False,False,False,False,0.0,0,0,False,[],泓瀚生物
2019-06-30,半年报,2019-08-27,保留意见,False,446647260.02497923,198051925.78850287,248595334.2364764,0.44341909939719903,453.09470548282826,0.41944192575342987,44513445.69344563,96160968.43478353,0.017513441837345142,2562484.1548259915,31560493.09558622,166141371.5617953,40000000,6.21488335591191,-14770755.533440836,-13056796.050645465,3072043.1207312387,1702208.5986120217,0.04255521496530054,1527684.708077212,11535773.406858463,21399606.448250595,-45047494.1618092,-12112114.30670014,0.020814948007735617,0.05655547593403726,0.03429612261311951,0.0974290606866583,2021-03-05,2019-10-07,False,False,False,False,False,0.0,0,0,False,[],泓瀚生物
2019-09-30,季报,2019-10-27,无保留意见,False,376647088.09652483,160102715.2967281,216544372.79979676,0.4250735512276095,379.42958564805497,0.3342348805976562,30634885.442628074,68829258.75518088,0.015441644554835465,2025238.8553916272,29717264.79623775,127693788.34274404,40000000,5.413609319994919,-13970712.922837276,-12369273.598451823,1545922.510064574,1142918.015147943,0.028572950378698576,982174.9317052042,24485856.83469051,18056537.357088804,-38747649.273058675,3794744.9187206402,-0.1289282501424229,-0.029905055358305954,-0.018345548169589592,0.21982538120565018,2021-03-05,2019-12-16,False,False,False,False,False,0.0,0,0,False,[],泓瀚生物
2019-12-31,年报,2020-03-30,无保留意见,False,477247600.53266764,225971393.98881885,251276206.54384878,0.47348880064898535,466.6417020577747,0.3794759710585096,37346025.77801769,84543500.59744665,0.01853429934546905,2206895.3306150236,31974580.340431027,159210118.26336846,40000000,6.281905163596219,-15226304.57999995,-13487087.118379919,6197476.879592791,-1793702.3673752453,-0.04484255918438113,-1596876.4570401395,67881534.39449334,21716587.2115977,-50815984.649022736,38782136.9570683,0.16039130130692847,-0.1618604228973164,0.04841524942137592,-0.050443417664120624,2021-03-05,2020-05-09,False,False,False,False,False,0.0,0,0,False,[],泓瀚生物
2020-03-31,季报,2020-04-30,无保留意见,False,407596715.9217424,181139505.61867633,226457210.30306605,0.4444086484088716,395.9666633514213,0.3096841364347311,28417196.45919356,68641068.29564948,0.014848209415849564,1986855.6608444627,24776846.11713661,130458782.79403602,40000000,5.661430257576651,-16151293.589229587,-14274029.126979828,2023462.2378439363,-1321412.8703280557,-0.03303532175820139,-1124202.8694284407,78118221.05146146,20808377.21891189,-41795993.91801526,57130604.35235809,-0.09877177223483637,0.031058809215591204,-0.02908015224011375,0.027342086146796635,2021-03-05,2020-06-12,False,False,False,False,False,0.0,0,0,False,[],泓瀚生物
2020-06-30,半年报,2020-08-27,非标准无保留意见,False,561116220.8985164,285440838.90168256,275675381.9968339,0.5087018130479379,582.5952581195329,0.5496654568491903,48397447.58923723,109828101.92110935,0.022837689977577205,3455596.1501156543,45585545.771850035,210259686.67538154,40000000,6.891884549920848,-20231055.27692745,-17954364.3470269,28143619.50800528,-5828230.9824255165,-0.1457057745606379,-5257621.7429243885,40910345.59219791,29451909.616988067,-55534703.09273324,14827552.116452731,0.21733983046024286,-0.28745052566428286,0.06429316463906636,0.0017431734007380345,2021-03-05,2020-09-06,False,False,False,False,False,0.0,0,0,False,[],泓瀚生物
2020-09-30,季报,2020-10-27,无保留意见,False,683700682.1929917,373065878.8950933,310634803.29789835,0.5456567305132308,650.4553439312913,0.5350838145632069,55634686.37218206,121036474.3853346,0.02379028194270748,3555767.3838630915,47756463.89665963,220002420.2629639,40000000,7.765870082447459,-24222475.88443432,-21916153.16506904,22172328.88246019,-5702029.439295532,-0.1425507359823883,-5659698.311488769,91717295.10649137,33105824.99627756,-77395200.53982379,47427919.56294514,0.1268137221678571,0.011296469066935856,0.03695491746529284,-0.09521054851889695,2021-03-05,2020-12-15,False,False,False,False,False,0.0,0,0,False,[],泓瀚生物
2020-12-31,年报,2021-03-30,无保留意见,False,726306907.7663383,452512162.6219611,273794745.14437723,0.6230316107189493,737.0166874781823,0.6159357830671238,61878605.87470033,140663850.89806518,0.027546364348187524,4196428.6171277575,53204282.24364954,249432200.05938256,40000000,6.844868628609431,-30031448.39671989,-26882431.3021895,21981879.043092802,-8298532.16040796,-0.20746330401019902,-7094683.053029224,21370547.03890758,37381294.39255656,-75906997.25858422,-17155155.827120073,-0.1185960419193323,-0.22982027676221228,0.0773748802057184,0.08753639313436914,2021-03-05,2021-04-15,False,False,False,False,False,0.0,0,0,False,[],泓瀚生物
2021-03-31,季报,2021-04-30,无保留意见,False,940940161.9558628,632419542.1173362,308520619.8385266,0.6721145166157776,1047.5511202600678,0.8557838401387892,81113919.64092904,170597144.4722213,0.036274211027608264,4859864.111261151,76928424.66946778,330610168.19482183,40000000,7.713015495963165,-35563314.766428426,-32155296.995373487,35777494.111696206,-7902666.242440766,-0.19756665606101914,-7532665.275977125,39769505.07709703,46954208.54951768,-86840631.76211679,-116918.13550207019,0.1268317793164282,0.045494154005372205,0.04908290589682829,0.11119313760852224,2021-03-05,2021-06-07,False,False,False,False,False,0.0,0,0,False,[],泓瀚生物
2021-06-30,半年报,2021-08-27,无保留意见,False,877161190.8579223,541330808.9995916,335830381.85833067,0.6171394888893043,869.9765252085809,0.6887210420083457,75452058.18320628,153528229.32683074,0.033056139796865745,4019763.9056876786,60158076.901505455,285915138.1791203,40000000,8.395759546458267,-37009210.17523731,-33410242.762211,6789338.714295465,-2065564.86972698,-0.051639121743174504,-1792779.666910727,91863665.58755271,43555555.265617885,-85776193.60043578,49643027.252734825,0.08851843365962846,0.6416277041461264,-0.054975027726473315,0.11711837344798395,2021-03-05,2021-10-05,False,False,False,False,False,0.0,0,0,False,[],泓瀚生物
2021-09-30,季报,2021-10-27,无保留意见,False,642755468.6265177,320959719.5811501,321795749.04536754,0.4993496520021806,605.910183540878,0.5152614601218128,52128588.59599879,121465092.72278103,0.02353399632958105,3351960.3323774794,42502666.680035084,211227429.10305008,40000000,8.04489372613419,-39570061.65939219,-35533575.07533484,5987308.818371604,-3658359.2630784027,-0.09145898157696007,-3033331.875891199,76178766.30364263,30983369.431385286,-62612089.69301298,44550046.04201493,-0.04179083719377014,-0.10665246990980795,-0.11778983688712356,0.012240906412041981,2021-03-05,2021-12-17,False,False,False,False,False,0.0,0,0,False,[],泓瀚生物
2021-12-31,年报,2022-03-30,无保留意见,False,743066969.710783,412518943.2644545,330548026.44632846,0.5551571528270398,784.526098547817,0.6125803560709865,56091467.1551976,144630513.72066662,0.0287426816246486,4317578.811110215,53269104.43479531,262438646.0081634,40000000,8.263700661158211,-37832724.71304967,-33915641.97517201,3150798.7514774324,2481909.9233464636,0.06204774808366159,2311333.0002326085,118296083.07046358,36449603.5669763,-74029685.0846268,80716001.55281308,0.027198238096448713,0.4602334381132236,0.055807500824859205,0.0015339109263408119,2021-03-05,2022-05-22,False,False,False,False,False,0.0,0,0,False,[],泓瀚生物
2022-03-31,季报,2022-04-30,无保留意见,True,798516680.202245,471657570.75862783,326859109.4436172,0.5906671487928947,802.2950195667597,0.6874469412393439,73837628.977765,155219388.96140552,0.03308918738923086,4642254.298428865,58685081.9240774,288027123.2180871,40000000,8.17147773609043,-38281106.50397975,-34360801.515074745,970121.9982176753,-640545.4156143982,-0.016013635390359954,-635942.1998610519,47267057.947415784,36353805.59923312,-80462508.63866565,3158354.9079832584,-0.011160003108686636,-0.1602746009629692,0.03550999596585487,0.07822115586954642,2021-03-05,2022-06-14,False,False,True,True,False,0.0,0,4,True,"['公司为增强投资者回报水平拟采取的措施', '充分披露高送转的主要考虑及其合理性且送转股后每股收益不低于0.5元']",泓瀚生物
2022-06-30,半年报,2022-08-27,无保留意见,False,659008424.1417689,306841740.8479092,352166683.29385966,0.46561125716641827,709.4312441107064,0.5766114633011797,55316325.34031106,119843346.12045212,0.02397598964446497,3329383.687571923,48490322.672194205,228402519.20173356,40000000,8.804167082346492,-26095615.140583713,-23418235.900843576,70782095.90205373,17407844.80485148,0.435196120121287,15632236.591758816,100854790.80100377,34216083.88849555,-73163504.77386901,61907369.91563031,0.07742655204966206,1.1032391164001454,-0.12505589162647637,0.06093591296289606,2021-03-05,2022-09-25,False,False,False,True,False,0.0,0,0,False,[],泓瀚生物
2022-09-30,季报,2022-10-27,无保留意见,False,732024813.5557487,351553477.2949072,380471336.26084155,0.480248033652392,806.0036125600775,0.6485210327874367,62906086.02405063,148406377.84253514,0.028660593684851483,4429497.607897284,53981647.367988884,270742810.0201838,40000000,9.511783406521038,-11336417.739739276,-9211205.702021252,47072977.34578442,21084567.715492055,0.5271141928873013,20295757.426889036,136078904.51040635,34919285.42175562,-78996464.49078241,92001725.44137955,0.08037288678828143,0.10685711155387924,0.014636776485973661,0.048842654929457205,2021-03-05,2022-12-17,False,False,False,False,True,0.0,0,0,False,[],泓瀚生物
2022-12-31,年报,2023-03-30,无保留意见,False,674889415.6560197,313920615.80027604,360968799.85574365,0.4651437828449755,700.6367211785731,0.6051600616869155,58174412.19073155,124724504.17755711,0.02974762120748647,3592255.393888826,49614322.24133975,243776771.39428598,40000000,9.02421999639359,4014557.603278601,4925527.162121358,50085833.699295744,21929964.775739826,0.5482491193934956,20195332.663060874,31852908.273037463,32326893.89213415,-74256508.96225105,-10076706.797079444,-0.051258884826286745,0.022197890404408695,-0.015104250807416479,-0.07779632707406041,2021-03-05,2023-04-27,False,False,False,False,False,0.0,0,0,False,[],泓瀚生物
2023-03-31,季报,2023-04-30,非标准无保留意见,False,679692238.2802515,324567157.81220704,355125080.46804446,0.47752076532964777,725.191749492097,0.5799347036673532,55792252.58860232,125368627.71553913,0.026785102590178814,3686133.099795513,48480186.79275764,234886933.40267473,40000000,8.878127011701112,11713729.72834576,11796890.118388588,43111595.62014288,10998817.321524512,0.2749704330381128,9816232.794667473,106712446.97552843,32531930.33601578,-63327809.22037335,75916568.09117086,-0.016188987497076108,-0.28079006793829236,0.012376982484672294,0.07255006699894297,2021-03-05,2023-06-25,False,False,False,False,True,0.0,0,0,False,[],泓瀚生物
2023-06-30,半年报,2023-08-27,非标准无保留意见,False,606409818.8203547,311246387.5949787,295163431.22537595,0.5132607981190747,672.4329036932073,0.5213954827143831,50685220.79490278,104513338.9683589,0.02410411817565708,3146244.06249815,43244049.75386662,206364051.9614236,40000000,7.379085780634399,12262427.238720993,12332256.760867523,2980069.3697653282,783853.586250335,0.019596339656258375,764809.4892556233,105277358.84243809,30237188.309789497,-62185322.10370773,73329225.04851985,-0.16884656291704545,-0.36483554351494957,0.03574003278942695,0.08928051771181474,2021-03-05,2023-10-17,False,False,False,True,False,0.0,0,0,False,[],泓瀚生物
2023-09-30,季报,2023-10-27,无保留意见,False,621264693.2228968,308513170.6473289,312751522.5755679,0.49658893224218814,660.1497455128587,0.5451251533435387,51524921.89075371,113912958.05709809,0.025411988454589193,3519704.8741116785,51354625.94950394,222613862.00312763,40000000,7.818788064389198,6840457.976916909,7524055.981349525,30050832.747037783,-7745670.3740058355,-0.19364175935014588,-6868858.256454283,75957752.30109048,31556427.485657163,-64335262.263268545,43178917.52347909,0.059587636846389555,-0.47962180518910746,-0.016671865876886592,0.0220387144715342,2021-03-05,2023-12-03,False,False,False,False,False,0.0,0,0,False,[],泓瀚生物
2023-12-31,年报,2024-03-30,无保留意见,False,674063712.1064186,390042760.0793752,284020952.0270434,0.5786437588525708,693.3738210815843,0.5892163237198262,57108002.65375448,119400394.03443328,0.02719315617887465,3711626.605835175,49451653.39615391,223845622.08218455,40000000,7.100523800676085,4703860.660491421,5664113.093392233,3652711.943832501,-3052281.8806078397,-0.07630704701519599,-2657061.268510417,96402862.88440347,33432235.743713386,-73415506.90490645,56419591.723210394,-0.09186388706255635,0.5071559673231111,0.08205482661038263,0.007342681015691864,2021-03-05,2024-04-17,False,False,True,True,False,0.0,0,8,True,['结合前述财务报表列报项目的具体情况说明现金分红方案确定的依据及未来增强投资者回报的规划'],泓瀚生物
2024-03-31,季报,2024-04-30,无保留意见,False,665724292.7980907,352488731.6766212,313235561.12146956,0.5294815518825124,708.006454051114,0.5607966685382003,51652072.685394295,121178788.14686348,0.026558091684606794,3548297.850577137,44577075.720296726,232441840.24670216,40000000,7.830889028036739,5639428.39206305,6471727.258111019,5844772.19338532,1336525.3308166116,0.03341313327041529,1153734.521026836,128274893.25983667,32337343.67594134,-64986349.05694313,95625887.87883489,0.10286075335612724,0.3146613068787567,-0.049162206970058235,0.07676035409722858,2021-03-05,2024-06-11,True,False,True,False,False,1517140.7603696552,0,8,True,"['充分披露高送转的主要考虑及其合理性且送转股后每股收益不低于0.5元', '是否影响偿债能力、过去十二个月内是否使用过募集资金补充流动资金以及未来十二个月内是否计划使用募集资金补充流动资金等内容', '结合前述财务报表列报项目的具体情况说明现金分红方案确定的依据及未来增强投资者回报的规划', '结合所处行业特点、发展阶段和自身经营模式、盈利水平、偿债能力、资金需求等因素，未进行现金分红或现金分红水平较低原因的说明']",泓瀚生物
2024-06-30,半年报,2024-08-27,无保留意见,False,482803731.5287673,207611546.15125197,275192185.3775153,0.4300123064373658,475.8156187777328,0.4034224273340779,40082432.875094794,79657851.6489842,0.018181509489297313,2301620.2227092413,33149863.62323034,156338191.04291907,40000000,6.879804634437883,3574587.431445228,4603751.723300797,10745197.588848801,-2949772.800882602,-0.07374432002206505,-2668536.478300317,90349141.83454938,23899434.03913519,-46358075.110083856,67890500.7636007,-0.12145292701680646,-0.23375738065791576,-0.0994692454451467,0.05501473710079947,2021-03-05,2024-09-13,False,False,True,True,True,0.0,0,9,True,"['上市公司控股子公司向母公司实施利润分配的情况', '充分披露高送转的主要考虑及其合理性且送转股后每股收益不低于0.5元', '是否影响偿债能力、过去十二个月内是否使用过募集资金补充流动资金以及未来十二个月内是否计划使用募集资金补充流动资金等内容', '留存未分配利润的预计用途以及收益情况']",泓瀚生物
2024-09-30,季报,2024-10-27,无保留意见,False,502666790.8150786,210772260.34024668,291894530.47483194,0.41930810666540674,523.6470811335882,0.4746145837796905,41915997.21500759,92127818.14783384,0.019265479708094804,2604366.6406884557,34285142.205732934,172574100.51430705,40000000,7.297363261870799,-3032594.5891790655,-1238834.2194824568,28785425.117959313,-9438831.458034705,-0.23597078645086764,-8346551.34683322,88723812.18647742,25965762.25694851,-53565330.14930662,61124244.294119306,0.06069338442297682,-0.46184724027521273,-0.01070419977195906,0.025106687711985057,2021-03-05,2024-11-14,False,False,False,False,False,0.0,0,0,False,[],泓瀚生物
2024-12-31,年报,2025-03-30,无保留意见,False,522023410.48055077,224946989.65424162,297076420.82630914,0.4309136049035919,493.8360085085989,0.4128366845035527,40430513.86104197,84255603.90327579,0.018140093066259435,2389609.175953489,38261210.28952283,168325513.15457255,40000000,7.426910520657729,-8438100.219788522,-6204761.229322141,25944800.233659167,-7722150.900870653,-0.1930537725217663,-7094181.44262812,45718166.663857795,24277747.30669505,-56453864.542997815,13542049.427555032,0.017752612024102343,0.22703905456362883,0.011605498238185125,0.12235506087800536,2021-03-05,2025-04-27,False,False,False,False,False,0.0,0,0,False,[],泓瀚生物
2017-03-31,季报,2017-04-30,无保留意见,False,261172307.15334556,77496201.85956368,183676105.29378188,0.29672442191224474,52509945.5009958,201322.2628739465,5.91354234050107e-05,44893838.853459716,2658123.2888668706,146310.1654024158,1195208.8775011864,99342713.82751037,40000000,4.591902632344547,2346096.877595915,1961478.8081697067,10620614.43512389,3351566.9679941647,0.08378917419985411,2802112.5830995813,-51016647.46779374,-40814462.58463601,-4937537.716792341,-96768647.7692221,0.020422807187677184,0.13064260933300903,-0.0032755780877552275,0.021768993128203646,2021-01-01,2017-06-10,False,False,False,False,False,0.0,0,0,False,[],钧璞食品
2017-06-30,半年报,2017-08-27,保留意见,True,252592121.42204374,60341871.40077603,192250250.0212677,0.23889055233022793,45767317.490136564,207036.80920020508,6.366822666590332e-05,42851038.38128094,2685041.0254776003,169403.4781682225,1135667.7673885946,98783311.81929162,40000000,4.806256250531693,6323952.148159575,5329518.6745471535,26141966.581667896,5682650.386519514,0.14206625966298786,4811485.523396352,-23340780.62093919,-39659079.436387256,-4807379.681225458,-67807239.73855191,0.04668078470943121,0.11454073399809088,-0.05783386958201684,0.07375166716647893,2021-01-01,2017-09-20,False,False,False,False,False,0.0,0,0,False,[],钧璞食品
2017-09-30,季报,2017-10-27,无保留意见,False,263238562.66311234,70166290.89807297,193072271.76503938,0.26655019761626053,50281377.10086316,213822.96671856218,6.633781921398209e-05,46725805.70579623,2886955.9568429054,188554.05784591913,1197808.6451468447,107642576.7565044,40000000,4.826806794125985,12541712.647917125,11061272.401089076,19747402.83531297,8882514.999653645,0.2220628749913411,8188219.6093456065,-21012719.05394524,-40950055.561650224,-4998774.104706956,-66961548.72030242,0.004275790245686119,0.14107101941825279,0.02765964528603258,0.09469737678397787,2021-01-01,2017-11-06,False,False,False,False,False,0.0,0,0,False,[],钧璞食品
2017-12-31,年报,2018-03-30,无保留意见,False,234398271.7448677,61928287.23245531,172469984.5124124,0.26420112559473796,39810204.78259696,193433.5966985449,5.8985311538935266e-05,42902611.346480794,2260112.656611002,157550.87519316288,1086804.873456311,90610240.35066527,40000000,4.31174961281031,30114297.002540138,25543393.659895666,19924347.905597713,25103691.93517573,0.6275922983793933,20688744.655437984,-45657876.5026128,-37494741.6707082,-4594710.700026976,-87747328.87334798,-0.10670764405620646,0.6267233665561154,-0.0023490720215225283,-0.020290362177480578,2021-01-01,2018-04-18,False,False,False,False,False,0.0,0,0,False,[],钧璞食品
2018-03-31,季报,2018-04-30,保留意见,False,224612637.10642028,44922527.42128406,179690109.68513623,0.2,40309307.043026835,172418.03127030746,5.4800664077136526e-05,44782563.31321464,2343400.809096768,148966.28211610916,1046107.1975789301,86611925.31045528,40000000,4.4922527421284055,64955310.10450537,52813613.37020645,220256351.59450313,49772875.85995033,1.2443218964987581,38957456.72901541,-39897203.95402615,-38003253.78468058,-3987575.3768882193,-81888033.11559495,0.04186308239741391,0.5859149825330306,-0.07430401689930326,-0.06522206892724491,2021-01-01,2018-05-15,False,False,False,False,False,0.0,0,0,False,[],钧璞食品
2018-06-30,半年报,2018-08-27,无保留意见,False,219956532.4749315,47170267.52040184,172786264.95452967,0.21445267839807325,45155449.51834376,178401.6181595305,5.5278835135914946e-05,47477798.14046783,2608085.9172344776,164920.08793471672,1177983.179243812,94969779.9672816,40000000,4.319656623863242,81604569.93126765,68058839.00106828,35761190.584529914,23784656.895374686,0.5946164223843672,21778893.758374058,-26701197.576093275,-35478163.74423169,-4326325.29011975,-66505686.610444725,-0.038420838757925437,-0.38920323005232577,0.024555569702638513,0.1026364072342146,2021-01-01,2018-10-15,False,False,False,False,False,0.0,0,0,False,[],钧璞食品
2018-09-30,季报,2018-10-27,无保留意见,False,217712242.70620042,43542448.54124008,174169794.16496035,0.2,37373101.437671766,169468.38628580372,5.108581004711297e-05,42456555.08369781,2354892.6819864293,145952.99574015258,1085254.444546075,85703669.18300648,40000000,4.354244854124009,94619905.17509125,79206989.91785742,17347150.789778076,18593336.062605128,0.4648334015651282,15925929.881127339,-4376779.658023399,-36842640.90380818,-4020105.1868785825,-45239525.74871016,0.008007171234326791,-0.1272861224770606,-0.016685140436355855,-0.045545064473840206,2021-01-01,2018-12-18,False,False,False,False,False,0.0,0,0,False,[],钧璞食品
2018-12-31,年报,2019-03-30,无保留意见,False,240726203.62086272,70666073.7075609,170060129.91330183,0.2935537247073362,44750855.58882116,180848.67883518015,5.593180618743003e-05,43284126.97098628,2763201.6165555874,150348.9816039539,1133953.474071207,94793597.553339,40000000,4.251503247832546,97617579.14026992,81733788.22235274,8750216.152983466,4282391.378826674,0.10705978447066686,3609711.8635647427,-25738964.516651258,-35718256.8044193,-4693748.442059134,-66150969.763129696,-0.023595734675819813,-0.40206809102150276,0.09578618674561883,-0.09026228390498749,2021-01-01,2019-05-24,False,False,False,False,False,0.0,0,0,False,[],钧璞食品
2019-03-31,季报,2019-04-30,保留意见,False,251080903.48810723,73837194.53013974,177243708.9579675,0.2940773013971456,44710420.91374237,187722.7042780697,5.6858856570394824e-05,45309548.86812241,2620983.2671487266,145210.58095862647,1086147.1613183443,94421156.32820025,40000000,4.431092723949187,111277153.51413202,94525718.0833593,66405341.81069051,19513677.676945865,0.4878419419236466,18274185.51572364,-33095345.42415399,-40078528.39965799,-4662898.865866633,-77836772.68967861,0.042241406309214864,0.7156755097207933,0.0005235766898093857,-0.1522406002757892,2021-01-01,2019-06-04,False,False,False,False,False,0.0,0,0,False,[],钧璞食品
2019-06-30,半年报,2019-08-27,无保留意见,False,230076488.76943564,46015297.753887124,184061191.01554853,0.2,38415431.163188994,169723.8626671201,5.005923950717819e-05,39774617.947096065,2442000.5230025593,149310.14978557976,1007145.8233229484,87095942.08832179,40000000,4.601529775388713,129488264.45789135,110492243.42084134,94398590.21669368,26015872.776799023,0.6503968194199756,22809321.910688628,-17402017.32641886,-35934733.26334291,-3926902.0810589814,-57263652.67082075,0.03846388736537787,0.1780756010769777,-0.09613992801806485,0.045101771270414155,2021-01-01,2019-09-06,False,False,False,False,False,0.0,0,0,False,[],钧璞食品
2019-09-30,季报,2019-10-27,无保留意见,False,291102788.39407426,100228457.21147823,190874331.18259603,0.34430607059591634,49745938.64142516,212500.72204724318,6.444667864220364e-05,55747124.88239599,2850857.5721151987,181597.02544774488,1347148.1088450872,111862286.73878093,40000000,4.771858279564901,135871572.85614514,116431459.07275023,13112466.563509628,9119011.997505438,0.22797529993763593,8484593.78844126,-14832842.744442448,-45695623.48118714,-5227915.922350493,-65756382.14798009,0.03701562577888556,-0.3928052527718804,0.14636869721683557,-0.0026605170795888284,2021-01-01,2019-12-17,False,False,False,False,False,0.0,0,0,False,[],钧璞食品
2019-12-31,年报,2020-03-30,非标准无保留意见,False,372882158.0576062,145752193.06953815,227129964.9880681,0.39088004057040726,68397683.63449034,283347.32411360584,8.443626937071806e-05,68443773.22415495,4075331.9659381746,244799.24292088437,1776399.8710393081,142928375.40472546,40000000,5.678249124701702,154661815.86183926,133176124.93631138,116351986.94201063,26843204.29384876,0.671080107346219,23920951.233658794,-33410353.37531076,-63954386.468293875,-6604884.487295715,-103969624.33090036,0.18994504698899942,0.6785935202310149,0.04657396997449092,0.14060677212896494,2021-01-01,2020-05-03,False,False,False,False,False,0.0,0,0,False,[],钧璞食品
2020-03-31,季报,2020-04-30,无保留意见,False,405077642.807083,185022091.75875616,220055551.04832688,0.45675710581458173,76085383.91012026,302653.6564551861,0.0001082009940678377,78605287.55024904,4359321.495070259,265631.9497503588,2229678.582497832,165403424.5589866,40000000,5.501388776208172,181748813.79558733,157022465.1176044,93752427.29963937,38695711.33392582,0.9673927833481455,34066200.25899003,-66878304.790529676,-69303877.19127698,-7914693.147146903,-144096875.12895358,-0.031146986440617228,0.27033852180690116,0.06587706524417451,0.009096984234827915,2021-01-01,2020-05-30,False,False,False,False,False,0.0,0,0,False,[],钧璞食品
2020-06-30,半年报,2020-08-27,无保留意见,False,361547438.2297303,136502432.873779,225045005.3559513,0.3775505464570439,71717762.73221166,262060.42811866428,7.763372753830351e-05,62959067.49157995,4001019.2635626593,251211.2678291401,1525323.8936411995,138090020.0072207,40000000,5.626125133898783,206389157.4805452,178591723.41024047,100704038.01060161,35200490.97851122,0.8800122744627805,30813226.132337276,-67448645.2993592,-55341464.347678736,-6350084.269315358,-129140193.9163533,0.02267361256671349,-0.06275564620153366,-0.07920655935753784,-0.11357451407907355,2021-01-01,2020-10-06,False,False,False,False,False,0.0,0,0,False,[],钧璞食品
2020-09-30,季报,2020-10-27,无保留意见,False,393944150.85530794,157772930.0256077,236171220.8297002,0.40049567859571106,71271658.88105512,276344.10727728554,8.815849271396658e-05,73260355.9024992,3729660.142587333,226186.06707441667,1849256.7491739688,142850106.42242745,40000000,5.904280520742505,225377291.79610133,195894290.5071697,45353962.65997461,27125906.165080205,0.6781476541270051,24717952.99561317,-27209004.109415393,-59406776.82907613,-7001709.28907681,-93617490.22756833,0.04943995738163897,-0.1546840779094394,0.02294513213866715,0.008735256161317796,2021-01-01,2020-12-14,False,False,False,False,False,0.0,0,0,False,[],钧璞食品
2020-12-31,年报,2021-03-30,无保留意见,False,444348951.2321024,181359333.12352067,262989618.10858172,0.4081461937079918,86621405.26957943,330203.7824950844,0.00010188881319325011,77425018.06089237,4206504.218190259,284640.01424191444,1926701.411029123,166262034.81003734,40000000,6.574740452714543,247077855.16231006,215393129.65040848,136465799.9098802,31000804.808869623,0.7750201202217406,27855484.49034113,-11069248.51520437,-73240368.97023776,-8418691.983247288,-92728309.46868941,0.11355489117033396,0.08781459647067588,0.0076505151122807785,0.03209849305981965,2021-01-01,2021-05-01,False,False,False,False,False,0.0,0,0,False,[],钧璞食品
2021-03-31,季报,2021-04-30,无保留意见,False,422975662.0951685,181252070.23674178,241723591.85842666,0.42851654711982107,72818453.08869751,294984.44308228616,9.392031479498309e-05,79524989.60448746,4059343.586699658,251005.56796865494,1612204.9121300841,154168812.2239251,40000000,6.0430897964606665,276379101.4597976,240393447.41749343,157463802.2287877,41858923.282125086,1.0464730820531272,35714739.667264245,-43689787.622658566,-68016999.73067622,-7629554.900799823,-119336342.25413461,-0.0808626074409327,0.22620700874684255,0.02037035341182926,-0.011618139334178343,2021-01-01,2021-06-12,False,False,False,False,False,0.0,0,0,False,[],钧璞食品
2021-06-30,半年报,2021-08-27,无保留意见,False,493979361.40944767,199709111.2317691,294270250.1776785,0.40428634642133365,97814180.04710518,423200.8367929052,0.00012577729740181445,97554453.62976454,5609762.758612256,342994.71986039414,2442368.96437328,208161330.67408106,40000000,7.356756254441963,303713512.4825884,264426696.36233348,97030843.2374946,39049158.6039869,0.9762289650996724,34333212.778342895,-49978378.835342556,-75440088.88713072,-9348790.56610451,-134767258.2885778,0.217383243047404,-0.047737276209935044,-0.024230200698487445,0.01440150202918164,2021-01-01,2021-09-26,False,True,False,False,False,0.0,1,0,True,"['结合前述财务报表列报项目的具体情况说明现金分红方案确定的依据及未来增强投资者回报的规划', '留存未分配利润的预计用途以及收益情况']",钧璞食品
2021-09-30,季报,2021-10-27,无保留意见,False,562348287.8551531,261148000.24894455,301200287.6062085,0.4643883619615639,98775044.34271833,389702.57788821164,0.0001433318204338657,97441003.33469285,5978735.883080875,387125.3224177572,2460547.2078858316,216399417.29303685,40000000,7.530007190155213,337779623.0175974,296310367.5177404,150690343.04115075,48665872.19286996,1.2166468048217491,45548101.65058134,-26666065.851867497,-96771925.91736251,-10605932.48992671,-134043924.25915672,0.023549908372816224,0.1715764130703472,0.060102015540230286,0.080278685797221,2021-01-01,2021-12-23,True,False,False,True,False,56562182.47506117,0,0,True,['结合前述财务报表列报项目的具体情况说明现金分红方案确定的依据及未来增强投资者回报的规划'],钧璞食品
2021-12-31,年报,2022-03-30,非标准无保留意见,False,570761744.0288653,242477060.37514195,328284683.6537234,0.424830610866728,96788760.8405342,479713.8322263633,0.00012963763254134517,102029327.6496292,5778295.647767652,373912.12442897283,2625283.9190009125,220784211.3213273,40000000,8.207117091343086,380415517.3686205,334594248.67934227,41956100.832246244,60908420.501461685,1.522710512536542,54691258.80228836,-90054262.93918687,-93650768.62548724,-9964462.882652689,-193669494.4473268,0.08992154776068861,0.18643700144016398,-0.039557751094835905,-0.032609525174854534,2021-01-01,2022-05-27,False,False,False,True,False,0.0,0,0,False,[],钧璞食品
2022-03-31,季报,2022-04-30,无保留意见,False,551651360.6961892,264799652.4027085,286851708.2934807,0.4800126878478626,97414727.0798665,457758.4264808576,0.00013110693363268885,99459987.09673606,5898863.432286964,386859.30809555005,2707859.7994715953,211284190.00727388,40000000,7.171292707337018,409536725.9546081,360807851.3502891,42075870.161283456,41601726.55141085,1.0400431637852712,37448003.81563834,-25149194.63938433,-89161892.41063772,-10744343.73657605,-125055430.7865981,-0.12621050394159247,-0.24781267321019054,0.0551820769811346,0.042802571609279166,2021-01-01,2022-05-23,True,True,False,False,False,52687613.11520673,2,0,True,['结合所处行业特点、发展阶段和自身经营模式、盈利水平、偿债能力、资金需求等因素，未进行现金分红或现金分红水平较低原因的说明'],钧璞食品
2022-06-30,半年报,2022-08-27,无保留意见,False,395995227.4814062,157081780.84959534,238913446.6318109,0.39667594442655507,73756414.11241928,305394.21751375793,9.624470512403324e-05,74068707.33515705,3778062.300755719,263864.40999182046,1882495.7664200168,152201590.79446158,40000000,5.972836165795273,435597651.449104,384756511.808952,41885441.22527662,37229893.56356565,0.9307473390891412,34212372.08380402,-36303115.629463926,-63261917.38891408,-7774811.015811653,-107339844.03418966,-0.16711862009419753,-0.07460246045839312,-0.08333674342130755,0.04366878276053099,2021-01-01,2022-09-23,True,False,False,False,False,47715086.40412566,0,0,True,"['充分披露高送转的主要考虑及其合理性且送转股后每股收益不低于0.5元', '结合前述财务报表列报项目的具体情况说明现金分红方案确定的依据及未来增强投资者回报的规划', '结合所处行业特点、发展阶段和自身经营模式、盈利水平、偿债能力、资金需求等因素，未进行现金分红或现金分红水平较低原因的说明', '上市公司控股子公司向母公司实施利润分配的情况']",钧璞食品
2022-09-30,季报,2022-10-27,非标准无保留意见,False,473918164.4066088,227985987.96869144,245932176.43791735,0.4810661525374362,89837717.45229314,335881.23065689026,0.00011720151797252607,93016024.09067889,5171459.650882637,337377.20592252753,2411216.4126961124,192282097.37107447,40000000,6.148304410947934,458260349.829941,405852174.064956,138032581.68224412,32375283.401195608,0.8093820850298902,30136660.365720045,-40136885.986987695,-77180110.35152216,-9035352.113793511,-126352348.45230336,0.02937770939667114,-0.08951907966921786,0.08439020811088113,-0.013798834058621819,2021-01-01,2022-12-16,True,False,False,False,True,32668631.822299942,0,0,True,"['充分披露高送转的主要考虑及其合理性且送转股后每股收益不低于0.5元', '留存未分配利润的预计用途以及收益情况']",钧璞食品
2022-12-31,年报,2023-03-30,无保留意见,False,551270112.4381549,271119187.4427104,280150924.99544454,0.49180824667531076,100516224.4296394,456456.19374379236,0.00013276156751747278,117307299.74878226,6464142.824258438,405342.5936961577,2424896.8904537777,219165470.22746134,40000000,7.003773124886114,450335016.65929496,398483218.6426485,21313571.20432319,-11321904.529494325,-0.2830476132373581,-10527079.174724957,-75411494.06352593,-83418238.64946198,-9835043.471084356,-168664776.18407226,0.13913896527551484,-0.8850012581321572,0.010742094137874608,0.10739189708887772,2021-01-01,2023-04-17,False,False,False,False,False,0.0,0,0,False,[],钧璞食品
2023-03-31,季报,2023-04-30,非标准无保留意见,False,515759889.0419078,267570363.71639517,248189525.32551262,0.5187886250973152,90253165.23696187,346218.15744906664,0.00012230472996485945,90281369.26790608,5332663.052864527,334710.7841833283,2218680.3095569946,187974876.06032166,40000000,6.204738133137815,441156002.63181144,390623949.075901,40561294.80815301,-13112877.182119334,-0.32782192955298334,-11227527.952496508,-5864680.878781746,-82714032.38012503,-9722292.353345592,-98301005.61225237,-0.11408636137985846,-0.31541784774983894,0.02698037842200439,0.13465461647357693,2021-01-01,2023-06-26,False,True,False,False,False,0.0,4,0,True,"['上市公司控股子公司向母公司实施利润分配的情况', '公司在相应期间是否按照中国证券监督管理委员会相关规定为中小股东参与现金分红决策提供了便利']",钧璞食品
2023-06-30,半年报,2023-08-27,无保留意见,False,517764421.12587816,248152786.41385204,269611634.7120261,0.47927740163034777,89259812.0913703,403315.79839394573,0.00011848398661190304,97116902.62982929,5511649.176135298,312608.7381589628,2756025.37337482,206599217.60835108,40000000,6.740290867800653,431574755.63230664,381124393.2682838,32556814.662658814,-13687495.713578243,-0.3421873928394561,-13570794.010881688,-71909359.32550469,-86050113.76500629,-10033942.782138312,-167993415.87264928,0.08631351125079664,-0.1478261836275608,-0.03951122346696738,-0.027283877969420875,2021-01-01,2023-09-27,False,False,False,False,False,0.0,0,0,False,[],钧璞食品
2023-09-30,季报,2023-10-27,无保留意见,False,622618664.1626583,342032233.54250354,280586430.6201548,0.549344652239895,134208665.89541988,525944.6503540457,0.0001526263821806698,118980023.61115699,6955072.174898138,410207.8394906613,2981672.328928217,255694611.43908563,40000000,7.01466076550387,420982936.3557502,371497975.6867184,56349350.93806827,-15131170.395080646,-0.37827925987701616,-13752025.116521977,-8072873.879561218,-107654919.47994412,-10646544.9479074,-126374338.30741274,0.04070594327225864,-0.43582575497944287,0.07006725060954733,-0.08541596601675097,2021-01-01,2023-11-10,False,False,False,False,False,0.0,0,0,False,[],钧璞食品
2023-12-31,年报,2024-03-30,无保留意见,False,634678864.7880039,304841452.32891214,329837412.4590918,0.4803081829906776,105453588.70506263,500745.3035243679,0.00014597403258205456,123622359.66987735,6620312.782565731,452837.5542056645,2980589.9108949974,252735980.0042856,40000000,8.245935311477295,410090251.14919,361512173.2866252,22958164.41081599,-15560978.86651457,-0.38902447166286425,-14265432.00013318,-14136616.909108706,-108628893.87073044,-12219570.275136674,-134985081.05497584,0.17552873718833092,-0.2299880472262057,-0.06903646924921748,0.18537210760493789,2021-01-01,2024-05-21,False,False,False,False,False,0.0,0,0,False,[],钧璞食品
2024-03-31,季报,2024-04-30,无保留意见,False,493564124.46432143,210283712.1583466,283280412.30597484,0.4260514525576048,89686183.0584189,380904.18862135604,0.00011564179403331337,93266898.75847243,5608846.407655338,354363.805053195,2408676.4839080046,199988703.4945708,40000000,7.082010307649371,399718277.11942387,352187488.66974705,36749078.13964755,-14817105.756808737,-0.37042764392021843,-13320978.024111629,-45137292.76492999,-79498145.99633092,-9721430.015461965,-134356868.77672285,-0.14115136244252222,0.5169299410524352,-0.054256730433072824,-0.0793166207699763,2021-01-01,2024-06-12,False,False,True,True,False,0.0,0,4,True,"['结合所处行业特点、发展阶段和自身经营模式、盈利水平、偿债能力、资金需求等因素，未进行现金分红或现金分红水平较低原因的说明', '根据公司盈利能力、融资能力及其成本、偿债能力及现金流等情况披露现金分红方案的合理性，是否导致公司营运资金不足或者影响公司正常生产经营']",钧璞食品
2024-06-30,半年报,2024-08-27,无保留意见,False,599750162.9415269,274087623.241258,325662539.7002689,0.45700299921049026,113626428.2084119,418567.3321384297,0.00013401224845097494,115685033.5533302,6393260.6531935455,417036.90191103774,3002354.5781797916,235150413.55928323,40000000,8.141563492506723,389148380.9996872,343360527.9510367,31782892.052257944,-15099851.599623857,-0.3774962899905964,-12609943.883871946,-96069364.77682786,-98105708.98825459,-10854089.382114943,-205029163.1471974,0.1496119235682156,-0.1295279621067496,0.030951546652885464,-0.07198266784275711,2021-01-01,2024-10-09,False,False,False,True,False,0.0,0,0,False,[],钧璞食品
2024-09-30,季报,2024-10-27,非标准无保留意见,False,617442955.0334615,283296651.4820374,334146303.551424,0.45882238864752223,116905270.2121965,467245.9899420766,0.00013697288748308164,111009875.07219996,6383219.736245035,379093.6428437828,2735392.2747090333,228193524.94367352,40000000,8.3536575887856,378401948.341659,333991138.10735,41232018.82999528,-15352046.654325938,-0.3838011663581484,-13384842.633838195,-68570967.65915045,-102403398.33673654,-11516824.225236062,-182491190.22112304,0.026050782073257003,-0.13272387285759282,0.0018193894370319783,0.06900468973123092,2021-01-01,2024-12-21,False,False,False,False,False,0.0,0,0,False,[],钧璞食品
2024-12-31,年报,2025-03-30,无保留意见,False,655441294.5377071,288646356.10580045,366794938.4319067,0.44038475834725543,125134341.45262179,521571.8586588707,0.0001615896820231524,118730001.48796703,6717169.723091192,476872.09799591976,2905408.2217867877,255366906.05432737,40000000,9.169873460797668,367095065.9093061,324794984.31486684,30580940.057872944,-16152689.189075598,-0.40381722972688994,-13137362.560690213,-129987385.85241857,-108816053.9989501,-12812444.789054304,-251615884.64042297,0.09770760452377174,-0.48584053477689537,-0.018437630300266825,-0.05074298120902958,2021-01-01,2025-05-12,False,False,True,False,False,0.0,0,2,True,"['根据公司盈利能力、融资能力及其成本、偿债能力及现金流等情况披露现金分红方案的合理性，是否导致公司营运资金不足或者影响公司正常生产经营', '公司为增强投资者回报水平拟采取的措施']",钧璞食品
2017-03-31,季报,2017-04-30,无保留意见,False,245073969.86550546,62037956.5351626,183036013.33034286,0.25313972173058,10400497.600094559,1936.1346726764382,84.94571155517522,48223091.96907569,686909.1736657477,5015973.508021982,5355730.428640268,73112419.47830923,40000000,4.575900333258572,3040444.271200568,2599374.919642205,20605149.65329517,4343491.816000812,0.1085872954000203,3713392.7423460074,-46402731.733609356,-20343883.469917152,-6723338.472577649,-73469953.67610416,0.01686674072412696,0.1857495453333784,-0.046860278269419964,-0.062116877766363196,2021-09-06,2017-06-12,False,False,False,False,False,0.0,0,0,False,[],麒颉农业
2017-06-30,半年报,2017-08-27,无保留意见,False,253724305.32131013,59620881.16357508,194103424.15773505,0.23498293191924474,8987132.389518445,1750.5667255913036,75.04509330598654,47128006.87853427,676006.6484031585,4347599.66834383,5134057.896703189,65442718.106783465,40000000,4.852585603943377,15034294.154491514,13584663.950731281,63760427.59707348,17134071.26184421,0.42835178154610526,15693270.044412969,-36155125.312235855,-20464333.22635974,-7017499.792092294,-63636958.33068789,0.0604657554872425,0.5992730503569498,-0.018156789811335287,0.14587987724938792,2021-09-06,2017-10-12,False,False,False,False,False,0.0,0,0,False,[],麒颉农业
2017-09-30,季报,2017-10-27,无保留意见,False,283214687.566419,71291773.73565263,211922913.83076638,0.2517234340783735,12567647.819652978,2220.651378106381,106.06815814449887,53345304.29925271,888741.448846823,6418086.639676537,6784378.925686982,84548194.05583686,40000000,5.29807284576916,20923335.399613477,18838632.901408818,22773096.626395762,8412916.064459946,0.21032290161149866,7505669.92953934,-27259629.104587812,-22128248.443313673,-7607274.198296836,-56995151.74619832,0.09180409748233315,-0.2554970700823772,0.016740502159128767,0.2541931525757213,2021-09-06,2017-11-09,False,False,False,False,False,0.0,0,0,False,[],麒颉农业
2017-12-31,年报,2018-03-30,无保留意见,False,335963866.92497396,105172258.8905392,230791608.03443474,0.31304633993281733,13690569.777146641,2494.84573271609,114.69266629021214,63020309.99223289,1020485.3155482295,6998035.6151455315,7228385.698563303,98604972.12566622,40000000,5.769790200860869,14586295.21166241,13552287.342471555,0.0,-9052914.554215811,-0.22632286385539527,-7551922.227053231,-33560493.12980278,-27619173.34474238,-9563790.826323912,-70743457.30086908,0.08903564915465517,-0.687281639555792,0.06132290585444382,0.04460072756602105,2021-09-06,2018-04-22,False,False,False,False,False,0.0,0,0,False,[],麒颉农业
2018-03-31,季报,2018-04-30,无保留意见,False,361287741.43899804,130186685.18262464,231101056.2563734,0.3603407208450944,15035305.351941748,2737.193118570692,110.8553378154728,75268427.36833937,1066347.1956027762,7634309.190022928,8102722.728624304,104359806.51312791,40000000,5.7775264064093355,8812048.446666595,8448849.791761609,17958454.9058023,-8248923.949994022,-0.20622309874985056,-7290625.072442781,-58963435.06528748,-25201310.732728038,-10617428.168854387,-94782173.9668699,0.0013408122789825233,0.10116798286701385,0.04729438091227707,-0.0034108321524891332,2021-09-06,2018-06-13,False,False,False,False,False,0.0,0,0,False,[],麒颉农业
2018-06-30,半年报,2018-08-27,无保留意见,False,326167636.34040654,104251016.79452428,221916619.54588228,0.31962403739444634,14128583.500633584,2764.6227949379354,111.4892595578767,74054065.09443119,1026507.1686636887,6913572.190804588,6984533.894940264,99819278.16544388,40000000,5.547915488647057,8547460.449653864,8208596.079451868,1471668.4047100362,-377982.85287532955,-0.00944957132188324,-343219.58901391434,-64982969.07618275,-25944300.626417097,-9591974.645222494,-100519244.34782235,-0.03974208019327397,0.8994255166041345,-0.04071668345064805,-0.01222707324357697,2021-09-06,2018-09-29,False,False,False,False,False,0.0,0,0,False,[],麒颉农业
2018-09-30,季报,2018-10-27,无保留意见,False,294887939.8858924,96049833.31197172,198838106.57392067,0.3257163834815979,13095887.262119362,2238.6635714578797,94.93216678557046,58742556.92868255,890661.0925168574,5632156.672454267,6513300.1493116245,82753506.02103673,40000000,4.970952664348017,4516662.610172918,4609498.274974425,6124105.597144687,-5758282.627829922,-0.14395706569574807,-5141568.292110634,-19713498.89126839,-23168542.583663676,-8285686.199915736,-51167727.674847804,-0.10399632537296305,-0.3236851296285237,0.006092346087151583,-0.03560778382321222,2021-09-06,2018-11-17,False,False,False,False,False,0.0,0,0,False,[],麒颉农业
2018-12-31,年报,2019-03-30,无保留意见,False,347601899.708265,125881622.18699236,221720277.52127263,0.3621430788860538,14011475.850256976,2489.9159976859073,121.56718175781474,63978630.90330762,1038648.5898909977,8215410.819484485,7962396.96238436,101462752.63657285,40000000,5.543006938031816,-1360243.1067185064,-827555.2462986988,12781258.47985663,-8395579.595559178,-0.20988948988897946,-7767219.316104463,-58996322.0806729,-25981739.177536782,-9614416.638329482,-94592477.89653915,0.11507940475607578,-0.23459911688032042,0.036426695404455846,-0.03944285931450746,2021-09-06,2019-05-17,False,False,False,False,False,0.0,0,0,False,[],麒颉农业
2019-03-31,季报,2019-04-30,无保留意见,False,385064121.9146658,148272602.11956736,236791519.79509848,0.38505951004291716,16853565.09022882,2690.552574062532,137.2653388607627,78118515.76598337,1162573.250518893,8499025.789920146,9238227.262859525,117962067.54068957,40000000,5.919787994877462,-4760538.988202957,-3869774.467055459,14792373.975041483,-4857565.544977788,-0.12143913862444469,-4346027.458223944,-45080248.23540607,-26756980.52936267,-10678476.98951194,-82515705.75428069,0.06797412686974393,0.4111856329980563,0.02291643115686342,-0.04573673535325709,2021-09-06,2019-05-10,False,False,False,False,False,0.0,0,0,False,[],麒颉农业
2019-06-30,半年报,2019-08-27,无保留意见,False,359047294.972397,116197689.62181234,242849605.3505847,0.32362780961974785,15426171.519392965,3136.884821715041,122.29313349490418,71596684.92272791,1170701.7080155793,8266516.152839019,8957219.141770724,108014852.7468678,40000000,6.071240133764618,-8416059.303150233,-7393070.699362119,14102244.21980951,-5222171.878496107,-0.13055429696240267,-5033280.331866657,-5815634.614006932,-27237848.340635173,-10186480.552512635,-43239963.50715474,0.025584047776408745,-0.0300274491798894,-0.061431700423169346,-0.04630689037736852,2021-09-06,2019-09-22,False,False,False,False,False,0.0,0,0,False,[],麒颉农业
2019-09-30,季报,2019-10-27,无保留意见,False,391110735.7740406,142401051.42385483,248709684.35018575,0.36409394680008295,17251688.925374463,3056.164483846354,132.03467404933278,84778342.50403059,1258426.119607693,8608723.837053444,9550304.087528765,119471426.81572522,40000000,6.217742108754644,-9267164.971651884,-8197444.238165884,4272801.801610507,-1215865.2407166455,-0.030396631017916138,-1149105.0554339513,-66813022.761466846,-30226773.3952899,-11099987.843937354,-108139784.0006941,0.02413048599004833,0.3401566567663497,0.040466137180335114,0.07985253226041367,2021-09-06,2019-11-26,False,False,False,False,False,0.0,0,0,False,[],麒颉农业
2019-12-31,年报,2020-03-30,无保留意见,False,347493185.99338293,124916554.01650752,222576631.97687542,0.3594791467907696,16148522.793602005,2740.8406739049456,119.02694507651913,75161877.53403899,1105983.62506682,7171415.794279505,8168567.877554756,107410032.17627232,40000000,5.5644157994218855,-13143079.508516738,-11371903.552966008,14202472.786528286,-5537020.766949793,-0.13842551917374482,-4534941.878285892,-66523236.26147237,-25983928.31078914,-9577092.207626503,-102084256.77988802,-0.1050745267181262,-0.27376575226536776,-0.00461480000931337,0.12878892811236722,2021-09-06,2020-05-01,False,False,False,False,False,0.0,0,0,False,[],麒颉农业
2020-03-31,季报,2020-04-30,非标准无保留意见,False,337270185.82256716,122050572.0707946,215219613.75177258,0.36187773838688364,13614117.187437924,2453.693877231488,105.5450600727005,70519525.74721555,1101426.5628279792,6747815.497334097,7528493.408464745,95118315.90082167,40000000,5.380490343794315,-14045776.92536986,-12149580.909290561,0.0,-1289567.7383616064,-0.03223919345904016,-1110967.6518922173,-11839410.995493168,-25981246.113725644,-9459939.111443367,-47280596.22066218,-0.03305386625612698,0.3705365718836754,0.0023985915961140807,0.12720452969347693,2021-09-06,2020-05-24,False,False,False,False,False,0.0,0,0,False,[],麒颉农业
2020-06-30,半年报,2020-08-27,无保留意见,False,353694147.6037414,127915054.31205149,225779093.29168993,0.3616544270768092,16058527.597324118,3046.871883223316,139.52407708206488,83455547.57986462,1165016.0773017744,8610102.276095182,9185497.094640905,115436827.37925458,40000000,5.644477332292248,-16672672.108224304,-14302434.456926918,8338862.268188138,-3752707.404077774,-0.09381768510194435,-3075505.068051937,-27370277.70492053,-26495580.77270612,-9705460.663948992,-63571319.14157564,0.049063741709416436,-0.15678369790821356,-0.0002233113100744389,-0.10912797833931005,2021-09-06,2020-10-25,False,False,False,False,False,0.0,0,0,False,[],麒颉农业
2020-09-30,季报,2020-10-27,无保留意见,False,318869941.8459259,94470561.67908947,224399380.16683644,0.2962667510528054,13062241.168868814,2226.3729459299075,105.72590301285203,57483835.909235984,976529.421425322,6696145.133797418,6551829.544680995,88530494.34701282,40000000,5.609984504170911,-22697243.880425304,-19697289.47784446,10487945.491638886,-8606531.103144284,-0.21516327757860712,-7706935.744167918,-47516062.23988638,-23870592.116379578,-9466961.326737575,-80853615.68300354,-0.006110898510301894,-0.36640118453793424,-0.06538767602400382,-0.04276199616908981,2021-09-06,2020-11-10,False,False,False,False,False,0.0,0,0,False,[],麒颉农业
2020-12-31,年报,2021-03-30,无保留意见,False,353236909.63422763,106827392.91111165,246409516.723116,0.302424208788742,12018152.785033569,2200.3070100424147,100.01916650256095,57727247.47889791,915051.4633048734,6431370.759800636,7389746.879479095,91157960.76465102,40000000,6.1602379180779,-24740173.085130744,-21495275.712427817,8444549.02994298,-2918470.2924363445,-0.07296175731090862,-2568551.7636905042,-48673703.3626142,-28033133.172283456,-9740692.526534842,-86447529.0614325,0.09808465843317168,0.6776769987005906,0.006157457735936574,0.10309100265274045,2021-09-06,2021-04-21,False,False,False,False,False,0.0,0,0,False,[],麒颉农业
2021-03-31,季报,2021-04-30,无保留意见,False,355806805.8121057,116231928.83136253,239574876.98074317,0.326671460277638,15929607.67994851,2581.3237737341865,121.25824526305728,78135475.01599641,1104031.5079666541,7342983.815019586,8239790.281662328,106762800.04906432,40000000,5.989371924518579,-21177019.79096268,-18307881.79610376,13806091.612044824,5090218.99166866,0.1272554747917165,4553419.880462935,-16605832.486727819,-27445854.54755438,-9978833.466503542,-54030520.50078574,-0.027736914682774862,0.5687371649546905,0.024247251488896004,0.11363164426734927,2021-09-06,2021-06-22,False,False,False,False,False,0.0,0,0,False,[],麒颉农业
2021-06-30,半年报,2021-08-27,无保留意见,False,323952775.2705667,98699673.7120818,225253101.55848488,0.3046730302885889,13713493.926050046,2278.197434945462,106.64193731253538,64520868.04805485,1107842.9019029737,6446164.08446478,7617440.423401389,94262270.93251419,40000000,5.631327538962122,-16728764.444662506,-14391012.212073186,12520239.527616182,6354650.494714536,0.1588662623678634,5595527.977186536,-11836670.931427207,-25049185.707131132,-8536580.12124423,-45422436.75980257,-0.05977995523883531,0.057239428161520625,-0.021998429989049106,-0.057805673840631455,2021-09-06,2021-09-07,False,False,False,False,False,0.0,0,0,False,[],麒颉农业
2021-09-30,季报,2021-10-27,无保留意见,False,357588479.81348354,129875873.93073958,227712605.88274395,0.3631992674889365,14925480.684680786,2870.4880736876758,121.01760006657551,76226144.40187745,1190525.4080565346,7936476.185937809,8364899.574875466,104814873.2611705,40000000,5.692815147068599,-6375760.80012793,-4639952.687654216,53007202.2805706,14790005.206477966,0.36975013016194913,13930085.034884244,-9807736.705195354,-28582416.815631133,-11148754.028344082,-49538907.54917057,0.010918847763880777,0.3611852257721631,0.058526237200347636,0.10878476619870234,2021-09-06,2021-11-18,False,False,False,False,False,0.0,0,0,False,[],麒颉农业
2021-12-31,年报,2022-03-30,无保留意见,False,355386287.62780124,124979299.65952194,230406987.9682793,0.3516716992480411,16338206.848041993,2567.861954673743,109.65463298191523,66755594.62082147,1138944.8915937752,7038046.671151419,7826789.535768954,100462360.7809398,40000000,5.760174699206982,7783974.411988308,7353765.349066257,31698736.408186782,20228193.160166055,0.5057048290041514,17133882.909600675,-48540936.11799169,-28192962.523029417,-11165889.504523844,-87899788.14554495,0.011832380008521534,0.17106596612258285,-0.01152756824089541,0.0601463759952416,2021-09-06,2022-04-11,True,False,True,True,True,8917189.93097663,0,9,True,"['充分披露高送转的主要考虑及其合理性且送转股后每股收益不低于0.5元', '根据公司盈利能力、融资能力及其成本、偿债能力及现金流等情况披露现金分红方案的合理性，是否导致公司营运资金不足或者影响公司正常生产经营']",麒颉农业
2022-03-31,季报,2022-04-30,无保留意见,False,410426558.26456153,140586945.18638575,269839613.0781758,0.3425386158752505,18755133.305570364,3276.645192805281,138.93117396227314,86884309.07852456,1234328.8507815439,9728141.76142682,10551121.990262903,122357186.77888213,40000000,6.745990326954394,14736131.182745969,13585663.406749183,14474152.357554516,9931652.529653803,0.24829131324134507,8902711.51097561,-64391620.52677898,-31791282.337542836,-11245137.467173584,-107428040.3314954,0.1711433557532783,-0.2765791126690911,-0.009133083372790667,-0.007121452443510805,2021-09-06,2022-05-25,False,True,True,False,True,0.0,4,2,True,"['是否影响偿债能力、过去十二个月内是否使用过募集资金补充流动资金以及未来十二个月内是否计划使用募集资金补充流动资金等内容', '充分披露高送转的主要考虑及其合理性且送转股后每股收益不低于0.5元']",麒颉农业
2022-06-30,半年报,2022-08-27,无保留意见,False,397790213.352224,129962659.2480816,267827554.1041424,0.3267115552010978,17704618.372319963,3513.3858636364685,145.93058190902022,92130634.17888287,1272381.1851514233,9724069.972168187,8869601.790153805,124460686.51362105,40000000,6.69568885260356,16909568.069895156,15563020.405791631,10896491.29694519,3104909.838784553,0.07762274596961383,2824795.712917783,-21309753.587757725,-32686713.845703207,-10908651.862137593,-64905119.29559853,-0.007456499626133529,-0.25348398815677897,-0.015827060674152654,0.14603149802494195,2021-09-06,2022-10-18,False,False,False,False,False,0.0,0,0,False,[],麒颉农业
2022-09-30,季报,2022-10-27,非标准无保留意见,False,433740715.2138799,129989843.30092216,303750871.9129577,0.29969481476237125,20585334.202041466,3338.7981982928604,151.5526894378682,90544386.03200988,1400234.3354403006,10138718.210743088,10533838.367936032,133442991.91317846,40000000,7.593771797823943,17214291.723947294,15825369.182926567,2159176.707940691,435319.50578876585,0.010882987644719146,374783.96733562124,-71174683.63648784,-35612818.845814444,-12456170.020211725,-119243672.502514,0.1341285362851311,-0.1327830044701745,-0.027016740438726566,-0.014761137346825317,2021-09-06,2022-12-19,False,True,False,False,True,0.0,2,0,True,"['充分披露高送转的主要考虑及其合理性且送转股后每股收益不低于0.5元', '上市公司控股子公司向母公司实施利润分配的情况', '公司在相应期间是否按照中国证券监督管理委员会相关规定为中小股东参与现金分红决策提供了便利']",麒颉农业
2022-12-31,年报,2023-03-30,无保留意见,False,438883592.45005876,132299762.52682698,306583829.9232318,0.30144613469887593,20297280.749517158,3545.1840580388284,152.99109215850817,91639449.4952014,1408182.1526332144,9450524.932148071,9646418.074323582,137314479.4244584,40000000,7.664595748080795,12977755.442680702,11901585.481983216,26835046.94902818,-6052194.6875237,-0.1513048671880925,-5605405.28706193,-36444800.59421574,-33201215.558770515,-12228245.1417941,-81874261.29478036,0.009326583961496698,-0.37209035321426276,0.0017513199365046923,-0.03987990569262778,2021-09-06,2023-05-17,False,False,True,False,True,0.0,0,5,True,"['根据公司盈利能力、融资能力及其成本、偿债能力及现金流等情况披露现金分红方案的合理性，是否导致公司营运资金不足或者影响公司正常生产经营', '上市公司控股子公司向母公司实施利润分配的情况', '公司为增强投资者回报水平拟采取的措施']",麒颉农业
2023-03-31,季报,2023-04-30,无保留意见,False,548213975.6153407,182339276.94129083,365874698.6740499,0.33260603532886,21565968.19111496,4024.883484466723,191.96617667361562,102006564.15495455,1789689.5510531778,11354155.128529891,13273109.411808075,156678687.0986573,40000000,9.146867466851248,12904593.15662721,11830592.072261851,464328.8808273273,-104517.55150498822,-0.0026129387876247055,-101419.15674480707,-13570209.405125983,-43056013.21998176,-15429794.396360291,-72056017.02146803,0.19339202842388833,0.5432757494546091,0.03115990062998412,-0.12375976970965387,2021-09-06,2023-05-29,False,True,True,False,True,0.0,0,7,True,['是否影响偿债能力、过去十二个月内是否使用过募集资金补充流动资金以及未来十二个月内是否计划使用募集资金补充流动资金等内容'],麒颉农业
2023-06-30,半年报,2023-08-27,保留意见,False,508214590.31977654,171722705.79880366,336491884.5209729,0.3378940885793008,22817118.85158933,4219.071890927983,177.28254118064734,114281937.75243436,1587309.5602341578,11191886.765407259,12836662.85989328,150776824.42761567,40000000,8.412297113024323,18568270.20506087,16495728.370318014,6649183.182285002,8090967.212048087,0.20227418030120217,6664480.42579452,-55195467.89917482,-41114867.66949753,-14242011.609974869,-110552347.17864722,-0.08030840683863075,0.48506959114879256,0.005288053250440768,-0.04482306613399322,2021-09-06,2023-09-07,False,False,False,False,False,0.0,0,0,False,[],麒颉农业
2023-09-30,季报,2023-10-27,无保留意见,False,636071836.0760988,268423130.6660761,367648705.4100227,0.42200128262550884,28668491.311458036,4531.637802348471,232.50344469248682,117226472.36727583,1912116.2083743105,13118121.473368395,16025173.579467792,186541047.5092772,40000000,9.191217635250567,15423954.684347788,13653425.68661444,9894261.71308966,-4491879.315304404,-0.1122969828826101,-4060432.405290821,-98254778.83644345,-48158177.26638578,-18201845.757212695,-164614801.86004192,0.09259308269322575,-0.5014890984876226,0.08410719404620802,0.12571414546737797,2021-09-06,2023-12-12,False,True,False,False,False,0.0,0,0,True,"['公司为增强投资者回报水平拟采取的措施', '公司在相应期间是否按照中国证券监督管理委员会相关规定为中小股东参与现金分红决策提供了便利']",麒颉农业
2023-12-31,年报,2024-03-30,无保留意见,False,607857101.5616813,244276007.8685277,363581093.6931535,0.4018642000577832,24074508.41597921,4817.030081230359,187.94862053966142,120640310.89977257,1743517.6086989057,12131747.552804396,14540136.319404135,173674164.18949685,40000000,9.089527342328838,3505624.051688311,3129333.97668723,83150064.97691713,-17026186.618084967,-0.42565466545212416,-15034416.728467444,-74270995.71481071,-46341175.45977132,-17456104.6196221,-138068275.79420415,-0.01106385431803108,-1.0020935693494715,-0.0201370825677256,0.020069711510046596,2021-09-06,2024-05-08,False,False,False,False,False,0.0,0,0,False,[],麒颉农业
2024-03-31,季报,2024-04-30,非标准无保留意见,False,696408712.1692101,311997164.69760835,384411547.4716017,0.4480087041498711,28263854.12483433,4516.106151528758,232.75579683173402,140812989.26436776,1857505.5506976752,12418090.861604432,14825559.269269096,196767718.57567543,40000000,9.610288686790042,-8419753.838760048,-8358175.2875840925,71649638.83846822,-17036254.129211944,-0.4259063532302986,-16410727.520387605,-89484350.45576856,-50212021.156021945,-19666157.552569248,-159362529.16435975,0.057292455905389394,0.38445251289444504,0.04614450409208789,-0.053181851506397586,2021-09-06,2024-06-11,False,True,False,False,False,0.0,0,0,True,"['是否影响偿债能力、过去十二个月内是否使用过募集资金补充流动资金以及未来十二个月内是否计划使用募集资金补充流动资金等内容', '公司在相应期间是否按照中国证券监督管理委员会相关规定为中小股东参与现金分红决策提供了便利', '上市公司控股子公司向母公司实施利润分配的情况']",麒颉农业
2024-06-30,半年报,2024-08-27,无保留意见,False,859298352.5444739,437365392.1126424,421932960.43183154,0.5089796702362537,33994806.01629988,6010.863161276809,284.4314684189439,170401590.93192542,2589621.441229171,16367779.004277127,18572444.710865825,238782258.82732806,40000000,10.548324010795788,-20356022.611579783,-18612206.92896528,76037485.08656503,-17051812.53259962,-0.4262953133149905,-14648616.630544554,-171606584.26305848,-69920828.98239966,-22306385.549139615,-263833798.79459774,0.09760740333379757,0.4291484508350471,0.06097096608638261,0.15624889272055908,2021-09-06,2024-09-13,False,False,False,False,False,0.0,0,0,False,[],麒颉农业
2024-09-30,季报,2024-10-27,无保留意见,False,940104941.617041,526618490.11932576,413486451.49771523,0.5601698989194845,38925651.310498424,6761.996467656834,345.94455412705815,188159907.9241699,2940101.626447601,18749456.624796078,20116532.658047207,270395542.17038834,40000000,10.33716128744288,-32305373.446498144,-29337585.40257467,37511299.87511414,-17070501.192740522,-0.42676252981851304,-15321969.248013413,-34915518.84984791,-81439844.78103888,-26481388.97498374,-142836752.60587054,-0.02001860420070439,0.3606976768597203,0.051190228683230796,-0.055701078143003714,2021-09-06,2024-11-15,False,True,False,False,False,0.0,2,0,True,"['充分披露高送转的主要考虑及其合理性且送转股后每股收益不低于0.5元', '留存未分配利润的预计用途以及收益情况']",麒颉农业
2024-12-31,年报,2025-03-30,无保留意见,False,1153727456.8909965,725643783.5931414,428083673.29785514,0.6289559802525353,45182592.63567122,7524.299088916523,345.5485987795255,205177186.60247508,3078865.866679545,21505341.57076119,23834578.044708904,314267081.6756672,40000000,10.702091832446378,-44268100.83419909,-40753809.185652696,10456676.639013596,-17089610.553858496,-0.4272402638464624,-16308891.118682897,-125832744.96365252,-88288549.81199734,-34309477.41431063,-248430772.18996048,0.03530278137836538,0.2710501819210824,0.06878608133305075,0.12558746585866726,2021-09-06,2025-05-18,False,False,False,False,False,0.0,0,0,False,[],麒颉农业
2017-03-31,季报,2017-04-30,无保留意见,False,272950312.39647317,82823053.83233432,190127258.56413886,0.30343637677186436,18262213.040004935,1.110424340150497,4.673768458584152e-05,55616053.26109497,456615.51100800006,8659.142921332934,10285312.460079664,81181946.0632079,40000000,4.753181464103472,2645510.0596976876,2424517.256342854,0.0,3779300.0852824114,0.09448250213206029,3463596.0804897915,-48149406.12092464,19317983.79277451,102397120.1827958,73565697.85464567,0.05626254757854924,0.1544055602934674,0.0034363767718643516,-0.05450317595094708,2021-02-25,2017-05-11,False,False,False,False,False,0.0,0,0,False,[],钧瑄机械
2017-06-30,半年报,2017-08-27,无保留意见,False,228138142.45564905,75967278.87781769,152170863.57783136,0.332988066178307,15336817.470753886,0.9649614900499012,4.1854199069234e-05,43225240.782895684,392945.5028088123,7658.745918393902,8068776.312091376,66897212.39831409,40000000,3.804271589445784,13355383.849119443,11326172.86368752,30505488.925101295,15299819.699173938,0.38249549247934844,12716650.867635239,-41057493.13062923,18653415.359424543,86959018.79772441,64554941.02651973,-0.19963678681825117,0.5544228904057887,0.02955168940644266,-0.008547055834446515,2021-02-25,2017-10-20,False,False,False,False,False,0.0,0,0,False,[],钧瑄机械
2017-09-30,季报,2017-10-27,无保留意见,False,229649650.61747497,76898242.92555578,152751407.69191918,0.33485025001690244,16080874.253401121,0.979335911544331,4.156341835542783e-05,48747096.276640125,403063.4422829581,8641.818161842142,8494400.737496449,70797960.3948196,40000000,3.8187851922979794,11914477.992026884,10146032.444120983,3148509.7319513313,-2058436.9387036543,-0.05146092346759136,-1685914.885095055,-30389464.395877324,19289658.7294043,89649196.82625395,78549391.15978092,0.0038150806300110873,-0.537410326111558,0.0018621838385954553,0.1189992061460425,2021-02-25,2017-12-02,False,False,False,False,False,0.0,0,0,False,[],钧瑄机械
2017-12-31,年报,2018-03-30,无保留意见,True,275265604.3687285,101674454.56840274,173591149.8003258,0.3693685406194303,20144081.79309549,1.25650333923049,5.444734028124549e-05,57049310.99937287,425277.3661861571,9575.92566862871,11018141.302679624,86257123.10568184,40000000,4.339778745008145,9974596.773474324,8408562.223149262,5971739.730303557,-2771258.8836465143,-0.06928147209116285,-2482100.3156738873,-50855347.24471001,19301609.783987265,109774475.49531965,78220738.0345969,0.13642913295069478,-0.04770732098232139,0.03451829060252784,0.026210047424125294,2021-02-25,2018-05-13,False,False,False,False,False,0.0,0,0,False,[],钧瑄机械
2018-03-31,季报,2018-04-30,非标准无保留意见,False,301731582.6071787,118862774.41212551,182868808.19505316,0.39393547531572715,19561061.952820674,1.385560733824834,5.767835797440216e-05,54723924.211547054,548963.2975934105,9992.317751857441,12341417.983616585,92301636.13228995,40000000,4.571720204876329,6920684.257155755,5571270.926959036,7996156.444680561,-4362732.166169386,-0.10906830415423466,-4053273.2802717513,-38059736.84986525,23597778.60374948,128087581.37418978,113625623.128074,0.05344545736000387,-0.1118491980076682,0.024566934696296876,-0.0028422085237494272,2021-02-25,2018-06-02,False,False,False,False,False,0.0,0,0,False,[],钧瑄机械
2018-06-30,半年报,2018-08-27,保留意见,False,273421468.46769214,90486338.7855734,182935129.68211877,0.3309408704908092,19083499.193679597,1.302747774764285,5.918382316602954e-05,58016682.3385396,506419.6342137174,10288.067859163932,11083311.736737248,87865845.81418054,40000000,4.57337824205297,9083293.483379852,7500121.822231583,10080453.76245778,3089441.751748711,0.07723604379371778,2755501.278960782,-37015852.45356155,20138822.683930345,108693163.59431192,91816133.82468072,0.00036267249576449556,0.5896981860246916,-0.06299460482491795,0.03957824994819674,2021-02-25,2018-09-18,False,False,False,False,False,0.0,0,0,False,[],钧瑄机械
2018-09-30,季报,2018-10-27,无保留意见,False,262243414.66571343,80607599.6270019,181635815.03871155,0.30737702119137633,18862877.659514748,1.198619758185872,4.809007775363493e-05,55525884.78616471,486118.27094971016,9102.90551373681,11287600.534778083,82021982.60280171,40000000,4.540895375967788,8134613.321449212,6498155.826485204,4365311.034762648,-1355257.3741866294,-0.033881434354665736,-1431379.993923399,-25560558.69374228,20620102.56226957,95600550.09122731,90660093.9597546,-0.0071025977660221585,-0.22124552692204325,-0.02356384929943291,0.02798602333292934,2021-02-25,2018-12-04,False,False,False,False,False,0.0,0,0,False,[],钧瑄机械
2018-12-31,年报,2019-03-30,无保留意见,False,238761106.73810774,59767347.52615724,178993759.2119505,0.2503227947913428,15649279.45812789,0.8803807822592506,4.2110447538970775e-05,41055289.77909145,366572.12534304406,7569.226164129183,8856612.04633828,68343349.6060898,40000000,4.474843980298763,3768875.8258164674,2349686.7113857046,5845649.99493405,-6236767.850903921,-0.155919196272598,-5926384.450142142,-8522691.19592428,17529059.329948433,92441950.67876042,101448318.81278458,-0.014545896833165527,-0.31202242142756254,-0.05705422640003351,0.003280435802198445,2021-02-25,2019-05-12,False,False,False,False,False,0.0,0,0,False,[],钧瑄机械
2019-03-31,季报,2019-04-30,无保留意见,False,229230605.828282,45846121.165656395,183384484.6626256,0.2,15273286.241237145,0.9170413301574734,4.216279082557407e-05,43358870.33621787,394577.65550008183,7566.069160466451,8525636.686290406,68072831.23296791,40000000,4.584612116565641,1643731.9567216053,465916.7616690335,15120490.77895085,-3035919.8129926603,-0.0758979953248165,-2691099.928166673,-34726043.06378221,19622433.18749636,94908138.06376691,79804528.18748106,0.02453004769555084,0.29738725259958987,-0.06347239960166999,-0.001595073071972794,2021-02-25,2019-06-15,False,False,False,False,False,0.0,0,0,False,[],钧瑄机械
2019-06-30,半年报,2019-08-27,无保留意见,False,265785125.44779822,55091163.18219721,210693962.265601,0.207277074250784,20231639.198623385,1.257500830987731,4.692129712182053e-05,55782518.41682668,450591.9624689947,9625.77376405946,10855129.10563505,85056037.42385711,40000000,5.267349056640025,-2244563.336847944,-3347692.596353406,12498656.521927608,-5554707.562242214,-0.13886768905605534,-5448013.368603485,-35389455.82602076,20935903.68715948,99759749.81498381,85306197.67612253,0.14891923737832521,-0.18037620204967886,0.020426679061111206,0.15453463318045949,2021-02-25,2019-09-11,False,False,False,False,False,0.0,0,0,False,[],钧瑄机械
2019-09-30,季报,2019-10-27,无保留意见,False,272066422.2265707,54413284.44531415,217653137.78125656,0.2,20137820.70755205,1.294060316954678,5.735038757691981e-05,57827225.57407744,512620.4467309413,10168.806248711157,12078250.120681023,91978973.76313822,40000000,5.441328444531414,756593.0154216926,-731296.9149054778,4791572.714668471,4287366.217528053,0.10718415543820131,3737708.1163541833,-26788164.273339473,21613955.588361766,111630452.26645881,106456243.5814811,0.033029781398684836,0.8599233119899555,-0.03612686969586448,-0.14125587685871172,2021-02-25,2019-11-09,False,False,False,False,False,0.0,0,0,False,[],钧瑄机械
2019-12-31,年报,2020-03-30,保留意见,False,326048384.68128943,65209676.93625789,260838707.74503157,0.2,20994447.740178116,1.5505502992219393,6.545368952153024e-05,69909951.88562113,623185.8704725528,12452.699926311077,13072685.707631633,106288230.87546258,40000000,6.520967693625789,10807813.824137924,8309725.394008782,38244061.61627909,14358886.869594619,0.35897217173986545,12915746.1555918,-32607883.52457668,27448246.161328685,124956019.13370457,119796381.77045658,0.1984146445303119,0.4731219705222931,-0.003715165403325522,-0.1198477389255946,2021-02-25,2020-05-14,False,False,False,False,False,0.0,0,0,False,[],钧瑄机械
2020-03-31,季报,2020-04-30,非标准无保留意见,False,307897477.80699915,77679610.88184407,230217866.92515507,0.2522905073309381,21040999.486791726,1.3642626357177665,5.599910538428761e-05,64179588.522907846,527552.1704558164,11030.844731055593,12960940.588955196,94795270.26865955,40000000,5.755446673128877,22423203.890235215,18816458.648358494,17332246.742602415,16593414.380138986,0.41483535950347467,15009618.934785305,-3454548.8530702726,23602475.90925433,109862686.83524397,130010613.89142802,-0.11739377596444849,0.07125659529423384,0.08485546817934411,-0.02037964296225999,2021-02-25,2020-06-21,False,False,False,False,False,0.0,0,0,False,[],钧瑄机械
2020-06-30,半年报,2020-08-27,无保留意见,False,309490607.6839343,61898121.536786854,247592486.14714742,0.2,22146908.861660875,1.2125953691926707,5.761553257769946e-05,57800164.864355944,490451.64824795234,10747.937447528438,11787178.10131666,92908971.36023445,40000000,6.189812153678686,44868281.055107616,39354547.36721729,96987746.4849842,32064395.949817725,0.8016098987454431,29340126.74122685,-37792009.802044384,26619345.16307947,118137433.06756365,106964768.42859873,0.0754703336194185,0.46053614540668575,-0.053233180729878586,0.11691989181732293,2021-02-25,2020-10-10,False,False,False,False,False,0.0,0,0,False,[],钧瑄机械
2020-09-30,季报,2020-10-27,非标准无保留意见,False,351930372.9597484,70386074.59194967,281544298.3677987,0.2,23852303.983282954,1.67704365622642,6.870374510544792e-05,78085882.0092083,649983.4844230838,12776.847402982949,15574048.490351165,109932971.85405692,40000000,7.038607459194967,69083473.16502066,62279862.501559116,85199885.45388648,34593131.58559007,0.8648282896397518,32750450.191916894,-47507450.39618104,28055058.518136125,130220690.7665778,110768298.88853288,0.13712779716777546,0.05153911684470153,-0.03446115082820352,-0.06521324392494968,2021-02-25,2020-12-01,False,False,False,False,False,0.0,0,0,False,[],钧瑄机械
2020-12-31,年报,2021-03-30,无保留意见,False,408315863.9383653,99160461.39415608,309155402.5442092,0.24285233602661155,26028510.936978873,1.5372848246752033,6.606654298343682e-05,73679737.26768777,609163.1866083179,13589.592645182809,14621906.78332986,118994562.8509142,40000000,7.7288850636052295,90743319.30850871,81834267.54584704,41401684.71753776,30942637.34784007,0.7735659336960018,27934864.348982755,-52289780.954333425,33963248.76789468,169220807.4180882,150894275.23164946,0.0980701947667946,-0.07075543053039993,0.07825616025375556,-0.17999891572057036,2021-02-25,2021-04-10,False,True,False,False,False,0.0,1,0,True,"['是否影响偿债能力、过去十二个月内是否使用过募集资金补充流动资金以及未来十二个月内是否计划使用募集资金补充流动资金等内容', '充分披露高送转的主要考虑及其合理性且送转股后每股收益不低于0.5元', '公司在相应期间是否按照中国证券监督管理委员会相关规定为中小股东参与现金分红决策提供了便利']",钧瑄机械
2021-03-31,季报,2021-04-30,无保留意见,False,407233124.5873824,107438272.9541081,299794851.63327426,0.2638249849222529,25429646.53257977,1.7055557613965644,7.453318021658083e-05,79051517.69777188,684367.3632322819,13407.675574703626,16264519.277102683,120866132.3950883,40000000,7.494871290831856,116393886.12572804,105765067.91198772,115579736.86704534,36643666.881741896,0.9160916720435474,34186857.66591527,-71660190.57541633,32992820.532789268,159468264.4841023,120800894.44147524,-0.030277817673253687,0.11891355689381294,0.020972648895641377,0.04714052347943777,2021-02-25,2021-06-25,False,False,False,False,False,0.0,0,0,False,[],钧瑄机械
2021-06-30,半年报,2021-08-27,无保留意见,False,476212499.59659225,163417965.1269697,312794534.46962255,0.3431618558215163,27492384.605023354,2.041160815389499,8.793298969391848e-05,96070955.21418436,863449.0096336496,16560.482556172592,18186534.21205745,137498391.58265713,40000000,7.8198633617405635,170026330.12026384,151312578.83860207,217017522.99562502,76617777.13505113,1.9154444283762784,65067872.75230623,-80372410.72891322,37214514.15765953,186237229.37541845,143079332.80416477,0.04336192821700017,0.7451785565187524,0.07933687089926339,-0.05208588009333927,2021-02-25,2021-09-17,True,False,False,False,True,59796122.49227489,0,0,True,"['充分披露高送转的主要考虑及其合理性且送转股后每股收益不低于0.5元', '结合所处行业特点、发展阶段和自身经营模式、盈利水平、偿债能力、资金需求等因素，未进行现金分红或现金分红水平较低原因的说明', '结合前述财务报表列报项目的具体情况说明现金分红方案确定的依据及未来增强投资者回报的规划']",钧瑄机械
2021-09-30,季报,2021-10-27,无保留意见,False,549763021.8793349,226826592.25959885,322936429.61973614,0.412589758191092,36077301.67889181,2.149638625531572,9.402235905997033e-05,106315047.82316537,846690.9900384903,18301.728554399284,20746236.8244689,165417876.46971115,40000000,8.073410740493403,162132235.537035,144403574.49497983,47425206.837721,-11277277.976041213,-0.28193194940103034,-9870006.205174638,-63130155.273573436,40347094.07934324,219148137.70608798,196365076.51185778,0.032423504992855144,-0.9388714173836524,0.06942790236957566,-0.07087752482143993,2021-02-25,2021-11-23,False,False,False,True,False,0.0,0,0,False,[],钧瑄机械
2021-12-31,年报,2022-03-30,无保留意见,False,563599430.4642434,260710948.45976537,302888482.004478,0.46258199417450574,38517264.99689502,2.619374670812944,0.00010817478406760006,123629164.79683149,1022167.5653893464,20889.58788539714,25677327.545516815,179665246.18032727,40000000,7.57221205011195,154693251.5035719,137717079.95390207,22598991.033038296,-10627120.047804441,-0.26567800119511104,-9552135.058682535,-112062589.00587304,41446678.89701372,217559095.89797682,146943185.7891175,-0.06208016741519382,0.11360990897597639,0.04999223598341377,0.14606227421690218,2021-02-25,2022-04-18,False,False,False,False,False,0.0,0,0,False,[],钧瑄机械
2022-03-31,季报,2022-04-30,无保留意见,False,611967663.682374,271351527.0599095,340616136.6224645,0.4434082765535591,39652220.30702565,2.724737030851413,0.00010493410274226685,113561779.23811986,1086136.0907027842,20216.746637758035,23289515.052014463,185637762.99690944,40000000,8.515403415561613,147847678.00512758,131518366.47578324,27381195.649645783,-9779390.712063316,-0.2444847678015829,-8855304.968741177,-88408610.91315134,49405556.87921092,249829603.87306988,210826549.83912945,0.12455955528024587,0.13302138783409342,-0.0191737176209467,-0.01415980829229148,2021-02-25,2022-05-14,False,True,False,False,False,0.0,4,0,True,"['结合前述财务报表列报项目的具体情况说明现金分红方案确定的依据及未来增强投资者回报的规划', '留存未分配利润的预计用途以及收益情况']",钧瑄机械
2022-06-30,半年报,2022-08-27,无保留意见,True,627924205.7265027,288656431.7873876,339267773.939115,0.45969948148983164,43872441.05802313,2.7118407770953503,0.00012195583943084446,119292126.92517544,1058492.926296621,19907.58445144776,21477211.809136577,192675587.17550063,40000000,8.481694348477875,141275603.85344514,125812257.09684856,11895798.907285519,-9388677.359546296,-0.2347169339886574,-8151584.827049556,-43242121.505547136,46796235.56038596,239964143.30520484,243518257.36004364,-0.003958598957523887,0.05411085643004871,0.016291204936272615,-0.023859104750361557,2021-02-25,2022-09-29,False,True,False,True,False,0.0,1,0,True,"['结合所处行业特点、发展阶段和自身经营模式、盈利水平、偿债能力、资金需求等因素，未进行现金分红或现金分红水平较低原因的说明', '公司在相应期间是否按照中国证券监督管理委员会相关规定为中小股东参与现金分红决策提供了便利']",钧瑄机械
2022-09-30,季报,2022-10-27,无保留意见,False,698558208.5695146,351943416.2949496,346614792.27456504,0.503814015750596,54121985.54634485,3.2699721702413607,0.0001371052100028897,144212931.26697955,1377376.1387334247,27146.965813834628,29932360.78437226,228927593.2502236,40000000,8.665369806864126,133237315.4214142,118583968.75508958,16111703.494251888,-11483269.188615661,-0.28708172971539153,-10326126.202512823,-35278151.86160423,56822498.406554565,258153128.94332457,279697475.48827493,0.021655514905369717,-0.2751941979094066,0.04411453426076438,0.10853531212016015,2021-02-25,2022-12-13,False,False,False,False,True,0.0,0,0,False,[],钧瑄机械
2022-12-31,年报,2023-03-30,无保留意见,False,764474822.2383335,419298426.938901,345176395.29943246,0.5484790535170563,47787872.59845162,3.2237136143536733,0.0001400917729664304,150838951.5327006,1254089.5920097085,28233.544869348458,30214501.22059212,234773032.18686134,40000000,8.629409882485811,124855723.12426022,110624197.16496436,9829114.232246436,-11973703.281648558,-0.29934258204121394,-11371102.271607451,-62814301.46103581,61580178.20795087,282419943.23585355,281185819.9827686,-0.004149843016489631,-0.08889940615207033,0.04466503776646025,0.10770914655848997,2021-02-25,2023-05-05,False,False,False,False,False,0.0,0,0,False,[],钧瑄机械
2023-03-31,季报,2023-04-30,非标准无保留意见,False,1049327911.6705245,693375248.2214626,355952663.4490619,0.6607803342594908,72698555.16922617,4.681981759677565,0.00018763508796413458,207953551.87003717,1898932.8487047378,33746.37644804338,39789815.81496497,312896786.1084978,40000000,8.898816586226546,116368998.28461067,102694898.87496217,23130869.971268907,-12123892.628070783,-0.30309731570176957,-11327568.98571742,-166547656.59542033,76225132.93655805,421400811.48130566,331078287.82244337,0.03121959756338869,-0.029880716328161062,0.1123012807424345,0.004901747609205554,2021-02-25,2023-05-31,False,False,True,False,False,0.0,0,6,True,"['根据公司盈利能力、融资能力及其成本、偿债能力及现金流等情况披露现金分红方案的合理性，是否导致公司营运资金不足或者影响公司正常生产经营', '是否影响偿债能力、过去十二个月内是否使用过募集资金补充流动资金以及未来十二个月内是否计划使用募集资金补充流动资金等内容', '结合所处行业特点、发展阶段和自身经营模式、盈利水平、偿债能力、资金需求等因素，未进行现金分红或现金分红水平较低原因的说明', '公司在相应期间是否按照中国证券监督管理委员会相关规定为中小股东参与现金分红决策提供了便利']",钧瑄机械
2023-06-30,半年报,2023-08-27,无保留意见,False,1006277085.9861014,630912373.2261504,375364712.759951,0.6269767860289571,69376831.3590826,4.274849814667154,0.00017041761690978166,199271302.17258745,1685339.9586173831,34087.07325040963,39872358.838987775,298710031.3022886,40000000,9.384117818998774,106285316.5069107,93630516.16327602,62625175.93119499,-14405259.682428544,-0.3601314920607136,-12949118.159551648,-184654563.31301504,78867315.98443718,402622572.4095076,296835325.0809297,0.05453547986631967,-0.4678664517297422,-0.033803548230533685,0.12555366940686033,2021-02-25,2023-09-24,False,False,False,False,False,0.0,0,0,False,[],钧瑄机械
2023-09-30,季报,2023-10-27,无保留意见,False,1040444190.3531444,615662417.8396027,424781772.51354164,0.5917303624239917,74909020.97584651,4.616151545421491,0.0002185372941712819,225980838.0252306,1773615.7063760234,40274.97781767966,40650055.73097061,342657043.87814564,40000000,10.61954431283854,95449634.22671519,84615028.3241143,74575260.48632799,-15479546.11456501,-0.3869886528641252,-12879268.341659587,-136649161.07412422,87290377.92322125,437731525.8801252,388372742.72922224,0.13165078675147934,-0.41402464241274944,-0.03524642360496542,-0.11422084715990416,2021-02-25,2023-11-18,False,False,False,True,False,0.0,0,0,False,[],钧瑄机械
2023-12-31,年报,2024-03-30,无保留意见,False,1095296347.1219778,697784755.9207755,397511591.2012024,0.637073936888668,64077394.79117558,4.986321563110745,0.0001874628683951223,201040324.72577208,1724806.7913934926,35588.29154287971,37971055.54801556,314066476.70249754,40000000,9.93778978003006,84860929.58913384,75351469.61762579,62596671.88186227,-15126720.910830501,-0.37816802277076256,-13233655.294983579,-55202974.737201616,80370280.73308627,413459119.2109843,438626425.20686895,-0.06419809670969309,0.23205255161919436,0.04534357446467622,-0.018071149661370713,2021-02-25,2024-04-09,False,False,False,False,False,0.0,0,0,False,[],钧瑄机械
2024-03-31,季报,2024-04-30,无保留意见,False,1183081929.315456,783604743.1337693,399477186.1816866,0.6623419086344862,79040013.45706925,4.968816597949558,0.00022780044876308174,232375612.75019398,2065891.679753366,40066.48624311122,49666985.670038834,364146167.83108956,40000000,9.986929654542164,74315046.80149855,65926094.018192664,52783838.01834499,-15065546.839479003,-0.37663867098697507,-13464822.284904465,-133382155.87308292,88746659.85708258,477199779.6605257,432564283.64452535,0.004944748842529367,0.03265614382031012,0.025267971745818157,-0.0507669901665148,2021-02-25,2024-05-13,False,False,False,False,False,0.0,0,0,False,[],钧瑄机械
2024-06-30,半年报,2024-08-27,非标准无保留意见,False,1306204589.459786,892119377.753028,414085211.70675784,0.6829859464220583,81929903.76861347,5.023487606202117,0.00021635675434417497,214597501.89260465,1842586.8358933285,39394.430667968445,43848842.37813168,338676000.9743143,40000000,10.352130292668946,63758633.264718406,56581737.36540982,37055516.76292051,-15080590.766828777,-0.3770147691707194,-13349080.932546923,-33586202.87110023,102146451.87192862,509650819.0404838,578211068.0413122,0.03656785926800681,-0.007776837225524758,0.020644037787572234,0.1619080849117916,2021-02-25,2024-10-12,False,False,False,False,False,0.0,0,0,False,[],钧瑄机械
2024-09-30,季报,2024-10-27,无保留意见,False,1380461776.9400196,925790562.9841161,454671213.9559035,0.6706383171551886,96955758.01739599,6.479697689073271,0.0002817893592426075,284323565.079508,2461209.902867076,50848.576064192814,57647663.57090734,451495140.98198974,40000000,11.366780348897587,53622045.964826174,47475354.50006836,9058476.529748747,-14480838.999846043,-0.3620209749961511,-13009118.379059227,-143693391.19488698,103811903.55186568,549978498.774208,510097011.13118666,0.0980136481615948,0.31246685522702844,-0.012347629266869766,-0.04317696454441989,2021-02-25,2024-12-15,False,False,False,False,False,0.0,0,0,False,[],钧瑄机械
2024-12-31,年报,2025-03-30,保留意见,False,1165036098.96051,721348069.3901559,443688029.57035404,0.6191637066300095,84427982.03839707,4.816940626462277,0.0002232519963817621,225352397.16199914,1877777.0279369603,42105.32623295331,47780441.632367015,353853180.0939606,40000000,11.092200739258852,43249869.9729627,37814002.223696075,58123609.38402173,-14817394.274090677,-0.37043485685226696,-13801931.823388983,-173437145.6415428,84796753.07879512,490732468.0836993,402092075.5209516,-0.02415632230153599,-0.13359815995248653,-0.05147461052517898,-0.04001163871274158,2021-02-25,2025-04-29,False,False,False,False,False,0.0,0,0,False,[],钧瑄机械
2017-03-31,季报,2017-04-30,无保留意见,False,222082618.63592023,56739025.808056965,165343592.82786325,0.2554861166378549,3692092.544241977,2.5056147151619854e-05,367605.7925414053,45101421.763909176,69067340.71754627,0.5335202783021493,736408.410153894,115049809.2961279,40000000,4.1335898206965815,-334012.7670695815,-297415.2928190562,587396.2625293538,-477161.0958136879,-0.011929027395342197,-424878.9897415089,-25381295.362191517,-10000084.819645887,95867011.9413848,60485631.759547405,-0.08142448428964863,-0.08206450532298276,-0.04451388336214509,-0.07305121857976708,2021-05-17,2017-06-25,False,False,False,False,False,0.0,0,0,False,[],澜璨建筑
2017-06-30,半年报,2017-08-27,保留意见,False,189424263.31788275,37884852.66357655,151539410.6543062,0.2,3055603.5817915634,2.4104636960193535e-05,339422.96905612183,43971442.0121819,66044639.96153136,0.5677186352282567,696572.2604075158,110336722.41709952,40000000,3.788485266357655,5589185.381846001,5163735.198003573,36114490.221481,8461711.641307976,0.2115427910326994,7801643.558318042,-9105171.157840734,-9235212.566352597,81713550.6905287,63373166.96633537,-0.08348785663517283,0.5410010222188189,-0.09065718505430607,0.10410175873445865,2021-05-17,2017-10-02,False,False,False,False,False,0.0,0,0,False,[],澜璨建筑
2017-09-30,季报,2017-10-27,保留意见,False,209793882.96424368,47349485.86068361,162444397.10356006,0.2256952642835332,4013860.7847453034,2.73260659452225e-05,376259.04180970666,46770598.35046425,66775044.04579776,0.5578395427501903,758282.5368719018,119662366.10179509,40000000,4.061109927589001,12495315.119074855,11474488.329412568,36279648.56084675,9865899.624612648,0.2466474906153162,9015361.616298566,-17818477.36258342,-10742527.514566744,90573834.39839338,62012829.521243215,0.07196138880420007,0.05514900188511204,0.06086633269998438,0.0971540938563546,2021-05-17,2017-12-19,False,False,False,False,False,0.0,0,0,False,[],澜璨建筑
2017-12-31,年报,2018-03-30,非标准无保留意见,False,196512550.42841983,44082484.82072718,152430065.60769266,0.22432401759898957,3619071.1801388306,2.489361530215875e-05,354474.7468051787,44389473.56087369,58750131.00908569,0.515818558694433,724241.7298812073,108257149.9739088,40000000,3.8107516401923163,18761820.06307199,17282209.310042333,19579909.692714795,8952149.919995908,0.2238037479998977,8296744.258042519,-26737775.03244781,-9542211.465186795,84184493.3902048,47904506.8925702,-0.06164774947259752,-0.0340115059381682,-0.0013712466845436377,0.038886657689431565,2021-05-17,2018-05-25,False,False,False,False,False,0.0,0,0,False,[],澜璨建筑
2018-03-31,季报,2018-04-30,无保留意见,False,205311929.98081234,41062385.99616247,164249543.98464987,0.2,3339601.28606345,2.284258279233849e-05,352633.9297440545,48632638.03795393,70315997.32049349,0.5385677055756992,802528.5507496216,115364679.17041802,40000000,4.106238599616247,32487411.086603902,30229692.86171304,83979151.09441255,19607987.17647416,0.49019967941185405,18496405.073815294,-21746033.67677481,-10353420.433712283,90020994.2063711,57921540.095884,0.07754033516837057,0.4105955494757692,-0.04579414772103192,0.06286766526030933,2021-05-17,2018-06-25,False,False,False,False,False,0.0,0,0,False,[],澜璨建筑
2018-06-30,半年报,2018-08-27,非标准无保留意见,False,227162250.36547905,45432450.073095806,181729800.29238325,0.2,4683113.946091689,3.127001362369653e-05,437990.15834843286,56932524.98440532,77666190.63364263,0.6824577254057534,924376.8327140252,139697975.56123173,40000000,4.543245007309581,37045001.40416525,34603771.73219363,24904306.404866032,6510843.310801931,0.16277108277004826,6248684.100686549,-9963569.877202734,-10748349.661008656,101457929.08983482,80746009.55162343,0.1064249914104301,-0.35776738564006616,-0.023814003893500153,0.009664433562671316,2021-05-17,2018-09-23,False,False,False,False,False,0.0,0,0,False,[],澜璨建筑
2018-09-30,季报,2018-10-27,无保留意见,False,245035234.15438813,49007046.830877624,196028187.3235105,0.2,4335445.908304865,3.132436833157197e-05,438868.35616962134,47633655.49874709,76057605.85487665,0.6585637397676966,933270.0416312856,136799688.8109625,40000000,4.9007046830877625,48834975.00576227,45143841.2331871,75972718.68579829,16842819.430852883,0.42107048577132206,15057242.144276392,-5029472.741990174,-11562494.324440593,98478128.36649275,81886161.30006199,0.07867937458866255,0.4394557857184125,-0.014065714258720956,0.003975149814984683,2021-05-17,2018-11-29,False,False,False,False,False,0.0,0,0,False,[],澜璨建筑
2018-12-31,年报,2019-03-30,无保留意见,False,271558752.26350003,54311750.45270001,217247001.81080005,0.2,4921154.351583857,3.0921050875860326e-05,500715.535857611,61867127.68572032,89561103.25825743,0.7539968456377606,1075905.6080466413,156132457.31089845,40000000,5.431175045270001,43596973.68775644,40691590.8985194,13739880.717593318,-7482859.025722617,-0.18707147564306542,-6360357.620953866,-24209304.65702816,-12683920.958026912,108640122.65391655,71746897.03886148,0.10824369075183857,-0.7187840394408433,0.04066933528218919,0.02938537743811475,2021-05-17,2019-05-17,False,False,False,False,False,0.0,0,0,False,[],澜璨建筑
2019-03-31,季报,2019-04-30,无保留意见,False,300911638.6069122,60182327.72138244,240729310.88552976,0.2,5454752.536720811,3.7722508161492095e-05,554735.9281323418,73486702.23295514,104177310.92571588,0.8864572183695855,1106124.4781089737,182086958.72328094,40000000,6.018232772138244,37114974.93494945,34295328.70174629,0.0,-9259998.2182957,-0.23149995545739252,-9137517.42396157,-11485478.446347136,-15188538.385400014,133441742.75878319,106767725.92703605,0.10809037123182218,-0.18673036339130397,-0.04841751032751575,0.07986074076879882,2021-05-17,2019-05-14,False,False,False,False,False,0.0,0,0,False,[],澜璨建筑
2019-06-30,半年报,2019-08-27,无保留意见,False,345010026.4442802,69002005.28885604,276008021.1554242,0.2,5815582.5124712465,4.334552583564436e-05,569398.4103781813,80868239.69618438,110888296.87490442,0.9242995891129677,1330970.3947937572,194771148.5101526,40000000,6.9002005288856045,30786823.739315674,28913220.876184057,21423636.17105982,-9040215.993762534,-0.22600539984406334,-7688725.465088914,-28736355.22746128,-16218172.38664146,150476410.2184439,105521882.60434116,0.14654929281407675,0.028395629708081575,-0.030562030004582835,0.11291496633523299,2021-05-17,2019-09-15,False,False,False,False,False,0.0,0,0,False,[],澜璨建筑
2019-09-30,季报,2019-10-27,非标准无保留意见,False,388498077.72393656,77699615.54478732,310798462.17914927,0.2,7180997.332941789,4.76495091998552e-05,666154.8016897746,90818003.20892055,113147079.23111968,1.0515271719907202,1455171.6693963571,217808889.78288466,40000000,7.769961554478732,27930741.453490373,26284796.323945172,6946743.787009729,-4080117.551179001,-0.10200293877947503,-3754892.2174841217,-43961898.08638842,-18593066.641488135,160448910.72431841,97893945.99644187,0.12604865930375989,0.6231448540182356,-0.004064118830915879,-0.028554289347552858,2021-05-17,2019-11-20,False,False,False,False,False,0.0,0,0,False,[],澜璨建筑
2019-12-31,年报,2020-03-30,无保留意见,False,398122517.96794444,79624503.59358889,318498014.37435555,0.2,6747677.459996278,4.364695122480555e-05,634569.3286007489,81824722.95281214,126306900.33986305,1.1197171904178782,1508344.4795711802,211032792.14680418,40000000,7.962450359358889,19709376.335294433,18830236.165209632,8733043.995507238,-11744807.311708488,-0.2936201827927122,-10649371.655336482,-4936780.8484591,-20739051.855388496,171906490.96990016,146230658.26605257,0.02477345653907448,-0.5932476391245282,0.08321592837434655,-0.01171340013605888,2021-05-17,2020-04-27,False,False,False,False,False,0.0,0,0,False,[],澜璨建筑
2020-03-31,季报,2020-04-30,保留意见,False,469350919.6010163,93870183.92020325,375480735.680813,0.2,7433276.540940974,5.4977550667150224e-05,782844.099677677,99926523.73745252,147308882.3033136,1.2086903811504899,1572958.5090445417,250432139.74530175,40000000,9.387018392020325,12691804.751549326,12222220.116122771,38252783.35387322,-10025102.26249301,-0.25062755656232527,-9440022.927266944,-61203636.26797656,-23376175.81354463,204320405.64065722,119740593.55913603,0.1789107584183593,0.3272391996295302,0.01197777102721558,0.003133112735986539,2021-05-17,2020-06-06,False,False,False,False,False,0.0,0,0,False,[],澜璨建筑
2020-06-30,半年报,2020-08-27,非标准无保留意见,False,466439418.7442852,103305912.19866586,363133506.54561937,0.22147766258001655,8012199.398935367,5.482794012061307e-05,809360.4771583619,105617409.63659759,148434163.53727636,1.2554691183860092,1670285.5814781508,263625628.0468684,40000000,9.078337663640484,10931361.646337008,10575960.27157125,8478741.009472135,-2514918.7217318844,-0.0628729680432971,-2351799.7779307445,-55558465.917309545,-23615701.166547876,201310229.95890525,122136062.87504783,-0.03288378859918328,1.0767446095124347,0.02800813533354315,0.08099953156086447,2021-05-17,2020-10-15,False,False,False,False,False,0.0,0,0,False,[],澜璨建筑
2020-09-30,季报,2020-10-27,非标准无保留意见,False,445473697.6025063,113103250.86781271,332370446.7346936,0.25389434096002256,6791702.504452097,4.8266377578765944e-05,744316.9232065609,90492507.55895515,127448471.92212754,1.1143086345173392,1309677.5529700692,225357840.07572964,40000000,8.309261168367339,15140449.353852766,14406705.81728507,3280708.4892633217,6012982.439308226,0.15032456098270566,5472493.6367340265,-47829959.929044105,-21530810.61814892,192902003.98022604,123541233.43303302,-0.08471556399068106,0.5887368525735834,0.032416678380005975,0.07650715649884,2021-05-17,2020-11-15,False,False,False,False,False,0.0,0,0,False,[],澜璨建筑
2020-12-31,年报,2021-03-30,无保留意见,False,448601356.9500573,108772179.8718645,339829177.07819283,0.24246957390272467,8206949.018604281,5.54809644481162e-05,796507.0016140683,101160867.14662117,134152843.44569467,1.2398428840342521,1587264.9499284574,246576095.70665202,40000000,8.49572942695482,18885618.586881507,17808166.92356574,26363076.674627226,5350241.761469632,0.13375604403674082,4859230.151829533,-71148786.42689261,-20825063.161620487,195424385.89529538,103450536.30678229,0.022441015489722507,-0.028798556622829253,-0.011424767057297884,0.05312633890183669,2021-05-17,2021-04-11,False,False,False,False,False,0.0,0,0,False,[],澜璨建筑
2021-03-31,季报,2021-04-30,无保留意见,False,434959668.24294585,96090773.63064934,338868894.6122965,0.2209188130449328,7757874.599268062,4.9872281170518894e-05,710417.5861753304,85704391.2829546,125716064.04963739,1.1546574688805034,1469327.1779693386,230889870.07050675,40000000,8.471722365307413,19392127.29808286,18272619.445381023,2987642.5852246135,723583.8731447868,0.01808959682861967,663503.6025932567,-47566199.917764336,-20211412.512147326,177042842.8853304,109265230.45541875,-0.0028257799231740186,-0.20700706228157684,-0.02155076085779186,-0.058995935603588574,2021-05-17,2021-06-09,False,False,True,False,False,0.0,0,3,True,['是否影响偿债能力、过去十二个月内是否使用过募集资金补充流动资金以及未来十二个月内是否计划使用募集资金补充流动资金等内容'],澜璨建筑
2021-06-30,半年报,2021-08-27,保留意见,False,448385143.4236131,94656241.12524296,353728902.2983701,0.21110476676925982,7768475.857200378,5.248558885544893e-05,745842.1542453332,101259432.52615184,128613034.42553063,1.0879843041893458,1502062.297552728,241074757.420314,40000000,8.843222557459253,25518719.60992534,23263189.041907247,11785088.301319491,8752274.731203545,0.21880686828008863,7129385.137894606,-45717352.405664444,-21721096.45450756,185765416.7448365,118326967.8846645,0.04385179024199039,0.4529947732650181,-0.009814046275672967,-0.0016759985685012664,2021-05-17,2021-09-06,False,True,False,False,False,0.0,3,0,True,"['根据公司盈利能力、融资能力及其成本、偿债能力及现金流等情况披露现金分红方案的合理性，是否导致公司营运资金不足或者影响公司正常生产经营', '留存未分配利润的预计用途以及收益情况']",澜璨建筑
2021-09-30,季报,2021-10-27,无保留意见,False,485748994.5686259,99625062.73868303,386123931.8299429,0.20509576726382323,7671907.743423937,6.149596394050959e-05,834849.7429034348,107552664.08184347,142183719.54209426,1.3840091091889455,1573516.77679044,263715315.79834372,40000000,9.653098295748572,28145833.41983679,25632972.772336595,5558121.650970503,3753019.7284449227,0.09382549321112307,3385405.329184777,-16724982.245818771,-23154489.944009364,212932829.7677315,173053357.57790336,0.09158151714797576,-0.19412867620199462,-0.006008999505436597,0.05701627427709727,2021-05-17,2021-12-05,False,False,False,False,False,0.0,0,0,False,[],澜璨建筑
2021-12-31,年报,2022-03-30,非标准无保留意见,False,589071758.4279561,161921215.2923537,427150543.1356024,0.27487519640131713,9286357.782215087,6.409585449483165e-05,932642.5292211407,106538871.38656469,172376109.80229518,1.447158049943545,1793057.5556601295,298338738.97263855,40000000,10.678763578390061,30802746.336508688,27991398.492543645,10526355.337427856,3795589.8809598535,0.09488974702399634,3369179.6002957863,-68937430.2266433,-32470687.129291255,253429820.27057067,152021702.91463614,0.10625244364218414,0.0020512750949965466,0.06977942913749388,-0.09123354257829304,2021-05-17,2022-04-10,True,False,False,False,True,4251264.532728914,0,0,True,['公司为增强投资者回报水平拟采取的措施'],澜璨建筑
2022-03-31,季报,2022-04-30,无保留意见,False,673809925.9085268,230195320.9447602,443614604.9637666,0.3416324279200518,12840462.53421234,8.99586448251632e-05,1278419.731932884,162693261.4382203,224203877.85951653,1.9897137263163889,2600701.412738025,407724991.3366689,40000000,11.090365124094165,37553273.82257171,33718148.678043924,14615766.838678699,9643610.69437575,0.24109026735939373,8181071.69357183,-37127883.131511465,-30627132.301021103,285437134.6686103,217682119.23607773,0.038543932795462935,0.2812144712841377,0.06675723151873468,0.11635056900674703,2021-05-17,2022-06-11,False,False,False,False,False,0.0,0,0,False,[],澜璨建筑
2022-06-30,半年报,2022-08-27,无保留意见,False,784168685.6061723,287614200.5949406,496554485.01123166,0.3667759321103357,12220641.910373902,9.133445225720775e-05,1306489.1874076452,178214985.5390215,220812026.63100976,1.7609292750129641,2856099.5778857265,416203492.9811987,40000000,12.413862125280792,42443322.709642015,38009798.241745725,12908034.376112185,6985784.12438615,0.17464460310965377,6130927.94814543,-84506721.87632336,-34771241.09057775,314008123.8275667,194730160.86066556,0.1193375498802369,-0.09975474422281082,0.025143504190283893,0.08832078896542349,2021-05-17,2022-10-12,True,True,False,False,False,8054821.410491003,3,0,True,"['充分披露高送转的主要考虑及其合理性且送转股后每股收益不低于0.5元', '结合前述财务报表列报项目的具体情况说明现金分红方案确定的依据及未来增强投资者回报的规划']",澜璨建筑
2022-09-30,季报,2022-10-27,无保留意见,False,872951326.0718539,337000685.4499688,535950640.621885,0.38604750962051904,16208834.47885315,0.00011670187637197182,1615791.5416227262,187691551.51243663,290143240.3143745,2.4433269855796307,3505037.018045505,515811972.25415176,40000000,13.398766015547125,56320952.84024979,51547357.50322023,45759455.09289073,19825185.90086826,0.49562964752170646,19339370.37353501,-76673505.06205502,-38862638.83628938,404079689.22303945,288543545.32469505,0.07933903891687182,0.5352921426249474,0.019271577510183338,0.07835526455193921,2021-05-17,2022-11-09,False,False,False,True,False,0.0,0,0,False,[],澜璨建筑
2022-12-31,年报,2023-03-30,保留意见,False,782854817.2295188,273735420.1514276,509119397.07809114,0.34966307178151196,13556718.261166926,9.631531632905166e-05,1396832.30724144,180561919.32568893,267288820.37486324,2.270608175182632,2907642.3733375124,447807808.10907876,40000000,12.727984926952278,69262907.41880716,63141711.69335159,61520748.202003606,18488506.540796243,0.4622126635199061,16563363.128759092,-33306688.311681267,-38557320.80451075,348258343.5287353,276394334.4125433,-0.05006290040564276,-0.0362979663882838,-0.036384437839007064,0.06874300765044636,2021-05-17,2023-05-27,False,True,False,False,False,0.0,1,0,True,"['是否影响偿债能力、过去十二个月内是否使用过募集资金补充流动资金以及未来十二个月内是否计划使用募集资金补充流动资金等内容', '结合前述财务报表列报项目的具体情况说明现金分红方案确定的依据及未来增强投资者回报的规划', '根据公司盈利能力、融资能力及其成本、偿债能力及现金流等情况披露现金分红方案的合理性，是否导致公司营运资金不足或者影响公司正常生产经营']",澜璨建筑
2023-03-31,季报,2023-04-30,无保留意见,False,832174155.8653691,339644310.78767216,492529845.077697,0.4081409022303506,12766059.88821607,8.698791022049322e-05,1368723.5994494483,194356643.20323285,250672016.27890623,2.1426364539175466,3011607.9185373816,437532223.2817045,40000000,12.313246126942424,96549042.75675933,88762031.5441495,0.0,38980193.33993166,0.9745048334982915,36600456.929711305,-151066546.49139324,-39334533.07941986,330739396.7951634,140338317.2243503,-0.03258479660292643,0.5774175584306133,0.05847783044883863,0.10601701852002977,2021-05-17,2023-06-17,False,False,False,False,False,0.0,0,0,False,[],澜璨建筑
2023-06-30,半年报,2023-08-27,无保留意见,False,803702003.71985,330347360.72442245,473354642.9954275,0.4110321477306819,13793487.758559315,9.261354441395568e-05,1453769.132465977,182576677.02218255,246130259.39405212,2.0874748339889915,2742634.8844146985,433006336.0344811,40000000,11.833866074885687,134879858.99004778,122885992.00078714,259859307.47831523,54758308.90469782,1.3689577226174454,48748514.93805375,-20369304.954609826,-35110256.365677275,324747072.3682525,269267511.0479654,-0.03893206122208616,0.2818517519036747,0.0028912455003313317,0.015847646893644953,2021-05-17,2023-10-04,False,False,False,False,False,0.0,0,0,False,[],澜璨建筑
2023-09-30,季报,2023-10-27,无保留意见,False,968691447.5901058,437620093.8256372,531071353.76446855,0.45176417621353127,17198111.508612577,0.00011205499926863918,1786099.7677756809,220941346.06484008,306507070.7256812,2.6180669616558916,3247293.6562560946,547565024.2202411,40000000,13.276783844111714,159921049.7027789,145941245.64423174,107211067.52016975,35773129.58961589,0.8943282397403972,32936076.633492295,-73896120.11599925,-42421218.35171611,409918691.1147821,293601352.6470667,0.12193122349831603,-0.2645711640208263,0.04073202848284933,0.18063834155794609,2021-05-17,2023-12-17,True,False,False,False,False,50867330.16765918,0,0,True,"['充分披露高送转的主要考虑及其合理性且送转股后每股收益不低于0.5元', '留存未分配利润的预计用途以及收益情况', '公司在相应期间是否按照中国证券监督管理委员会相关规定为中小股东参与现金分红决策提供了便利']",澜璨建筑
2023-12-31,年报,2024-03-30,无保留意见,False,1118416402.7953682,568969972.11075,549446430.6846181,0.5087282077486233,21424556.38023334,0.00015551042873802924,1779503.509650387,248660885.3438627,374612490.9372761,3.3083101852742365,4452795.020921791,657849821.7337518,40000000,13.736160767115454,192317515.8877363,176814979.64687753,73754842.57898821,46280665.97851057,1.1570166494627643,44105334.28949399,-51560880.44561363,-50280894.08586259,466497614.32322985,364655839.79175365,0.034600015214337664,0.19910769875892004,0.05696403153509193,0.19038266705775658,2021-05-17,2024-04-20,False,False,False,False,False,0.0,0,0,False,[],澜璨建筑
2024-03-31,季报,2024-04-30,无保留意见,False,1464337828.5360303,882034672.1069086,582303156.4291216,0.6023437043818786,24881504.947997317,0.00018333422741401078,2452629.917905709,354639209.8964583,461550305.3673304,4.076136485282563,5695928.336745988,833654838.9228168,40000000,14.55757891072804,202645216.82080355,187459014.3834823,17895839.707938597,14753858.475810349,0.3688464618952587,15205763.909435406,-69554393.15064102,-71578700.59975718,598374882.920398,457241789.1699998,0.059799689122675095,-0.4982060004457979,0.09361549663325536,0.021162230634901667,2021-05-17,2024-06-05,False,True,False,False,False,0.0,2,0,True,"['根据公司盈利能力、融资能力及其成本、偿债能力及现金流等情况披露现金分红方案的合理性，是否导致公司营运资金不足或者影响公司正常生产经营', '公司在相应期间是否按照中国证券监督管理委员会相关规定为中小股东参与现金分红决策提供了便利', '充分披露高送转的主要考虑及其合理性且送转股后每股收益不低于0.5元', '结合所处行业特点、发展阶段和自身经营模式、盈利水平、偿债能力、资金需求等因素，未进行现金分红或现金分红水平较低原因的说明']",澜璨建筑
2024-06-30,半年报,2024-08-27,无保留意见,False,1645218791.9605222,987685531.7945474,657533260.1659746,0.6003368893067248,30682057.566533435,0.00020025983611203155,2833338.367959405,347475070.8537767,526978071.48017645,4.451568656676202,6265808.3015238615,914462274.9237658,40000000,16.438331504149364,205790549.4158022,190501457.39007348,0.0,4493332.278569546,0.11233330696423864,4346347.152273137,-52018914.64555582,-77686717.20477839,671026378.6103841,541320746.7600499,0.12919405108189538,-0.32312691086209666,-0.0020068150751537863,-0.027129784323652876,2021-05-17,2024-10-06,True,False,False,False,True,5883692.071883888,0,0,True,"['留存未分配利润的预计用途以及收益情况', '结合前述财务报表列报项目的具体情况说明现金分红方案确定的依据及未来增强投资者回报的规划']",澜璨建筑
2024-09-30,季报,2024-10-27,无保留意见,False,1795143959.1604946,1040769012.6361445,754374946.52435,0.5797691083910974,30230310.298990205,0.0002199203704045274,3025144.659519061,385355919.7843691,631243945.8891977,5.038759391984377,6627531.4658606555,1012785602.8258649,40000000,18.85937366310875,206695098.36659017,191396461.5707403,6305413.050605828,1292212.7868399583,0.03230531967099896,1278577.4009526183,-124366203.70129633,-88272266.75334433,744342891.0334691,531704420.57882845,0.14728028561464826,-0.14893546753200954,-0.02056778091562736,0.07369215668143472,2021-05-17,2024-11-18,False,True,False,False,False,0.0,4,0,True,['结合前述财务报表列报项目的具体情况说明现金分红方案确定的依据及未来增强投资者回报的规划'],澜璨建筑
2024-12-31,年报,2025-03-30,无保留意见,False,2244498835.377711,1483314736.3964465,761184098.9812642,0.6608667881740424,37342788.23662249,0.00028090278480747576,3885414.211953498,484556948.46382225,763054482.1021532,6.273196443286964,8276345.657336199,1268242554.575598,40000000,19.029602474531607,203636232.03438896,188459713.73600847,10091443.962156648,-4369809.046001736,-0.1092452261500434,-4195354.049616953,-307329651.5048797,-102611325.00647373,1042404145.8893749,632463169.3780215,0.009026217649838866,-0.3095318154682274,0.08109767978294491,0.07285782284899645,2021-05-17,2025-04-11,False,True,False,False,False,0.0,3,0,True,"['是否影响偿债能力、过去十二个月内是否使用过募集资金补充流动资金以及未来十二个月内是否计划使用募集资金补充流动资金等内容', '上市公司控股子公司向母公司实施利润分配的情况', '结合所处行业特点、发展阶段和自身经营模式、盈利水平、偿债能力、资金需求等因素，未进行现金分红或现金分红水平较低原因的说明']",澜璨建筑
2017-03-31,季报,2017-04-30,无保留意见,False,256435397.55771714,63536924.63661063,192898472.92110652,0.24776971214479102,22626691.697006002,1.485860570199617e-38,24915444.155666497,16314660.709862072,14598.188010848562,68379961.96741885,27855656.6316521,168420634.67432907,40000000,4.822461823027663,7333588.612405909,6594995.151041632,18485863.272756785,10476555.160579871,0.2619138790144968,9421421.644345189,39050786.45361622,19750135.703813076,107158871.4227013,165959793.58013058,0.07165818289503614,0.5264752866988818,-0.05223028785520898,-0.0740812502311958,2021-02-08,2017-06-27,False,False,False,False,False,0.0,0,0,False,[],筠珵控股
2017-06-30,半年报,2017-08-27,无保留意见,False,238139240.07115996,79350789.32764475,158788450.74351522,0.3332117348822202,24815766.988214564,1.5029312271183532e-38,30063964.92449214,15902519.802686945,14426.16231280533,69080618.85386042,30179145.73295928,167071061.5563594,40000000,3.9697112685878806,12361621.204282258,10838856.227547618,8587303.92878051,7182903.702680498,0.17957259256701247,6062658.680722838,23160187.1354525,17370761.99391975,96204202.32508926,136735151.45446151,-0.17682888651763415,-0.11987133898883787,0.08544202273742924,0.07272258783542893,2021-02-08,2017-09-24,False,False,False,False,False,0.0,0,0,False,[],筠珵控股
2017-09-30,季报,2017-10-27,无保留意见,False,286576751.2266459,121261577.40294467,165315173.8237012,0.42313822347383,28556573.540366665,1.6622566391769566e-38,35408291.7148894,18462256.312629826,17321.733140140597,80409821.68617031,34017647.51960317,190910607.90525052,40000000,4.13287934559253,17007649.262375407,15014655.07761352,28950940.530627586,6637182.940133072,0.16592957350332682,5965426.928665574,51862688.761625715,18857592.61420925,113308129.92846382,184028411.3042988,0.04110326065671065,-0.022566386950750552,0.08992648859160973,0.052336850272945705,2021-02-08,2017-11-14,False,False,False,False,False,0.0,0,0,False,[],筠珵控股
2017-12-31,年报,2018-03-30,无保留意见,False,314584756.6470994,130538757.33979937,184045999.30730003,0.4149557617829446,24444418.993649367,1.9388432616026652e-38,36424007.22775642,20175887.56087526,16409.444466828652,82985840.15839916,34170938.95155896,197790841.204259,40000000,4.601149982682501,31122189.831921075,27781460.99837772,17034477.937191788,20163629.385065235,0.5040907346266309,18238294.17252029,8303730.471010267,23822020.79222867,128930428.66395321,161056179.92719215,0.11330372796615847,0.572252898291272,-0.008182461690885436,-0.003624061706405068,2021-02-08,2018-04-22,False,False,False,False,False,0.0,0,0,False,[],筠珵控股
2018-03-31,季报,2018-04-30,无保留意见,False,313613996.42864,134832264.982215,178781731.446425,0.42993063612482885,27555974.16587492,1.887691995703085e-38,37171449.348994695,20312616.076039344,17234.52611964432,88086818.87988806,40960487.57168862,214130584.15585953,40000000,4.469543286160625,44186987.54662627,40375038.86035248,90887633.96732509,18663996.735293135,0.4665999183823284,17990825.517106798,42460203.1548127,22300342.053744756,124160525.90313129,188921071.11168873,-0.028603000775286283,-0.040352158133800324,0.014974874341884327,0.04798800021193936,2021-02-08,2018-05-26,False,False,False,False,False,0.0,0,0,False,[],筠珵控股
2018-06-30,半年报,2018-08-27,无保留意见,False,352288757.8583405,168705914.98043352,183582842.877907,0.47888532125192645,33762625.278728,2.3221081904978566e-38,44226322.358781256,23911365.29553569,21622.441577458292,107319174.54056592,41853459.65536905,255044548.81868684,40000000,4.589571071947675,59510647.26559544,53737185.72734954,71587089.30546309,21890942.455670252,0.5472735613917563,19088781.238567233,62078669.92999225,24313194.852792554,150606036.25428218,236997901.037067,0.02685459746160225,0.09048188693848022,0.048954685127097566,-0.08530562449406008,2021-02-08,2018-10-09,False,False,False,False,False,0.0,0,0,False,[],筠珵控股
2018-09-30,季报,2018-10-27,无保留意见,False,455197221.9161682,257766261.708645,197430960.20752326,0.5662738024269329,45139796.074422516,2.7002051885735315e-38,55352228.2259604,30540698.74405657,25210.941585100452,116610152.18768188,51855817.13914394,307606473.64287364,40000000,4.935774005188081,67414438.92245531,60811387.29082451,41782731.01803955,11291130.938371234,0.28227827345928086,10106002.233535679,24056631.704035074,34207475.15884742,180718483.0102808,238982589.87316328,0.07543252469854199,-0.2725521894816817,0.0873884811750064,0.008405113298718509,2021-02-08,2018-11-08,False,False,False,False,False,0.0,0,0,False,[],筠珵控股
2018-12-31,年报,2019-03-30,非标准无保留意见,False,523973203.5714159,303277626.0962706,220695577.4751453,0.5788036945956814,55857550.39620605,3.4391726126362007e-38,65895632.261449285,36142603.31285837,31587.377227000605,150963575.4063228,64293384.26596117,358411352.3799947,40000000,5.5173894368786325,68013400.64948958,61298559.2327109,3693490.027359435,855659.6100489646,0.021391490251224117,695959.916980556,30393086.998197716,36300226.136209816,211104661.8143936,277797974.94880116,0.11783672248348591,-0.36886016861802606,0.012529892168748526,-0.11166655755977692,2021-02-08,2019-04-11,False,False,False,False,False,0.0,0,0,False,[],筠珵控股
2019-03-31,季报,2019-04-30,无保留意见,False,634850246.5899608,358810580.0031944,276039666.5867665,0.5651893213092569,64635244.796534956,4.1564218180465286e-38,80660837.63271049,41117341.74566045,41928.420580592516,172595670.97249916,75981280.97042458,445719856.9390859,40000000,6.900991664669162,69658085.40051182,62747593.48089588,7517035.715195576,2349549.644317478,0.05873874110793695,2070048.9259785416,100049643.52817641,48743462.85508073,300303812.92198706,449096919.3052442,0.2507711742336749,0.08366479127031327,-0.013614373286424427,-0.01887423324543061,2021-02-08,2019-06-18,False,False,False,False,False,0.0,0,0,False,[],筠珵控股
2019-06-30,半年报,2019-08-27,无保留意见,False,706656385.0979564,446767301.249001,259889083.84895536,0.6322270776440665,72913473.90044217,4.304559576954419e-38,85029750.32058077,43971263.600928165,42919.11936099038,183899068.67809197,85530013.9869368,479587956.5867888,40000000,6.4972270962238845,74098506.24289909,66567537.30826046,4037387.368976743,6343458.346267518,0.15858645865668794,5457062.6105208425,65896948.21279423,48529968.92827384,279313719.7519499,393740636.893018,-0.058508195352911685,0.2064083544767651,0.06703775633480959,0.11895188410191374,2021-02-08,2019-10-22,False,False,False,False,False,0.0,0,0,False,[],筠珵控股
2019-09-30,季报,2019-10-27,无保留意见,False,738378806.9221454,449008905.096066,289369901.8260793,0.6081010192691101,65417997.26812067,4.1274205758242014e-38,85979738.10083409,47018462.67378088,40208.01968175216,191963898.4267815,75540316.05735481,462167518.090338,40000000,7.234247545651983,79623336.02087197,71566985.10133235,15652320.00731389,7892613.968532681,0.19731534921331703,7142068.275816982,11361278.986970939,53193458.103441894,333064558.81181985,397619295.9022327,0.11343615337940802,0.0663635867181977,-0.024126058374956433,0.09544809040604245,2021-02-08,2019-11-12,False,False,False,False,False,0.0,0,0,False,[],筠珵控股
2019-12-31,年报,2020-03-30,无保留意见,False,774528971.5737429,496613785.27309227,277915186.30065066,0.6411816775091539,67552010.96203601,4.2323934144986743e-38,88558383.8691464,48040717.59872304,41792.278519975225,199638040.34735522,88201343.03324737,492315175.06838775,40000000,6.947879657516267,86960297.99127756,78293943.04412718,10465992.236611838,10481374.243436575,0.26203435608591436,9609939.918278342,102842168.917197,54368143.05783282,314153801.6347837,471364113.6098135,-0.03958502751372276,0.10399712453567156,0.03308065824004384,-0.050437537654062385,2021-02-08,2020-05-20,False,False,False,False,False,0.0,0,0,False,[],筠珵控股
2020-03-31,季报,2020-04-30,无保留意见,False,832308072.8346567,574697271.6325265,257610801.2021302,0.690486239878985,83471451.32620405,4.776071105707579e-38,90287569.97847128,51983763.798474796,40600.82220444836,207289136.54971322,100842290.5246439,531670054.3627654,40000000,6.440270030053255,79291478.8087561,71760787.15226592,42819627.073852986,-10955455.97503066,-0.27388639937576653,-9333079.845516084,21578372.73597112,63252434.17317969,354291990.8136146,439122797.72276545,-0.07305964588978975,-0.7800494265161078,0.04930456236983112,-0.03726490176725826,2021-02-08,2020-06-11,False,False,False,False,False,0.0,0,0,False,[],筠珵控股
2020-06-30,半年报,2020-08-27,无保留意见,False,1478359812.5191813,1214515344.3840463,263844468.13513505,0.821528922863823,149828221.34259105,9.184455174164297e-38,155753991.28958666,90239999.69037104,78407.6906362786,382808455.42476374,167141027.82995066,988419390.9489464,40000000,6.5961117033783765,73502279.96552409,66818474.67823509,37444494.82191485,-8270284.061760003,-0.20675710154400007,-7060446.391472617,160675530.34954524,118200443.15152462,603648611.5960582,882524585.0971282,0.024198002971597906,0.4442306817815389,0.13104268298483787,0.04783895328538711,2021-02-08,2020-09-12,False,False,False,False,False,0.0,0,0,False,[],筠珵控股
2020-09-30,季报,2020-10-27,无保留意见,False,1751554084.918751,1487596773.7280896,263957311.1906615,0.8493010787029704,151539196.81221694,9.424165497314484e-38,195503726.96807566,107323859.82637155,96608.65973979536,450196570.6574246,205764712.9760383,1099266542.93404,40000000,6.598932779766537,69882962.32646711,63425067.68619289,14515001.715861188,-5170453.770081406,-0.12926134425203517,-4847724.274345998,84530530.86040659,136608589.30442163,718949806.1486614,940088926.3134897,0.00042768778259416384,0.35508947984206163,0.027772155839147564,-0.04306107279384389,2021-02-08,2020-12-18,False,False,False,False,False,0.0,0,0,False,[],筠珵控股
2020-12-31,年报,2021-03-30,无保留意见,True,1613006552.1712406,1320996420.1954718,292010131.9757688,0.8189653156816388,134527936.66081393,8.917508241736664e-38,151315292.26723528,95669130.2198381,78405.09995821796,403071014.8248241,170418082.94950083,961052482.5757377,40000000,7.30025329939422,64203217.111431725,58274631.74703114,26275196.79635107,-8113921.735764846,-0.20284804339412116,-7357765.627373938,91231057.53121415,121742696.56078659,674583630.5816442,887557384.6736449,0.10627786992739985,-0.2488234044209568,-0.030335763021331823,0.02708928269820783,2021-02-08,2021-05-07,False,False,False,False,False,0.0,0,0,False,[],筠珵控股
2021-03-31,季报,2021-04-30,保留意见,False,1527825633.2756405,1227512875.1109688,300312758.16467154,0.8034378062365635,134240475.49957803,9.354645897045129e-38,180068164.48183846,95704890.96694697,79886.82911164954,433709256.8629621,184118063.7214829,1028196381.2401755,40000000,7.507818954116789,59531954.69141834,53890200.35158419,6196479.106462451,-6673232.028590543,-0.16683080071476358,-6263473.422067075,136899166.83890468,112966627.59906977,640922292.1878715,890788086.6258459,0.028432664759699813,0.16212885643521924,-0.015527509445075149,-0.04641508484085781,2021-02-08,2021-05-26,False,False,False,False,True,0.0,0,0,False,[],筠珵控股
2021-06-30,半年报,2021-08-27,无保留意见,True,1817051148.8499205,1456167212.9234314,360883935.92648906,0.8013903262134883,150196360.37558448,1.001483343601902e-37,194816667.70204416,104996227.03364334,103737.22682267369,437292581.54862374,199349276.7113675,1149743394.2905347,40000000,9.022098398162226,61769230.21382533,55864551.80627928,8369199.578944726,3196107.88915284,0.079902697228821,2820502.0781358453,133349158.11418368,124686855.82455552,738417859.5139706,996453873.4527098,0.20169365474844156,0.9557046255970404,-0.0020474800230753038,-0.06229846896076179,2021-02-08,2021-10-22,False,False,False,False,True,0.0,0,0,False,[],筠珵控股
2021-09-30,季报,2021-10-27,无保留意见,False,1515317627.7128243,1138617929.2654784,376699698.44734603,0.7514054535114691,133174180.04501934,9.794043004142118e-38,178139437.11646327,90475164.24717236,85933.46182501531,416976238.2361845,177947734.83290976,989199435.7212428,40000000,9.41749246118365,73829817.54623938,66625736.94726919,63468317.52990646,17229410.47487721,0.43073526187193023,15373121.629985591,126600289.74847172,108154892.48235743,582555665.8514286,817310848.0822577,0.0438250665833974,0.6948518329742897,-0.04998487270201903,-0.13774356572431856,2021-02-08,2021-12-10,True,False,False,True,False,14993740.923345974,0,0,True,"['结合所处行业特点、发展阶段和自身经营模式、盈利水平、偿债能力、资金需求等因素，未进行现金分红或现金分红水平较低原因的说明', '公司在相应期间是否按照中国证券监督管理委员会相关规定为中小股东参与现金分红决策提供了便利', '根据公司盈利能力、融资能力及其成本、偿债能力及现金流等情况披露现金分红方案的合理性，是否导致公司营运资金不足或者影响公司正常生产经营']",筠珵控股
2021-12-31,年报,2022-03-30,非标准无保留意见,False,2675362686.572089,2262675294.9671826,412687391.60490656,0.8457452540262203,252292024.71170244,1.526199693426614e-37,301911696.4050531,172934150.41839924,167912.97669172983,686735487.6719412,314411072.84254086,1802622638.1842933,40000000,10.317184790122663,79735918.57617919,71948091.10815118,12680866.447256623,8437287.185628314,0.21093217964070785,7603363.086974279,218440929.1656827,201296588.497331,1126497283.3013775,1546234800.9643912,0.09553417033751826,-0.25685874127753094,0.09433980051475115,0.040937137782015486,2021-02-08,2022-05-10,False,False,False,False,False,0.0,0,0,False,[],筠珵控股
2022-03-31,季报,2022-04-30,无保留意见,False,4397220640.077531,3957498576.069778,439722064.007753,0.9,389910627.8469869,2.607424350415893e-37,503231336.01976806,268077567.1097804,224460.897867338,1135079262.7506592,518652695.9296112,2814592934.716131,40000000,10.993051600193825,85186433.57506666,76543432.17596896,8414053.777708642,7786449.99841065,0.19466124996026624,6564772.954025409,678601618.66589,313772086.0622739,1824209764.4820766,2816583469.2102404,0.06550884023306566,-0.02558595114597676,0.0647461011165868,-0.15967984471925015,2021-02-08,2022-06-01,False,False,False,True,False,0.0,0,0,False,[],筠珵控股
2022-06-30,半年报,2022-08-27,非标准无保留意见,False,4206509973.80945,3773424789.624422,433085184.1850281,0.8970440610193484,406544345.33403915,2.51440893230802e-37,531050035.63012856,278720892.1892572,251393.42551514017,1154293055.3377066,502464084.97121066,2888368679.4944563,40000000,10.827129604625702,88773215.07512738,80117154.24751778,10363273.254241956,5123973.571515322,0.12809933928788303,5105317.245069736,546148679.4040347,309034586.1770683,1585907393.2275207,2441090658.808624,-0.015093351837373136,-0.10741660976323959,-0.013447294123458636,-0.1370046302476162,2021-02-08,2022-09-13,True,False,True,True,False,6272026.9849538,0,9,True,"['公司在相应期间是否按照中国证券监督管理委员会相关规定为中小股东参与现金分红决策提供了便利', '结合所处行业特点、发展阶段和自身经营模式、盈利水平、偿债能力、资金需求等因素，未进行现金分红或现金分红水平较低原因的说明', '公司为增强投资者回报水平拟采取的措施']",筠珵控股
2022-09-30,季报,2022-10-27,无保留意见,False,4084906754.709838,3676416079.2388544,408490675.4709837,0.9,359003253.57810766,2.292489455041443e-37,463850003.676958,244655776.41623083,197323.6098689258,1095531957.3869455,489442596.49781173,2543723419.784155,40000000,10.212266886774593,100852603.89120932,90519514.81543471,48571068.93547138,17256269.737259917,0.43140674343149793,14860515.097024184,214266734.56724048,301735608.20172155,1681611331.6314685,2197613674.4004307,-0.05678907894373229,0.5483778095524826,0.012092749141830325,0.1934367765504818,2021-02-08,2022-11-20,True,False,False,False,False,10252507.50056026,0,0,True,['上市公司控股子公司向母公司实施利润分配的情况'],筠珵控股
2022-12-31,年报,2023-03-30,非标准无保留意见,True,3950114802.356438,3555103322.1207943,395011480.2356437,0.9,376792399.36045325,2.279230610356508e-37,459301355.4101275,261061433.84074473,223113.1393934898,1001172743.8269494,466893745.4371246,2590611811.9277554,40000000,9.875287005891092,100549584.93968105,90227429.76185551,392999.88801601814,-432884.21646895073,-0.010822105411723768,-417264.36225600704,335838234.37026554,270422829.9946272,1593231345.5537782,2199492409.9186707,-0.03299755917267565,-0.5163771213095247,0.025769720473507375,0.01200301919116856,2021-02-08,2023-04-11,False,False,True,True,True,0.0,0,5,True,['上市公司控股子公司向母公司实施利润分配的情况'],筠珵控股
2023-03-31,季报,2023-04-30,无保留意见,False,4239530502.9756393,3815577452.6780753,423953050.2975638,0.9,377007285.91876566,2.5542723441602544e-37,520549987.5286833,259666014.3031445,232990.3077923407,1118135587.1704605,485581707.4266826,2686033370.4464464,40000000,10.598826257439095,102520293.8807585,92081900.35669406,2078415.6272140914,2815298.487253472,0.0703824621813368,2649243.706912205,832684056.9227862,294391957.00550544,1783704641.9386423,2910780655.866934,0.0732676681818338,0.19606205124439105,0.0493820913343839,-0.039725729333320595,2021-02-08,2023-06-13,True,False,False,True,False,1430496.2065115068,0,0,True,"['结合所处行业特点、发展阶段和自身经营模式、盈利水平、偿债能力、资金需求等因素，未进行现金分红或现金分红水平较低原因的说明', '公司在相应期间是否按照中国证券监督管理委员会相关规定为中小股东参与现金分红决策提供了便利', '留存未分配利润的预计用途以及收益情况']",筠珵控股
2023-06-30,半年报,2023-08-27,无保留意见,False,4522314908.366132,4070083417.529519,452231490.8366131,0.9,388877645.80750614,2.395933242911135e-37,482059494.0928061,264356289.6333121,244397.0803206623,1072851680.3311802,506791610.9720489,2729682693.342131,40000000,11.305787270915328,104808687.72243766,94061358.05558057,14459823.477857783,3269134.05954168,0.081728351488542,2827796.7126950277,505921722.240234,337635719.51918584,1856808889.2466142,2700366331.006034,0.06670182115496329,0.022903292250689364,0.02118995188195337,0.09103695785170839,2021-02-08,2023-09-16,False,False,False,False,False,0.0,0,0,False,[],筠珵控股
2023-09-30,季报,2023-10-27,无保留意见,False,4114496197.5121,3703046577.7608905,411449619.7512099,0.9,395424833.46036613,2.4720055558560963e-37,479368667.84980744,255052574.7784958,227263.6767251702,1081349804.5407817,457350508.1879093,2756963326.5910397,40000000,10.286240493780248,120225001.86515237,108049666.39080396,35819038.164601445,22023305.91816385,0.5505826479540963,19983297.621747714,700235047.5248331,318888490.6002888,1705987757.2269702,2725111295.352092,-0.09017919342582278,0.9252576752184272,-0.02220525294456068,-0.014841488933407218,2021-02-08,2023-11-09,False,True,False,False,False,0.0,3,0,True,"['是否影响偿债能力、过去十二个月内是否使用过募集资金补充流动资金以及未来十二个月内是否计划使用募集资金补充流动资金等内容', '结合前述财务报表列报项目的具体情况说明现金分红方案确定的依据及未来增强投资者回报的规划', '公司为增强投资者回报水平拟采取的措施']",筠珵控股
2023-12-31,年报,2024-03-30,无保留意见,False,4100286911.010355,3690258219.9093194,410028691.1010354,0.9,373472350.16611147,2.487914173387566e-37,530446652.74601144,271048186.22978693,216508.62524539384,1124547580.1227539,475420165.7042506,2767017773.3657017,40000000,10.250717277525885,131560501.37526034,119037041.21698724,66858140.78001465,16193570.72872566,0.40483926821814153,15696249.751690382,674346121.9301466,309500637.60716456,1783202419.5131335,2767049179.0504446,-0.0034534693482852295,-0.14939111518803116,0.018993805551745162,0.10305069959163862,2021-02-08,2024-04-21,False,False,False,False,True,0.0,0,0,False,[],筠珵控股
2024-03-31,季报,2024-04-30,无保留意见,False,4357988899.733346,3922190009.7600117,435798889.97333455,0.9,348923909.56553125,2.3180729894480794e-37,520055324.0139923,257426987.16005293,243244.77426045673,1122572935.4193811,497363547.4689142,2737631041.6873016,40000000,10.894972249333364,143440049.71687785,130167129.82783252,40684148.59371245,16970783.34516786,0.42426958362919653,15900126.586921839,673025277.5605516,331813718.2219459,1789171813.7282944,2794010809.510792,0.06284974547293085,0.02341455286006966,0.06385557252977893,0.06726995824144089,2021-02-08,2024-05-31,False,False,False,True,True,0.0,0,0,False,[],筠珵控股
2024-06-30,半年报,2024-08-27,无保留意见,False,4496142210.336151,4046527989.3025365,449614221.03361505,0.9,433014937.9536188,2.798788877861548e-37,526794899.8447255,309768442.73766035,263987.6978145099,1335591190.8641942,550542083.7941039,3145420999.9344845,40000000,11.240355525840377,151204835.5280911,137202365.87979603,15207226.60536254,11092551.158876054,0.27731377897190135,10050337.217090724,388420235.77158904,327744382.6875506,1858562852.2179663,2574727470.677106,0.031701161655381505,-0.17303787571115725,-0.015298757085755942,-0.07451320126680383,2021-02-08,2024-10-15,False,False,False,True,False,0.0,0,0,False,[],筠珵控股
2024-09-30,季报,2024-10-27,无保留意见,False,4240901223.8932967,3816811101.5039673,424090122.3893296,0.9,416967876.3796683,2.731172738662756e-37,480940675.1819594,272028975.58563834,249611.8930484371,1102687701.968998,535733530.50009626,2782163981.342709,40000000,10.60225305973324,157883883.02756733,143306512.2757557,14583830.551038362,9541496.427823193,0.23853741069557982,8720209.137085259,734047043.2130823,313728907.09853387,1917503361.1161387,2965279311.427755,-0.05676888641468731,-0.055212313124605464,0.01849362495381033,-0.041673884686470083,2021-02-08,2024-12-20,False,False,False,False,False,0.0,0,0,False,[],筠珵控股
2024-12-31,年报,2025-03-30,无保留意见,False,5036471911.49053,4532824720.341477,503647191.149053,0.9,458796998.87515754,3.0618432263618317e-37,573657715.3142062,328114701.3686752,297878.2487304571,1346696331.607749,648634634.8350016,3434352035.503196,40000000,12.591179778726325,167074441.03833145,151903415.79165083,54606661.80030136,13129368.586805921,0.328234214670148,12281290.736993007,955563266.5731081,334640950.63491553,2186006043.8300357,3476210261.038059,0.18759472234698063,0.13517972389912403,0.07266630359018411,0.01840857284804653,2021-02-08,2025-05-27,False,True,True,True,False,0.0,0,3,True,['公司在相应期间是否按照中国证券监督管理委员会相关规定为中小股东参与现金分红决策提供了便利'],筠珵控股
2017-03-31,季报,2017-04-30,保留意见,False,259927341.168313,78480765.6415396,181446575.5267734,0.3019334760582969,49015581.741869256,3.1363343289715482e-52,12938.014501755022,10704720.265682362,12250.849158812618,9817273.648838857,8634203.469390469,81104082.3441293,40000000,4.536164388169335,3287649.3462486495,2668788.3283557203,13484667.416017972,4696641.923212357,0.11741604808030892,3812554.754793886,43671335.10708815,-24333434.870859362,-26238786.05784052,-6900885.821611732,0.00803653070429662,0.20536899573401995,0.0019334760582968963,-0.03521318730767141,2021-05-13,2017-06-02,False,False,False,False,False,0.0,0,0,False,[],霖瑄化工
2017-06-30,半年报,2017-08-27,无保留意见,False,252161708.80978888,96082781.73825294,156078927.07153594,0.381036368256571,54122664.70840689,2.4548406921596643e-52,12530.468389084097,9527767.484982075,12623.857550372359,10320686.912534919,9004314.807520034,79791083.75382644,40000000,3.9019731767883985,5945577.422710797,4928780.675524637,16341400.853269977,3797040.1092316397,0.09492600273079099,3228560.495955596,17132879.91527031,-22475268.564921383,-27659204.61512884,-33001593.264779914,-0.13980781054473163,-0.04146272115125204,0.07910289219827413,-0.024687603103022628,2021-05-13,2017-10-13,False,False,False,False,False,0.0,0,0,False,[],霖瑄化工
2017-09-30,季报,2017-10-27,无保留意见,False,266325102.11225116,106505368.92115223,159819733.19109893,0.3999073616285038,52848171.715097606,3.0506004264266024e-52,12089.128561914189,9143854.45583008,13338.19799612262,10330715.141077258,10037204.235830607,81086175.60246684,40000000,3.995493329777473,14750535.725585174,12340230.529314913,6515563.6228358885,12578511.861249112,0.3144627965312278,10587785.505414682,21360929.89956367,-23640372.605055973,-28445913.19850038,-30725355.903992683,0.0239674002746601,0.42224622859285865,0.01887099337193284,0.00857988715831516,2021-05-13,2017-12-15,False,False,False,False,False,0.0,0,0,False,[],霖瑄化工
2017-12-31,年报,2018-03-30,无保留意见,False,257176948.43246943,83661969.74041353,173514978.69205588,0.32530897598072184,47086673.04668493,2.6344509965446968e-52,10438.199951785002,9550152.432836123,12403.93906837918,9944479.105175681,9866632.605269805,77146234.90761246,40000000,4.337874467301397,14217738.393315533,11866817.745224414,3075937.1580401245,-761139.0460994896,-0.019028476152487237,-676303.9772721422,28202516.39332106,-23277097.678638406,-28663225.21985588,-23737806.505173225,0.08569183058628499,-0.4509912794100001,-0.07459838564778203,0.28129632005813837,2021-05-13,2018-05-25,False,False,False,False,False,0.0,0,0,False,[],霖瑄化工
2018-03-31,季报,2018-04-30,无保留意见,False,300846962.60642344,129407162.40492529,171439800.20149815,0.4301428250556062,61979944.95092684,3.296894144912085e-52,14430.06217098742,11345456.041709028,14289.411465639978,13820030.411403924,10703405.41853461,97335190.65740825,40000000,4.285995005037454,15310893.358281922,12951070.946032751,5677721.673347152,1561649.949951984,0.0390412487487996,1548933.1440119122,8481048.4825066,-25352542.602518898,-30766362.900694028,-47637857.020706326,-0.011959650435946599,0.14303891157424736,0.10483384907488434,0.03678256770791638,2021-05-13,2018-06-27,False,False,False,False,False,0.0,0,0,False,[],霖瑄化工
2018-06-30,半年报,2018-08-27,保留意见,False,264105265.86580074,109559454.46297713,154545811.40282363,0.41483252559851397,53203088.34880995,2.9454401978697883e-52,13093.388466075967,9186096.274839478,11792.08297287409,11085610.266769899,10004057.97390895,82184988.44367157,40000000,3.8636452850705907,21073964.606052957,17979388.03811417,6172067.218668498,8232958.9253871925,0.20582397313467982,7183310.131544884,37995749.09316852,-23867151.195043154,-26555337.24280925,-12426739.344683886,-0.0985418133876645,0.359413575486185,-0.015310299457092202,0.040910896387115495,2021-05-13,2018-09-20,False,False,False,False,False,0.0,0,0,False,[],霖瑄化工
2018-09-30,季报,2018-10-27,保留意见,False,294348331.1632923,125968632.59745775,168379698.56583455,0.4279576925053995,57225998.38286812,3.58103618503709e-52,14127.120727345156,10504191.824189061,14373.372018000187,12354532.254902685,11376815.464279719,93445992.05779609,40000000,4.209492464145864,31177767.402522314,26912320.463750754,13466580.585559003,14434003.994956233,0.3608500998739058,12761332.03662369,53042688.19467213,-23967027.739723,-32178650.39243598,-3102989.9374868497,0.08951318083252936,0.24575179977525718,0.01312516690688554,0.1448496781188296,2021-05-13,2018-12-04,False,False,False,False,False,0.0,0,0,False,[],霖瑄化工
2018-12-31,年报,2019-03-30,无保留意见,False,296946708.4099066,119908858.18986234,177037850.22004426,0.4038059853633386,52852754.62731975,2.6767093647536532e-52,12269.338457862446,9984613.993356116,13060.450140068766,9623598.164551185,8867584.678019673,80404304.1762459,40000000,4.425946255501106,53331773.36856692,48485247.538365275,119296167.10326819,31648579.951492302,0.7912144987873075,30818467.249449316,27208127.363604393,-28270760.639104318,-33678422.434140235,-34741055.70964016,0.051420401200115165,0.5476418454135923,-0.02415170714206089,0.012158494388647348,2021-05-13,2019-04-19,False,False,False,False,False,0.0,0,0,False,[],霖瑄化工
2019-03-31,季报,2019-04-30,无保留意见,False,344399320.88032293,148324361.93611342,196074958.94420955,0.43067553547138204,61157603.571134016,3.214188719997358e-52,15933.96741975594,10568403.793952357,14392.95626218431,12502421.231274707,12381043.123012071,98910810.01156001,40000000,4.901873973605238,70168859.5573032,65247048.430213995,89201330.14737827,24052980.269623265,0.6013245067405816,23945429.845498174,39779821.86588907,-30151543.7959664,-35528223.09142401,-25899945.02150134,0.10753129175768705,-0.15613199171368708,0.026869550108043424,0.06512960437920046,2021-05-13,2019-06-25,False,False,False,False,False,0.0,0,0,False,[],霖瑄化工
2019-06-30,半年报,2019-08-27,无保留意见,False,411999660.95596355,212543087.0745771,199456573.88138646,0.5158817038378454,77796332.42520837,4.333736620238919e-52,20756.29859473815,14997119.207627269,18154.586693865578,16904859.46575324,15657230.813395418,126332497.11397266,40000000,4.986414347034661,73948030.50970228,68645873.53003292,8486121.979389131,5398815.646284383,0.13497039115710957,4855464.428312753,33937373.12682259,-38164594.365428716,-41566879.64824991,-45794100.886856034,0.01724654160523938,-0.4543924582533132,0.08520616836646329,0.12528754171661688,2021-05-13,2019-09-14,False,False,False,False,False,0.0,0,0,False,[],霖瑄化工
2019-09-30,季报,2019-10-27,无保留意见,False,501178230.4838133,299200890.77988577,201977339.7039275,0.5969949861769768,102179094.32954475,5.930668815420291e-52,27814.401945490514,20838673.56779137,25972.422586239114,22889304.67063204,19716204.370786674,171596300.05619675,40000000,5.049433492598187,81294608.07113509,75456888.90542558,33262816.18483719,10495110.802046884,0.2623777700511721,9730021.964846652,64821300.154608935,-42511944.34753149,-51410861.39739668,-29101505.59031924,0.012638168667431835,0.22752520652170705,0.08111328233913145,0.0020368252346390243,2021-05-13,2019-12-06,False,False,False,False,False,0.0,0,0,False,[],霖瑄化工
2019-12-31,年报,2020-03-30,保留意见,False,625515367.9415598,394628586.77173305,230886781.1698267,0.630885517761735,109916106.6403553,6.486321607811306e-52,29743.959735851047,23837368.201750524,29626.043175594456,24719723.40279744,22887069.018223718,190082141.75609234,40000000,5.772169529245667,88858658.7846792,81776842.09703065,20145059.994284358,10805786.733634464,0.2701446683408616,9028504.559435822,83644172.17714292,-53682640.52693025,-67041615.707349494,-37080084.057136826,0.14313210337494647,0.011299315497374002,0.03389053158475815,0.05498409333846478,2021-05-13,2020-05-06,False,False,False,False,False,0.0,0,0,False,[],霖瑄化工
2020-03-31,季报,2020-04-30,无保留意见,False,726527309.1574283,491040927.73715585,235486381.42027244,0.6758740126460328,151041607.44179568,8.832405590221848e-52,36901.50350844249,27433600.604321174,40122.36948556761,30576163.097429648,30389627.878639583,243810797.19846344,40000000,5.887159535506811,95726984.52216102,88598534.2836446,23264255.282520305,9811893.91068831,0.24529734776720777,9745274.552305631,55201776.68317732,-61440538.80109446,-86225116.52185321,-92463878.63977034,0.019921453394348195,-0.03574410004892686,0.04498849488429782,-0.09231024811068064,2021-05-13,2020-05-13,False,False,False,False,False,0.0,0,0,False,[],霖瑄化工
2020-06-30,半年报,2020-08-27,无保留意见,False,894946946.9912591,644965935.5688677,249981011.42239144,0.7206750497749528,174651772.91188306,8.994605852086625e-52,35992.34810265523,32598873.806707896,35775.465697893356,33474916.210364208,29990921.56203089,254469454.3620871,40000000,6.249525285559786,112480249.27590728,104981390.86921528,40928418.530145206,23933235.362494648,0.5983308840623662,23404080.83652955,70415569.62813647,-79099318.41136035,-94310547.47414877,-102994296.25737265,0.06155188217126854,0.5266819829604426,0.04480103712892006,-0.01758768791701103,2021-05-13,2020-09-08,False,False,False,False,False,0.0,0,0,False,[],霖瑄化工
2020-09-30,季报,2020-10-27,无保留意见,False,1072912102.2367792,802611428.8504504,270300673.38632876,0.7480682035156347,220534540.77170804,1.1019036945495362e-51,44138.21880132362,36307355.014560565,49135.85642418645,46262101.96557288,36756781.018860966,318553346.04100853,40000000,6.757516834658219,145864971.9696619,135045525.6524568,148586245.17417005,47692460.99107801,1.1923115247769502,42948763.97605931,167032754.13947865,-103845842.72979712,-112429782.23796965,-49242870.82828812,0.08128482178833717,0.5804384974258084,0.02739315374068198,0.05704147900108818,2021-05-13,2020-12-19,False,False,False,False,False,0.0,0,0,False,[],霖瑄化工
2020-12-31,年报,2021-03-30,无保留意见,False,1500892483.4516459,1214198739.9549015,286693743.49674445,0.8089844897900837,304842662.8940106,1.537844570328122e-51,80926.78253587362,52828707.30820548,74038.1633933634,60856687.71094232,54001249.37534528,482524332.76123047,40000000,7.167343587418611,196785684.54204494,182356393.5846968,96837716.49579144,72743875.1034044,1.81859687758511,67586954.18891428,274563853.6056738,-130073509.99294092,-160367713.38609093,-15877369.773358047,0.06064753707433722,0.38723853952288706,0.060916286274449144,0.11083061593961487,2021-05-13,2021-05-26,True,True,False,False,False,60557358.40915465,4,0,True,"['公司在相应期间是否按照中国证券监督管理委员会相关规定为中小股东参与现金分红决策提供了便利', '结合前述财务报表列报项目的具体情况说明现金分红方案确定的依据及未来增强投资者回报的规划', '是否影响偿债能力、过去十二个月内是否使用过募集资金补充流动资金以及未来十二个月内是否计划使用募集资金补充流动资金等内容']",霖瑄化工
2021-03-31,季报,2021-04-30,无保留意见,False,1284438872.733082,968869020.2591095,315569852.4739725,0.7543130629467092,238293624.71958995,1.3696135939872897e-51,71010.8034502674,49912504.30859501,59329.644622543376,50177124.303173594,44345033.92502881,406363959.5069055,40000000,7.889246311849313,249375162.8260881,228723156.98713437,260922409.96696863,75127826.12006167,1.8781956530015416,66238233.4320537,148468357.6201992,-122115283.5897656,-134296255.61953118,-107943181.58909757,0.10072109919467401,0.026563941148189062,-0.054671426843374685,0.0870799101455446,2021-05-13,2021-05-16,False,False,False,True,False,0.0,0,0,False,[],霖瑄化工
2021-06-30,半年报,2021-08-27,无保留意见,False,1044582627.776643,694824514.0711628,349758113.70548016,0.6651695094241344,237083056.49130288,1.1585113343666351e-51,58434.59005869704,37624178.79824636,47534.075369507955,47327449.19795792,37796287.71150128,338680702.584725,40000000,8.743952842637004,283640437.30773544,260096417.8690526,50920683.000519425,48950392.11663909,1.2237598029159773,44818944.11702606,45519963.50553886,-94069225.78839743,-127513006.01252116,-176062268.29537973,0.10833817287513997,-0.2841425344098313,-0.0891435535225747,-0.056852851958325616,2021-05-13,2021-09-22,True,False,False,False,False,24162582.308917236,0,0,True,"['结合所处行业特点、发展阶段和自身经营模式、盈利水平、偿债能力、资金需求等因素，未进行现金分红或现金分红水平较低原因的说明', '是否影响偿债能力、过去十二个月内是否使用过募集资金补充流动资金以及未来十二个月内是否计划使用募集资金补充流动资金等内容', '上市公司控股子公司向母公司实施利润分配的情况', '充分披露高送转的主要考虑及其合理性且送转股后每股收益不低于0.5元']",霖瑄化工
2021-09-30,季报,2021-10-27,无保留意见,False,961911371.7158805,605036145.4599184,356875226.25596213,0.6289936508190359,171847019.95947424,1.1594837902614959e-51,48424.03092097343,36195749.78143495,43877.556016569426,41029455.37939891,34542486.229264334,302870049.71870434,40000000,8.921880656399054,314839634.26326925,289066765.725335,177944351.22409344,44570281.36504831,1.1142570341262077,41386211.22326062,67158712.14616016,-88232998.85140215,-108176217.72269055,-129250504.42793255,0.020348670328417542,-0.06641523440594817,-0.03617585860509853,-0.05020615894497587,2021-05-13,2021-12-04,False,False,True,False,False,0.0,0,5,True,['公司在相应期间是否按照中国证券监督管理委员会相关规定为中小股东参与现金分红决策提供了便利'],霖瑄化工
2021-12-31,年报,2022-03-30,无保留意见,False,1106399087.146464,683397937.5223755,423001149.6240886,0.6176776042765371,214442268.9690876,1.1064657408542612e-51,56815.055092596514,39565307.99628282,55383.83724824536,53189683.52874311,40146242.399845235,350953072.16613865,40000000,10.575028740602214,335307542.31699276,307418843.85558814,79870036.65567425,29239868.64817644,0.730996716204411,26217254.471790176,122920942.56744105,-106659745.97666287,-126605906.74573198,-110344710.15495381,0.18529143662300301,-0.24899046060839514,-0.011316046542498816,-0.006473796370097913,2021-05-13,2022-04-20,False,True,False,False,True,0.0,0,0,True,"['结合前述财务报表列报项目的具体情况说明现金分红方案确定的依据及未来增强投资者回报的规划', '根据公司盈利能力、融资能力及其成本、偿债能力及现金流等情况披露现金分红方案的合理性，是否导致公司营运资金不足或者影响公司正常生产经营', '公司为增强投资者回报水平拟采取的措施']",霖瑄化工
2022-03-31,季报,2022-04-30,无保留意见,False,1021836918.7517974,592333783.4664688,429503135.2853287,0.5796754575965225,187058571.7328542,1.1245837786945792e-51,47596.396366921894,38004804.64180336,45619.65427443062,41195431.26565674,36693936.49115752,315991600.4911966,40000000,10.737578382133217,351417246.54536366,321909906.8186606,65087559.16588454,23013863.183387034,0.5753465795846758,20701518.518674932,166565150.16359627,-95615578.88892071,-106436712.05524623,-35487140.78057067,0.015371082719321952,-0.1346458293850483,-0.03800214668001462,-0.004082002880597765,2021-05-13,2022-06-23,True,False,False,False,False,15543592.23400523,0,0,True,"['充分披露高送转的主要考虑及其合理性且送转股后每股收益不低于0.5元', '公司在相应期间是否按照中国证券监督管理委员会相关规定为中小股东参与现金分红决策提供了便利', '结合所处行业特点、发展阶段和自身经营模式、盈利水平、偿债能力、资金需求等因素，未进行现金分红或现金分红水平较低原因的说明']",霖瑄化工
2022-06-30,半年报,2022-08-27,无保留意见,False,1136300914.7301707,736807428.9849143,399493485.7452563,0.6484263274221501,220740794.45659456,1.242817956784987e-51,55064.682604639216,42128636.90247902,52949.262348440876,47591221.01317108,42329918.29409358,358930319.6103266,40000000,9.987337143631407,372142375.34248,340125617.7323949,27103080.828804392,29607326.853023358,0.740183171325584,26022444.162477516,154657736.74074695,-108345246.8627187,-111013578.94983186,-64701089.071803614,-0.06987061810418745,0.1647794825362875,0.0687508698256276,0.07275828610048356,2021-05-13,2022-09-19,True,True,False,False,True,26948111.269838814,4,0,True,['根据公司盈利能力、融资能力及其成本、偿债能力及现金流等情况披露现金分红方案的合理性，是否导致公司营运资金不足或者影响公司正常生产经营'],霖瑄化工
2022-09-30,季报,2022-10-27,无保留意见,False,1383721568.374247,962957395.677405,420764172.69684196,0.695918469211112,275052841.33168906,1.5421920300757695e-51,67525.04812097346,48597514.078605205,69649.6517217067,55482560.01054053,48503182.27618633,431847153.9591023,40000000,10.519104317421048,396791576.4080892,362367393.9581676,95293074.79114236,35213144.37944179,0.8803286094860447,31773966.036818188,276310501.8770553,-128793028.06043515,-148841133.18572363,-1323659.3691034913,0.05324413966827298,0.12027760236274507,0.047492141788961925,-0.07663164828135527,2021-05-13,2022-12-11,False,True,False,False,False,0.0,4,0,True,"['充分披露高送转的主要考虑及其合理性且送转股后每股收益不低于0.5元', '结合前述财务报表列报项目的具体情况说明现金分红方案确定的依据及未来增强投资者回报的规划', '是否影响偿债能力、过去十二个月内是否使用过募集资金补充流动资金以及未来十二个月内是否计划使用募集资金补充流动资金等内容']",霖瑄化工
2022-12-31,年报,2023-03-30,无保留意见,False,1218888728.9447818,808374400.2985336,410514328.64624834,0.6632060672169482,231079484.68564627,1.3066112719079164e-51,61622.100850111485,42132617.71981693,57814.36194875341,50674258.33647783,40857297.54501523,373802884.58388525,40000000,10.262858216156209,418014145.1895791,381131055.86876386,102425637.63378794,30317955.402128436,0.7579488850532109,26805231.300851803,52345646.03641667,-112411451.10127936,-125143557.86935449,-185209362.93421718,-0.02436006845568225,-0.09375395861507957,-0.032712401994163816,0.033479065988877794,2021-05-13,2023-04-16,True,True,False,False,False,39882895.95976147,3,0,True,['公司为增强投资者回报水平拟采取的措施'],霖瑄化工
2023-03-31,季报,2023-04-30,无保留意见,False,1347941453.3489134,891506853.8746706,456434599.47424275,0.6613839582273793,253111745.8930263,1.388067035382839e-51,63312.051907750465,48672864.45628755,66388.34113285397,52818144.230951615,47823706.2626055,417979334.2861805,40000000,11.410864986856069,449676384.3346862,407113123.47584116,161507881.33634803,45231770.20729582,1.1307942551823955,37117239.43868185,85079872.08584674,-110303275.86464344,-149683420.89574137,-174906824.67453808,0.11186033622608371,0.3151829929764155,-0.0018221089895689084,-0.07493294673036281,2021-05-13,2023-06-11,False,True,False,False,False,0.0,4,0,True,['公司在相应期间是否按照中国证券监督管理委员会相关规定为中小股东参与现金分红决策提供了便利'],霖瑄化工
2023-06-30,半年报,2023-08-27,无保留意见,False,1503220256.281227,1035388925.5293479,467831330.75187933,0.6887805836855647,312021491.06576246,1.5721328425324345e-51,75292.92060628577,55925099.355550945,72955.19801147634,60291667.38103288,51241160.088620774,464872179.3163272,40000000,11.695783268796983,479545637.864618,435130967.2205704,189073732.30507156,42670362.18561687,1.0667590546404218,40025491.063898966,213707913.77428135,-123687247.56667662,-159310263.6023212,-69289597.39471647,0.02496903453586621,-0.04115917019790412,0.02739662545818534,0.017310373105987074,2021-05-13,2023-10-13,True,False,False,False,False,53805526.131858036,0,0,True,['充分披露高送转的主要考虑及其合理性且送转股后每股收益不低于0.5元'],霖瑄化工
2023-09-30,季报,2023-10-27,无保留意见,False,2120860129.076764,1633902910.438225,486957218.63853896,0.7703963538366307,402212769.684442,2.202655538006331e-51,99415.27070324372,87972924.28826724,100766.29680323799,94799666.0494647,69179033.66222383,673783207.0896221,40000000,12.173930465963474,519238347.83097297,473369637.3806355,81899489.86886503,56703871.38050714,1.4175967845126785,54626671.657235816,277460980.59288174,-192964496.22578973,-245226028.92765662,-160729544.5605646,0.04088201586653309,0.23518391175900966,0.081615770151066,-0.051122841997354555,2021-05-13,2023-11-21,True,False,False,True,False,82557386.16793256,0,0,True,['公司在相应期间是否按照中国证券监督管理委员会相关规定为中小股东参与现金分红决策提供了便利'],霖瑄化工
2023-12-31,年报,2024-03-30,无保留意见,False,3839952619.682374,3340597499.3046913,499355120.3776825,0.8699579995289142,755453136.5410744,4.070242156241129e-51,179432.60236515736,141117618.66901362,173194.94380685914,167480690.30790955,145664002.56551865,1199904677.3648484,40000000,12.483878009442062,543151859.7382421,495154940.1623175,90850713.71987768,34162159.867527455,0.8540539966881864,31121861.116688557,486764269.4927881,-339507653.58122766,-437067778.01965165,-289811162.10809124,0.025459940349187717,-0.30584162121694747,0.09956164569228343,0.02352538908466663,2021-05-13,2024-05-27,True,True,True,False,False,50855224.705819055,3,7,True,"['结合前述财务报表列报项目的具体情况说明现金分红方案确定的依据及未来增强投资者回报的规划', '留存未分配利润的预计用途以及收益情况']",霖瑄化工
2024-03-31,季报,2024-04-30,非标准无保留意见,False,2988375280.355154,2542713815.271863,445661465.0832908,0.8508683069315424,544190342.4085817,3.155844704770957e-51,151364.73440916653,105762495.2570741,133322.2763805558,128310681.23656057,106036343.66604854,919655425.67581,40000000,11.14153662708227,557121273.811949,507434782.53473175,32553057.67000027,19956305.819581114,0.4989076454895278,17542631.96059184,471421570.0424792,-277723308.114158,-326413434.4228386,-132715172.49451739,-0.10752599323259371,-0.2776632981236349,-0.019089692597371827,-0.11947003204524603,2021-05-13,2024-06-08,False,False,True,False,True,0.0,0,3,True,"['结合前述财务报表列报项目的具体情况说明现金分红方案确定的依据及未来增强投资者回报的规划', '根据公司盈利能力、融资能力及其成本、偿债能力及现金流等情况披露现金分红方案的合理性，是否导致公司营运资金不足或者影响公司正常生产经营', '公司在相应期间是否按照中国证券监督管理委员会相关规定为中小股东参与现金分红决策提供了便利']",霖瑄化工
2024-06-30,半年报,2024-08-27,无保留意见,False,2222902437.3769746,1718131079.767958,504771357.6090166,0.7729223968080907,393886456.0439913,2.1006162417062887e-51,107046.39570661313,73232845.20429602,104097.57381769519,92673999.6281248,80489022.6139068,660943704.4814737,40000000,12.619283940225415,557186032.4346577,507489700.6205258,346626.2257652272,92512.31815525517,0.0023128079538813793,78454.40827715183,278018119.4971855,-188197137.83327842,-240758467.8732015,-150937486.20929438,0.13263406679031284,-0.5374940233041671,-0.07794591012345159,0.033029310545160194,2021-05-13,2024-09-16,False,False,True,False,False,0.0,0,8,True,"['公司在相应期间是否按照中国证券监督管理委员会相关规定为中小股东参与现金分红决策提供了便利', '结合所处行业特点、发展阶段和自身经营模式、盈利水平、偿债能力、资金需求等因素，未进行现金分红或现金分红水平较低原因的说明', '充分披露高送转的主要考虑及其合理性且送转股后每股收益不低于0.5元']",霖瑄化工
2024-09-30,季报,2024-10-27,无保留意见,False,3262355218.6568427,2732963638.433502,529391580.2233404,0.8377271802911461,643382465.457007,3.4188559747935644e-51,149062.7570983624,129715315.55763565,152669.94858642467,124698689.24981818,113370680.96217363,965980758.2551376,40000000,13.23478950558351,565525762.6512939,515295197.43670857,18003667.01171082,11913900.309480228,0.2978475077370057,11150709.737403965,38746178.62609958,-286120636.16671,-352394226.47184426,-599768684.0124547,0.04877499930056248,0.6916120796805615,0.06480478348305534,0.11763728216647755,2021-05-13,2024-12-14,False,True,False,False,False,0.0,0,0,True,['留存未分配利润的预计用途以及收益情况'],霖瑄化工
2024-12-31,年报,2025-03-30,无保留意见,False,3658719504.173296,3084551103.948916,574168400.2243798,0.8430684835037345,707952367.903697,3.922687185978703e-51,174058.73334636423,131120707.94016099,171056.38783868565,154953981.1051014,128799243.78304899,1106661634.7221735,40000000,14.354210005609495,565089358.0775745,514921804.9554215,2130142.0901581557,-623435.1053133309,-0.015585877632833272,-533417.8304101755,173889064.0317361,-350396200.84797144,-395793482.38268626,-572300619.1989216,0.08458166256091365,-0.4336092772196092,0.005341303212588456,-0.04944993819869118,2021-05-13,2025-04-25,False,False,True,False,False,0.0,0,8,True,"['公司在相应期间是否按照中国证券监督管理委员会相关规定为中小股东参与现金分红决策提供了便利', '是否影响偿债能力、过去十二个月内是否使用过募集资金补充流动资金以及未来十二个月内是否计划使用募集资金补充流动资金等内容', '结合前述财务报表列报项目的具体情况说明现金分红方案确定的依据及未来增强投资者回报的规划']",霖瑄化工
2017-03-31,季报,2017-04-30,无保留意见,False,274826309.47425056,94408464.8585306,180417844.61571994,0.34352047676634856,62055198.24350667,38.84063946639511,0.0008030024300778723,46990297.41018631,3.926730317040055,42445108.73684241,465843.5815240391,155425760.89028358,40000000,4.510446115392998,1828366.830963299,1748867.8194110421,1653779.2395708035,2611952.615661856,0.06529881539154639,2498382.5991586316,22266049.785097133,-24526066.856224887,95428636.96945573,93168619.89832798,0.002321358976221887,0.08955292309232529,0.04352047676634856,0.11511119431474517,2021-11-02,2017-06-26,False,False,False,False,False,0.0,0,0,False,[],淼琮机械
2017-06-30,半年报,2017-08-27,无保留意见,False,300298846.18786013,114193824.94722767,186105021.24063244,0.3802672784023639,72179054.20175402,45.150502832886175,0.00104534648765678,57649926.178147696,4.2701342008547085,52735010.24108434,503688.02361389867,182758487.28566372,40000000,4.652625531015811,7044985.163214903,6383563.9268146455,21446856.749988418,7452311.903216578,0.18630779758041446,6620994.439148005,52482393.509723924,-28091782.97241491,93165298.01434246,117555908.55165148,0.031522251233107645,0.2468065970998355,0.036746801636015354,0.07858319730794827,2021-11-02,2017-09-30,False,False,False,False,False,0.0,0,0,False,[],淼琮机械
2017-09-30,季报,2017-10-27,无保留意见,False,347425278.5822048,146564651.74967712,200860626.83252773,0.42185949263043687,84543965.05612898,46.30517644491645,0.0011411254556008734,69253464.50471726,4.8306067384537785,52762841.137844086,619398.0349742764,202741801.6486775,40000000,5.021515670813193,11110328.035283104,9981185.574530212,25201558.82988667,5807632.674383145,0.14519081685957863,5139459.496736524,31798155.284137424,-31654167.408549592,103223482.84489873,103367470.72048657,0.07928644532818042,-0.06726068419800753,0.041592214228073,0.1356433174113363,2021-11-02,2017-12-09,False,False,False,False,False,0.0,0,0,False,[],淼琮机械
2017-12-31,年报,2018-03-30,无保留意见,True,393249068.98414534,177196432.74567613,216052636.2384692,0.4505959370823588,104101202.58488922,61.05230083676452,0.0015123452652499453,84241070.04991645,7.237461572980142,75989789.44452776,886209.211234299,274204488.4087979,40000000,5.40131590596173,19641618.53160182,17318711.901639692,38060770.827426046,12187557.85188388,0.30468894629709703,10482180.467299255,30022130.613874804,-39999906.07502298,117298460.73989473,107320685.27874656,0.07563458127912832,0.27972763629547936,0.02873644445192187,-0.03396531169263419,2021-11-02,2018-04-19,False,False,False,False,False,0.0,0,0,False,[],淼琮机械
2018-03-31,季报,2018-04-30,无保留意见,False,400463428.89419377,200256663.22007662,200206765.67411715,0.5000622997536844,104054069.9213456,63.09734594389369,0.0015097353421284069,78302931.08191466,7.199992022301891,71040030.14772892,719854.0129255542,263682466.64131108,40000000,5.005169141852929,36437401.40758838,33437398.154787928,36610143.84470977,23993975.537123658,0.5998493884280914,23026694.647354625,14494368.394081647,-36217934.04968143,116791161.51986949,95067595.8642697,-0.07334263927639413,0.40450173135940326,0.04946636267132567,-0.02087130612245102,2021-11-02,2018-06-14,False,False,False,False,False,0.0,0,0,False,[],淼琮机械
2018-06-30,半年报,2018-08-27,非标准无保留意见,False,436435984.6376508,244861378.55233145,191574606.08531934,0.5610476385342666,117798873.75458084,75.18138289826253,0.0014647704381518304,94307536.88464311,6.569131932199953,76037200.20776299,821865.8094345081,289236215.3877674,40000000,4.789365152132984,50422286.08575183,46022190.28256652,74655394.83511403,19978406.68309065,0.49946016707726626,17978274.46825513,68257232.66288143,-37964048.01970588,144794734.6085829,175087919.25175846,-0.04311622316924416,-0.09795509709460981,0.06098533878058228,-0.018693581738819232,2021-11-02,2018-09-07,False,False,False,False,False,0.0,0,0,False,[],淼琮机械
2018-09-30,季报,2018-10-27,无保留意见,False,495582751.23577416,299317710.5135121,196265040.7222621,0.6039712031283172,140382486.91661945,82.92838164309885,0.002141606435718547,108610330.03353293,8.314526792790216,93927440.28753762,989257.0107684185,341899833.97965354,40000000,4.906626018056553,57985087.517548755,52427573.755018674,35711962.75142508,10804002.045424182,0.27010005113560454,9150547.817788796,80812906.73966345,-47619005.67309338,159083594.63818428,192277495.70475435,0.02448359275160859,-0.24810167502056554,0.04292356459405051,-0.0063545185230929994,2021-11-02,2018-11-14,False,False,False,False,False,0.0,0,0,False,[],淼琮机械
2018-12-31,年报,2019-03-30,无保留意见,True,518589851.63136005,302692095.5790081,215897756.05235195,0.5836830293281114,131766323.80565475,79.24555633181284,0.001717155394853796,102904414.28123862,8.267747169616726,94311693.93675826,955036.404646104,324549905.8847216,40000000,5.397443901308799,74679525.28857417,67878124.52346213,0.0,23849196.8157506,0.596229920393765,22072215.383490648,44967478.39423579,-48419386.0777998,163595610.3033888,160143702.6198248,0.1000316472961295,0.4691840674236074,-0.02028817380020581,-0.02162049832561632,2021-11-02,2019-04-19,False,False,False,False,False,0.0,0,0,False,[],淼琮机械
2019-03-31,季报,2019-04-30,无保留意见,False,338195196.8130646,189039995.82276356,149155200.99030098,0.5589671219584302,86074743.2370159,52.1502188202477,0.001349411896960076,69971021.88019148,5.391926018798367,61269135.13868017,717134.6917156306,224941112.64199722,40000000,3.7288800247575247,87076136.90957084,78399597.8461605,37948650.9321794,17709445.172852397,0.4427361293213099,15030676.175283393,64733143.66064232,-34189100.74326548,103743916.87212847,134287959.7895053,-0.30913964221965756,-0.1503028730428022,-0.024715907369681094,0.022963503519829287,2021-11-02,2019-06-06,False,False,False,False,False,0.0,0,0,False,[],淼琮机械
2019-06-30,半年报,2019-08-27,保留意见,False,359073031.4961574,207311025.79841763,151762005.69773975,0.5773505878027383,88271607.7770435,61.06362980178809,0.001224517559019244,76436351.04170592,6.0055429491467285,56849903.817063645,710184.6895923408,237137376.4723427,40000000,3.794050142443494,114503719.21362945,102848347.6515621,21379539.15328493,39182260.43436942,0.9795565108592356,34926785.43628799,69052016.64330539,-34751844.86036747,111206692.61934718,145506864.4022851,0.017477129125442067,0.6186447278135045,0.018383465844308028,0.05499976721465839,2021-11-02,2019-10-23,False,False,False,False,False,0.0,0,0,False,[],淼琮机械
2019-09-30,季报,2019-10-27,无保留意见,True,349846147.71661294,184729432.46364295,165116715.25297,0.5280304890287943,90017977.51579715,55.93673638098689,0.001183594991560439,70828384.32796864,5.981837276373772,62623599.36579969,588348.1805097422,216448157.85528365,40000000,4.12791788132425,134608908.26039934,122395112.20477694,83182683.00309578,28721698.6382427,0.7180424659560675,27923949.361735497,33193042.830130175,-34182286.470775634,112348013.23264012,111358769.59199466,0.08799771387990538,-0.18618976373060792,-0.04932009877394405,0.026978537267025024,2021-11-02,2019-12-11,False,False,False,False,False,0.0,0,0,False,[],淼琮机械
2019-12-31,年报,2020-03-30,无保留意见,True,371228176.5532708,190980035.69325697,180248140.86001384,0.5144545801087692,94883607.67021164,63.18098535870718,0.0012795056408453917,74298866.75317691,5.987029844900707,60476128.94017751,707923.8540104786,243381807.09784758,40000000,4.506203521500346,159839443.10991827,145661217.1012536,33471098.316383433,36043621.21359849,0.9010905303399622,33237292.709252354,51192998.95546685,-37781568.078259654,112633870.89250776,126045301.76971495,0.09164078623936679,0.16014108822351503,-0.013575908920025024,0.12916978893824824,2021-11-02,2020-05-10,False,False,False,False,False,0.0,0,0,False,[],淼琮机械
2020-03-31,季报,2020-04-30,无保留意见,False,361145196.7719821,191161577.98950303,169983618.78247905,0.5293205605339882,96650058.08322161,62.47646589736427,0.00140219637725107,77605643.44303635,5.973116925482187,65074966.99682185,761933.715258108,249538244.14951974,40000000,4.249590469561976,191036493.38441685,174717640.3090611,169462600.41591358,44567214.677855104,1.1141803669463777,41509176.01115359,50433722.27728487,-34009289.44770688,114330817.28814645,130755250.11772445,-0.05694661830385558,0.16069026339535575,0.014865980425218955,0.02205588678028351,2021-11-02,2020-06-13,False,False,False,False,False,0.0,0,0,False,[],淼琮机械
2020-06-30,半年报,2020-08-27,无保留意见,False,379638224.139475,206420101.27487552,173218122.86459944,0.5437284450025217,110399017.04292694,66.1572654465421,0.0013789195935593032,81917003.86038275,5.949469912454315,70235775.10317142,787421.490352422,264214135.88822308,40000000,4.330453071614986,223193431.11563787,204257663.037982,208028297.14843988,45938482.47317288,1.148462061829322,42200032.46988694,56742633.800292626,-37870667.66046159,129242744.8346245,148114710.97445554,0.019028328172372086,0.022272695012967678,0.014407884468533475,0.06850199291398583,2021-11-02,2020-09-24,False,False,False,False,False,0.0,0,0,False,[],淼琮机械
2020-09-30,季报,2020-10-27,无保留意见,False,348852504.0932432,176068126.73479748,172784377.3584457,0.5047065010825809,89933324.59204808,59.66693687390818,0.0012524361565434683,72485385.01383841,5.706897413996024,67764683.59689455,696069.2837767331,228535661.64815083,40000000,4.319609433961142,251101025.64062664,226744176.65151855,109682074.21054944,39867992.17855534,0.9966998044638835,32123590.876480818,54419586.55902627,-30622463.950302973,110929928.29033865,134727050.89906195,-0.002504042296387173,-0.09645117035042979,-0.03902194391994075,0.07561534221922706,2021-11-02,2020-11-22,False,False,False,False,False,0.0,0,0,False,[],淼琮机械
2020-12-31,年报,2021-03-30,无保留意见,False,461339743.3457708,263404331.50965035,197935411.83612043,0.5709552131783945,117021583.95369601,76.0574967835974,0.0015289219761237941,95992624.00269242,7.358614993647044,78392434.17888162,894298.3380058308,288033102.60738796,40000000,4.948385295903011,288854512.4045324,263897753.64677343,152608176.0018879,53933552.51986535,1.3483388129966338,53076538.564649835,59647789.88223522,-43789651.88508824,147755240.46778506,163613378.46493202,0.14556312823061687,0.24733703094610177,0.06624871209581357,0.04333121595151591,2021-11-02,2021-05-07,False,False,False,False,False,0.0,0,0,False,[],淼琮机械
2021-03-31,季报,2021-04-30,无保留意见,False,506834171.4459545,286635292.64819413,220198878.79776037,0.5655405826928523,134860794.75643477,84.67673960533017,0.0019800574051813654,102162220.46565695,8.880692102004202,98661342.74626079,1054435.0433675488,335568896.23744905,40000000,5.504971969944009,306835518.0256208,280753538.0656549,58981569.932984516,25687150.887269184,0.6421787721817296,24079692.02697351,88048233.32083426,-52992221.82753231,158146622.1038628,193202633.59716475,0.11247844311998516,-0.39820931885070315,-0.005414630485542145,0.023805051422369113,2021-11-02,2021-06-02,False,False,False,False,False,0.0,0,0,False,[],淼琮机械
2021-06-30,半年报,2021-08-27,无保留意见,False,532115929.03235495,282802464.38814366,249313464.64421126,0.5314677666244945,152447802.8593342,90.64851789675015,0.0019760160779100063,132530189.9553861,8.428805629648773,97427032.02934916,1136679.8621470188,380332275.2429552,40000000,6.232836616105281,316139191.7893397,289273768.75321513,59960666.720729835,13290962.519598477,0.3322740629899619,12171758.125086049,41376133.4768203,-54989601.93578405,156920937.286467,143307468.82750323,0.13221950086853496,-0.29039624594312513,-0.034072816068357846,0.07554149176994718,2021-11-02,2021-10-23,False,False,False,False,False,0.0,0,0,False,[],淼琮机械
2021-09-30,季报,2021-10-27,无保留意见,False,615028274.1773815,317402239.12963307,297626035.0477485,0.5160774755504824,164812038.5586383,110.55835354617962,0.0023970103383450497,129628041.35393676,11.467388154116684,115881017.08752912,1193561.025095467,422051656.50776905,40000000,7.440650876193713,304881939.5682113,279408331.85959,42578257.032976516,-16081788.887326317,-0.4020447221831579,-14093481.276607335,74618227.46294494,-65573251.73482836,209821921.30489025,218866897.03300682,0.19378243558759586,-0.9696869615127088,-0.015390291074012095,-0.00922026516500085,2021-11-02,2021-12-01,False,False,False,False,False,0.0,0,0,False,[],淼琮机械
2021-12-31,年报,2022-03-30,无保留意见,False,618530326.5229375,319522980.00148505,299007346.52145255,0.5165841775255879,150247384.7092222,101.51119580727534,0.0020372856744287574,111012979.53654891,9.865412999109017,104947870.21787412,1150299.071064161,379182723.230863,40000000,7.475183663036313,293378176.3406982,270015039.45755446,11009604.821523232,-16433947.467875918,-0.41084868669689795,-13418989.14576506,11904567.969403895,-59117836.63700754,186418355.0291729,139205086.36156926,0.004641097589068276,-0.3835268117417707,0.0005067019751055507,-0.046769694726227794,2021-11-02,2022-04-15,False,False,True,False,False,0.0,0,7,True,"['留存未分配利润的预计用途以及收益情况', '充分披露高送转的主要考虑及其合理性且送转股后每股收益不低于0.5元', '结合前述财务报表列报项目的具体情况说明现金分红方案确定的依据及未来增强投资者回报的规划']",淼琮机械
2022-03-31,季报,2022-04-30,无保留意见,False,627375250.480527,337957775.57515955,289417474.9053675,0.5386852211914747,165578576.24985337,93.3792842790676,0.002157561725844731,131511097.33676723,10.559407985618915,116012936.07914914,1241391.8826958232,411813250.7283154,40000000,7.235436872634187,281914390.7569233,260489687.42674384,9830438.94065526,-16376836.548249811,-0.4094209137062453,-13607645.75830086,93923189.5078793,-58172506.76291055,206345962.74158302,242096645.48655176,-0.03207236118995162,0.10089332064605759,0.022101043665886687,0.07032358480698281,2021-11-02,2022-06-03,False,False,False,False,True,0.0,0,0,False,[],淼琮机械
2022-06-30,半年报,2022-08-27,无保留意见,False,664561030.1824483,401586274.29479176,262974755.8876565,0.604288027819718,186727685.57069528,113.48680906802005,0.0022968466466068618,145797148.4836912,9.81015958816804,115415921.8707708,1414079.1981678053,430052533.3116976,40000000,6.5743688971914125,270415381.30985767,250955894.65118685,19524744.54853975,-16427156.352950957,-0.4106789088237739,-13619703.965081379,52270145.95731562,-64457571.11337226,208642161.78307304,196454736.6270164,-0.09136531588618516,-0.08074896651884687,0.06560280662824332,0.016691779602198344,2021-11-02,2022-09-28,False,False,True,True,False,0.0,0,2,True,"['公司在相应期间是否按照中国证券监督管理委员会相关规定为中小股东参与现金分红决策提供了便利', '留存未分配利润的预计用途以及收益情况', '结合所处行业特点、发展阶段和自身经营模式、盈利水平、偿债能力、资金需求等因素，未进行现金分红或现金分红水平较低原因的说明', '公司为增强投资者回报水平拟采取的措施']",淼琮机械
2022-09-30,季报,2022-10-27,无保留意见,False,829040684.4590898,545396711.7121353,283643972.7469545,0.6578648333380419,221850518.9910674,133.77870636585516,0.002993627630792025,174877342.20597616,13.808464667201154,145349197.26717162,1508209.165530559,533805593.5024726,40000000,7.091099318673862,259081824.0085696,239635259.4100974,53928912.91230245,-16190796.144697227,-0.40476990361743065,-16172336.05869928,90399957.4243458,-82916935.67320992,256506318.10772073,263989339.85885662,0.0785977223917564,0.4126085878255251,0.05357680551832393,0.121783571283732,2021-11-02,2022-12-18,False,True,False,True,True,0.0,0,0,True,"['公司在相应期间是否按照中国证券监督管理委员会相关规定为中小股东参与现金分红决策提供了便利', '结合前述财务报表列报项目的具体情况说明现金分红方案确定的依据及未来增强投资者回报的规划', '根据公司盈利能力、融资能力及其成本、偿债能力及现金流等情况披露现金分红方案的合理性，是否导致公司营运资金不足或者影响公司正常生产经营', '充分披露高送转的主要考虑及其合理性且送转股后每股收益不低于0.5元']",淼琮机械
2022-12-31,年报,2023-03-30,无保留意见,False,1161793493.5260844,861818528.9098911,299974964.61619335,0.7418000993397211,327494217.8441683,191.28108844448226,0.00416089484620782,269300111.84522015,20.400288848504417,218445054.4574308,2442930.9079292677,812343402.355607,40000000,7.499374115404834,247989907.55780122,229641913.05580485,71114385.06761332,-15845594.929669077,-0.3961398732417269,-14276209.077560771,125958597.08284348,-102592967.4433273,389104178.4905432,412469808.13005936,0.057575670341523943,0.426593636159814,0.08393526600167922,-0.04001973220384363,2021-11-02,2023-05-10,False,True,False,False,False,0.0,1,0,True,"['充分披露高送转的主要考虑及其合理性且送转股后每股收益不低于0.5元', '结合所处行业特点、发展阶段和自身经营模式、盈利水平、偿债能力、资金需求等因素，未进行现金分红或现金分红水平较低原因的说明']",淼琮机械
2023-03-31,季报,2023-04-30,非标准无保留意见,False,1356086249.9838755,1047936685.6875062,308149564.2963694,0.7727655122968518,327827437.30493236,188.14957948917973,0.004973693939821185,283984235.3071728,23.055031804052447,239518408.16161603,2645100.908084121,875150577.1737908,40000000,7.703739107409234,236689960.6043061,218839231.40949795,50020429.20952102,-16142781.362135889,-0.40356953405339724,-15432402.351866998,210269536.4636172,-125144778.9020339,463906123.4811349,549030881.0427182,0.02725093972637077,-0.2574368738536651,0.030965412957130563,0.05253779606149777,2021-11-02,2023-06-06,False,False,False,True,False,0.0,0,0,False,[],淼琮机械
2023-06-30,半年报,2023-08-27,无保留意见,False,1311616796.691691,1039752422.9383548,271864373.7533361,0.7927257607259504,329030962.7496259,195.92913314702082,0.004586924191152405,243084502.90870443,21.271935340468097,248561054.69959328,2523345.4344128785,846565671.2627759,40000000,6.796609343833402,225425924.62869257,208279167.25174752,27755856.65534321,-16091479.965162214,-0.40228699912905536,-15085805.939643424,139785418.88027203,-125542465.86792587,406798015.63470906,421040968.6470552,-0.11775188008422839,0.0598463387374544,0.019960248429098704,0.03580340623696945,2021-11-02,2023-10-08,False,False,True,False,False,0.0,0,5,True,"['上市公司控股子公司向母公司实施利润分配的情况', '结合所处行业特点、发展阶段和自身经营模式、盈利水平、偿债能力、资金需求等因素，未进行现金分红或现金分红水平较低原因的说明', '充分披露高送转的主要考虑及其合理性且送转股后每股收益不低于0.5元']",淼琮机械
2023-09-30,季报,2023-10-27,保留意见,False,1500523392.1673594,1237865820.0481107,262657572.11924863,0.824956029682506,368476591.9557304,228.00816699449882,0.005088848570453925,321951899.7267918,24.792265623252987,267056073.7712376,2881775.789911145,959305259.7339524,40000000,6.566439302981216,213501507.1323223,197464376.28185096,67605061.2494696,-17034882.137671772,-0.4258720534417943,-15449701.385566546,148199646.9045974,-146808853.37924752,525121449.2638604,526512242.7892103,-0.03386542159599342,-1.0383944616895546,0.032230268956555515,0.052452097301176406,2021-11-02,2023-12-25,False,True,False,False,True,0.0,1,0,True,"['根据公司盈利能力、融资能力及其成本、偿债能力及现金流等情况披露现金分红方案的合理性，是否导致公司营运资金不足或者影响公司正常生产经营', '上市公司控股子公司向母公司实施利润分配的情况']",淼琮机械
2023-12-31,年报,2024-03-30,无保留意见,False,1578285006.8271644,1314696877.7136877,263588129.11347678,0.8329907919208017,416504225.92377144,292.49912953014865,0.005839384245650495,324272785.29649657,23.952396437333885,303350986.05746394,3220368.016126315,1053542452.7056559,40000000,6.589703227836919,201590648.13988402,186859383.2175027,58033804.672083266,-17015512.846340414,-0.42538782115851037,-15149990.091926036,35583711.14883559,-141759013.35171548,470708207.8957992,364532905.6929194,0.003542852340863318,-0.5552782204352037,0.008034762238295787,-0.017234828498363566,2021-11-02,2024-05-23,False,False,False,False,False,0.0,0,0,False,[],淼琮机械
2024-03-31,季报,2024-04-30,保留意见,True,2213191404.4309516,1915746302.6008031,297445101.83014864,0.8656035346808937,515046194.0941731,328.97433100935666,0.007462189142605831,413683112.98944724,31.330750478169985,365384149.0193922,3926409.949927561,1391145744.2045882,40000000,7.436127545753716,189680355.69866356,176152619.59829608,54091191.95549305,-17014703.487457823,-0.4253675871864456,-15295376.598866627,206196300.9384492,-216328482.4364958,704719098.729408,694586917.2313614,0.1284465003433296,-0.05217346093871975,0.03261274276009195,-0.04804457170485184,2021-11-02,2024-05-15,False,False,False,False,False,0.0,0,0,False,[],淼琮机械
2024-06-30,半年报,2024-08-27,无保留意见,False,2739700003.4077244,2465730003.066952,273970000.3407724,0.9,677565832.3515669,425.010307874862,0.008893589635920166,548725775.6958034,42.018430214052074,488513733.217471,4747253.612578106,1702638763.4541676,40000000,6.849250008519309,177772576.20414618,165053531.2041883,22978141.433686383,-17011113.563596252,-0.4252778390899063,-15855840.563011125,403572181.3793611,-250932326.79586223,907096864.20052,1059736718.7840189,-0.0789224678602417,-0.24415458386101033,0.06865086020295218,-0.013100867780511286,2021-11-02,2024-10-09,False,False,False,False,False,0.0,0,0,False,[],淼琮机械
2024-09-30,季报,2024-10-27,无保留意见,False,2699803756.7826433,2408387052.253168,291416704.52947515,0.8920600418466131,597258363.0837805,372.14210787994693,0.009024618019094384,453769808.5591606,41.766515145487425,443199969.0833559,4339099.844849454,1583929768.465811,40000000,7.285417613236879,165865225.69151157,154872089.8637356,63163897.21772819,-17010500.732335176,-0.4252625183083794,-14544916.200646715,327937007.2808676,-240613125.08493564,842676097.2110685,929999979.4070004,0.0636810751797713,-0.05514264221118197,-0.042194353037232867,0.06524126288997423,2021-11-02,2024-12-18,False,False,False,False,False,0.0,0,0,False,[],淼琮机械
2024-12-31,年报,2025-03-30,无保留意见,False,2104043437.2159817,1777994338.288296,326049098.92768574,0.8450368974515536,504361166.4401769,303.28815883684695,0.006249028455210156,382051110.3296005,28.740172904075607,311886884.5654658,3602891.1684775096,1251123755.9218123,40000000,8.151227473192144,153959072.31529474,144884152.83635756,57568782.01539875,-17008790.537452605,-0.4252197634363151,-14268481.467682902,74941080.17865168,-196755475.72266915,675235154.1262506,553420758.5822332,0.11884148664067996,-0.1628643439316947,-0.04702314439505952,0.09270421219918318,2021-11-02,2025-05-25,False,False,False,True,True,0.0,0,0,False,[],淼琮机械
2017-03-31,季报,2017-04-30,无保留意见,False,249884944.90794235,87402075.34326158,162482869.56468078,0.34976927231634747,19914954.62379647,7.769866251464307e-27,25815045.611999284,222292.46574002053,13.608091368201787,13269.57359214729,10310768.739633234,56303587.73812165,40000000,4.06207173911702,-5767746.072499277,-5410999.526280769,21250121.78014045,-8239637.24642754,-0.2059909311606885,-7729999.323258243,40977287.94427359,-44861700.56973964,-8062110.911274797,-11946523.536740847,-0.09731739130732893,-0.5133131803570855,0.049769272316347486,0.013584457864626079,2021-11-10,2017-05-24,False,False,False,False,False,0.0,0,0,False,[],霖瀚控股
2017-06-30,半年报,2017-08-27,无保留意见,False,250951173.64311558,101813475.60594182,149137698.03717375,0.4057102986524921,18820437.213299833,7.25504664080469e-27,23581235.376222096,190934.82253942898,13.373740100802705,13329.286601209507,9527636.714274839,53348779.913686,40000000,3.728442450929344,-9677884.68685211,-8882854.95914494,7037581.269837759,-5585912.306218334,-0.13964780765545834,-4959793.475520245,8680305.941178752,-44615742.82163141,-7503305.317285005,-43438742.197737664,-0.08213279075671796,0.30292409285528976,0.05594102633614461,0.09615025775515157,2021-11-10,2017-10-10,False,False,False,False,False,0.0,0,0,False,[],霖瀚控股
2017-09-30,季报,2017-10-27,无保留意见,False,256963141.93509442,106274194.19582953,150688947.73926488,0.41357757924159033,18436227.316573504,7.823791045823023e-27,24528307.38688033,206799.22936058787,12.751189063278455,13012.745323718556,9359431.542112626,53031751.19204343,40000000,3.767223693481622,-12575692.190110793,-11680786.489473509,0.0,-4139725.0046552625,-0.10349312511638156,-3997045.0433265246,30393609.649167087,-43301219.668173775,-7487506.857630148,-20395116.876636837,0.010401459339304378,0.1267019616776685,0.007867280589098281,0.02091498631189506,2021-11-10,2017-11-18,False,False,False,False,False,0.0,0,0,False,[],霖瀚控股
2017-12-31,年报,2018-03-30,无保留意见,False,332532004.93444794,182932337.0270508,149599667.90739715,0.5501194901919659,27209218.384164263,1.0875870451848128e-26,36298761.96492901,300173.8649713386,18.074732376383526,17923.81533258771,13371559.585831154,74743765.352475,40000000,3.739991697684929,-8296087.088292179,-7727714.763511042,18762924.19132233,6113721.574026592,0.1528430393506648,5647245.322803524,25746442.10758667,-55547474.094118014,-10394948.937621418,-40195980.92415276,-0.007228664399146987,0.7972960595627602,0.13654191095037566,-0.06026819598315864,2021-11-10,2018-04-25,False,False,False,False,False,0.0,0,0,False,[],霖瀚控股
2018-03-31,季报,2018-04-30,无保留意见,False,321705250.6355462,175879155.2806925,145826095.3548537,0.5467089981690808,22415719.436287746,8.63644830371671e-27,28491572.47988716,262392.4907974214,15.469663692022692,16270.943394580869,12100014.68640912,67097860.42189354,40000000,3.6456523838713424,-4890532.64980506,-4714564.162597397,23255030.565700013,4865077.769267313,0.12162694423168283,4304500.858448064,4991607.155578471,-50564048.48253751,-10460819.602073487,-56033260.92903252,-0.025224471453234105,-0.054021755032405055,-0.0034104920228851736,0.04686300957527711,2021-11-10,2018-06-25,False,False,False,False,False,0.0,0,0,False,[],霖瀚控股
2018-06-30,半年报,2018-08-27,无保留意见,False,365957684.2775719,223366075.8690875,142591608.40848446,0.6103603926503933,29491988.49251879,1.1914997608675093e-26,34974574.76647585,317254.7706221376,20.068938403343715,19037.462208126126,14313633.124083683,80661611.08185129,40000000,3.5647902102121116,3419998.280879043,2597955.709221218,26153091.51371765,11872187.043834433,0.2968046760958608,10446456.959740879,29529889.34793141,-56275712.58475457,-12027812.135182688,-38773635.37200585,-0.02218043991713845,0.3204703568178492,0.06365139448131245,-0.06065512522922111,2021-11-10,2018-09-15,False,False,False,False,False,0.0,0,0,False,[],霖瀚控股
2018-09-30,季报,2018-10-27,保留意见,False,408912307.68989694,248851017.0391563,160061290.65074065,0.608568175521572,31463072.644193567,1.2456723656441234e-26,42299388.56999002,367759.96761182335,22.1618627645839,20126.643059295053,15946483.95841707,90989114.1839671,40000000,4.001532266268517,14430219.154112304,13374937.278934753,40667233.73520712,15728886.961761802,0.3932221740440451,15395687.95673362,60597934.52173056,-66824443.60501865,-13147857.692434782,-19374366.775722876,0.12251550029655686,0.13357837811427428,-0.0017922171288212076,-0.062316161911006814,2021-11-10,2018-11-22,False,False,False,False,False,0.0,0,0,False,[],霖瀚控股
2018-12-31,年报,2019-03-30,无保留意见,False,428256780.7000998,265833355.1518528,162423425.548247,0.62073355783714,32837646.749839894,1.1757804472735065e-26,41020593.49907703,368103.75236760883,21.77878402986009,19909.510282669016,16734270.928182071,87217770.54077664,40000000,4.060585638706176,20540854.635477744,18330786.821240824,17612045.531354252,8729479.259093486,0.21823698147733714,7079785.060437244,55567609.955856964,-74100816.42798728,-11809759.955804765,-30342966.42793508,0.014757689931793872,-0.21386024250827568,0.012165382315568017,0.17551376610628988,2021-11-10,2019-04-09,False,False,False,False,False,0.0,0,0,False,[],霖瀚控股
2019-03-31,季报,2019-04-30,无保留意见,False,457733939.0042652,280329368.7872527,177404570.21701244,0.612428629166256,30380402.54501475,1.1128987567074102e-26,34621866.48304387,340058.347122173,19.903974955817617,20288.924602744813,14537154.396685738,82832757.74692945,40000000,4.435114255425311,34610814.78207509,31642977.003177177,69297408.34198198,20099943.066567637,0.502498576664191,19017414.54562337,77687127.9441201,-77608824.91822341,-13392438.775846206,-13314135.749949522,0.09223512321697308,0.44192358861890013,-0.008304928670884119,0.11032471720073142,2021-11-10,2019-06-22,False,False,False,False,False,0.0,0,0,False,[],霖瀚控股
2019-06-30,半年报,2019-08-27,无保留意见,False,487241561.0265337,318116978.16631466,169124582.86021903,0.652893766894797,35884804.350023836,1.5061823818672258e-26,49415217.28490738,426782.52692235383,30.114032930307765,27609.819228404915,21298202.20273582,110197970.14671683,40000000,4.2281145715054755,36369776.8981732,33213844.53182268,11245525.27053747,2512803.0229973085,0.06282007557493272,2244096.469493573,34454815.4102862,-88070462.77226818,-14468139.686389418,-68083787.04837139,-0.04667290897108686,-0.4740476289145269,0.04046513772854091,0.019822139811704498,2021-11-10,2019-10-23,False,False,False,False,False,0.0,0,0,False,[],霖瀚控股
2019-09-30,季报,2019-10-27,非标准无保留意见,False,676177887.508849,487612443.5307899,188565443.9780591,0.721130419285426,49675753.56592478,2.1341154795443838e-26,68696801.24419792,614358.8319737364,35.01879484228942,36772.962760631686,27156281.424482513,149754982.8901209,40000000,4.714136099451478,35903611.76804839,32802685.506751977,2341041.7781595923,-665950.1858925782,-0.016648754647314454,-587370.0358152918,12898058.599806577,-118989974.29588678,-18876375.207012434,-124968290.90309264,0.11494994275260337,-0.1629060266299764,0.0682366523906291,-0.02405552111713907,2021-11-10,2019-11-13,False,False,False,False,False,0.0,0,0,False,[],霖瀚控股
2019-12-31,年报,2020-03-30,非标准无保留意见,False,606253558.6421052,396893937.10485536,209359621.53724983,0.6546665688756099,41483310.95545301,1.648152742313627e-26,59501712.209284104,443782.04719579214,28.719628979119225,30905.893873975958,20846242.43825785,116332035.15800966,40000000,5.233990538431246,35224143.77223952,32188501.259754937,1437959.3345928,-970668.5654412471,-0.024266714136031178,-877406.0671386266,70783254.55361156,-111315796.89267959,-19448816.86567334,-59981359.204741366,0.11027565348405115,-0.01865540897796757,-0.0664638504098161,0.14256048748598274,2021-11-10,2020-04-29,False,False,False,False,False,0.0,0,0,False,[],霖瀚控股
2020-03-31,季报,2020-04-30,无保留意见,False,493881471.9946778,315490648.53615415,178390823.4585236,0.6387983077436725,36459401.207952425,1.2470289167004116e-26,41919252.194342524,424170.586369754,26.89385009139484,24944.140629535752,17742397.23228806,100764959.24812296,40000000,4.45977058646309,37760783.22246274,34586949.04123694,12342837.493199471,3623770.643176034,0.09059426607940085,3426353.9735457124,91867519.97347988,-86126049.17447755,-15273198.687822798,-9531727.888820464,-0.147921542135651,0.2866270017171028,-0.01586826113193729,-0.09990875415388352,2021-11-10,2020-06-23,False,False,False,False,False,0.0,0,0,False,[],霖瀚控股
2020-06-30,半年报,2020-08-27,无保留意见,False,441839148.3255009,276378511.25854707,165460637.06695384,0.6255183867386515,32163759.051882636,1.1198559292487358e-26,41792992.19581678,385280.9128708719,21.833411466569242,22487.35883918713,15830195.96140058,89697588.60581575,40000000,4.136515926673846,34094038.7221623,31387083.50397302,9102258.154690593,-5238206.429000638,-0.13095516072501595,-4571236.481805598,10271629.866465427,-75345341.85293521,-13246745.141831068,-78320457.12830085,-0.07248235161925838,-0.4296972278010138,-0.013279921005021105,0.07849944257714961,2021-11-10,2020-10-04,False,False,False,False,False,0.0,0,0,False,[],霖瀚控股
2020-09-30,季报,2020-10-27,无保留意见,False,597195107.9134579,407015508.51702595,190179599.39643195,0.6815452824774451,41554410.559533834,1.749845824974933e-26,58746005.76154383,540003.5469982484,29.91683693679363,31319.447593321136,22651666.462490063,126331152.16084433,40000000,4.754489984910799,28404474.77200817,26560998.252356227,17783628.043731708,-8127948.500220181,-0.20319871250550453,-6894407.502309705,49390862.129255034,-104443451.29157452,-18227844.465661034,-73280433.62798053,0.14939482143704996,-0.2456888954712381,0.05602689573879365,0.028655940363526877,2021-11-10,2020-11-17,False,False,False,False,False,0.0,0,0,False,[],霖瀚控股
2020-12-31,年报,2021-03-30,无保留意见,False,595445231.1301397,399982291.4915036,195462939.63863608,0.6717364932663035,42572367.71424637,1.5440352777617816e-26,56270624.16942135,457088.47240815224,31.182844976070182,29993.276393518958,22113409.38153056,124140287.86190411,40000000,4.886573490965902,25456311.396336608,23871249.25776885,10889538.09563914,-4211661.965245087,-0.10529154913112716,-3842498.5636962513,30100151.92917242,-97978802.23943976,-19164837.697968088,-87043488.00823542,0.02778079383368001,0.441418372635944,-0.00980878921114164,-0.022659907293941236,2021-11-10,2021-04-29,False,False,False,False,False,0.0,0,0,False,[],霖瀚控股
2021-03-31,季报,2021-04-30,无保留意见,False,784796304.5410931,580168353.5938741,204627950.94721895,0.7392597929384053,55882701.077531256,2.3369462925173022e-26,80738461.76963516,611313.0629723762,38.745036796139345,38070.554280036435,29873509.283711888,165129675.03650782,40000000,5.1156987736804735,26735239.592000704,24976964.410798974,8925345.105206953,1827040.2795201428,0.04567600698800357,1579593.075757318,79993389.68603107,-138549991.00479385,-22235540.821155585,-80792142.13991836,0.046888741802035575,0.4722038335516174,0.06752329967210181,-0.12445623114095751,2021-11-10,2021-06-10,False,False,False,False,False,0.0,0,0,False,[],霖瀚控股
2021-06-30,半年报,2021-08-27,非标准无保留意见,False,1179538454.1779633,978929979.5913022,200608474.586661,0.829926295428437,92172842.82980104,3.5676953368918094e-26,117478920.3825379,1034855.8339793525,59.24915063401264,62816.8047003437,45050219.31029892,254688417.493623,40000000,5.015211864666525,30377926.705600586,27921948.056785777,6716382.400920831,5203838.733714122,0.13009596834285306,4207119.494266863,73582276.70646425,-189606636.21217808,-36808341.14297553,-152832700.64868936,-0.019642851047239035,0.1793589647687336,0.09066650249003166,0.08660445384256013,2021-11-10,2021-10-24,False,False,False,False,False,0.0,0,0,False,[],霖瀚控股
2021-09-30,季报,2021-10-27,无保留意见,False,947583739.2485728,746699254.3204917,200884484.92808118,0.7880034485528623,63965187.01416617,2.6338476147211217e-26,93990226.54544325,766531.1810470495,52.659869802545444,48085.128421422036,37257390.95986566,201478288.57743168,40000000,5.02211212320203,40084670.387265354,36404055.77470092,42463925.24389364,13866776.68809253,0.34666941720231326,12117296.73987877,147949820.0206376,-163012256.0004724,-29871671.049936872,-44934107.02977167,0.0013758658102000514,0.39015496636735497,-0.04192284687557465,0.04226927950611626,2021-11-10,2021-12-12,False,True,False,False,True,0.0,3,0,True,"['充分披露高送转的主要考虑及其合理性且送转股后每股收益不低于0.5元', '公司为增强投资者回报水平拟采取的措施', '结合前述财务报表列报项目的具体情况说明现金分红方案确定的依据及未来增强投资者回报的规划', '留存未分配利润的预计用途以及收益情况']",霖瀚控股
2021-12-31,年报,2022-03-30,无保留意见,False,1276586755.5007696,1069302561.0920701,207284194.4086995,0.8376262376877099,104463593.19015096,4.0227608885962436e-26,142177013.30774564,1219494.1024259904,67.52376964471839,72228.55091014816,51256776.622154586,292147885.40573585,40000000,5.182104860217488,43253640.891564265,39255056.73245815,2265567.8338886146,4527100.720427014,0.11317751801067535,4072858.511081764,191069639.47377822,-218375730.2946154,-41303090.82000492,-68609181.64084208,0.0318576593055931,-0.3025802163291147,0.049622789134847564,-0.001146622883644068,2021-11-10,2022-05-19,True,True,True,False,False,547635.0877090679,1,7,True,['上市公司控股子公司向母公司实施利润分配的情况'],霖瀚控股
2022-03-31,季报,2022-04-30,无保留意见,False,947935512.1710503,742172420.8148801,205763091.35617015,0.7829355597355855,87475952.82201177,2.8189738373031415e-26,96401587.04859833,856394.2428424553,48.482488894508855,50623.13669935705,36978061.45059236,207252843.53597718,40000000,5.144077283904254,44501041.67744956,40376720.19306893,6568187.820326101,1782001.122693278,0.044550028067331944,1602376.3723011198,148371867.43169796,-159483460.69742283,-25864129.14719515,-36975722.41292001,-0.007338249097421459,-0.12751831439748498,-0.05469067795212439,-0.045303542176335906,2021-11-10,2022-06-05,False,False,False,False,False,0.0,0,0,False,[],霖瀚控股
2022-06-30,半年报,2022-08-27,无保留意见,False,784977623.9003747,584666662.6639016,200310961.23647305,0.7448195271590372,60732957.18496005,2.5032229441405015e-26,78064240.15097341,656963.8390081605,41.195218101770166,43898.90743693717,31413512.441112902,171510345.4091095,40000000,5.007774030911826,55728723.21149274,50773406.25300405,26849243.667509027,16039545.048633121,0.40098862621582804,14852408.65705017,148651979.3310933,-135522971.35005993,-25906035.92119273,-12777027.940159347,-0.026497123870770408,0.7591067550684587,-0.03811603257654834,-0.0507343522276495,2021-11-10,2022-10-03,False,False,False,False,False,0.0,0,0,False,[],霖瀚控股
2022-09-30,季报,2022-10-27,无保留意见,False,795511869.7146866,586274781.7705097,209237087.9441769,0.7369780440620948,57972915.31879238,2.2807620497161665e-26,72708562.22356948,745679.9108318215,39.891860894530524,40751.639648205666,28928193.2947541,170114233.22291046,40000000,5.230927198604423,60242188.898514636,54712932.7592039,12924797.565050336,6447808.124316994,0.16119520310792484,5627895.008856943,100395555.8918146,-132499683.6693065,-25174559.53686204,-57278687.31435394,0.04456134927716868,-0.2903108051335878,-0.007841483096942416,-0.06254566685204603,2021-11-10,2022-11-21,True,True,False,True,False,5618239.430845902,4,0,True,"['留存未分配利润的预计用途以及收益情况', '充分披露高送转的主要考虑及其合理性且送转股后每股收益不低于0.5元', '根据公司盈利能力、融资能力及其成本、偿债能力及现金流等情况披露现金分红方案的合理性，是否导致公司营运资金不足或者影响公司正常生产经营', '是否影响偿债能力、过去十二个月内是否使用过募集资金补充流动资金以及未来十二个月内是否计划使用募集资金补充流动资金等内容']",霖瀚控股
2022-12-31,年报,2023-03-30,非标准无保留意见,False,940609371.874851,716723081.6337392,223886290.24111181,0.7619773979129563,68438349.57892993,2.828683411762756e-26,91413444.50229292,887060.6741624206,51.459169537479085,50734.94911235801,39369698.47007175,210697300.82064918,40000000,5.597157256027796,57682515.45354652,52293647.30210885,14155739.792710679,-3656676.3499544617,-0.09141690874886155,-3456122.0815643673,77123904.21020737,-168488918.3650174,-27300160.57729266,-118665174.73210269,0.07001245544405198,-0.43093513989447935,0.02499935385086161,0.1388580223957351,2021-11-10,2023-05-19,False,False,False,False,False,0.0,0,0,False,[],霖瀚控股
2023-03-31,季报,2023-04-30,非标准无保留意见,False,821871755.867918,585211983.0971888,236659772.7707292,0.7120478090638237,57208352.61116591,2.247217115875703e-26,76180944.72226018,653273.7076310293,41.17877702442766,40652.64324215145,27223891.02480024,161131262.6280234,40000000,5.916494319268231,53765088.63957388,48690693.86233741,18515797.146931812,-5596324.0199609045,-0.1399081004990226,-5147076.342530616,99218843.530067,-135256394.90893647,-23897343.097377546,-59934894.47624702,0.057053437777995056,-0.1453646573280732,-0.049929588849132615,0.07540920672776524,2021-11-10,2023-06-22,False,False,False,False,False,0.0,0,0,False,[],霖瀚控股
2023-06-30,半年报,2023-08-27,无保留意见,False,814272334.956193,547609445.1234475,266662889.83274543,0.6725138772557075,62897603.91233475,2.3288783261366288e-26,77553072.40320575,683419.3877732744,41.78192215002907,37550.39434173885,32978628.201268762,173628718.27228275,40000000,6.666572245818636,48155346.09758838,43403348.95597521,8443115.712407237,-8013917.917122144,-0.2003479479280536,-7553349.866231714,54698416.23549374,-138394868.01329452,-26035895.27071123,-109732347.048512,0.1267774269819933,-0.2120012793587768,-0.03953393180811613,0.041889047047713346,2021-11-10,2023-10-23,False,False,False,False,False,0.0,0,0,False,[],霖瀚控股
2023-09-30,季报,2023-10-27,无保留意见,False,828495159.9900922,569167630.7794571,259327529.21063507,0.6869896871651775,62334716.16325321,2.4211168511597083e-26,82661436.18185933,644655.2498164879,42.99320667364511,38234.17605475296,34054162.46087375,169601597.71362573,40000000,6.483188230265877,42396830.16713584,38550672.53896291,6326055.249377717,-8226451.329217913,-0.20566128323044783,-6932394.881446145,32461328.87387447,-136628331.90810597,-24537711.2342552,-128704714.2684867,-0.027507991932102828,-0.023651398922866662,0.014475809909470026,0.053416980241014295,2021-11-10,2023-12-15,False,False,False,False,False,0.0,0,0,False,[],霖瀚控股
2023-12-31,年报,2024-03-30,无保留意见,False,1026607459.8931543,735980861.8832347,290626598.0099195,0.7169058190555454,79798903.47489035,3.037414954092722e-26,108103019.1594594,863918.5949758928,50.293673004492184,54940.94669676765,37585642.34792417,225387316.03422466,40000000,7.265664950247988,35269793.73626479,32095477.29643126,7639977.718805279,-10181480.61553008,-0.25453701538825196,-9221707.48933093,20026285.510409568,-185011222.91800228,-29842192.91444906,-194827130.32204178,0.12069319788205846,-0.22283221529537514,0.029916131890367834,0.003365084489311417,2021-11-10,2024-05-10,False,False,True,False,False,0.0,0,4,True,"['留存未分配利润的预计用途以及收益情况', '公司为增强投资者回报水平拟采取的措施']",霖瀚控股
2024-03-31,季报,2024-04-30,保留意见,False,1811179540.4768558,1548558900.7619278,262620639.7149278,0.8550002173468767,151595863.55954936,5.557962053670173e-26,184454202.65456074,1471101.3785698703,94.36214570960949,94909.74370700377,73097702.80099921,395466332.69208294,40000000,6.565515992873195,31787320.668087967,28996892.905783694,14913901.728642482,-4974961.525966883,-0.12437403814917207,-4426549.129496521,52890833.24242957,-284746212.4665975,-51851877.42225473,-283707256.6464227,-0.09636405782114911,0.7635849949215855,0.13809439829133136,0.10702730377317042,2021-11-10,2024-06-24,False,True,False,False,False,0.0,3,0,True,"['是否影响偿债能力、过去十二个月内是否使用过募集资金补充流动资金以及未来十二个月内是否计划使用募集资金补充流动资金等内容', '结合前述财务报表列报项目的具体情况说明现金分红方案确定的依据及未来增强投资者回报的规划', '留存未分配利润的预计用途以及收益情况']",霖瀚控股
2024-06-30,半年报,2024-08-27,非标准无保留意见,False,1780694361.6149356,1494614148.1766024,286080213.4383332,0.8393434496086778,152816951.59000504,5.375008001601397e-26,167122874.83290944,1645185.692113768,85.2139521214601,100604.5854645489,71315739.25892657,385399608.5619085,40000000,7.15200533595833,23805319.91109636,21987134.686939493,32102378.89661982,-11402858.224273728,-0.2850714556068432,-10013940.31263457,122343603.66831112,-317198004.53436875,-58672458.32556599,-253526859.19162363,0.08932875096515851,-0.5345427137041809,-0.015656767738198917,-0.08886400818289233,2021-11-10,2024-09-22,False,False,False,False,False,0.0,0,0,False,[],霖瀚控股
2024-09-30,季报,2024-10-27,无保留意见,False,1431808912.9651952,1163504698.5615172,268304214.40367794,0.8126117165676563,91668378.00388552,4.249189221068062e-26,134245716.70704976,1272680.500260566,69.08801324052997,71114.38967045645,52795397.16425501,295374843.14779216,40000000,6.707605360091948,16507254.102244405,15593817.585789641,48275794.74651483,-10425808.298359938,-0.26064520745899844,-9133310.144499784,32764219.396717556,-256992606.14257962,-44363234.58835361,-268591621.3342157,-0.06213641559131121,0.17456229716228858,-0.026731733041021628,-0.013064968780904532,2021-11-10,2024-12-03,False,False,False,True,False,0.0,0,0,False,[],霖瀚控股
2024-12-31,年报,2025-03-30,无保留意见,False,2862181036.2386217,2575835184.470745,286345851.7678766,0.899955366854019,198608311.59413055,7.307312014735534e-26,249488662.13970608,2114384.8353855265,130.34705170438463,136019.2844997744,115512491.0578533,553690018.6057316,40000000,7.158646294196916,7246062.422880701,8085191.005860914,50369837.779370256,-13230273.827662434,-0.3307568456915609,-10726609.399898184,167330034.67995068,-502473558.9052025,-89376143.46870452,-424519667.6939563,0.0672432127251423,-0.42658712379848407,0.08734365028636282,-0.005004186217320445,2021-11-10,2025-05-21,False,False,False,False,False,0.0,0,0,False,[],霖瀚控股
2017-03-31,季报,2017-04-30,无保留意见,False,268193218.54898372,77681078.27118915,190512140.27779457,0.28964594515651865,7807600.1988080405,4993.009810645479,138976276.421127,749715.1024889576,28402271.453669153,8159322.129695096,9584.639270896647,176941947.61385733,40000000,4.762803506944865,-6792991.357533222,-5973019.625536775,18236132.548509825,-9704273.367904603,-0.24260683419761508,-8532885.17933825,-32643232.37541259,17980140.447266042,79456507.67999187,64793415.75184532,0.05840077932108108,-0.594681853772478,-0.010354054843481331,0.12691466178822025,2021-09-20,2017-06-28,False,False,False,False,False,0.0,0,0,False,[],裴琮传媒
2017-06-30,半年报,2017-08-27,无保留意见,False,297655898.7704204,84801710.13059027,212854188.63983008,0.28489846994766654,10890467.355298156,6498.244562648478,169247999.73248333,964337.4962645961,33485340.39907389,10645287.697913555,12210.202995836076,223212938.40821096,40000000,5.321354715995752,-10704712.22209664,-9407697.346838072,14411105.470051173,-5588172.663662026,-0.13970431659155064,-4906682.459001853,-5849065.43961354,19693442.99286678,83779497.21876417,97623874.77201742,0.11727362009296387,0.5641796782975675,-0.00474747520885209,0.10742368643497704,2021-09-20,2017-10-17,False,False,False,False,False,0.0,0,0,False,[],裴琮传媒
2017-09-30,季报,2017-10-27,无保留意见,False,328704414.48278266,99800029.15338181,228904385.32940087,0.30361633356953066,12081461.44758269,6440.548880430172,180987704.58939967,951323.4537131807,37079081.78243746,9766726.235043181,12001.401171593754,225966606.96570325,40000000,5.722609633235022,-15340365.624912629,-13497463.413296187,8100868.924872741,-6622362.004022844,-0.1655590501005711,-5842522.9520830205,-37738775.68398786,24257084.936796147,87453594.86297666,73971904.11578494,0.07540465514037523,-0.09062434173602618,0.01871786362186411,0.15054205940404203,2021-09-20,2017-12-14,False,False,False,False,False,0.0,0,0,False,[],裴琮传媒
2017-12-31,年报,2018-03-30,无保留意见,False,353216840.922426,113141502.79727653,240075338.12514943,0.3203174075783234,12212967.646140162,7202.668697111417,186119280.10217866,1082356.6845636505,43060895.314683296,10846069.428883273,13200.405602364352,247379309.7030726,40000000,6.001883453128736,-19022645.41575872,-17019199.580193684,0.0,-5260399.701208701,-0.13150999253021753,-5031051.666996423,-32616365.503787775,23802523.286143597,93965152.9953587,85151310.77771452,0.048801829548495594,0.13124010524765845,0.01670107400879272,-0.12631501903848297,2021-09-20,2018-04-16,False,False,False,False,False,0.0,0,0,False,[],裴琮传媒
2018-03-31,季报,2018-04-30,无保留意见,False,401125564.48478377,128403938.17723851,272721626.30754524,0.32010908689443396,12174550.527222676,7395.298872081586,202596451.70642397,1121793.1629625158,41235258.87529117,11546619.674565284,13095.402047139645,262667962.96565813,40000000,6.818040657688631,-21869719.52421528,-19602653.76867842,2786378.573811522,-4067248.7263665125,-0.10168121815916281,-3690648.8406924815,-14920279.781150565,27063741.2670457,113334217.16165425,125477678.64754939,0.1359835143307286,0.1016347187701983,-0.00020832068388943007,-0.03315909846882692,2021-09-20,2018-06-16,False,False,False,False,False,0.0,0,0,False,[],裴琮传媒
2018-06-30,半年报,2018-08-27,保留意见,False,401541417.88446504,145990668.23922908,255550749.64523596,0.3635756157070571,12751497.678459153,7333.459360497341,236712789.19164246,1232440.4473845623,45091521.94500333,13711781.45890348,14309.523149106039,281904084.81798667,40000000,6.388768741130899,-23945830.154173966,-21460753.629560612,6548098.389538332,-2965872.328512406,-0.07414680821281015,-2654428.372688844,-12094846.11212905,25399625.93377416,106365474.49247208,119670254.3141172,-0.06296118461447524,0.08516180158042048,0.04346652881262316,0.045276017108767545,2021-09-20,2018-09-20,False,False,False,False,False,0.0,0,0,False,[],裴琮传媒
2018-09-30,季报,2018-10-27,无保留意见,False,338886466.1703634,126681930.82295685,212204535.3474066,0.37381820600434335,11884463.588381235,7795.680500197265,173872194.3406395,1091858.5869303143,36964106.90886271,11197435.49154571,13285.57479687084,245927844.62731934,40000000,5.305113383685165,-28515761.577029586,-25432990.925916255,25744826.133016974,-6528473.46122231,-0.16321183653055774,-5674624.709079491,-48058257.82699495,24961763.747329887,98402393.91059944,75305899.83093438,-0.16961881097200476,-0.25385269509467645,0.010242590297286237,-0.021084180562581364,2021-09-20,2018-11-27,False,False,False,False,False,0.0,0,0,False,[],裴琮传媒
2018-12-31,年报,2019-03-30,无保留意见,False,295259128.9862663,96296955.85542403,198962173.13084227,0.32614387296354586,11020183.07651148,5793.427465675006,159219228.86692762,965247.4356119384,32648791.165652715,9336810.078347383,12174.357689478384,210054590.57281643,40000000,4.974054328271056,-32119010.897743374,-28782141.6899353,11286562.884859176,-5147499.029591128,-0.1286874757397782,-4784501.091455778,-38228584.75135904,20708420.59363968,79330710.8040314,61810546.64631204,-0.06240376622905274,0.13187899839791437,-0.047674333040797524,0.006016105053349679,2021-09-20,2019-04-15,False,False,False,False,False,0.0,0,0,False,[],裴琮传媒
2019-03-31,季报,2019-04-30,保留意见,False,265226434.01435095,69835195.62481393,195391238.389537,0.2633040552098034,8361323.137534959,6107.365909489157,140402985.12292424,765595.4799640899,30266432.76402577,8306571.936208373,8962.690643805245,190815813.9170773,40000000,4.884780959738425,-29317932.64084455,-26134524.08370802,2280051.3445728663,4001540.3669983223,0.10003850917495806,3782310.86603897,-4773478.050536944,17448548.0825319,68121888.03588144,80796958.0678764,-0.01794780728976506,0.7719079221702726,-0.06283981775374246,0.03064426893812653,2021-09-20,2019-05-31,False,False,False,False,False,0.0,0,0,False,[],裴琮传媒
2019-06-30,半年报,2019-08-27,无保留意见,False,265492782.2766977,53957110.22085378,211535672.05584392,0.20323381207636543,10677556.355070433,6061.632165746411,138265406.5268806,867749.4166455441,30599878.11782778,9445751.075660817,10431.92919996398,200019705.39873478,40000000,5.288391801396098,-23222297.590365123,-20684778.80804937,12435601.833351744,8708050.072113466,0.21770125180283664,7785350.393798071,-14448923.512171507,18295433.505009398,67534603.18361878,71381113.17645667,0.08262619040328179,0.2241030716256851,-0.060070243133437944,0.11492364622301963,2021-09-20,2019-10-17,False,False,False,False,False,0.0,0,0,False,[],裴琮传媒
2019-09-30,季报,2019-10-27,保留意见,True,263922913.4480712,52784582.689614244,211138330.75845698,0.2,9401327.876835527,5678.724807427495,149933990.2395417,824738.9572933968,34285712.03844126,9700488.042903775,10648.757052396842,201983216.6989588,40000000,5.278458268961424,-16804502.39325525,-14597688.730645977,45821716.19641463,9168278.853014104,0.22920697132535262,8695842.967719136,-25235923.129846197,17599117.02289557,68835703.18717735,61198897.08022672,-0.0018783654478949567,0.017902127139540185,-0.038364711936555995,-0.010641849048339076,2021-09-20,2019-11-06,False,False,False,False,False,0.0,0,0,False,[],裴琮传媒
2019-12-31,年报,2020-03-30,无保留意见,False,277169225.99034333,55433845.19806866,221735380.79227465,0.2,8657573.204531524,5838.8053932578905,142378994.5110953,805897.5360357186,28683725.63454383,7984002.107686756,9829.633054287358,187789887.6002535,40000000,5.5433845198068665,-9448035.97143359,-7749677.014852783,48922851.36257118,10509237.745459516,0.2627309436364879,9782873.879704565,-52892601.07151431,18164939.725245584,68525832.82967272,33798171.483403996,0.05019008152499213,0.05124367941726339,0.03310258518013304,0.015851835480333757,2021-09-20,2020-05-08,False,False,False,False,False,0.0,0,0,False,[],裴琮传媒
2020-03-31,季报,2020-04-30,无保留意见,False,264959059.31330043,57582253.79336502,207376805.5199354,0.217325098989263,7614648.41143847,5521.109979884893,123608365.10255456,684371.9794362827,28788981.5987188,7452097.623838629,9394.759648603414,169410664.04872504,40000000,5.184420137998385,223127.60852610617,1752347.015367746,14333531.493442625,13815947.971370995,0.34539869928427486,13574320.043172184,-19223363.84560661,20160239.905937985,70630895.48552561,71567771.54585698,-0.06475545409593711,0.12020362965008952,0.019353413669320543,-0.044599984054923936,2021-09-20,2020-06-11,False,False,False,False,False,0.0,0,0,False,[],裴琮传媒
2020-06-30,半年报,2020-08-27,无保留意见,False,291774269.90699375,65479005.29103929,226295264.61595443,0.22441665370942904,9525085.262613436,5968.738497868056,161422920.76522332,778331.3774111939,32408900.219368473,9720353.20840048,11898.723069716118,214164947.3519763,40000000,5.657381615398861,13570820.136848703,14549690.119153991,67017656.22326534,19068132.183317997,0.4767033045829499,18281918.719694637,-14906408.811272867,19874556.705667622,79323083.36525662,84291231.25965138,0.09122745935152528,0.17043721052574604,0.00709155472016602,0.0959183437236057,2021-09-20,2020-09-11,False,False,False,False,False,0.0,0,0,False,[],裴琮传媒
2020-09-30,季报,2020-10-27,无保留意见,False,308256608.9902765,91350213.04135025,216906395.94892627,0.2963447023587798,9966846.155276014,6873.645418290413,153957429.570621,863397.811970352,35146567.85641473,9965339.689091198,11286.023927119071,216774196.66795224,40000000,5.422659898723157,28713246.181385256,29226064.609938983,40161889.66448794,21632037.206480794,0.5408009301620198,20966249.272549994,-58388700.05120784,22297721.898496892,84010135.98924415,47919157.8365332,-0.04148946149165796,0.07108505120619023,0.07192804864935075,0.08323534808000262,2021-09-20,2020-11-10,False,False,False,False,False,0.0,0,0,False,[],裴琮传媒
2020-12-31,年报,2021-03-30,无保留意见,False,300452798.8632014,86763129.19325529,213689669.6699461,0.28877457464711204,9991434.271698786,6008.196145175543,152252723.21118373,980390.994810416,34011278.72203276,9586726.03799617,11023.363589986911,210439285.23237267,40000000,5.342241741748652,34034054.869805895,33982200.07022612,16827204.696849953,7601155.269172344,0.1900288817293086,6794479.228981623,-56808514.2256837,21436191.541694902,85617732.05598241,50245409.371993616,-0.014830020409990962,-0.3631929080601184,-0.007570127711667761,0.028844036777946398,2021-09-20,2021-04-14,False,False,False,False,False,0.0,0,0,False,[],裴琮传媒
2021-03-31,季报,2021-04-30,无保留意见,False,370983528.0724714,145271946.06363487,225711582.00883654,0.3915859736911448,12853485.224565016,7244.584893724497,207398578.61334383,1162128.3310984175,44981873.99718841,11374992.494165525,12839.673467180917,266160508.03953412,40000000,5.642789550220914,35424885.197304115,35335152.19698033,7113947.925322089,1986900.4678545967,0.04967251169636492,1932788.75250602,-72502642.40069394,26281577.99006571,98141457.81016973,51920393.3995415,0.05625874361385311,-0.2282110226080707,0.10281139904403273,0.10436626103140217,2021-09-20,2021-05-23,False,False,False,False,False,0.0,0,0,False,[],裴琮传媒
2021-06-30,半年报,2021-08-27,无保留意见,False,380009615.62645066,132963040.27900171,247046575.34744895,0.3498938837634686,11235988.525312817,7747.45572593545,184955289.4083727,1020518.4148781433,40485678.57100205,10861240.234971186,13370.965342086918,261696886.22428623,40000000,6.176164383686223,40707114.28343989,40052388.753374666,22353040.186349593,7546041.55162254,0.1886510387905635,6738909.366277626,-64138325.88524374,28148353.671606928,96615564.06843847,60625591.854801655,0.09452325462756776,0.29278823540365306,-0.04169208992767619,-0.09686279519518882,2021-09-20,2021-10-01,False,True,False,False,True,0.0,0,0,True,"['充分披露高送转的主要考虑及其合理性且送转股后每股收益不低于0.5元', '留存未分配利润的预计用途以及收益情况']",裴琮传媒
2021-09-30,季报,2021-10-27,无保留意见,False,470150767.3478636,178354562.9513482,291796204.3965154,0.37935610305913636,14372801.007332947,9196.771350758838,220547332.47400907,1321069.3098312113,55615905.52516461,13647741.580363713,16131.246553796782,308561704.8473445,40000000,7.294905109912886,44362519.88898273,43357672.871899605,12133069.149679897,5222008.0079183355,0.13055020019795838,4721834.455035629,-38333476.249613695,33569688.32252936,114309061.08433232,109545273.15724799,0.18113843102714566,-0.09468058378441822,0.029462219295667797,0.12119928510234067,2021-09-20,2021-12-07,True,False,True,False,False,4370737.444705117,0,9,True,"['留存未分配利润的预计用途以及收益情况', '充分披露高送转的主要考虑及其合理性且送转股后每股收益不低于0.5元']",裴琮传媒
2021-12-31,年报,2022-03-30,无保留意见,False,549327151.4167526,220009376.71342048,329317774.70333207,0.4005070132543079,16874183.64205945,12308.072634297185,274606273.4064989,1445821.6760578693,58283177.23229582,18073734.482039496,20177.441769770096,377489729.92900807,40000000,8.232944367583302,42935581.798149765,42078179.78269185,2987685.444720512,-2038482.98690423,-0.05096207467260575,-1827847.2702968006,-107470265.48799929,37065996.74182455,142524909.89296415,72120641.14678942,0.12858827408128118,-0.3267252442819498,0.02115091019517152,0.05292080537951222,2021-09-20,2022-05-12,False,False,False,False,False,0.0,0,0,False,[],裴琮传媒
2022-03-31,季报,2022-04-30,无保留意见,False,637165533.2393239,273652999.57907647,363512533.66024745,0.42948493806285415,21656973.073775936,11701.064839572035,285566254.0791822,1995697.6641214562,60407579.67421117,18759678.514134664,21151.16117558523,422367594.8126483,40000000,9.087813341506186,33752915.78759917,33358732.32747149,43453794.56797724,-13118094.300786562,-0.32795235751966406,-12456353.507457662,-107804833.5712443,46238886.26146006,182265945.04451105,120699997.73472682,0.10383514521109553,-0.740540635296834,0.028977924808546284,-0.11232604765071813,2021-09-20,2022-06-05,False,False,True,False,False,0.0,0,1,True,"['根据公司盈利能力、融资能力及其成本、偿债能力及现金流等情况披露现金分红方案的合理性，是否导致公司营运资金不足或者影响公司正常生产经营', '是否影响偿债能力、过去十二个月内是否使用过募集资金补充流动资金以及未来十二个月内是否计划使用募集资金补充流动资金等内容']",裴琮传媒
2022-06-30,半年报,2022-08-27,非标准无保留意见,False,671077150.8142633,266847687.61432216,404229463.19994116,0.397640848433802,26746244.936017312,15297.835746573595,363354990.3957121,2256556.1159219444,83151292.30111295,24352017.37608419,25839.659620163395,526158270.33098865,40000000,10.10573657999853,24978113.405637085,25236982.35239626,27909076.573410787,-12535431.974231545,-0.31338579935578864,-11602499.964393187,-99401251.79359503,46547304.601731315,174879869.71224737,122025922.52038366,0.1120096991696834,0.15009698114848036,-0.03184408962905216,-0.03897214182328247,2021-09-20,2022-10-12,False,False,False,True,False,0.0,0,0,False,[],裴琮传媒
2022-09-30,季报,2022-10-27,无保留意见,False,716807210.1848311,259405679.82928723,457401530.3555439,0.3618904443809914,23631921.164779197,16069.634951930671,395995672.1018958,2084609.6207116107,78849828.75715764,22374970.009106193,25776.117985018325,531493280.9267823,40000000,11.435038258888598,14862297.426698724,15866915.721615244,33733460.895303324,-14451165.68419766,-0.3612791421049415,-13385809.472544314,-87285249.21985777,48413830.23964567,185901619.2591787,147030200.2789666,0.13153931614653874,-0.4290972158804487,-0.035750404052810617,-0.017526975368210122,2021-09-20,2022-12-16,False,False,False,False,False,0.0,0,0,False,[],裴琮传媒
2022-12-31,年报,2023-03-30,无保留意见,False,622671672.6447663,230072588.63226146,392599084.0125049,0.36949262145656925,20703823.547146283,11600.705208203259,276007400.1114082,1794202.4165007519,66589903.675501995,19007759.115560867,21617.115964012075,404119309.7635195,40000000,9.814977100312621,5148661.135773912,7094122.13656859,33516031.67203672,-13876623.272749731,-0.34691558181874327,-12532562.264352363,-108358376.48247182,38362711.039546065,162056021.97144404,92060356.52851829,-0.14167518480462304,0.22541379323319033,0.0076021770755779015,0.0662659724601225,2021-09-20,2023-05-23,False,False,False,True,False,0.0,0,0,False,[],裴琮传媒
2023-03-31,季报,2023-04-30,无保留意见,False,670237222.3129321,257748654.38085273,412488567.93207943,0.38456332444710223,20502416.96363223,12154.083468121216,315969066.35896134,1856792.4589184544,72791323.54949711,21384952.850390166,23393.029324030864,444205403.92220104,40000000,10.312214198301985,-4316917.709772431,-322304.7769095551,0.0,-13522255.493637634,-0.33805638734094084,-10594895.590683065,-11132271.34993047,42312103.95323928,176743389.7824686,207923222.38577738,0.05066105533486437,0.11345662405062243,0.015070702990532937,0.16270896465130139,2021-09-20,2023-06-10,False,False,False,False,False,0.0,0,0,False,[],裴琮传媒
2023-06-30,半年报,2023-08-27,保留意见,False,716926440.3451633,301065987.38716584,415860452.9579975,0.4199398577659069,25670003.763461765,14759.21451528694,393152517.89184517,2222396.6473012655,79081827.77315,21466992.963301178,28120.680211873947,516366810.54104435,40000000,10.396511323949937,-13739603.090681171,-8470512.336455826,8384928.763882195,-13460979.115583915,-0.3365244778895979,-11640296.51363753,-52948014.65458736,47226762.332671665,191595929.65438643,185874677.33247074,0.008174493278255635,0.01761957439415578,0.0353765333188047,-0.047279669333453095,2021-09-20,2023-10-18,False,False,False,False,False,0.0,0,0,False,[],裴琮传媒
2023-09-30,季报,2023-10-27,无保留意见,False,812226491.517525,324845947.73388064,487380543.7836443,0.39994502903611784,25596056.425008066,16348.236800541295,433569979.4981816,2264894.949249834,93078225.24049412,24532145.073128827,31546.80864608617,551417290.3061242,40000000,12.184513594591108,-23887324.159247775,-17323117.903910223,16240139.362083044,-14496744.383666575,-0.3624186095916644,-12646579.382077714,-35281591.76634355,52986384.626187876,196712613.91504452,214417406.77488884,0.17198098621046415,-0.29267000730162496,-0.019994828729789093,0.12610747986743326,2021-09-20,2023-12-13,False,False,False,False,False,0.0,0,0,False,[],裴琮传媒
2023-12-31,年报,2024-03-30,无保留意见,False,681988383.7122948,230735034.55691284,451253349.1553819,0.33832692765372857,21677738.473218337,13535.931773323295,315925608.59384674,1975785.0251225058,77556429.74257404,22197492.238738876,26398.562545983496,463463549.0940214,40000000,11.281333728884547,-33904448.57521925,-26340347.940971315,55250482.760939725,-14310177.73710211,-0.35775444342755275,-12881757.195801556,-64089341.047634095,49490283.61429354,170477518.77891812,155878461.34557757,-0.07412522943119328,0.07452960270902509,-0.06161810138238923,-0.043287129644104735,2021-09-20,2024-04-29,False,False,False,False,True,0.0,0,0,False,[],裴琮传媒
2024-03-31,季报,2024-04-30,无保留意见,False,778371084.2481128,290378212.6562353,487992871.5918775,0.3730588385573617,24589447.22847206,15807.14910431439,407083909.0924744,2230889.968829328,83256284.20675124,22850842.08245591,28395.521937554608,521387745.5090776,40000000,12.199821789796937,-44081339.58691026,-35344827.74195846,52377856.99843029,-14538415.730987161,-0.36346039327467905,-12863542.572838783,-41090254.312953405,56651246.97099204,206235528.14961037,221796520.80764902,0.08141661996583849,-0.08485244435413336,0.03473191090363312,0.06552356809866253,2021-09-20,2024-06-14,False,True,False,False,False,0.0,2,0,True,['充分披露高送转的主要考虑及其合理性且送转股后每股收益不低于0.5元'],裴琮传媒
2024-06-30,半年报,2024-08-27,保留意见,False,949534133.2821847,395138121.71598434,554396011.5662004,0.416138933679129,30605640.82697796,19220.45302405085,465209029.9861109,2700355.2581032687,108603472.93200444,28259574.22637878,34745.50545029969,642825712.554932,40000000,13.859900289155009,-53346154.40016346,-43854868.03964663,34464323.31453225,-13235449.733218854,-0.33088624333047134,-12157200.425268814,-115666803.91384313,62430665.90990229,237907035.64909887,184670897.64515805,0.13607399583053273,0.5293200863242566,0.04308009512176727,0.11324015687839131,2021-09-20,2024-10-16,False,False,False,False,False,0.0,0,0,False,[],裴琮传媒
2024-09-30,季报,2024-10-27,非标准无保留意见,False,844276888.7732486,286295548.2863399,557981340.4869087,0.3391014868384389,29539659.54860517,18679.438940871973,473195135.33898115,2805747.873977459,90919928.85440372,26007486.985460225,31558.49768713739,626194776.7097312,40000000,13.949533512172717,-65374274.9701527,-54619563.614159815,16090080.00303002,-17183029.38569891,-0.4295757346424728,-15378136.535018837,-28903623.969942246,58629109.09581748,229949556.0299505,259675041.15582573,0.006467090032952536,-1.0486191902692823,-0.07703744684069012,0.06226845913980823,2021-09-20,2024-12-13,False,False,False,False,False,0.0,0,0,False,[],裴琮传媒
2024-12-31,年报,2025-03-30,无保留意见,False,952022843.1344612,381309134.5069272,570713708.6275339,0.4005251945966932,30733292.12106611,19832.57907721518,534451183.77700186,2689785.5327695813,103820744.07441263,32928435.36195752,36870.16864879079,696071732.6000782,40000000,14.267842715688348,-77446509.36111206,-66910279.797346584,80099764.68561372,-17246049.12994196,-0.43115122824854896,-17558165.9759811,-75871408.14870284,67531279.53722514,234088207.4209925,225748078.8095148,0.02281862710590738,0.3443148978640953,0.061423707758254356,0.11354671532106292,2021-09-20,2025-04-13,False,False,False,False,False,0.0,0,0,False,[],裴琮传媒
2017-03-31,季报,2017-04-30,非标准无保留意见,False,227251757.6006826,73565405.8697922,153686351.7308904,0.3237176541404722,6664977.73683895,219118.7798753598,9401411.525097296,1600799.3188301711,13.514960585112279,5605.001938855894,29963588.70256224,48870939.39894669,40000000,3.84215879327226,2587201.658957889,2303475.851159518,8904944.773872351,3696002.3699398413,0.09240005924849604,3290679.7873707404,41800032.48488321,-43110895.4308484,-34168587.969253965,-35479450.91521915,-0.14618693482838666,0.14977790944110228,0.023717654140472246,0.1082594318529192,2021-09-10,2017-06-05,False,False,False,False,False,0.0,0,0,False,[],璟祺实业
2017-06-30,半年报,2017-08-27,无保留意见,False,243456169.8592828,67639784.45637555,175816385.40290722,0.27783146549734694,8393837.343194103,261009.2483276362,10137361.275672037,1721989.9065125978,16.390036997044895,6740.211829282975,31390074.96960943,55609906.73609116,40000000,4.395409635072681,6713634.740225159,6082052.401628806,14090288.424832568,5894904.401810385,0.14737261004525964,5397966.500670413,35201416.760118,-43162338.032441676,-36336063.673901014,-44296984.94622469,0.14399478823446346,0.10624767008455534,-0.045886188643125304,-0.03791596323279681,2021-09-10,2017-10-17,False,False,False,False,False,0.0,0,0,False,[],璟祺实业
2017-09-30,季报,2017-10-27,保留意见,False,274234949.3003441,78709120.49533375,195525828.80501038,0.287013455783606,8688583.371031564,284786.71927826945,12076882.663104666,2008531.3805473524,16.92178065987884,7779.555431138679,40600726.72289237,65791142.22687534,40000000,4.88814572012526,6951447.386036891,6302908.080379541,635513.7589772444,339732.3511596173,0.008493308778990433,315508.1125010501,36614195.84931921,-51310696.343526155,-40786809.99547248,-55483310.489679426,0.11210242638612017,-0.24263792296994688,0.009181990286259073,0.011104536738422455,2021-09-10,2017-12-06,False,False,False,False,False,0.0,0,0,False,[],璟祺实业
2017-12-31,年报,2018-03-30,无保留意见,False,256303698.2631495,80191986.4780878,176111711.7850617,0.31287877241534734,8435094.836244527,229973.0515010319,10770625.063614573,1684067.8572004416,14.725218244212414,6312.635549026803,34681357.90317605,55680233.21712554,40000000,4.402792794626542,13354760.98154989,12326145.781632837,28853594.455494728,9147590.85073286,0.2286897712683215,8604625.287504707,7660398.76879566,-48461297.96600794,-34315766.876946665,-75116666.07415894,-0.09929182828990626,0.5079581576692678,0.025865316631741356,-0.14004100635228575,2021-09-10,2018-05-13,False,False,False,False,False,0.0,0,0,False,[],璟祺实业
2018-03-31,季报,2018-04-30,无保留意见,False,269920499.5133185,89039927.60471557,180880571.90860292,0.3298746399968119,8439645.193767153,280029.4991390219,11864911.275105508,1746113.300169286,15.151326024236425,7488.637538456073,34108610.62412722,60030287.93444558,40000000,4.5220142977150735,23129180.310461845,21851897.215869714,28499145.310359493,13963456.184159935,0.34908640460399837,13608216.334624112,49039845.4098862,-52085570.00116711,-38111021.93907679,-41156746.530357696,0.027078608658130898,0.1841800784217217,0.016995867581464548,-0.03873554863554901,2021-09-10,2018-05-10,False,False,False,False,False,0.0,0,0,False,[],璟祺实业
2018-06-30,半年报,2018-08-27,无保留意见,False,296023683.6828265,115062832.45076725,180960851.23205924,0.38869468489572245,11522852.605559971,315378.12898854294,12518491.873960018,2277377.8196629332,19.77793399547318,8211.987064173602,43099521.34749033,68183803.9916785,40000000,4.524021280801481,41247982.63084129,37547911.29575604,66453876.58347724,25884003.314827792,0.6471000828706948,22422877.256980475,21162950.41402958,-55935683.44948374,-41080191.02565498,-75852924.06110913,0.0004438250200629129,0.3849876144241962,0.05882004489891054,-0.04685490860961029,2021-09-10,2018-10-18,False,False,False,False,False,0.0,0,0,False,[],璟祺实业
2018-09-30,季报,2018-10-27,无保留意见,False,326447262.6842297,131452665.19791867,194994597.486311,0.402676573597347,10184776.771714844,317614.6757498172,14853673.625248123,2312029.0084690847,17.89445491786362,8431.787234526895,43753689.28340834,72235697.88687402,40000000,4.874864937157775,47904208.52287658,43627454.11384316,16610786.713466678,9508894.131478973,0.23772235328697433,8685061.168695886,45336410.30491594,-60472469.076120034,-46392712.749869354,-61528771.521073446,0.0775512833781668,-0.38184656089901203,0.01398188870162455,0.12270542833746083,2021-09-10,2018-12-25,False,False,False,False,False,0.0,0,0,False,[],璟祺实业
2018-12-31,年报,2019-03-30,无保留意见,False,455066609.86468434,201541883.69100443,253524726.1736799,0.4428843587336228,15006517.058311401,440020.2865653583,20166790.617387645,3195231.936071801,27.603381603612736,11765.557913454273,59589668.34652935,98504018.53898221,40000000,6.3381181543419975,55721592.769400895,51059091.67007639,34424964.794256,11167691.780749016,0.2791922945187254,10616625.080333183,23977717.13386277,-86974668.13764422,-63362583.49429766,-126359534.4980791,0.3001628221596132,0.06257513576548046,0.040207785136275806,-0.000590230782034606,2021-09-10,2019-05-11,False,False,False,False,False,0.0,0,0,False,[],璟祺实业
2019-03-31,季报,2019-04-30,保留意见,False,518439961.13770795,250586851.25480506,267853109.8829029,0.48334787060954243,15241441.025080845,516071.4676898995,24031061.623227358,3625843.7687091874,31.982028170974235,14272.00711059318,71349382.67964637,116042430.41686195,40000000,6.696327747072572,81179231.66110204,74228059.29499015,148899035.15730885,36368055.55957307,0.9092013889893267,33098525.178448234,14142077.56979582,-107619599.49820043,-77553284.66249038,-171030806.590895,0.05651671111324733,0.8946549108453056,0.0404635118759196,0.05255082387113176,2021-09-10,2019-06-06,False,False,False,False,False,0.0,0,0,False,[],璟祺实业
2019-06-30,半年报,2019-08-27,无保留意见,False,452818654.2103343,226423566.51425835,226395087.69607598,0.5000314461627382,14642199.109559903,421619.4588238856,20633625.72990522,3012408.679415921,24.566083386062743,11234.411850529741,61257841.870153554,98168213.46805094,40000000,5.6598771924019,108185750.26276119,97899639.7091761,100790257.0923095,38580740.85951305,0.9645185214878262,33816543.44883707,7584225.1099651,-85779651.56507942,-61620869.006738074,-139816295.4618524,-0.15477894658363708,0.041460856625552565,0.01668357555319582,0.07117430834169275,2021-09-10,2019-09-25,False,False,False,False,False,0.0,0,0,False,[],璟祺实业
2019-09-30,季报,2019-10-27,无保留意见,False,416139233.9560252,189777665.4758319,226361568.4801933,0.4560436747857481,13336581.813101823,373386.3931781651,19128441.88064193,2877487.7890635533,23.928579131202337,10505.922049234192,60529349.951221,90635269.3930387,40000000,5.659039212004832,131901477.15825032,119824533.3481276,61158954.59672295,33879609.85069877,0.8469902462674692,31321276.627073582,68769690.05686532,-81547171.67129317,-58711646.46974802,-71489128.08417587,-0.00014805628613148434,-0.08458201413142281,-0.043987771376990135,-0.005520935110313789,2021-09-10,2019-12-12,False,False,False,False,False,0.0,0,0,False,[],璟祺实业
2019-12-31,年报,2020-03-30,无保留意见,False,550960763.622776,303572904.94054526,247387858.68223077,0.5509882463216405,15925762.516891178,543863.4977398928,23731684.13038258,3724092.0897250394,32.01585575342033,13495.974160679807,68020987.66155395,116791882.15739812,40000000,6.184696467055769,137529425.39909565,124672480.84588291,32696733.026821025,8039926.058350485,0.20099815145876213,6925639.282507576,100899811.31132573,-113837462.69348812,-80266263.80605666,-93203915.18821906,0.0928880743458769,-0.5078593147269074,0.0949445715358923,0.009874852330031597,2021-09-10,2020-04-24,False,False,False,False,False,0.0,0,0,False,[],璟祺实业
2020-03-31,季报,2020-04-30,无保留意见,False,597385262.2548292,297883420.2063716,299501842.04845756,0.4986454119775426,18692267.93977317,639547.0076910674,28297490.802024387,4225669.168146129,35.92583318923502,15377.239375768291,80973466.08387427,132233919.31229845,40000000,7.487546051211439,135627796.60130763,122938027.23024523,1546991.552169261,-2716612.568268582,-0.06791531420671455,-2477790.8794823987,40784886.84208231,-113894885.90758781,-78987091.45421274,-152097090.51971823,0.21065699684626443,-0.42957549481388757,-0.052342834344097804,-0.044259771328427316,2021-09-10,2020-06-28,False,False,False,False,False,0.0,0,0,False,[],璟祺实业
2020-06-30,半年报,2020-08-27,无保留意见,False,715406905.5682292,431803419.8889651,283603485.67926407,0.6035773718818032,25379705.795109343,758276.9582412937,35630026.68506243,6014396.803122459,44.551709558471465,19439.25791908444,108631301.37970968,174098110.0756054,40000000,7.090087141981602,137391505.29793665,124487716.19712624,9685190.118866578,2519583.852327179,0.06298959630817948,2213841.381258566,53297526.822955325,-145736431.23578805,-97825333.4070151,-190264237.81984782,-0.053082666405174304,0.3665934601033946,0.10493195990426063,-0.033367566829355405,2021-09-10,2020-09-28,False,False,False,False,False,0.0,0,0,False,[],璟祺实业
2020-09-30,季报,2020-10-27,无保留意见,False,754240565.8104582,466416256.4726883,287824309.3377698,0.6183918998993478,23484370.666329302,758949.5633762638,36141771.279793866,4917840.726359575,46.56116615710401,18880.803302035183,100584910.0025837,161381853.40038314,40000000,7.195607733444245,138159505.17460585,125199272.22551699,3749928.0367547967,1097142.6809560172,0.02742856702390043,1016508.6119867743,69403427.3086852,-141354250.25064924,-109709333.32199101,-181660156.26395506,0.014882834209164881,-0.07287251522022457,0.01481452801754455,-0.0871560460199832,2021-09-10,2020-11-17,False,False,False,False,False,0.0,0,0,False,[],璟祺实业
2020-12-31,年报,2021-03-30,无保留意见,False,905518623.0956209,630427529.8072456,275091093.2883752,0.6962060345617804,27379747.745829802,949951.5523258644,39602242.561827295,6309079.530351285,52.62069089441931,24795.497644678802,111975362.96379207,202727834.3659091,40000000,6.87727733220938,145823489.59801602,131761378.50031735,52271144.19094417,10948549.176300261,0.27371372940750655,9374437.535429083,83357638.65513042,-168830673.31204402,-125780466.35878989,-211253501.0157035,-0.04423954348641142,0.5443625366180637,0.0778141346624327,0.11295145859941023,2021-09-10,2021-04-19,False,False,False,False,False,0.0,0,0,False,[],璟祺实业
2021-03-31,季报,2021-04-30,无保留意见,False,982874629.0563092,691790192.9497685,291084436.10654074,0.7038437787472237,31452906.028428834,908970.9219202362,43699653.483319975,7275820.31425514,57.63412864967589,26294.977340622758,126038487.08686925,215448774.4453307,40000000,7.277110902663519,154816898.70901716,140267201.66701517,31869655.819172386,12847727.30143018,0.3211931825357545,12151175.95242546,56794876.36737328,-178112908.87543762,-146457854.18030354,-267775886.68836787,0.058138352016362395,0.06795265518613677,0.007637744185443208,0.09628095793052835,2021-09-10,2021-05-23,False,False,False,False,False,0.0,0,0,False,[],璟祺实业
2021-06-30,半年报,2021-08-27,无保留意见,False,992570020.3299522,712242837.7640179,280327182.56593436,0.7175744009750089,31318769.05984959,880898.885018255,45728384.92586477,6945374.132522015,64.0038167207551,25063.624929962716,135574576.03504437,219380384.0000799,40000000,7.008179564148359,163750992.99016958,148550142.10034618,34360716.89534027,12762991.830217753,0.31907479575544384,11832772.047615726,188996604.09612417,-192321312.70379382,-140627593.0494884,-143952301.65715805,-0.03695578397970088,-0.0028389254014782542,0.01373062222778513,-0.10356651047906373,2021-09-10,2021-09-28,False,True,False,False,False,0.0,2,0,True,"['公司在相应期间是否按照中国证券监督管理委员会相关规定为中小股东参与现金分红决策提供了便利', '根据公司盈利能力、融资能力及其成本、偿债能力及现金流等情况披露现金分红方案的合理性，是否导致公司营运资金不足或者影响公司正常生产经营', '结合所处行业特点、发展阶段和自身经营模式、盈利水平、偿债能力、资金需求等因素，未进行现金分红或现金分红水平较低原因的说明']",璟祺实业
2021-09-30,季报,2021-10-27,无保留意见,False,1126183395.193596,815164200.4318687,311019194.7617273,0.7238289997090024,34281170.633232355,1066844.705750832,49400378.13451946,8312738.825089317,71.58521119581401,29222.041191802084,155033500.47930133,242757569.8836615,40000000,7.775479869043182,167157688.18351656,151477252.07664976,8873700.946937036,4866707.4190671,0.12166768547667749,4181585.6804336836,203566281.95777193,-222700996.8566493,-154271087.38724977,-173405802.28612715,0.10948639341664272,-0.2653054658011133,0.006254598733993489,-0.010005419185435935,2021-09-10,2021-12-20,True,False,False,True,False,2229478.934479332,0,0,True,"['结合所处行业特点、发展阶段和自身经营模式、盈利水平、偿债能力、资金需求等因素，未进行现金分红或现金分红水平较低原因的说明', '公司在相应期间是否按照中国证券监督管理委员会相关规定为中小股东参与现金分红决策提供了便利', '上市公司控股子公司向母公司实施利润分配的情况', '是否影响偿债能力、过去十二个月内是否使用过募集资金补充流动资金以及未来十二个月内是否计划使用募集资金补充流动资金等内容']",璟祺实业
2021-12-31,年报,2022-03-30,无保留意见,False,1227213984.2313402,962839593.4459128,264374390.78542733,0.7845735184063951,40477348.42695339,1296938.6584513038,62923625.24468012,8230384.759391189,80.65204306024549,34026.44107566221,163125791.72415748,282520262.6419017,40000000,6.609359769635684,172602282.33014306,156423246.85116214,0.0,7777991.638037868,0.1944497909509467,7065706.820731963,64899182.37996503,-241106932.08409065,-162766869.18392384,-338974618.8880495,-0.14997403620710503,0.13313774969304337,0.060744518697392794,0.07912513153672744,2021-09-10,2022-04-22,False,False,False,True,False,0.0,0,0,False,[],璟祺实业
2022-03-31,季报,2022-04-30,无保留意见,False,821365140.1684321,609421753.7252059,211943386.44322622,0.7419620384671252,24056118.326301385,745420.9182269063,37142727.1897211,5752175.3718401315,48.972841224075935,20522.772749586395,115367206.13990209,181882076.01070616,40000000,5.298584661080655,183605520.5673062,166455525.84549156,78397165.92280342,15718911.767375898,0.39297279418439746,14331827.134756338,104570546.79058345,-140550963.70442536,-108999030.74122311,-144979447.65506503,-0.19832104080290966,0.32048279962882636,-0.04261147993926997,0.11455555023887215,2021-09-10,2022-06-27,True,False,False,False,False,14458585.822871748,0,0,True,['结合前述财务报表列报项目的具体情况说明现金分红方案确定的依据及未来增强投资者回报的规划'],璟祺实业
2022-06-30,半年报,2022-08-27,无保留意见,False,1114241445.0085387,861838172.8146946,252403272.19384417,0.7734752433374887,39232645.08718873,1266568.6586783468,54826636.56388785,8489559.84194288,76.86068058627365,33431.04044052535,175362733.7421559,280228004.27896893,40000000,6.310081804846104,174070438.95266593,156973366.2623189,20806956.797032107,-13621545.16377185,-0.3405386290942962,-13545942.261675233,20445743.153138466,-205025688.3355901,-143868481.58372203,-328448426.76617366,0.1908994964627314,-0.8967430561184857,0.03151320487036352,0.26190785144840656,2021-09-10,2022-10-18,False,False,False,False,False,0.0,0,0,False,[],璟祺实业
2022-09-30,季报,2022-10-27,非标准无保留意见,False,1106953495.6714106,840052158.4636763,266901337.20773417,0.7588865853430924,36578496.85669272,1142360.0326238677,55127393.44405849,8482185.232228223,70.9631034831794,32339.31180550641,157659308.20779705,259474219.05761573,40000000,6.672533430193354,165475078.56959155,149090671.66050687,10569110.53303805,-12279086.261534775,-0.3069771565383694,-11260992.288302904,218272357.13740072,-204513616.43152538,-134277547.70332554,-120518806.9974502,0.05744008343424159,0.39735884222618556,-0.014588657994396374,-0.047829986749252734,2021-09-10,2022-11-10,False,False,False,True,False,0.0,0,0,False,[],璟祺实业
2022-12-31,年报,2023-03-30,无保留意见,False,1260149739.4650688,957433344.0442537,302716395.4208152,0.7597774407751592,40390958.64819958,1250062.5099598218,54213253.68846648,8701438.869184762,70.69159229461943,27739.12941361503,168674758.34286696,269453386.22936827,40000000,7.567909885520381,157128389.23430702,141551986.5126817,9252185.898409275,-11923841.90754934,-0.2980960476887335,-10769550.211178796,234807939.34685618,-228852965.41141182,-158412789.63910705,-152457815.7036627,0.13418838057452498,0.07524906695306928,0.0008908554320668608,0.14635667901520458,2021-09-10,2023-05-28,False,False,False,True,False,0.0,0,0,False,[],璟祺实业
2023-03-31,季报,2023-04-30,无保留意见,False,1416072157.1581087,1075001328.4191802,341070828.73892856,0.7591430443605234,42577640.927085884,1219947.9462626085,64390500.11410846,8975366.953161614,78.35130783405896,33556.63282683782,196837005.84783864,304161015.62205446,40000000,8.526770718473214,147091684.2794791,132340850.49909696,42825100.20456568,-14338149.935468487,-0.3584537483867122,-13158765.733692484,58191984.48019439,-270323098.4935291,-189847462.67805946,-401978576.69139415,0.12670087877069122,-0.4756171860584375,-0.0006343964146357262,0.11934659631699855,2021-09-10,2023-06-28,False,False,False,False,True,0.0,0,0,False,[],璟祺实业
2023-06-30,半年报,2023-08-27,无保留意见,True,1419298610.225288,1087849803.378664,331448806.8466238,0.766469998308522,46863540.794929944,1339550.7593969307,62962666.565156,9891828.767501319,91.5627818577742,36342.14330470947,196977531.90943986,322731766.04190105,40000000,8.286220171165594,136421381.9755483,122538278.10591963,53547688.12793251,-15243289.005615417,-0.3810822251403854,-14003674.847396184,236912210.0329303,-259289762.75086862,-213760830.13445503,-236138382.85239333,-0.028211213277550398,-0.34004134275167514,0.007326953947998596,-0.027752292377282262,2021-09-10,2023-10-14,False,True,True,False,False,0.0,3,6,True,"['是否影响偿债能力、过去十二个月内是否使用过募集资金补充流动资金以及未来十二个月内是否计划使用募集资金补充流动资金等内容', '公司在相应期间是否按照中国证券监督管理委员会相关规定为中小股东参与现金分红决策提供了便利', '充分披露高送转的主要考虑及其合理性且送转股后每股收益不低于0.5元']",璟祺实业
2023-09-30,季报,2023-10-27,无保留意见,False,1056790235.0895772,721946510.0804939,334843725.0090832,0.6831502469544481,35549597.89128581,968755.0348892687,51765048.55520441,7156345.822234773,66.13346033402229,26773.28168247949,135756740.19073376,231153006.8059587,40000000,8.37109312522708,125561536.05304705,113749268.71349607,29300350.287564762,-15514065.6035732,-0.38785164008933,-12555727.703462215,197459446.21774718,-202160379.66066414,-147965810.5672138,-152666744.01013076,0.010242662191963714,-0.15413838635002186,-0.08331975135407384,-0.030542049989842425,2021-09-10,2023-12-22,False,False,False,False,False,0.0,0,0,False,[],璟祺实业
2023-12-31,年报,2024-03-30,无保留意见,False,1029232368.555413,667027017.6474882,362205350.9079247,0.6480820444694129,32687252.27640376,913675.2832957013,43291934.30004453,6453474.925404057,61.197959983733476,24938.70388159083,140422101.13926318,217777839.5499339,40000000,9.055133772698118,114959905.66141011,104122724.42391542,75061286.67168666,-15145186.27376705,-0.37862965684417627,-13752206.127972366,155380531.59539932,-200129111.29040465,-133475919.94997635,-178224499.64498168,0.0817146144760492,0.24824738608459826,-0.03506820248503532,-0.020453775424804265,2021-09-10,2024-04-24,False,False,False,True,False,0.0,0,0,False,[],璟祺实业
2024-03-31,季报,2024-04-30,非标准无保留意见,False,1154749643.6505158,776156282.8979077,378593360.752608,0.672142474488445,33790864.00918008,1124759.0257560576,51811115.147445075,8207465.354535557,78.51014656768713,31067.0049840138,156517560.59661976,263976324.6729691,40000000,9.4648340188152,104776100.49267891,95418224.27836832,52685271.09322045,-14548293.098187432,-0.3637073274546858,-12435000.207924416,199236090.15413886,-218901856.1418113,-160705238.3461381,-180371004.33381054,0.045245079355134235,0.3218076118036306,0.024060430019032148,0.006814387530388866,2021-09-10,2024-06-18,False,False,False,False,False,0.0,0,0,False,[],璟祺实业
2024-06-30,半年报,2024-08-27,无保留意见,False,1401986943.7692356,985059140.6016433,416927803.1675924,0.7026164865368262,36935496.29727797,1217042.5587734021,60129132.79454373,8177274.467106992,72.82332566850666,29711.17681884728,174930652.62447268,272818580.87923217,40000000,10.42319507918981,93231632.91292283,84120641.22728825,40635356.52805891,-16492096.542508697,-0.4123024135627174,-16139404.358685814,275853762.7938541,-262605364.99147028,-190634120.89664304,-177385723.0942592,0.10125492517560022,-0.7928367958193516,0.030474012048381165,-0.06481947347233107,2021-09-10,2024-09-17,False,False,False,False,False,0.0,0,0,False,[],璟祺实业
2024-09-30,季报,2024-10-27,非标准无保留意见,False,1914825610.9091702,1508639217.491912,406186393.4172582,0.7878729054473015,68269668.28524786,1884139.8030120796,89108231.69681491,13501324.974711943,111.90040578022959,47727.00001746758,245807498.94068563,423731734.3374628,40000000,10.154659835431454,81611713.925902,72944073.529564,42429921.03010386,-16599884.267172622,-0.41499710667931555,-15966525.28246323,302363398.69155145,-357879090.3344968,-273523078.91091365,-329038770.553859,-0.025763236869133673,-0.2122208917346635,0.08525641891047524,-0.03939424226709596,2021-09-10,2024-11-14,False,False,False,False,False,0.0,0,0,False,[],璟祺实业
2024-12-31,年报,2025-03-30,无保留意见,False,4327643151.245049,3875950936.559284,451692214.6857651,0.8956262799635375,129960106.35692865,4127365.682488328,190725340.18574214,27104105.28754084,245.85215331066894,109362.07184167704,537919536.3124243,901829378.6754667,40000000,11.292305367144127,70060694.39486714,62755477.3586276,55862482.61196887,-16501456.472906943,-0.4125364118226736,-14555137.387051983,204844381.61649334,-803617208.5596021,-631749359.2574484,-1230522186.2005572,0.11203187011181,0.24599831046419024,0.1077533745162361,-0.22946245567459514,2021-09-10,2025-05-13,False,False,False,True,False,0.0,0,0,False,[],璟祺实业
2017-03-31,季报,2017-04-30,无保留意见,False,205481714.04412988,41096342.80882598,164385371.2353039,0.2,2.738003858245895,0.2726600218017184,41786310.427850135,4474487.359255485,97504.26893757022,15714560.104143513,869089.1453141208,62989929.63642001,40000000,4.109634280882598,-6581885.781791762,-6016775.721783719,13295238.812172657,-9402693.973988233,-0.23506734934970583,-8595393.888262456,4763144.6609702865,-12171969.52211297,48864079.80127067,41455254.94012799,-0.08674793758164484,-0.5779274429993463,-0.13377471912503822,-0.04459442723693435,2021-06-23,2017-06-01,False,False,False,False,False,0.0,0,0,False,[],珏琯环保
2017-06-30,半年报,2017-08-27,无保留意见,False,203598760.22167355,40719752.04433471,162879008.17733884,0.2,2.4479746754562415,0.27844756097243994,44460374.458919965,4386246.096649149,107285.82670145198,15321066.558631059,953465.2241300296,63167570.81278734,40000000,4.071975204433471,-7995144.586921226,-7381500.147889696,0.0,-2018941.150184948,-0.0504735287546237,-1949606.3230085399,38567543.05463917,-11777262.39102725,50020208.10614535,76810488.76975727,-0.009163607726437093,0.9718909306170748,0.020843021934692823,-0.09711232275402572,2021-06-23,2017-10-21,False,False,False,False,False,0.0,0,0,False,[],珏琯环保
2017-09-30,季报,2017-10-27,无保留意见,False,190384349.23688394,38076869.847376786,152307479.38950714,0.2,2.936000258781902,0.3111486320677533,44907320.473990515,5178476.82631117,102690.77866134194,16690533.99124406,972686.1632271947,67115639.48076005,40000000,3.8076869847376784,-13180935.412479071,-11857946.154517232,36095027.142705575,-7408272.60793978,-0.1852068151984945,-6394922.866610766,1919778.7158215865,-10683865.717106493,46354502.18412029,37590415.182835385,-0.06490418198225816,-0.35974302696376936,-0.025505491774064852,0.06857048209141735,2021-06-23,2017-11-11,False,False,False,False,False,0.0,0,0,False,[],珏琯环保
2017-12-31,年报,2018-03-30,无保留意见,False,171889021.26021063,36286949.830896065,135602071.42931458,0.21110685001786017,2.288512536091327,0.2175810799405698,37071723.620671205,3881770.5773544842,82839.74482332374,13479402.936108049,763784.4330603663,54222152.722658776,40000000,3.3900517857328647,-14011764.043883033,-12631952.805108005,3100284.0573278414,-1186898.044862803,-0.029672451121570076,-1105723.7865582493,6985718.688578121,-9932687.984981215,43752788.04452784,40805818.74812475,-0.10968212478568178,0.6486187845816876,0.04954403898227042,0.027747905552603074,2021-06-23,2018-04-30,False,False,False,False,False,0.0,0,0,False,[],珏琯环保
2018-03-31,季报,2018-04-30,无保留意见,False,183428490.00003898,43091767.20404097,140336722.795998,0.2349240687966837,2.510425845556922,0.2554491078970647,41079336.810995385,4152579.471443004,90060.62927352171,15032600.183394402,809997.997435554,58699521.34072657,40000000,3.50841806989995,-7421231.560181125,-6540523.01910066,9438756.725707911,9415046.40528844,0.235376160132211,8702042.551439065,30769755.890051816,-9303171.5144768,44783978.76271095,66250563.138285965,0.034915774639559874,0.6704531773860467,0.023817218778823552,-0.00038771646995734607,2021-06-23,2018-06-14,False,False,False,False,False,0.0,0,0,False,[],珏琯环保
2018-06-30,半年报,2018-08-27,保留意见,False,185566647.14206353,37113329.428412706,148453317.71365082,0.2,2.268586929280767,0.23635664795779932,40529003.44628863,3777014.726263811,94887.73155260763,14414633.324735755,855659.6548034669,55765916.48728007,40000000,3.7113329428412705,5408830.394932598,4763182.4917542655,31938154.28756663,18328659.93587675,0.45821649839691875,16148150.729792751,27787730.917184584,-11223387.47230426,43791013.27909738,60355356.7239777,0.05783657161106416,0.3374445531469425,-0.05705459715852951,0.07003510536499113,2021-06-23,2018-09-10,False,False,False,False,False,0.0,0,0,False,[],珏琯环保
2018-09-30,季报,2018-10-27,保留意见,False,155605715.71776646,31121143.143553294,124484572.57421318,0.2,1.9948927359686885,0.21742365198645097,32189631.224477634,3684889.2073676568,70987.00643617952,11944594.438438546,704427.9499149184,48854972.890855014,40000000,3.1121143143553294,19583691.898463514,16985161.66915186,95211584.72028062,20249802.14790131,0.5062450536975328,17459970.253425136,28904055.31717758,-9089951.847302498,38064941.05617834,57879044.52605342,-0.16145644643436374,0.054379141906642794,-0.02135030770174905,0.17553015055443902,2021-06-23,2018-12-15,False,False,False,False,False,0.0,0,0,False,[],珏琯环保
2018-12-31,年报,2019-03-30,无保留意见,False,171659516.8678583,45489026.45823488,126170490.4096234,0.2649956570322393,2.183016751761091,0.2565143901860412,36467409.262809776,4234281.273481704,90683.22516065989,15226414.605381297,817976.6409145112,56230174.48578561,40000000,3.154262260240585,45885571.21465669,40121490.40181831,78054403.22324792,37574113.30884739,0.9393528327211847,33051898.18952351,3547432.267872563,-10648954.525094984,39241853.721795835,32140331.464573413,0.013543186923063333,0.46508464909852254,0.10847649309583414,0.07387111817973048,2021-06-23,2019-05-24,False,False,False,False,False,0.0,0,0,False,[],珏琯环保
2019-03-31,季报,2019-04-30,无保留意见,False,213353401.02326852,70504105.61105584,142849295.4122127,0.3304569098636801,3.10490990386392,0.3143754203024599,49914447.96934432,5449180.520762856,119591.9738077079,19255219.387615353,1128936.6174723182,77588363.92217505,40000000,3.5712323853053176,52412424.631056204,45979315.82394817,12074951.174206065,9324076.309142165,0.23310190772855413,8368322.031614075,13880251.21514698,-11302185.662809778,48256554.56562991,50834620.11796711,0.13219259866899252,-0.5176453685986945,0.06546125283144079,-0.029088480043578314,2021-06-23,2019-06-20,False,False,False,False,False,0.0,0,0,False,[],珏琯环保
2019-06-30,半年报,2019-08-27,无保留意见,False,257416859.35319817,106253227.33729433,151163632.01590386,0.41276716530639396,3.941727532868294,0.3973168471065649,58003458.822527304,6574187.009976769,139857.83994342142,22339993.193306327,1137995.9892436552,86799201.1236399,40000000,3.7790908003975967,50829129.694284976,44501438.05255082,0.0,-2261849.909673184,-0.056546247741829606,-2111253.9591390565,38109570.09905867,-15147067.831763946,60696118.137779355,83658620.40507409,0.05820355347010224,-0.44012660055964203,0.08231025544271385,0.078741807573624,2021-06-23,2019-10-04,False,False,False,False,False,0.0,0,0,False,[],珏琯环保
2019-09-30,季报,2019-10-27,无保留意见,False,269415425.2497833,96325490.20541133,173089935.04437196,0.3575351712549681,3.3515601560565154,0.37464151489190156,58326758.51769513,6091211.054504979,146376.42653793414,21585676.892682336,1164920.6904981758,86738398.86865486,40000000,4.327248376109299,46938876.15124044,40711611.53566147,23313846.735918477,-5557505.061492203,-0.13893762653730507,-5414037.881270512,48010704.09723099,-15455834.945121286,65932078.531289496,98486947.6833992,0.14505012042950408,-0.2236138953410495,-0.055231994051425835,0.02731162656140795,2021-06-23,2019-12-18,False,False,False,False,False,0.0,0,0,False,[],珏琯环保
2019-12-31,年报,2020-03-30,无保留意见,False,302130065.5695224,109654533.77234769,192475531.79717472,0.3629381722260784,4.665821422824743,0.4072111780424078,63201481.77386216,7210786.493194839,142205.5339228011,22602128.116147146,1452899.5607042562,97680585.04618013,40000000,4.811888294929368,41861388.553990275,36122234.38048868,27636312.19984507,-7253553.710357372,-0.1813388427589343,-6556253.078818258,4669200.202453861,-16794478.96661787,66871535.90376273,54746257.13959872,0.11199725014532604,-0.14822367481740378,0.005403000971110271,-0.1226765869873836,2021-06-23,2020-04-15,False,False,False,False,False,0.0,0,0,False,[],珏琯环保
2020-03-31,季报,2020-04-30,无保留意见,False,319244494.03649884,127172256.40368879,192072237.63281006,0.3983537971030734,4.014121684479823,0.4386451661533234,63760319.46218409,7569126.520014399,157238.25103311834,25340706.603813536,1172192.9491229767,98449868.76513189,40000000,4.801805940820252,35286329.83417739,29506945.148277737,17090780.136274006,-9392941.028304134,-0.23482352570760334,-9450413.188872777,15208014.309709435,-18242986.048770145,76958578.07921994,73923606.34015922,-0.0020953009486403373,-0.2195043459296799,0.035415624876995,0.035064164864839535,2021-06-23,2020-06-02,False,False,False,False,False,0.0,0,0,False,[],珏琯环保
2020-06-30,半年报,2020-08-27,无保留意见,False,449952392.0535122,237727325.11242458,212225066.94108766,0.5283388405326046,5.698527914396036,0.6237248754222754,98377145.65406609,11169784.157717953,216692.61397127583,33050891.413531594,2261610.1915689283,147593668.74482977,40000000,5.3056266735271915,25463300.71131635,20309832.522035763,56863991.22035142,-14032898.746944334,-0.35082246867360833,-13138732.323202828,22019247.18629752,-27146928.47985477,110969384.31011623,105841703.01655897,0.10492317659569506,-0.609954219614233,0.12998504342953116,0.05057050963164477,2021-06-23,2020-10-01,False,False,False,False,False,0.0,0,0,False,[],珏琯环保
2020-09-30,季报,2020-10-27,无保留意见,False,539244974.7819991,303043122.0070588,236201852.77494037,0.5619767196339107,7.233628231878169,0.805482917316059,120320680.14905415,12117345.197628755,290973.72567144665,43078098.08083484,2613786.2853312944,179717431.64959803,40000000,5.905046319373509,15682227.385056954,10842326.427785821,69012140.38670479,-13972961.894656282,-0.34932404736640704,-13525008.706071345,12901810.849357774,-30087803.10082959,134902802.49660558,117716810.24513376,0.11297810470479688,0.020200474192219355,0.03363787910130611,0.014330193417259295,2021-06-23,2020-11-06,False,False,False,False,False,0.0,0,0,False,[],珏琯环保
2020-12-31,年报,2021-03-30,无保留意见,False,451206488.1804223,251500463.7520075,199706024.42841482,0.5573954948348192,6.288578465356555,0.6382626635964811,99831060.49648307,10995459.958564166,241893.88461064387,39107426.396420486,2223754.720211397,151754594.116689,40000000,4.9926506107103705,7093722.625011063,2995351.7662370848,15942092.078776196,-12269292.514351275,-0.3067323128587819,-11209963.80221248,80688011.75946623,-25187137.960775822,100136150.6322247,155637024.43091512,-0.15451118574120506,0.5628172890514562,-0.004581224799091514,-0.015311931148146869,2021-06-23,2021-04-13,False,False,False,False,False,0.0,0,0,False,[],珏琯环保
2021-03-31,季报,2021-04-30,无保留意见,False,519063343.67752814,304789046.03471786,214274297.64281029,0.5871904648001309,7.4318083381935365,0.6926205185192308,116976459.74590845,12280700.53918637,266794.7749480406,40484516.24725733,1993884.6334779372,164794348.7183041,40000000,5.356857441070257,2239435.1659721453,-1568488.5524853547,3782087.0508988444,-6934696.370055597,-0.17336740925138994,-6519771.883889199,6089401.80824839,-32474569.035939127,123334826.23644252,96949659.00875178,0.07294859159152464,1.1276529272796803,0.029794969965311762,-0.0064384314453000855,2021-06-23,2021-06-01,False,False,False,False,False,0.0,0,0,False,[],珏琯环保
2021-06-30,半年报,2021-08-27,无保留意见,False,547400980.5300807,306253086.23453885,241147894.29554185,0.5594675514427758,8.070122463405143,0.8164287189468072,112478270.6301192,13080349.155403102,288016.25836281216,43552602.60207448,2690253.6783435717,186249199.0972528,40000000,6.0286973573885465,3759453.997471338,-192053.23124630874,6646013.710154883,2171455.473570276,0.0542863868392569,1966336.173198637,65520771.42187656,-28568910.308834974,132279740.11873259,169231601.23177415,0.12541679962721972,0.9047071184752897,-0.02772291335735505,0.02293677837785455,2021-06-23,2021-09-30,False,False,False,False,False,0.0,0,0,False,[],珏琯环保
2021-09-30,季报,2021-10-27,无保留意见,False,640108598.6241682,359285316.98337924,280823281.6407889,0.5612880654245502,8.309271374573466,0.9037982553210396,135492946.2672171,15394853.290821668,295243.1527050685,50089774.939249046,3018456.9051975734,200468032.39214078,40000000,7.020582041019723,12619736.719536712,7515401.690182048,56038634.66044521,12657546.745807678,0.31643866864519193,11010649.887754796,86587750.61603947,-36851704.00911342,173940490.05848777,223676536.66541383,0.16452719797180718,0.5469637548747145,0.0018205139817744082,0.003997765146980455,2021-06-23,2021-12-17,False,False,False,False,True,0.0,0,0,False,[],珏琯环保
2021-12-31,年报,2022-03-30,无保留意见,False,546843045.7843738,266858599.18554267,279984446.5988311,0.48799852396910237,7.676578848543744,0.7888705691545898,117892761.84935479,13359434.353559854,273434.82294709305,47218504.32904216,2663605.1109615117,174343074.76737562,40000000,6.999611164970778,21762156.512653776,15909584.43537124,55117750.0176058,13060599.70445295,0.3265149926113238,11991689.635984562,18930612.26496487,-28814472.48134361,140279391.77889463,130395531.5625159,-0.002987056618157365,0.013590232600821928,-0.07328954145544794,0.04936948911863702,2021-06-23,2022-05-13,False,False,False,False,False,0.0,0,0,False,[],珏琯环保
2022-03-31,季报,2022-04-30,无保留意见,False,480718927.98701954,190038977.7151365,290679950.271883,0.39532243614977436,6.4081094649088275,0.6858819489697724,98202136.83028428,11322631.509326555,237472.88783053544,40193456.2356586,2235324.630245201,153650051.06343207,40000000,7.266998756797075,26574986.929929286,20376606.479636196,7938343.833102841,6875472.024679296,0.1718868006169824,6381460.063235649,13015785.094792455,-26527365.452544328,115189212.69354077,101677632.33578889,0.03820034935146459,-0.2057552989821903,-0.09267608781932796,0.023156359729098876,2021-06-23,2022-05-25,False,False,False,True,False,0.0,0,0,False,[],珏琯环保
2022-06-30,半年报,2022-08-27,无保留意见,False,630789100.8259835,300043029.6424587,330746071.1835248,0.4756629898163569,8.795139406097324,0.9104166782073944,137157598.5012464,15113740.132469809,320461.66855438333,52316078.73594211,2940695.173828223,204605477.9948196,40000000,8.26865177958812,30129128.43169371,23692139.331884466,7184521.636298166,5077345.002520602,0.12693362506301506,4736475.503211818,122224250.6319315,-37964481.960356876,144993822.46258292,229253591.13415754,0.137835859935185,-0.0753127318404439,0.08034055366658249,0.010952586154648343,2021-06-23,2022-10-20,False,False,False,False,False,0.0,0,0,False,[],珏琯环保
2022-09-30,季报,2022-10-27,无保留意见,False,659849917.6146274,329580132.6620381,330269784.95258933,0.4994774173094964,8.29814247391712,0.8564994626225588,139628170.59185615,15046603.323950293,321237.4225515679,58060316.98634806,2948107.6271734256,208660429.975544,40000000,8.256744623814733,35471978.27084567,28180217.043228958,36745573.45184608,7632642.627359945,0.19081606568399864,6411539.587634985,71331309.05014916,-35812820.794867694,161272303.5619494,196790791.81723088,-0.0014400359442854327,0.11574297654666349,0.02381442749313953,-0.009444816785198033,2021-06-23,2022-12-07,False,False,False,True,False,0.0,0,0,False,[],珏琯环保
2022-12-31,年报,2023-03-30,无保留意见,False,726353528.3246539,349526312.9799988,376827215.344655,0.4812068770233511,10.251237771133077,0.9371539460243005,148761044.90969646,16250897.68541437,373255.36525758624,54155293.96088409,2894411.505137489,225104506.3427374,40000000,9.420680383616375,39881986.19597992,32367164.616781708,16831846.27496316,6300011.32162036,0.157500283040509,5981353.676503927,71927431.4074003,-40630747.850214995,195468029.56315872,226764713.120344,0.14096787690932466,-0.05410021676924781,-0.01827054028614532,0.0767403760221244,2021-06-23,2023-05-23,False,False,False,False,False,0.0,0,0,False,[],珏琯环保
2023-03-31,季报,2023-04-30,非标准无保留意见,False,880549610.4897676,496736192.28677344,383813418.20299405,0.5641206200869086,11.094458620811858,1.123124452994771,176335156.6487703,19293969.08683647,418559.14658751397,73497443.79618435,3959521.5145342844,270851916.7083535,40000000,9.595335455074851,49329733.02392282,41496605.027643636,57217490.881799325,13496781.182775572,0.3374195295693893,13042057.729802758,59797874.06465064,-52960553.11684012,221218785.06692246,228056106.014733,0.01853953900847964,0.30887409288412004,0.08291374306355749,0.12379339981720948,2021-06-23,2023-06-21,False,False,False,False,False,0.0,0,0,False,[],珏琯环保
2023-06-30,半年报,2023-08-27,无保留意见,False,906034147.0534272,495153735.9001666,410880411.1532607,0.5465067045325922,11.414966138268648,1.1051886077982633,194738852.00271833,19975529.883029692,419386.559071759,73772971.20610583,3779912.362522884,271139235.5901501,40000000,10.272010278831518,54270862.264786966,45726014.403828256,5979431.456109182,7058756.058377359,0.17646890145943397,6042013.394549456,116551372.83103488,-53970561.708080344,221190245.64562175,283771056.76857626,0.07052122637346492,-0.2111050699355241,-0.017613915554316288,0.04153366495058967,2021-06-23,2023-10-14,False,False,False,False,False,0.0,0,0,False,[],珏琯环保
2023-09-30,季报,2023-10-27,无保留意见,False,1051014418.9325178,610240568.9830302,440773849.94948757,0.5806205490528211,14.982062904351686,1.5431871777437827,230788787.99603358,24147635.146652706,587630.4063047282,91438808.91056941,5035511.734140038,349889534.17080617,40000000,11.01934624873719,64222459.89520129,54947878.96540105,24330825.91899639,14216568.043449026,0.3554142010862256,13174092.230818277,54602873.24358629,-63285834.05188924,282267385.6562571,273584424.84795415,0.07275459716446893,0.2975138019481802,0.03411384452022878,-0.0034023456527266854,2021-06-23,2023-11-22,True,False,False,True,True,13107100.599101039,0,0,True,"['公司为增强投资者回报水平拟采取的措施', '留存未分配利润的预计用途以及收益情况', '公司在相应期间是否按照中国证券监督管理委员会相关规定为中小股东参与现金分红决策提供了便利', '结合所处行业特点、发展阶段和自身经营模式、盈利水平、偿债能力、资金需求等因素，未进行现金分红或现金分红水平较低原因的说明']",珏琯环保
2023-12-31,年报,2024-03-30,无保留意见,False,1465166728.1739016,936139655.8598145,529027072.31408715,0.6389304629013548,18.54431955738656,2.036015898638745,283254748.6302069,28319818.249430947,641598.671260211,115135222.28200199,6264532.733504123,456370794.7106888,40000000,13.225676807852178,83368462.59264839,71995993.50570993,76496703.69014798,27351432.42492442,0.6837858106231105,24354449.3432984,216979292.21853945,-82754669.983531,364819565.57805145,499044187.8130599,0.20022336255817666,0.4207658049787387,0.05830991384853372,0.2812936444680786,2021-06-23,2024-04-12,False,False,False,True,False,0.0,0,0,False,[],珏琯环保
2024-03-31,季报,2024-04-30,无保留意见,False,1621993813.3250659,1034927295.7037485,587066517.6213174,0.6380587195842389,21.30002132819885,2.1137629770660413,326494899.6731114,33397097.975627102,824187.4911395374,135505188.63010645,7319456.828397146,513792202.8197329,40000000,14.676662940532935,73611921.36173521,63551103.44621717,59708156.65741916,-13937916.044161655,-0.3484479011040414,-12064128.656418238,285258279.6660762,-104825656.40823454,384756930.3048613,565189553.5627029,0.10970978300477548,-0.9309586232412749,-0.0008717433171160023,0.16826936270188803,2021-06-23,2024-06-03,False,False,True,False,False,0.0,0,2,True,"['公司在相应期间是否按照中国证券监督管理委员会相关规定为中小股东参与现金分红决策提供了便利', '充分披露高送转的主要考虑及其合理性且送转股后每股收益不低于0.5元', '上市公司控股子公司向母公司实施利润分配的情况', '是否影响偿债能力、过去十二个月内是否使用过募集资金补充流动资金以及未来十二个月内是否计划使用募集资金补充流动资金等内容']",珏琯环保
2024-06-30,半年报,2024-08-27,无保留意见,False,1344078296.767112,733883242.1062294,610195054.6608826,0.5460122701716306,19.094570485071603,1.9543742477205497,288747114.2107515,32997726.123372905,740340.8070279235,118294754.46593995,6660616.12867338,461658134.1726398,40000000,15.254876366522065,64343680.406015314,55381227.30901614,48224125.60686722,-13240344.222457007,-0.33100860556142514,-11671251.624572895,21276790.76955192,-74775218.99903491,317868395.34495056,264369967.11546755,0.039396791241438335,0.2278095022099635,-0.0920464494126083,0.07115852851946683,2021-06-23,2024-09-24,False,False,False,False,False,0.0,0,0,False,[],珏琯环保
2024-09-30,季报,2024-10-27,无保留意见,False,1387216533.3944123,769813381.3814667,617403152.0129455,0.5549338281730196,18.511440204113597,2.0047606439070997,305356995.83869004,33629881.95193762,619741.3961073784,110131899.95628372,6028382.094611671,440257864.3738378,40000000,15.435078800323637,52844662.18895878,44832803.54124074,47095466.27071484,-16427168.88150933,-0.41067922203773327,-15069176.811107727,164070449.78728887,-76490141.07465656,311501230.5751126,399081539.2877449,0.011812775762446739,-0.847637349697736,0.008921558001389024,-0.08434821403486034,2021-06-23,2024-12-23,False,True,True,False,False,0.0,3,4,True,"['结合前述财务报表列报项目的具体情况说明现金分红方案确定的依据及未来增强投资者回报的规划', '公司在相应期间是否按照中国证券监督管理委员会相关规定为中小股东参与现金分红决策提供了便利', '公司为增强投资者回报水平拟采取的措施', '是否影响偿债能力、过去十二个月内是否使用过募集资金补充流动资金以及未来十二个月内是否计划使用募集资金补充流动资金等内容']",珏琯环保
2024-12-31,年报,2025-03-30,无保留意见,False,1337269988.599871,722939041.70965,614330946.8902209,0.5406081403700469,20.147387137664076,2.1147646183261233,310330299.76015323,34895015.60811619,719217.053300215,121787145.97437635,6770324.700537517,466336259.8278096,40000000,15.358273672255523,41201530.97396674,33592425.64954272,53408045.59992698,-16633044.592845766,-0.4158261148211441,-16057682.702425737,134453036.77414483,-74910185.31717843,316587388.1119574,376130239.5689238,-0.004976011399857766,-0.359400361975601,-0.014325687802972642,-0.025870294710911113,2021-06-23,2025-04-15,False,False,False,False,False,0.0,0,0,False,[],珏琯环保
2017-03-31,季报,2017-04-30,无保留意见,False,272400640.64637077,89272864.98737809,183127775.6589927,0.3277263400539197,3379719.2703526053,47632057.70557284,26755647.93372384,2406742.5154629243,2518568.9247213504,429093.5001146844,25243810.94804431,108453973.71679047,40000000,4.578194391474818,3623947.9609831814,3416750.9297143724,19234821.183904868,5177068.51569026,0.1294267128922565,4881072.756734818,-47850481.26479469,12153031.593919495,125035539.34286696,89338089.67199177,0.017376531438848347,0.23205936198279226,0.0277263400539197,0.10260660229299334,2021-12-30,2017-05-26,False,False,False,False,False,0.0,0,0,False,[],玥翊股份
2017-06-30,半年报,2017-08-27,无保留意见,False,291936672.40208524,129875142.52218029,162061529.87990496,0.44487436762758903,3413538.0857625003,43596375.83465056,32336861.023991406,2639881.653364394,2514960.9459652626,422768.20156251814,29207204.995177716,111262322.41762123,40000000,4.051538246997624,5800430.986663606,5551303.5581620475,8412257.576687602,3109261.465257749,0.07773153663144372,3049360.897782393,-35050619.61242276,14267365.116403813,131023667.46965228,110240412.97363333,-0.11503577599454805,-0.093240774765589,0.11714802757366938,-0.025273563376100486,2021-12-30,2017-10-19,False,False,False,False,False,0.0,0,0,False,[],玥翊股份
2017-09-30,季报,2017-10-27,无保留意见,False,333980306.48947203,160633550.0660433,173346756.42342874,0.48096713172848976,3704644.896533891,50835160.51804727,29155528.53675337,2672231.0093826335,2843348.611977544,506644.3812238901,32232060.21328748,121846358.31030835,40000000,4.333668910585718,14336705.475890383,13283036.21429958,49222695.80694697,12194677.84175254,0.3048669460438135,11045332.365910763,-59287939.552770406,16889280.338775057,145771512.33982167,103372853.12582631,0.06963544372243465,0.45180258818512214,0.03609276410090069,-0.019708541326348767,2021-12-30,2017-11-25,False,False,False,False,False,0.0,0,0,False,[],玥翊股份
2017-12-31,年报,2018-03-30,无保留意见,False,319668256.6616199,141003818.29587844,178664438.3657415,0.4410942136339046,3822328.089795571,49833985.96283345,27744110.92264981,2661363.489774642,2600323.282230578,473577.9976221477,30412707.29885175,118921218.72499415,40000000,4.466610959143537,24498120.72920596,23310333.627446063,65612123.10648769,14516307.504736543,0.3629076876184136,14324710.590209259,-41329905.594364315,14602570.032736182,138007432.7274232,111280097.16579506,0.03067655866212682,0.0795223593686567,-0.039872918094585146,0.07699839657824192,2021-12-30,2018-05-12,False,False,False,False,False,0.0,0,0,False,[],玥翊股份
2018-03-31,季报,2018-04-30,无保留意见,False,378511553.42403936,192498173.07869172,186013380.34534767,0.5085661754240818,4220197.094353558,52449354.37150539,35198411.797963075,2629430.273169916,3001823.6964996113,575628.3723017491,32360695.298557546,131474386.96499273,40000000,4.650334508633692,44619537.56849591,40461359.29687833,90750615.78647526,28744881.198985644,0.7186220299746411,24501465.242046103,-34589528.448173754,19480070.03804876,169910920.71837038,154801462.3082454,0.04113265094513272,0.45146702836652763,0.06747196179017714,0.008967749159521964,2021-12-30,2018-05-10,False,False,False,False,False,0.0,0,0,False,[],玥翊股份
2018-06-30,半年报,2018-08-27,无保留意见,True,265147505.3337226,120539970.09660563,144607535.23711696,0.45461476224296515,2972533.3670549383,40805861.690265164,25568683.229720403,2114248.282650889,2236606.258259731,412186.2967893619,24289835.539916266,96950874.55864775,40000000,3.615188380927924,42892374.56744705,38900698.76464618,4679359.445086385,-2467375.715784082,-0.06168439289460206,-2229515.046045927,-42582650.8010435,12712037.439873798,123263560.72879073,93392947.36762103,-0.2225960575059585,-0.6823114651669886,-0.05395141318111657,-0.012944096018599398,2021-12-30,2018-09-21,False,False,False,False,False,0.0,0,0,False,[],玥翊股份
2018-09-30,季报,2018-10-27,无保留意见,False,297107925.9196799,146894205.70415232,150213720.2155276,0.4944136217485617,3878118.364646009,45242504.693963625,30120617.957751803,2657261.6621044734,2750447.908440996,495726.6653031297,30829966.115031354,120892061.87468672,40000000,3.7553430053881898,46590666.466050506,42396135.200831376,16383879.650975507,5283274.1408620775,0.13208185352155194,4993480.62312171,-43119618.63319724,13491070.15246687,126559867.5935794,96931319.11284903,0.03876827697269025,0.5333276155129287,0.03979885950559651,0.11193345759031409,2021-12-30,2018-11-19,False,False,False,False,False,0.0,0,0,False,[],玥翊股份
2018-12-31,年报,2019-03-30,无保留意见,False,253235993.91166165,116968406.9531622,136267586.95849946,0.46189487184023775,2672434.787867127,38265790.7013678,23535943.311968464,2137063.5017983345,2324023.125359126,382646.2085433006,24683046.098474987,92326758.48721115,40000000,3.4066896739624863,44289124.441503935,40255161.47958486,11608931.124668298,-3287917.177923681,-0.08219792944809202,-3058533.8874950227,-30277358.43428449,12079494.558324298,124747994.16030817,106550130.28434798,-0.09284194038346237,-0.38464685506284235,-0.03251874990832393,-0.012388190078562629,2021-12-30,2019-04-18,False,False,False,False,False,0.0,0,0,False,[],玥翊股份
2019-03-31,季报,2019-04-30,无保留意见,False,307663363.0304985,169816253.6963171,137847109.33418143,0.5519547469793578,3451704.136075564,47040892.8083193,27517866.411344197,2743172.4846680765,2903114.440342096,434493.0748602909,29816522.97770466,113236900.76373804,40000000,3.446177733354536,40380072.0751904,36454690.2426484,14812492.586051445,-5584360.52330504,-0.139609013082626,-5429244.624194941,-9602170.566623122,14565966.133879827,153986429.08565307,158950224.6529098,0.011591328583245684,-0.16747589517794542,0.09005987513911998,0.07264825831149939,2021-12-30,2019-05-21,False,False,False,False,False,0.0,0,0,False,[],玥翊股份
2019-06-30,半年报,2019-08-27,无保留意见,False,332837168.16643375,179506742.7452831,153330425.42115065,0.5393230081068396,3975714.724850874,49270873.78115041,29541834.780165,2747302.983453669,2899022.0547002587,480434.60012373934,29308493.948489703,121524745.29008915,40000000,3.833260635528766,37493559.75408615,33663735.69741322,5251454.466965956,-4123589.030148927,-0.10308972575372317,-3987077.921764541,-19107763.80145845,15063299.659302335,142265451.87430164,138220987.73214552,0.11232238500869221,0.12796230085386626,-0.012631738872517997,-0.016665812957216045,2021-12-30,2019-10-03,False,False,False,False,False,0.0,0,0,False,[],玥翊股份
2019-09-30,季报,2019-10-27,无保留意见,False,336057896.08755505,188008414.08695894,148049482.00059608,0.5594524523178472,4312907.521685012,55024777.37263839,28992747.781551804,3029054.756529983,2712748.546035565,529132.0916960102,34128707.826751575,128523278.44701582,40000000,3.701237050014902,37231737.561995424,33413967.10025593,1047794.7911264248,-374031.70298676006,-0.009350792574669002,-356812.2816532749,-48852246.904304676,14747376.98956103,152685236.26228625,118580366.3475426,-0.034441588523931074,0.2911958414453693,0.02012944421100759,0.018264243543266067,2021-12-30,2019-11-22,False,False,False,False,False,0.0,0,0,False,[],玥翊股份
2019-12-31,年报,2020-03-30,无保留意见,False,280040857.29604864,148968842.60095254,131072014.69509609,0.5319539585735102,3268148.794220477,42060521.603639536,24228608.452963624,2377724.2127550663,2298061.8625320895,425765.53668866237,26480303.236800537,101304444.76208873,40000000,3.2768003673774024,40668387.33127297,36476256.06749307,6795221.230578347,4909499.670396496,0.12273749175991239,4374698.524624491,-48508965.47565092,13210471.114320237,117798746.75673266,82500252.39540197,-0.11467427697877149,0.3177878893425059,-0.027498493744336994,-0.0773298143931476,2021-12-30,2020-04-10,False,False,False,False,False,0.0,0,0,False,[],玥翊股份
2020-03-31,季报,2020-04-30,非标准无保留意见,False,391308501.75518453,234512170.33758327,156796331.41760123,0.5993025177978418,4882777.69310415,66350712.37882505,44370485.25594105,3433863.2489570593,3956267.9375737715,605093.5887279058,39355050.392095126,153995085.15617216,40000000,3.9199082854400307,45649559.72853843,41162969.29355106,17264356.02989573,7115960.567522094,0.17789901418805235,6695304.608654271,-30738030.35172393,20234525.03365398,178611983.41736886,168108478.0992989,0.19626093931909025,0.10070795455484104,0.06734855922433154,0.043636442757465484,2021-12-30,2020-06-13,False,False,False,False,False,0.0,0,0,False,[],玥翊股份
2020-06-30,半年报,2020-08-27,非标准无保留意见,False,548378161.7671002,360954474.7990574,187423686.96804276,0.658221825675759,5467659.211402367,74627762.19641265,47543068.711742535,4250988.458707438,4347483.047791309,689548.7981088108,46731153.31413092,185243868.03568646,40000000,4.685592174201069,41326661.78766012,37310557.749967806,8929884.394185737,-6175568.486969005,-0.15438921217422513,-5503445.062261791,-89720972.33364561,26841788.28608316,265223937.5265306,202344753.47896814,0.19533209274438068,-0.5511507210038865,0.058919307877917285,0.02750292516602582,2021-12-30,2020-09-28,False,False,False,False,False,0.0,0,0,False,[],玥翊股份
2020-09-30,季报,2020-10-27,无保留意见,False,608544332.883173,388229986.24230295,220314346.6408701,0.6379650015027492,6604536.018457459,85694406.99065754,64725827.16287784,5345587.564507488,5121557.626085373,1018325.422459977,58512838.82950222,230704383.85976562,40000000,5.507858666021752,44212717.359899126,39908566.92280192,3954986.0530851875,4122936.5317700095,0.10307341329425024,3711441.675477302,-51032368.6988015,28191598.551753882,289651872.2676833,266811102.12063572,0.17548827581454784,0.9514130147473479,-0.02025682417300988,0.034717089246406964,2021-12-30,2020-12-01,False,False,False,False,False,0.0,0,0,False,[],玥翊股份
2020-12-31,年报,2021-03-30,无保留意见,True,639229186.502556,415905164.1927056,223324022.30985042,0.6506354418331031,7551646.851594007,105695694.40652928,60404986.14582238,5666313.678382016,6140082.302324838,1047655.6146399004,67496617.80061503,254203699.1510964,40000000,5.583100557746261,43341589.51957174,39094955.41661303,3170136.895535445,-1244468.3433248475,-0.03111170858312119,-1162302.1516984184,-79762977.97932701,29537028.40796312,292791565.0121339,242565615.44077,0.013660824702834059,-0.2541031578171907,0.01267044033035388,0.19586028930311528,2021-12-30,2021-04-29,False,False,False,False,False,0.0,0,0,False,[],玥翊股份
2021-03-31,季报,2021-04-30,无保留意见,False,483454713.9976859,274863240.01222056,208591473.98546532,0.5685397867762568,5632415.992313615,73085872.71023422,44121162.09213135,3755653.2050752807,3637875.385925008,724914.1423485731,48131629.25506314,178716590.58677346,40000000,5.214786849636633,44503586.64782659,40141894.42065998,3950489.117196983,1659995.8975069262,0.041499897437673156,1495627.1486385094,-7803678.699291527,22495122.724349193,237731634.5039151,252423078.52897277,-0.06596938462779628,0.18434568278127475,-0.08209565505684625,0.03662172190917481,2021-12-30,2021-06-12,False,False,False,False,False,0.0,0,0,False,[],玥翊股份
2021-06-30,半年报,2021-08-27,保留意见,False,459991698.223174,239490103.6287337,220501594.5944403,0.5206400562310591,5791967.537795569,78639628.44502488,47326002.30115548,3825400.7017437676,4128716.5253487797,680045.3563773395,51563782.97449572,177788320.7591085,40000000,5.512539864861008,52990373.71486723,47998227.78573987,7212665.371552479,12123981.524343777,0.3030995381085944,11223333.378685556,-68387121.7377487,21865524.14823073,214574105.58093733,168052507.99141937,0.05709783042141445,0.5607710572023702,-0.04789973054519774,-0.042589548967487754,2021-12-30,2021-10-22,False,False,False,False,False,0.0,0,0,False,[],玥翊股份
2021-09-30,季报,2021-10-27,无保留意见,False,539329267.4500053,310619420.02788883,228709847.42211652,0.5759365174015567,6437048.919992061,97824701.08646506,53926370.03499524,4821889.792691882,5137989.904823813,846491.8514553717,54216839.50915521,217852744.21567923,40000000,5.717746185552913,52427160.99155064,47486671.80353511,2492532.539711889,-804589.604737984,-0.0201147401184496,-730794.2602925097,-58096281.38116298,26760456.388020627,246024614.1668366,214688789.17369425,0.03722536720323184,-0.4439149612244876,0.0552964611704977,0.09522625892429305,2021-12-30,2021-11-11,False,False,False,False,False,0.0,0,0,False,[],玥翊股份
2021-12-31,年报,2022-03-30,无保留意见,False,620214594.21421,414287564.4247954,205927029.78941464,0.667974549921198,7596524.18972625,98701249.62184781,57886482.92825665,5317710.775158884,5059017.54976674,1034295.0293109212,60934746.44338067,235805600.9245877,40000000,5.148175744735366,49209075.38823154,44630196.391654514,5673266.805639801,-4597265.147598708,-0.1149316286899677,-4080679.159829428,-70629259.91758406,29553765.75853482,280175650.9410679,239100156.78201863,-0.09961450234651659,-0.23418212013758374,0.09203803251964125,0.07567570563770015,2021-12-30,2022-05-13,False,False,False,False,False,0.0,0,0,False,[],玥翊股份
2022-03-31,季报,2022-04-30,无保留意见,False,552770832.4767132,355919197.54373217,196851634.93298095,0.6438820151725827,6351269.823948174,85068821.62553866,50003900.4116903,4998657.433988839,4358035.882242839,751847.9316987572,53707793.961513065,206029111.65212378,40000000,4.921290873324524,44283390.96753126,40468177.97388307,30455832.27967201,-7036692.029571839,-0.17591730073929596,-5945740.596816349,-22693324.80883014,26965699.397590682,245852559.19651085,250124933.7852714,-0.044070925830933354,-0.19668459505129504,-0.024092534748615353,0.1632473148970378,2021-12-30,2022-05-30,False,False,False,False,False,0.0,0,0,False,[],玥翊股份
2022-06-30,半年报,2022-08-27,无保留意见,False,520885498.1318434,303111512.78317946,217773985.34866393,0.5819158219422298,6020006.2881774,76149345.77378422,52797934.05211632,4583672.00809215,4542738.928829432,777270.6840335042,50444222.12446646,192124564.25589454,40000000,5.444349633716598,44988125.847161,41144314.472969145,3069821.7473399183,1006764.1137567833,0.025169102843919582,965909.2844086821,-46926123.805333905,24299430.2851155,228079724.1588283,205453030.6386099,0.10628486993672204,0.807307790464994,-0.06196619323035293,0.05032761117761384,2021-12-30,2022-09-07,False,False,True,False,False,0.0,0,3,True,"['结合前述财务报表列报项目的具体情况说明现金分红方案确定的依据及未来增强投资者回报的规划', '公司在相应期间是否按照中国证券监督管理委员会相关规定为中小股东参与现金分红决策提供了便利', '留存未分配利润的预计用途以及收益情况', '结合所处行业特点、发展阶段和自身经营模式、盈利水平、偿债能力、资金需求等因素，未进行现金分红或现金分红水平较低原因的说明']",玥翊股份
2022-09-30,季报,2022-10-27,无保留意见,False,582529035.7158436,350699559.3185337,231829476.39730987,0.6020293201137603,6283559.2123241145,85023091.32494186,47087734.826689646,5303065.141717704,5067497.947660767,911921.5858927404,60461681.84526599,213185364.44626856,40000000,5.795736909932747,37053584.22522346,34581172.413105644,0.0,-11335059.459910776,-0.2833764864977694,-9375917.228376433,-61929558.88416297,28301468.154098086,257904673.67386964,224276582.94380474,0.06454164406342021,-0.6853993030451635,0.02011349817153047,-0.08048578249747354,2021-12-30,2022-12-09,False,False,False,False,False,0.0,0,0,False,[],玥翊股份
2022-12-31,年报,2023-03-30,无保留意见,False,724448978.4827247,490503671.5092969,233945306.9734277,0.6770713826342893,8298492.45528535,119459316.09259221,60907166.54602206,6522596.36547529,6405760.182490691,1091082.4858115339,67280450.10150582,268371887.61129287,40000000,5.8486326743356924,31437487.971163645,29617299.247896668,37036814.542117454,-8022994.648656877,-0.20057486621642193,-7091247.378869969,-60646473.65093724,32425038.347836733,321011309.06379586,292789873.76069534,0.009126667622247338,0.5846601191690063,0.07504206252052908,-0.0721502887266423,2021-12-30,2023-04-21,False,False,True,True,False,0.0,0,9,True,"['上市公司控股子公司向母公司实施利润分配的情况', '公司在相应期间是否按照中国证券监督管理委员会相关规定为中小股东参与现金分红决策提供了便利', '是否影响偿债能力、过去十二个月内是否使用过募集资金补充流动资金以及未来十二个月内是否计划使用募集资金补充流动资金等内容']",玥翊股份
2023-03-31,季报,2023-04-30,无保留意见,False,610146884.0053952,397557167.4581983,212589716.5471969,0.6515761661329453,7126676.440263959,99125670.07614139,61806382.35887208,5527312.2914047595,5148701.413051964,973938.0509068378,60847980.95695576,235306388.3001484,40000000,5.314742913679923,24554443.51826693,23101773.656645607,37189218.6780539,-9832920.646995302,-0.24582301617488256,-9307893.701787226,-64938325.19245316,29021566.667801928,257296789.41562796,221380030.89097673,-0.09128454296651675,-0.2016180148614513,-0.02549521650134402,-0.07789641636601595,2021-12-30,2023-05-20,False,False,False,False,False,0.0,0,0,False,[],玥翊股份
2023-06-30,半年报,2023-08-27,无保留意见,False,867724706.6774312,632740349.3246083,234984357.35282287,0.7291948062046179,11094044.734444248,143395625.67126337,88335118.04287517,6908513.225786066,7901391.133755543,1345408.7916382323,87566118.98140089,351869196.32820517,40000000,5.874608933820571,19721427.498549297,18428470.922641385,16354917.25748655,-6904308.59959662,-0.17260771498991548,-6676146.762863178,-22753947.913794328,40230405.59675058,354192851.0088185,371669308.6917748,0.10534207001802072,0.40862001146546584,0.07761864007167245,0.052859052434765186,2021-12-30,2023-09-22,False,False,False,False,False,0.0,0,0,False,[],玥翊股份
2023-09-30,季报,2023-10-27,无保留意见,False,848774501.6723909,579073688.9243015,269700812.7480894,0.6822468014570633,9210592.120674541,135249173.20685574,80486734.62972495,7098943.885704483,7524549.203508244,1334844.692842924,80056503.29871604,318202885.36514753,40000000,6.742520318702234,17549757.739807643,16369343.171287565,12923349.931074267,-3102385.3696309365,-0.07755963424077342,-2941611.073362599,-12163388.971637653,38699337.47256988,380206563.79997826,406742512.3009105,0.14773943162157235,0.3765886930551158,-0.0469480047475545,-0.11954956987952699,2021-12-30,2023-12-12,False,False,False,False,False,0.0,0,0,False,[],玥翊股份
2023-12-31,年报,2024-03-30,无保留意见,False,862675900.4892699,557915055.9645369,304760844.52473295,0.6467261408926728,9896490.772585098,137955831.83015606,77603428.91236332,7317554.474193913,7862541.973822305,1404377.1075546271,87380159.23072581,332658445.97006786,40000000,7.619021113118324,15764231.664574802,14663779.892959036,9643878.606987681,-2550751.5360469148,-0.06376878840117287,-2436518.969040755,-127637767.44977878,41064061.42667177,388733143.51614636,302159437.49303937,0.12999601825223608,0.039692698945514936,-0.03552066056439045,-0.1021262455714038,2021-12-30,2024-04-21,False,False,True,False,False,0.0,0,8,True,"['充分披露高送转的主要考虑及其合理性且送转股后每股收益不低于0.5元', '公司在相应期间是否按照中国证券监督管理委员会相关规定为中小股东参与现金分红决策提供了便利']",玥翊股份
2024-03-31,季报,2024-04-30,无保留意见,False,1004297277.2792605,699578632.4998645,304718644.77939606,0.696585212692293,13109158.480269028,162834424.29934826,103078975.73359467,8602395.65891423,8511783.4582329,1447196.471015927,88815979.02503546,382494994.3633135,40000000,7.617966119484901,10554335.63872204,9794439.551811399,0.0,-7442708.60836109,-0.18606771520902723,-6956200.487353769,-82562678.03376207,47603410.02144049,442722449.0353272,407763181.0230056,-0.00013846839610476058,-0.33856135040644275,0.049859071799620194,-0.10382422525976104,2021-12-30,2024-06-22,False,True,False,False,False,0.0,4,0,True,"['结合前述财务报表列报项目的具体情况说明现金分红方案确定的依据及未来增强投资者回报的规划', '公司为增强投资者回报水平拟采取的措施', '是否影响偿债能力、过去十二个月内是否使用过募集资金补充流动资金以及未来十二个月内是否计划使用募集资金补充流动资金等内容']",玥翊股份
2024-06-30,半年报,2024-08-27,无保留意见,False,1142845134.1593847,845583597.8060557,297261536.3533292,0.7398934225922231,12472333.634909363,160141366.60822496,108352373.72801302,9041630.760420145,9949194.804293843,1737477.1912962124,108760108.72225192,404372340.52311695,40000000,7.431538408833229,8018733.298928754,7589293.153106515,9699983.180262253,-3622289.05684755,-0.09055722642118876,-3150209.1410069764,-20938666.477205124,51380294.73698212,562332244.450769,592773872.7105459,-0.024472110761274642,0.399738732969447,0.0433082098999302,0.11763267176363817,2021-12-30,2024-10-09,False,True,False,False,False,0.0,3,0,True,"['结合所处行业特点、发展阶段和自身经营模式、盈利水平、偿债能力、资金需求等因素，未进行现金分红或现金分红水平较低原因的说明', '公司在相应期间是否按照中国证券监督管理委员会相关规定为中小股东参与现金分红决策提供了便利']",玥翊股份
2024-09-30,季报,2024-10-27,无保留意见,False,1258929948.508513,961369787.7665914,297560160.7419215,0.7636404145485229,14339466.233472802,191959358.73894078,124533884.12508076,11355973.254146826,11892740.894938102,1917620.200482287,126880805.36897586,484106887.91172904,40000000,7.4390040185480375,5876669.9177138,5759653.690911361,9260792.813249478,-3060090.544592792,-0.07650226361481981,-2613770.6602787916,-119019481.91206001,58868100.45891011,586080111.7141289,525928730.26097894,0.0010045846908273636,0.042025015687943625,0.023746991956299826,0.015992643928811345,2021-12-30,2024-11-20,False,False,False,False,False,0.0,0,0,False,[],玥翊股份
2024-12-31,年报,2025-03-30,无保留意见,False,1302295639.1779351,1019229211.1673203,283066428.010615,0.7826404239598785,16182580.184807936,207334233.54599613,122307223.11770613,10602696.501154903,10465566.94523166,2039687.886581262,133635370.20077513,487741163.5150334,40000000,7.076660700265375,10518798.521135606,10119213.733966853,15203609.284337495,6631612.29060258,0.1657903072650645,6227942.918650704,-171873980.13291392,62268016.94044049,625741727.7367003,516135764.5442269,-0.048708579452197434,0.6952486216785304,0.0190000094113556,0.039965362806073025,2021-12-30,2025-05-14,True,False,False,False,False,4405034.899401102,0,0,True,"['根据公司盈利能力、融资能力及其成本、偿债能力及现金流等情况披露现金分红方案的合理性，是否导致公司营运资金不足或者影响公司正常生产经营', '留存未分配利润的预计用途以及收益情况', '充分披露高送转的主要考虑及其合理性且送转股后每股收益不低于0.5元', '结合所处行业特点、发展阶段和自身经营模式、盈利水平、偿债能力、资金需求等因素，未进行现金分红或现金分红水平较低原因的说明']",玥翊股份
2017-03-31,季报,2017-04-30,无保留意见,False,217523814.82348332,48738429.44363696,168785385.37984636,0.22406019995184123,49954787.93998394,3.197266398362164e-05,18648565.436984822,11902583.650322251,6585360.348334731,1829957.5791873592,57849151.514580525,142805404.27461606,40000000,4.219634634496159,2475151.7132957918,2079837.9507190303,16466239.710915418,3535931.0189939886,0.08839827547484971,2971197.0724557578,2512951.5983983036,14965347.190522278,101188817.38490345,118667116.17382403,-0.0623034145564091,0.14088505661077713,-0.07593980004815874,0.04975519679983501,2021-06-01,2017-05-14,False,False,False,False,False,0.0,0,0,False,[],珏璞地产
2017-06-30,半年报,2017-08-27,非标准无保留意见,False,218593487.30089712,43718697.460179426,174874789.8407177,0.2,51737943.13694161,3.4017537121368944e-05,18905031.391434424,13424067.128860269,6789420.442620323,2134732.5294939047,59813580.432553075,150680387.22419056,40000000,4.371869746017943,2223416.533461965,1848433.832126453,1331874.3132378133,-359621.6854768954,-0.008990542136922386,-330577.3122751104,25019276.588664457,15661392.242352191,100663617.58860748,141344286.41962412,0.03607779457425972,-0.1896944774925388,-0.033580918671073226,0.06763729067484124,2021-06-01,2017-09-28,False,False,False,False,False,0.0,0,0,False,[],珏璞地产
2017-09-30,季报,2017-10-27,保留意见,False,210294408.65948862,42058881.73189773,168235526.9275909,0.2,47727619.7751721,2.7255627663436883e-05,17602479.330863614,11947352.629423097,5733791.185111082,1627529.8867284115,51285110.06984779,132708669.08093795,40000000,4.205888173189773,511457.92742584494,349198.07570620114,7816061.807576061,-2445655.151480172,-0.0611413787870043,-2141765.366314646,14862996.90490808,13724445.129638793,92850280.57101259,121437722.60555947,-0.03796580924657055,-0.1253597380164526,-0.023314088761454493,0.05973545918519705,2021-06-01,2017-12-24,False,False,False,False,False,0.0,0,0,False,[],珏璞地产
2017-12-31,年报,2018-03-30,无保留意见,False,220530092.41035047,44106018.482070096,176424073.92828038,0.2,47441933.03474093,3.081815332589289e-05,16710985.180750594,11776800.746778054,6797563.269774804,1905822.7643254937,53939791.26349957,141141494.0269936,40000000,4.410601848207009,-1292705.5854245191,-1321583.5806640687,1845549.7952578445,-2577376.4469290916,-0.06443441117322729,-2386830.937671814,5806429.516895346,13526674.32111086,111657024.08857727,130990127.92658347,0.04867311411705493,-0.009050307438765703,-0.01827397211553597,0.10430720458218579,2021-06-01,2018-05-05,False,False,False,False,False,0.0,0,0,False,[],珏璞地产
2018-03-31,季报,2018-04-30,无保留意见,False,225022994.28952497,45004598.85790499,180018395.43161997,0.2,45591031.71155043,3.3129433507612e-05,18440059.737345885,12835162.48406507,6145151.357178829,2046190.106786252,58552866.61400739,148386250.76907486,40000000,4.500459885790499,-1907709.6976792493,-1897665.6372731058,848284.7837493515,-878577.3032210432,-0.02196443258052608,-822974.3665843387,30729516.89421415,15891387.201536328,102912576.83384907,149533480.92959955,0.020373191840024816,0.11778710977631628,-0.09719106610602943,0.04018537252028198,2021-06-01,2018-05-16,False,False,False,False,False,0.0,0,0,False,[],珏璞地产
2018-06-30,半年报,2018-08-27,无保留意见,False,212772750.76061183,42554550.15212236,170218200.60848945,0.2,48100535.51143818,3.193102253527197e-05,17880414.5964843,12387570.633174889,6161975.180748297,1850760.6526682503,54789541.41401006,142905114.233439,40000000,4.255455015212236,1233723.751806777,1141769.9929935606,16970954.90210783,4487762.070694324,0.1121940517673581,4342050.900380952,33031693.26754914,14781689.894473638,98601650.72394677,146415033.88596955,-0.05443996320283355,0.33287008689298586,0.029680496433337644,-0.1592476900795741,2021-06-01,2018-10-02,False,False,False,False,False,0.0,0,0,False,[],珏璞地产
2018-09-30,季报,2018-10-27,无保留意见,False,176280724.84306848,35256144.9686137,141024579.8744548,0.2,37162938.45637442,2.5202002716267387e-05,13845838.591946846,8269810.020009467,5156678.435079374,1318194.0867086195,37806514.00413255,104823110.8639102,40000000,3.52561449686137,8929842.830684217,8077938.274105621,40784832.46194622,10994455.826967772,0.2748613956741943,9908811.830160087,18932547.076401155,11180820.746259669,82044089.91781276,112157457.7404736,-0.17150704583689877,0.30280927975963956,0.042405935403804225,0.17696761971062128,2021-06-01,2018-12-01,False,False,False,False,False,0.0,0,0,False,[],珏璞地产
2018-12-31,年报,2019-03-30,非标准无保留意见,False,198907101.74648422,39781420.349296845,159125681.39718738,0.2,42526362.2872322,2.7325117438819523e-05,16754512.748533964,10118715.103034498,5814948.069947744,1646977.8783337441,49733215.12048631,128021825.83121718,40000000,3.9781420349296845,20357523.826544106,19377777.298013117,37487600.21601462,16325258.565514132,0.4081314641378533,16142627.177010708,37877197.34211267,13578615.34327346,94862773.84869653,146318586.53408265,0.1283542311478386,0.19042351712409644,-0.013308701020565297,0.0001759146948886841,2021-06-01,2019-05-07,False,False,False,False,False,0.0,0,0,False,[],珏璞地产
2019-03-31,季报,2019-04-30,无保留意见,False,198635710.15743226,39727142.03148645,158908568.1259458,0.2,41150706.273268566,2.9395299835196648e-05,14819470.349040614,10799893.523984611,5883610.868179382,1716435.767875955,50504805.46357508,124512762.69212016,40000000,3.9727142031486453,18062631.68803199,17376701.171002693,14948584.61969181,-3278417.3407315984,-0.08196043351828997,-2858680.1814434635,8843375.257272448,14106940.527878132,96049898.11082126,119000213.89597183,-0.0013644137724045807,-0.5882527773252489,-0.041522960810356044,-0.10499861199685236,2021-06-01,2019-05-11,False,False,False,False,False,0.0,0,0,False,[],珏璞地产
2019-06-30,半年报,2019-08-27,非标准无保留意见,False,174158325.64314666,34831665.128629334,139326660.51451734,0.2,37390598.4953371,2.4807169311000378e-05,14976009.440994136,8988030.778798841,5153019.78974502,1526222.939322485,45648175.86775239,110500169.06209418,40000000,3.483166512862933,17074461.324604306,16494102.704908824,2183691.944609073,-1411671.9477538317,-0.03529179869384579,-1260854.9515626708,6299120.989476698,12488899.182880409,81509825.5565007,100297845.72885782,-0.12322751279156008,0.13604446654095334,-0.04015837439764162,0.025670973476340515,2021-06-01,2019-10-03,False,False,False,False,False,0.0,0,0,False,[],珏璞地产
2019-09-30,季报,2019-10-27,无保留意见,False,177065678.5853697,35413135.71707394,141652542.86829576,0.2,30434019.28253139,2.4193782444579394e-05,13800508.832357362,9887794.314058464,4610089.393996545,1309358.3123662893,39876691.12783179,103960344.40045358,40000000,3.541313571707394,15000510.582270674,14669609.121799277,5291595.868152609,-2962786.7747623306,-0.07406966936905826,-2606419.40444221,19772148.374543056,11853073.585559884,80134611.68445756,111759833.64456049,0.016693735033835064,-0.0995048873625029,0.0509670069229172,0.10376564585155994,2021-06-01,2019-11-30,False,False,False,False,False,0.0,0,0,False,[],珏璞地产
2019-12-31,年报,2020-03-30,保留意见,False,199640556.69705242,39928111.339410484,159712445.35764194,0.2,43398154.58225522,3.199420017501947e-05,16995456.630636886,10930232.764865754,5610712.081541056,1798253.8883689465,49981747.9786252,129687814.70786224,40000000,3.9928111339410486,13364754.994095908,13239504.601915833,6757382.459078318,-2336793.6973925233,-0.05841984243481308,-2043006.4569763504,16046975.204228701,15139621.733823434,95984813.16763027,127171410.1056824,0.1274943754884636,0.04459525315497292,0.06350548747004098,0.11529143314972158,2021-06-01,2020-04-25,False,False,False,False,False,0.0,0,0,False,[],珏璞地产
2020-03-31,季报,2020-04-30,无保留意见,False,179335856.46578804,35867171.29315761,143468685.17263043,0.2,37055785.39893274,2.453929812650199e-05,15321607.575615557,10145221.39395456,5352991.9846802885,1466953.2138707999,45385133.70152214,113023010.95578872,40000000,3.586717129315761,10935271.243559081,11044880.624418866,3311727.2977478364,-3470691.0721954666,-0.08676727680488666,-3135177.1107099494,28431851.076251928,11973460.903146816,84363880.32010183,124769192.29950057,-0.10170628937924708,-0.07732942928050526,-0.009434152672201533,0.09313022370535154,2021-06-01,2020-06-06,False,False,False,False,False,0.0,0,0,False,[],珏璞地产
2020-06-30,半年报,2020-08-27,无保留意见,False,180230649.23100263,36046129.846200526,144184519.3848021,0.2,39114683.783511505,2.498775968943818e-05,15778706.127992315,9653323.334680114,5020336.503814898,1459895.4551082517,42804287.604055226,112367205.59382339,40000000,3.6046129846200525,12225661.54502802,12207905.186941998,6846324.73457945,1843414.7163841985,0.04608536790960496,1661463.6607473323,6860656.949874359,12301070.595637485,77791142.67118318,96952870.21669503,0.004989480535841914,0.3927847177514343,-0.020316619123689764,-0.03391142708057588,2021-06-01,2020-09-17,False,False,False,False,False,0.0,0,0,False,[],珏璞地产
2020-09-30,季报,2020-10-27,无保留意见,False,173034452.73738313,34606890.54747663,138427562.1899065,0.2,37284422.34625218,2.186180180773641e-05,13528855.411778048,9864308.643817736,5513719.93101667,1535610.5301738805,46567224.01569413,117216771.8498315,40000000,3.4606890547476628,11322949.165861188,11351508.549281627,3910809.4093774473,-1289589.1130954754,-0.032239727827386884,-1223423.7680862444,2703675.2563292272,11559931.189219588,81835504.8720132,96099111.31756201,-0.039927706659903694,-0.16626518476800026,-0.04079915299453494,0.154424776647062,2021-06-01,2020-12-08,False,False,False,False,False,0.0,0,0,False,[],珏璞地产
2020-12-31,年报,2021-03-30,无保留意见,False,182855856.22966442,36571171.245932885,146284684.98373154,0.2,38524404.34587272,2.6859435375648305e-05,15171669.121331207,9531233.481196411,5846247.233037977,1558378.1684667082,46780267.92428764,118577744.89157729,40000000,3.6571171245932885,15185524.65508394,14823551.632768279,13586111.62061584,5517964.984603934,0.13794912461509834,4960061.547838072,13785663.90855098,12649533.719017431,86914531.82321268,113349729.45078109,0.05675981480513236,0.43331483477455535,0.013812030353060837,0.1402350250464252,2021-06-01,2021-04-30,False,False,False,False,False,0.0,0,0,False,[],珏璞地产
2021-03-31,季报,2021-04-30,无保留意见,False,163172987.35810202,32634597.471620407,130538389.88648163,0.2,35800398.86355149,2.31896337341778e-05,12944237.171398114,8565470.754254526,4179917.2937394,1297229.918184033,37364231.47744837,98427817.03612222,40000000,3.263459747162041,25138316.739916664,23378170.491275225,27686729.806416832,14218274.406903889,0.3554568601725972,12220884.083581354,16232624.827439064,12038435.45805344,72919138.5310607,101190198.8165532,-0.10764144653284158,0.38637192251824537,-0.04058508373533594,0.013463240505565917,2021-06-01,2021-06-21,False,True,False,False,False,0.0,4,0,True,"['充分披露高送转的主要考虑及其合理性且送转股后每股收益不低于0.5元', '结合所处行业特点、发展阶段和自身经营模式、盈利水平、偿债能力、资金需求等因素，未进行现金分红或现金分红水平较低原因的说明']",珏璞地产
2021-06-30,半年报,2021-08-27,保留意见,False,157134688.36890328,31426937.673780657,125707750.69512261,0.2,33869916.48133167,2.2837524122745945e-05,12849071.86050123,8407577.155955179,4293387.153430301,1408410.0914749405,40574072.35171926,102956526.52024296,40000000,3.1426937673780655,39708455.32685958,37306930.974094555,45936822.96498021,20814483.695632733,0.5203620923908183,19898229.261170465,8193713.829854709,10746770.375858381,73385800.11218657,92326284.31789966,-0.03700550616228534,0.21129320611231805,-0.046653376419946505,0.02424468518712968,2021-06-01,2021-09-28,False,False,False,False,False,0.0,0,0,False,[],珏璞地产
2021-09-30,季报,2021-10-27,无保留意见,True,188642948.6308256,37728589.72616512,150914358.9046605,0.2,43938437.84817282,2.4911895309611024e-05,15448954.400450148,9927114.596495053,5373811.058907598,1463224.0139507337,48139123.17391282,119195455.2480349,40000000,3.7728589726165125,38722002.470835544,36396130.90070361,6671234.297577287,-1409218.3657486178,-0.03523045914371545,-1301142.96198706,9536424.13051667,12938910.023283336,86168695.80533125,108644029.95913126,0.20051753428212357,-0.5877034376631727,0.0017685544161939535,-0.08258878585020218,2021-06-01,2021-12-23,False,True,False,True,True,0.0,4,0,True,"['公司为增强投资者回报水平拟采取的措施', '上市公司控股子公司向母公司实施利润分配的情况']",珏璞地产
2021-12-31,年报,2022-03-30,无保留意见,False,196235183.48509356,39247036.69701871,156988146.78807485,0.2,36330712.48462208,2.5177646018011634e-05,15872897.157412484,10078829.127496017,5497034.61130137,1402486.0353786233,47783938.68822654,122963486.79500578,40000000,3.9247036697018713,32744503.693854354,31818073.123820193,25149839.080922347,-8539283.967115983,-0.2134820991778996,-6540082.538404883,26803935.98248248,13284880.69197826,98009724.22835448,138098540.90281522,0.04024658705439329,-0.4573257305909107,-0.03948797056452121,0.014060801118727716,2021-06-01,2022-04-21,False,False,False,True,False,0.0,0,0,False,[],珏璞地产
2022-03-31,季报,2022-04-30,无保留意见,False,204312821.76866177,40862564.353732355,163450257.41492942,0.2,42737446.057829075,2.6778123791459115e-05,15666738.38385275,10960008.13784889,5997600.328123341,1786396.0951360909,51027288.761652656,127636904.50252374,40000000,4.086256435373236,25153173.866990395,24610613.671542387,51165391.39734044,-10844756.895519946,-0.2711189223879986,-10296370.646111153,6451614.013683497,14045399.74636543,87595919.83661932,108092933.59666824,0.04116304803303435,-0.2724914675594063,-0.04094688827394573,-0.11381374039432851,2021-06-01,2022-05-28,False,False,False,False,False,0.0,0,0,False,[],珏璞地产
2022-06-30,半年报,2022-08-27,无保留意见,False,223411996.69773048,44682399.3395461,178729597.3581844,0.2,54395481.45903446,3.24185335825674e-05,18079131.97693501,12704256.22888251,6062859.374526497,2063909.6486129873,52697830.90598174,145433913.5894769,40000000,4.46823993395461,19750126.417620476,19536875.023577575,23734562.31781414,-7718639.213385597,-0.1929659803346399,-7248198.068521162,8202917.939909274,15395789.136594519,100106353.75031383,123705060.82681763,0.09348006044718157,0.5078788325775507,0.011751490666603283,0.11389904771553036,2021-06-01,2022-09-12,False,False,False,False,False,0.0,0,0,False,[],珏璞地产
2022-09-30,季报,2022-10-27,无保留意见,False,209947109.2572764,41989421.85145528,167957687.4058211,0.2,51413273.12436558,3.164783751521547e-05,16826005.001749743,11221314.854198147,6173022.421335613,2013981.0882081864,52441983.85151227,136988807.86723906,40000000,4.198942185145528,19125435.344214242,18989588.204498075,493237.02661476505,-892415.8191517685,-0.022310395478794213,-781838.312970711,24573684.222568147,12997748.323281953,100536280.21832266,138107712.76417276,-0.06026931247864758,0.7354765697804382,-0.025237474685566835,-0.03121042766097847,2021-06-01,2022-11-14,False,False,False,True,False,0.0,0,0,False,[],珏璞地产
2022-12-31,年报,2023-03-30,无保留意见,False,208276367.2633432,41655273.45266864,166621093.81067455,0.2,45009762.58931919,3.010774132268721e-05,16083809.72312882,10342312.369197551,6388866.671125751,1639016.6695142197,52956850.79151501,133771491.04140049,40000000,4.165527345266864,14809960.238381071,14993939.583452126,12977818.645670798,-6164964.436904527,-0.1541241109226132,-5708069.45863707,38731610.40483111,13747816.6101421,97721406.47726603,150200833.49223924,-0.007957918543597765,-0.32733329582854337,-0.007354139478016662,0.05854354996629743,2021-06-01,2023-05-13,False,False,True,False,False,0.0,0,7,True,['留存未分配利润的预计用途以及收益情况'],珏璞地产
2023-03-31,季报,2023-04-30,保留意见,False,204551967.33191463,40910393.46638293,163641573.8655317,0.2,45341909.1102597,2.880533974820687e-05,17541918.22555746,11488870.818642877,5785040.178765989,1675001.2708156505,52055760.3784612,128551406.7125585,40000000,4.091039346638293,11433931.581720605,12062675.879034346,3877131.124985243,-4822898.080943523,-0.12057245202358807,-4187519.5777396853,31362208.984079413,13796599.204030642,95252354.17863493,140411162.366745,-0.017882009276258576,0.12386358569344523,-0.010812636306832359,0.131149412005353,2021-06-01,2023-05-11,False,False,False,False,False,0.0,0,0,False,[],珏璞地产
2023-06-30,半年报,2023-08-27,无保留意见,False,207578082.69561693,41515616.539123386,166062466.15649354,0.2,42596506.58786536,2.5354956882802657e-05,14892893.601640554,10706934.903995382,5388551.8159682425,1690400.9489736129,50712901.69724915,119917146.1530595,40000000,4.151561653912339,10934144.90555237,11629045.734508539,1863919.9119016628,-713980.9659546223,-0.017849524148865557,-619471.6350368668,16379892.515137456,13316512.68334254,105210976.75769258,134907381.9561726,0.014793870736975096,0.33742980409473944,0.11066840099871322,0.15614849371574935,2021-06-01,2023-10-23,False,False,False,True,False,0.0,0,0,False,[],珏璞地产
2023-09-30,季报,2023-10-27,无保留意见,False,218327548.6180836,43665509.72361671,174662038.89446688,0.2,44574489.78582763,2.7566385988393645e-05,18126811.687441025,12070996.109820679,5748036.836640486,1850584.0031657328,52606509.65977117,129895841.9253819,40000000,4.366550972361672,9346145.554770883,10073299.227055298,4760121.8622040665,-2268570.5011164118,-0.05671426252791029,-2222495.0106474864,25360072.396541897,14118490.260048008,98425546.08180681,137904108.7383967,0.051785168178035454,-0.09545546593749979,-0.011699948461366148,-0.054342359077246966,2021-06-01,2023-11-28,False,False,False,True,False,0.0,0,0,False,[],珏璞地产
2023-12-31,年报,2024-03-30,无保留意见,False,239069864.9485885,47813972.9897177,191255891.9588708,0.2,48442620.374454,3.3102979916181147e-05,18647440.426835887,12730316.951047024,6569963.308488224,2068613.1979439019,62090453.69158887,151240218.3656744,40000000,4.78139729897177,12046406.415264925,12668165.144129265,14946987.487702128,3857515.5149914883,0.0964378878747872,3706951.310105665,36048358.57864024,16842747.42632334,111836146.60946621,164727252.61442977,0.09500549271859877,0.4158514295284217,-0.017062378702365044,0.11834575842937177,2021-06-01,2024-05-09,False,False,True,True,False,0.0,0,3,True,"['根据公司盈利能力、融资能力及其成本、偿债能力及现金流等情况披露现金分红方案的合理性，是否导致公司营运资金不足或者影响公司正常生产经营', '充分披露高送转的主要考虑及其合理性且送转股后每股收益不低于0.5元']",珏璞地产
2024-03-31,季报,2024-04-30,无保留意见,False,205865398.2588331,41173079.65176662,164692318.60706648,0.2,43256561.2122204,2.941343029584297e-05,16552300.854407625,11399665.098904783,5627105.92617984,1696544.9253676361,47425710.85494654,126573181.18270783,40000000,4.117307965176662,10545768.929565532,11388944.900579395,2535600.310080681,-2143767.8367134184,-0.05359419591783546,-1827457.490785527,38087525.27694012,14085759.234671662,93288002.15971045,145461286.67132223,-0.13889022230759177,-0.2877276225632645,-0.08167098982246794,0.049772267206374336,2021-06-01,2024-06-03,False,False,False,False,False,0.0,0,0,False,[],珏璞地产
2024-06-30,半年报,2024-08-27,无保留意见,False,204071451.4398183,40814290.28796366,163257161.15185463,0.2,41726172.4333936,2.8697563460250802e-05,17490475.694843397,11365877.338064164,6053556.558235331,1674913.2429848635,50520757.00023858,131392729.73599352,40000000,4.081429028796366,7224635.4105380215,8171919.444758523,11794041.76356749,-4744476.455753587,-0.11861191139383968,-4595750.651172674,30039996.536071405,13720901.618983895,91535970.61498071,135296868.770036,-0.00871417360172059,-0.1750584260164675,-0.059808972025675304,0.14741469972250276,2021-06-01,2024-10-14,False,False,False,True,False,0.0,0,0,False,[],珏璞地产
2024-09-30,季报,2024-10-27,保留意见,False,202988285.44069257,40597657.08813851,162390628.35255405,0.2,43374909.70559641,2.7346048621596738e-05,16773900.191930441,10152066.159532849,5362019.2085253745,1853460.196121252,50702582.69324732,126446874.9882471,40000000,4.059765708813852,3091383.4264289495,4683882.937806675,17180360.59782252,-5904645.69158439,-0.14761614228960973,-4982909.295645497,10600509.800503777,14173191.947550882,95470855.13740358,120244556.88545823,-0.005307778189861783,-0.09466500811998893,0.008280022793881141,0.04065511831157863,2021-06-01,2024-11-06,False,False,False,False,False,0.0,0,0,False,[],珏璞地产
2024-12-31,年报,2025-03-30,无保留意见,False,211083028.44074723,42216605.688149445,168866422.75259778,0.2,44707612.165895686,3.0033240318183487e-05,17179182.12852263,11550205.943374043,6132071.5882140305,1762075.0089859078,53054353.0208959,130499466.22809643,40000000,4.2216605688149444,40683.98079120442,1691109.06764924,10538455.362922518,-4358142.065196779,-0.10895355162991946,-4275391.243082051,40362118.19312248,13324791.504387667,102688144.05871214,156375053.75622228,0.03987788252154929,0.13938298709529437,-0.03336292374197856,-0.08496211319238216,2021-06-01,2025-05-12,False,False,True,False,True,0.0,0,7,True,['结合所处行业特点、发展阶段和自身经营模式、盈利水平、偿债能力、资金需求等因素，未进行现金分红或现金分红水平较低原因的说明'],珏璞地产
2017-03-31,季报,2017-04-30,无保留意见,False,242433357.08961862,63444208.06253086,178989149.02708778,0.2616975189560152,52779471.892772496,2.2486686678849014e-34,62252.28777047399,14226884.401609877,433855.55517386756,12776373.79826187,86753599.20594592,169757701.7416494,40000000,4.474728725677195,-6355855.268482041,-5490974.77296971,36971007.98317996,-9079793.24068863,-0.22699483101721574,-7844249.675671015,13591044.593213355,-3093153.258395291,75345239.45682196,85843130.79164003,-0.0056158387384011845,-0.5599885133715905,-0.03830248104398481,0.06362963647547475,2021-07-16,2017-05-27,False,False,False,False,False,0.0,0,0,False,[],骁玮实业
2017-06-30,半年报,2017-08-27,无保留意见,False,252817593.60319644,74304410.0985793,178513183.50461712,0.29390521853950535,62271390.514459044,2.7348520263446514e-34,77993.91149331228,16881254.44154487,476878.80299651437,13549285.831274984,95114808.06909756,193625020.4451416,40000000,4.4628295876154285,-13592088.00591057,-11858041.75751346,26497635.855024844,-10337475.339183614,-0.2584368834795903,-9095809.977919644,31663021.391386107,-3276372.975137507,80010098.17549361,108396746.59174222,-0.002659186464977565,-0.15879409928489469,0.03220769958349018,0.04244456069027084,2021-07-16,2017-09-07,False,False,False,False,False,0.0,0,0,False,[],骁玮实业
2017-09-30,季报,2017-10-27,无保留意见,False,247718818.89473206,80255964.49242736,167462854.4023047,0.3239800869813289,56046260.05142375,2.5374965775661563e-34,65648.34330425927,15078732.971723314,432277.26148954435,12473779.829990823,84565612.34423003,173905458.08280998,40000000,4.186571360057617,-18783649.37573761,-16107349.275518276,20723691.38376873,-7416516.242610062,-0.18541290606525154,-6070439.311435453,36955945.800634965,-3044819.2967858585,82401246.57711372,116312373.08096282,-0.06190203370624782,0.43841625288868097,0.030074868441823555,-0.14405973046870926,2021-07-16,2017-11-22,False,False,False,False,False,0.0,0,0,False,[],骁玮实业
2017-12-31,年报,2018-03-30,无保留意见,False,251353560.852427,93298733.04812708,158054827.80429992,0.37118524492638477,55754311.738379724,2.4629261984986503e-34,66717.06249155983,12298725.371533843,400141.32967479015,11932204.047214339,72069243.73108977,156271825.0577052,40000000,3.951370695107498,-20739832.113205563,-17931499.621144306,10693303.761240399,-2794546.7678113617,-0.06986366919528404,-2605929.065180039,15325177.447782831,-3167345.406296067,80757003.76552881,92914835.80701558,-0.056179781669094236,0.4822848967876264,0.04720515794505587,-0.10060028330186509,2021-07-16,2018-04-27,False,False,False,False,False,0.0,0,0,False,[],骁玮实业
2018-03-31,季报,2018-04-30,无保留意见,False,248995844.73534504,98561401.86658943,150434442.8687556,0.39583552878703365,60210394.37437528,2.533662198615374e-34,69518.68561009478,14069191.875524318,462227.5277396503,11839486.146358859,82585766.05878882,173374296.49900654,40000000,3.76086107171889,-26200331.63526943,-22594995.44954503,26979472.831302114,-7800713.602948377,-0.19501784007370943,-6662136.897715325,34697009.04603342,-3350372.461037485,79264933.48001225,110611570.0650082,-0.048213553748447914,-0.35241162343158217,0.024650283860648884,0.00860621575204373,2021-07-16,2018-06-16,False,False,False,False,False,0.0,0,0,False,[],骁玮实业
2018-06-30,半年报,2018-08-27,无保留意见,False,270882737.54792297,105335297.85052162,165547439.69740134,0.3888593965198182,57536925.35352105,2.7471759286984267e-34,69845.07886086461,13416565.390103605,482483.9504892782,13177320.365585867,87606370.11012149,183100431.99819764,40000000,4.138685992435033,-33707079.97286733,-29187148.686425038,42280516.648039274,-10723926.196568437,-0.2680981549142109,-9417361.766971441,10221234.987568326,-3270357.5988490675,88287725.16700721,95238602.55572647,0.10046234452990815,-0.3177651469310654,-0.0069761322672154385,0.11927025201072824,2021-07-16,2018-09-19,False,False,False,False,False,0.0,0,0,False,[],骁玮实业
2018-09-30,季报,2018-10-27,无保留意见,False,303934477.73970705,119219523.65209647,184714954.08761057,0.3922540296800333,70568430.82829645,3.28980213097874e-34,97094.31786276863,18169517.566615585,562348.6005459626,15959916.788749306,117689354.29736912,224663251.63336363,40000000,4.6178738521902645,-40113485.537063256,-34624516.45801991,5330392.561884187,-9152007.948851315,-0.22880019872128288,-7767668.245135534,38601842.78618655,-3665452.3796127974,104779325.0058318,139715715.41240555,0.11578260844894314,0.2504620399552418,0.003394633160215114,0.10241115973536691,2021-07-16,2018-12-19,False,False,False,False,False,0.0,0,0,False,[],骁玮实业
2018-12-31,年报,2019-03-30,无保留意见,False,338693502.96417123,130661595.71444057,208031907.24973065,0.38578122866520603,86021306.60360786,3.6274160772275382e-34,103694.82565903568,19316431.999857463,630961.429643338,20270885.72543314,131072977.68079159,258401842.75252426,40000000,5.200797681243266,-44408452.28194686,-38666261.54305559,8166658.603588351,-6135666.778405156,-0.1533916694601289,-5773921.550050973,11021790.685739681,-4068183.284373263,108688652.55218494,115642259.95355135,0.12623208162702831,0.3843455944893148,-0.006472801014827341,0.09648888986247607,2021-07-16,2019-05-15,False,False,False,False,False,0.0,0,0,False,[],骁玮实业
2019-03-31,季报,2019-04-30,无保留意见,False,323358147.9016809,124536989.9121152,198821157.98956567,0.38513639047061055,77545877.5030724,3.7130095792282488e-34,93081.47036276884,18955394.49523059,611201.8717127541,17729084.194907192,117271104.76139128,234458414.1741143,40000000,4.970528949739141,-48830836.26336139,-42671061.444129854,20103937.458308157,-6317691.402020758,-0.15794228505051894,-5721142.715820378,29351171.15772951,-4049560.5989648583,107097990.25103132,132399600.80979598,-0.044275656469889436,-0.016754329962357428,-0.0006448381945954813,-0.008760302400156881,2021-07-16,2019-06-11,False,False,False,False,False,0.0,0,0,False,[],骁玮实业
2019-06-30,半年报,2019-08-27,无保留意见,False,455980406.870852,247259467.93464607,208720938.9362059,0.5422589747473026,102733619.02997701,4.867599146613376e-34,142780.9297915877,27186821.770605337,899887.6343104418,23693293.350070015,157233323.67138013,337200442.01460904,40000000,5.218023473405148,-53010340.04946674,-46167940.18499408,4275810.420431655,-5970719.694436207,-0.14926799236090518,-4995541.0583774615,15686274.380504189,-5782332.452903028,141708063.17815107,151612005.10575223,0.049792391547984996,0.03248096648791689,0.15712258427669207,0.0604772790688267,2021-07-16,2019-09-24,False,False,False,False,False,0.0,0,0,False,[],骁玮实业
2019-09-30,季报,2019-10-27,无保留意见,False,542859695.0781336,314820120.8890775,228039574.18905616,0.5799290751245872,111679488.25572178,5.105887906251425e-34,142232.53634006254,27592540.457575265,839475.6677939766,25250867.705065392,164174807.19941595,348419450.9570386,40000000,5.700989354726404,-56139984.524786495,-48696735.40856986,13920805.978146723,-4470920.67902823,-0.11177301697570574,-3612564.605108251,39461125.51670737,-6837976.971845563,162566761.6291326,195189910.1739944,0.09255724581976349,0.13598339817797478,0.03767010037728467,-0.017362605600211262,2021-07-16,2019-11-24,False,False,False,False,False,0.0,0,0,False,[],骁玮实业
2019-12-31,年报,2020-03-30,无保留意见,False,587204985.9095521,358397639.41087025,228807346.49868178,0.6103450209226846,133149034.0141299,5.451426052928801e-34,161323.3003101003,31650700.509544495,1047386.7465406758,30047441.19265913,186597592.63616163,409822740.677948,40000000,5.720183662467044,-52868741.211248256,-45804446.0751965,14835279.982215174,4673204.733626049,0.11683011834065123,4131841.904819083,109790695.46903116,-7397423.219403584,200126524.4115981,302519796.6612257,0.0033668380251802303,0.7298321910492183,0.030415945798097373,0.08733794632961579,2021-07-16,2020-05-26,False,False,False,False,False,0.0,0,0,False,[],骁玮实业
2020-03-31,季报,2020-04-30,无保留意见,False,509151533.13817966,257824445.46916556,251327087.66901407,0.5063805737361771,110601724.43509977,4.826123322462837e-34,125026.94197974289,29509553.43212317,861098.6910449773,25789777.954923343,152759642.25523272,325829316.9185919,40000000,6.283177191725351,-43849955.8919621,-37477043.55385373,47996131.61435869,12883979.027551655,0.3220994756887914,11896289.316203948,47384495.8884171,-5699769.1922033755,166005683.27635697,207690409.9725707,0.09842228195440411,0.37884449461166025,-0.10396444718650748,0.015042388079786567,2021-07-16,2020-06-21,False,False,False,False,False,0.0,0,0,False,[],骁玮实业
2020-06-30,半年报,2020-08-27,无保留意见,False,510601656.7578007,257967715.03109398,252633941.72670668,0.5052230278082679,117835048.74840727,5.233491911530047e-34,132078.80894586252,30260253.612954833,918069.4400963456,27443801.431007944,175892879.91515106,355993347.1451057,40000000,6.315848543167667,-38843210.87907506,-32943536.77935781,34765724.630057834,7152492.875552915,0.17881232188882287,6476438.249279886,65675737.98269912,-5932094.054137886,156653295.94926143,216396939.87782267,0.005199813795692762,-0.19179126537047064,-0.0011575459279091784,-0.06786149237598199,2021-07-16,2020-09-16,False,False,False,False,False,0.0,0,0,False,[],骁玮实业
2020-09-30,季报,2020-10-27,无保留意见,False,589810624.8783549,319295670.9521811,270514953.9261738,0.5413528639265086,145802468.30514836,5.884618363444514e-34,145950.32690890093,33365404.80633913,915940.8946034734,28018244.862446114,195749754.76331034,397218307.85239977,40000000,6.762873848154345,-28334384.225795176,-23030251.175230727,18097218.41152616,15012609.50468555,0.37531523761713875,14161836.577324402,16775184.853908554,-7947293.799518721,200309607.4178048,209137498.47219464,0.07077834465651654,0.3254370747414079,0.03612983611824071,0.1333063406293068,2021-07-16,2020-11-11,False,False,False,False,False,0.0,0,0,False,[],骁玮实业
2020-12-31,年报,2021-03-30,无保留意见,False,553770784.289282,279365863.2184126,274404921.0708694,0.504479237879902,141790784.62364972,6.089726450551145e-34,159748.890516461,31621848.841499638,1158965.6570012693,30138536.32160192,189884687.3779753,398633074.03653216,40000000,6.860123026771735,-16436660.019455494,-12709380.217041308,28345673.97628143,16996748.866199546,0.4249187216549886,14744101.368842028,20028628.252766132,-6899017.546909027,197794113.29639018,210923724.00224727,0.014379859923592992,0.06197993203970414,-0.03687362604660667,0.0655759773572509,2021-07-16,2021-04-21,False,False,False,False,False,0.0,0,0,False,[],骁玮实业
2021-03-31,季报,2021-04-30,非标准无保留意见,False,748155248.2175131,406733968.1395677,341421280.0779455,0.5436491545152095,188012973.3473096,7.4371393080712695e-34,208603.43941106665,43030096.4004652,1451619.9730739547,39355038.961098306,270935598.7546381,531841269.7080114,40000000,8.535532001948637,-8668234.695450397,-5606660.066630544,0.0,11097750.462864425,0.2774437615716106,10146743.072015379,67180048.33019264,-10379211.565920146,234190296.89840272,290991133.6626752,0.2442243336801092,-0.17351654496586463,0.03916991663530745,-0.039840563096129836,2021-07-16,2021-05-24,False,False,False,False,False,0.0,0,0,False,[],骁玮实业
2021-06-30,半年报,2021-08-27,无保留意见,False,920800169.0135384,568539059.8200774,352261109.1934609,0.6174402209647274,257011312.0810408,1.0226495830996245e-33,283781.96250593296,56456547.29350532,1878240.3673463624,51452110.53893579,342912050.4520834,685257721.1682327,40000000,8.806527729836523,3702119.798011443,6491093.062406111,42726660.435180016,17671934.990659773,0.4417983747664943,17282504.470052365,44649526.525924176,-11952546.406335747,306808330.0525553,339505310.17214376,0.03174913149245023,0.23397547559845278,0.07379106644951794,0.03171640984716031,2021-07-16,2021-10-19,False,False,False,True,False,0.0,0,0,False,[],骁玮实业
2021-09-30,季报,2021-10-27,无保留意见,False,970195424.7397981,619531032.2386091,350664392.50118905,0.6385631352619132,208148474.88446707,8.968106009485546e-34,272130.29250439355,56924730.4818704,1688576.353986757,48843318.01140028,357053742.7283915,649946057.7895993,40000000,8.766609812529726,23923774.769639872,24312713.260029905,0.0,28888078.53089776,0.722201963272444,25459457.425176848,99569374.98834866,-12535148.305616448,310723344.483071,397757571.16580325,-0.004532764618630922,0.3234934405379881,0.021122914297185793,0.06795671801242352,2021-07-16,2021-12-12,True,False,False,False,False,9058552.599081546,0,0,True,"['充分披露高送转的主要考虑及其合理性且送转股后每股收益不低于0.5元', '是否影响偿债能力、过去十二个月内是否使用过募集资金补充流动资金以及未来十二个月内是否计划使用募集资金补充流动资金等内容']",骁玮实业
2021-12-31,年报,2022-03-30,非标准无保留意见,False,807896097.1697681,490015902.868364,317880194.30140406,0.6065333210359525,190629339.83435157,7.40863703980487e-34,216267.7045281319,44655678.59935151,1492758.1383506153,43141042.86289735,293351303.7906149,559454497.6990973,40000000,7.947004857535101,39563854.147012204,38466416.17330159,51752567.11817171,22342970.539103337,0.5585742634775834,20219575.59038813,88659845.0317202,-9863474.750762256,229322304.378246,308118674.65920395,-0.09349166582310975,-0.14263199073344093,-0.03202981422596064,0.006367380821090215,2021-07-16,2022-04-18,True,False,False,True,False,30001024.42487827,0,0,True,"['公司在相应期间是否按照中国证券监督管理委员会相关规定为中小股东参与现金分红决策提供了便利', '根据公司盈利能力、融资能力及其成本、偿债能力及现金流等情况披露现金分红方案的合理性，是否导致公司营运资金不足或者影响公司正常生产经营', '是否影响偿债能力、过去十二个月内是否使用过募集资金补充流动资金以及未来十二个月内是否计划使用募集资金补充流动资金等内容', '充分披露高送转的主要考虑及其合理性且送转股后每股收益不低于0.5元']",骁玮实业
2022-03-31,季报,2022-04-30,无保留意见,False,903291049.886117,546461870.1148126,356829179.77130437,0.6049676570842899,203355126.99047714,8.819681166866681e-34,221356.37886978258,49508065.84433783,1703215.3553423516,41966883.82232369,297288082.8148999,603637776.2139342,40000000,8.92072949428261,76460781.39388107,69997008.06595196,250326427.09531605,52709896.06695551,1.3177474016738877,45043702.70378623,123376615.07491376,-12370465.511272928,300578869.4447223,411585019.0083631,0.12252724821531374,0.7718513653581445,-0.0015656639516626848,0.038072483554994055,2021-07-16,2022-06-24,False,False,False,False,False,0.0,0,0,False,[],骁玮实业
2022-06-30,半年报,2022-08-27,无保留意见,False,975402642.9508134,643065858.3214337,332336784.62937975,0.6592824644969324,216183373.0219575,8.60811694881417e-34,248184.48574871762,55322690.27953965,1619800.692730221,45219342.43146748,324939024.8738363,637175379.7571611,40000000,8.308419615734493,112607189.2563159,101369695.65055823,179259436.91219795,51637725.51776408,1.2909431379441019,44818125.12086613,104440475.66619588,-12331265.864466589,305071452.3152157,397180662.116945,-0.06863899179327784,-0.015380464032848552,0.05431480741264256,0.1442351351195109,2021-07-16,2022-10-02,True,False,False,True,False,60813236.60955746,0,0,True,"['上市公司控股子公司向母公司实施利润分配的情况', '根据公司盈利能力、融资能力及其成本、偿债能力及现金流等情况披露现金分红方案的合理性，是否导致公司营运资金不足或者影响公司正常生产经营', '是否影响偿债能力、过去十二个月内是否使用过募集资金补充流动资金以及未来十二个月内是否计划使用募集资金补充流动资金等内容']",骁玮实业
2022-09-30,季报,2022-10-27,无保留意见,False,1240627870.5874257,886971724.7344902,353656145.8529357,0.7149377712387819,311632217.5996948,1.3248539790823636e-33,400037.7172871734,69173074.75333048,2230013.1236161846,64281827.035972536,449037878.1322968,913253027.9923179,40000000,8.841403646323391,180059250.5586427,162405676.99710035,435430008.5667576,96360087.57475257,2.409002189368814,87194259.06648874,93304303.39612526,-15045922.200950839,426901675.3582672,505160056.55344164,0.06414986907733124,0.6515711544872496,0.0556553067418495,0.008183806866562698,2021-07-16,2022-12-04,False,True,False,True,False,0.0,1,0,True,"['结合所处行业特点、发展阶段和自身经营模式、盈利水平、偿债能力、资金需求等因素，未进行现金分红或现金分红水平较低原因的说明', '根据公司盈利能力、融资能力及其成本、偿债能力及现金流等情况披露现金分红方案的合理性，是否导致公司营运资金不足或者影响公司正常生产经营']",骁玮实业
2022-12-31,年报,2023-03-30,无保留意见,False,1413812794.263268,1019563350.3910015,394249443.8722666,0.7211445210624874,361464219.2495446,1.4379540252159191e-33,411088.4018702439,93602378.4379532,2744733.935396124,75312465.21118015,519909205.9368576,1053401794.5511856,40000000,9.856236096806665,227637926.33073148,201540725.2672476,87091158.92649393,67969536.81726965,1.6992384204317412,55907211.81449603,99115480.42122465,-18381998.588592466,490800125.03915805,571533606.8717902,0.11478182549727614,-0.25044573769194967,0.006206749823705505,0.015042597292105964,2021-07-16,2023-05-03,True,True,False,False,False,50160626.728076234,0,0,True,"['上市公司控股子公司向母公司实施利润分配的情况', '公司在相应期间是否按照中国证券监督管理委员会相关规定为中小股东参与现金分红决策提供了便利', '根据公司盈利能力、融资能力及其成本、偿债能力及现金流等情况披露现金分红方案的合理性，是否导致公司营运资金不足或者影响公司正常生产经营']",骁玮实业
2023-03-31,季报,2023-04-30,无保留意见,False,1139081531.7482443,755497845.6066148,383583686.14162934,0.6632517730728974,276382758.9930954,1.1147361418870366e-33,358174.4135933884,64229989.30973119,2134995.0089915185,56239255.46878149,411077987.51745135,799451943.9870278,40000000,9.589592153540734,288232228.1968293,253811229.6353954,171912137.56213844,86563288.38013984,2.164082209503496,74672149.09735407,31966380.321972307,-13719505.773652667,370739410.707362,388986285.25568163,-0.02705332346414889,0.21882844439715848,-0.05789274798959001,0.10502501718585902,2021-07-16,2023-06-27,False,False,True,True,False,0.0,0,3,True,"['留存未分配利润的预计用途以及收益情况', '结合前述财务报表列报项目的具体情况说明现金分红方案确定的依据及未来增强投资者回报的规划']",骁玮实业
2023-06-30,半年报,2023-08-27,非标准无保留意见,False,1308214120.2957325,910487642.700964,397726477.5947686,0.6959775380616904,282181154.5069104,1.183509006308015e-33,360993.06601045845,67592506.39254704,2201627.8176136436,64075171.67637617,452128900.1488506,837459398.398293,40000000,9.943161939869215,330997088.3554654,293814606.3534971,243285620.61393386,61092657.36948015,1.5273164342370038,57147681.02585954,103414366.8337157,-16759155.105816873,421504298.80411863,508159510.53201747,0.03687015888344472,-0.24594266374747678,0.032725764988793045,-0.01942320675668776,2021-07-16,2023-09-26,True,False,False,True,False,47212562.80035697,0,0,True,['结合所处行业特点、发展阶段和自身经营模式、盈利水平、偿债能力、资金需求等因素，未进行现金分红或现金分红水平较低原因的说明'],骁玮实业
2023-09-30,季报,2023-10-27,无保留意见,False,1848920463.8245988,1405495022.5402188,443425441.28437984,0.7601706239071373,445935873.43441653,1.782266461168965e-33,531972.4101828126,102629588.89331287,3295938.887204157,95730152.5009054,665958140.3554434,1315257509.604251,40000000,11.085636032109496,348731736.1403396,309842722.9166224,109506248.38553196,25335211.121248767,0.6333802780312192,22897309.375893325,215460152.977946,-24655352.904504374,597367046.569684,788171846.6431257,0.11490048127037812,-0.4578848697522484,0.0641930858454468,0.026984856468761618,2021-07-16,2023-11-28,True,False,False,False,False,16082495.693352532,0,0,True,"['公司在相应期间是否按照中国证券监督管理委员会相关规定为中小股东参与现金分红决策提供了便利', '根据公司盈利能力、融资能力及其成本、偿债能力及现金流等情况披露现金分红方案的合理性，是否导致公司营运资金不足或者影响公司正常生产经营']",骁玮实业
2023-12-31,年报,2024-03-30,保留意见,False,1477979132.5519023,1078515789.7341025,399463342.8177997,0.7297232863307888,334402837.73751503,1.4337265876749883e-33,437811.0270327791,82217664.41405849,2806530.732007828,73254705.17550297,507897013.59816754,1050142726.6306725,40000000,9.986583570444992,382255163.5594936,337659170.786035,175158529.7633197,47890610.5987914,1.197265264969785,39737782.670589365,228080062.2197977,-18754716.095115323,437869459.46856314,647194805.5932455,-0.09914203014433294,0.5327810793937836,-0.03044733757634841,-0.015644552296036267,2021-07-16,2024-05-12,False,False,False,False,False,0.0,0,0,False,[],骁玮实业
2024-03-31,季报,2024-04-30,保留意见,False,1845901817.5079222,1411641551.3133938,434260266.1945284,0.7647435729919776,415995347.0052287,1.8198119886021653e-33,472413.27083823143,94670068.48870239,3134448.139507204,94735826.66315086,615228010.7074685,1247311703.092923,40000000,10.85650665486321,426964198.28337926,379949473.736567,168881545.48804593,63870049.605551034,1.5967512401387758,60414718.50076007,99371094.90756217,-23615706.560205262,614281884.9279414,690037273.2752984,0.08710917785665258,0.24625194399168224,0.03502028666118885,0.03254272366469547,2021-07-16,2024-06-18,True,False,False,False,False,16881753.626417838,0,0,True,['上市公司控股子公司向母公司实施利润分配的情况'],骁玮实业
2024-06-30,半年报,2024-08-27,无保留意见,False,1463984966.2530947,1021170553.9832851,442814412.2698096,0.6975280330896133,354286357.42818594,1.403399690782701e-33,378201.9850544881,83970316.68932217,2518822.7490935195,71008282.90122637,533021053.17660403,998530918.0681375,40000000,11.07036030674524,445776204.857829,395951744.203949,79299043.34332182,26874295.10635674,0.6718573776589185,22860386.381974164,223725038.54885775,-19915214.977971166,430020296.4380606,633830120.0089471,0.019698201150757263,-0.4574716434532131,-0.06721553990236434,-0.12352085365842694,2021-07-16,2024-09-07,False,False,False,False,False,0.0,0,0,False,[],骁玮实业
2024-09-30,季报,2024-10-27,无保留意见,False,1789178869.9754033,1315283275.69162,473895594.2837831,0.735132354715156,408932276.2764434,1.6307020071150984e-33,489926.05542582116,101553520.49295756,2941027.88795385,81063784.30842204,564229329.5748054,1154951559.9868336,40000000,11.847389857094576,461301802.7309553,410201182.42546624,45072825.23947014,22179425.53303752,0.554485638325938,20356340.316453256,300385677.1689946,-23039299.865568146,588619086.8669474,865965464.1703739,0.07019008675588362,-0.10700729349470497,0.037604321625542794,-0.07442006372740345,2021-07-16,2024-11-14,True,True,True,True,False,27192288.51896191,0,9,True,"['是否影响偿债能力、过去十二个月内是否使用过募集资金补充流动资金以及未来十二个月内是否计划使用募集资金补充流动资金等内容', '留存未分配利润的预计用途以及收益情况']",骁玮实业
2024-12-31,年报,2025-03-30,无保留意见,False,2283901844.5609164,1867370077.594162,416531766.9667545,0.8176227371772917,583897615.0788245,2.4675513934694604e-33,742931.1455104761,129885960.91348076,4663552.385425447,127971199.76837274,905934695.045542,1758368781.2344816,40000000,10.413294174168863,468297240.18793637,416102269.41074115,0.0,9993482.081401624,0.24983705203504059,8430124.26467845,218013915.5726564,-27890683.31833403,832159079.1049556,1022282311.359278,-0.12104739526799095,-0.31102915078119925,0.08249038246213564,-0.04047653399671996,2021-07-16,2025-04-28,True,False,False,False,True,9224073.218262026,0,0,True,['公司为增强投资者回报水平拟采取的措施'],骁玮实业
2017-03-31,季报,2017-04-30,无保留意见,False,259635095.40604854,80874385.22909729,178760710.17695123,0.31149250105274184,4817875.493550188,1561954.9218412514,7019071.204643719,20881648.32607011,8682442.217017954,15862329.713676516,459833.8338644735,61451179.01508037,40000000,4.46901775442378,5246903.781180469,4663529.51481549,15599341.495007034,7495576.830257814,0.18738942075644535,6662185.021164986,-18085087.966936287,-18505029.830613647,-5860673.482101448,-42450791.27965138,-0.006884943461382117,0.3608653794587675,0.011492501052741837,0.19884179892281026,2021-11-26,2017-06-16,False,False,False,False,False,0.0,0,0,False,[],铄琮环保
2017-06-30,半年报,2017-08-27,无保留意见,False,275423709.0916832,85770390.77941519,189653318.31226802,0.3114125180518279,5227369.22677948,1786189.0764690172,7638520.304223909,21434542.421700433,8845531.175932234,17040779.85374066,462184.3484395337,63110374.46877094,40000000,4.7413329578067005,18713111.348015394,15959472.255886436,30735343.56148399,19237439.38119275,0.4809359845298188,16137061.058672778,-14306601.76412657,-18180681.81868558,-5692961.521074051,-38180245.1038862,0.06093401690189341,0.47934623594701264,-7.998300091393941e-05,-0.011400499359135898,2021-11-26,2017-10-12,False,False,False,False,False,0.0,0,0,False,[],铄琮环保
2017-09-30,季报,2017-10-27,保留意见,False,217637157.42735747,51760349.332844466,165876808.094513,0.23782864077390342,3411267.470763778,1151399.1306994506,5858108.36181685,15607414.124419767,7095686.816927525,13193352.237512285,374506.6548026031,47484963.93919329,40000000,4.146920202362825,42236141.44813647,39281433.04132415,27591526.63199821,33604328.71445869,0.8401082178614673,33317086.836339593,-7771498.322943323,-15875005.803428164,-4722133.010754891,-28368637.13712638,-0.12536827949725893,0.39646535678573247,-0.07358387727792448,-0.0398256510740683,2021-11-26,2017-11-15,False,False,False,False,False,0.0,0,0,False,[],铄琮环保
2017-12-31,年报,2018-03-30,无保留意见,False,229253568.5108185,45850713.702163704,183402854.80865481,0.2,4203094.639599571,1347246.3293953636,6886004.460145779,17162931.17696673,8853846.9757981,15062628.05938941,375211.37043944316,52822949.586061485,40000000,4.585071370216371,62522729.963387124,55920149.95839387,92320459.42397675,28980840.736072354,0.7245210184018088,23769595.595813885,-41121636.03109281,-16284209.338705953,-5294560.643571411,-62700406.01337018,0.10565700483069232,-0.09136546409843614,-0.07602390344405402,0.012484227162898768,2021-11-26,2018-05-21,False,False,False,False,False,0.0,0,0,False,[],铄琮环保
2018-03-31,季报,2018-04-30,无保留意见,False,234689354.64769053,46937870.92953811,187751483.71815243,0.2,4338573.943974551,1321551.9918096128,7178626.511344632,18345499.04395064,8608503.894763967,16610480.831693025,434323.43319389323,57929957.75778928,40000000,4.693787092953811,78118233.14980127,69514823.69559044,83263063.28603463,22279290.26630593,0.5569822566576482,19420962.48170938,-5361346.33775479,-15424233.650872635,-5414637.252856596,-26200217.241484024,0.02371080272460619,-0.14574658406602392,0.034138656423012885,0.08589968966991195,2021-11-26,2018-06-23,False,False,False,False,False,0.0,0,0,False,[],铄琮环保
2018-06-30,半年报,2018-08-27,无保留意见,False,216184231.39740366,45092209.50714614,171092021.8902575,0.20858232450938924,3813082.458102517,1433633.58832834,5801834.12251089,16803528.595690843,7709415.529645785,13808527.349425392,353859.9010983576,50780697.71642893,40000000,4.277300547256438,88618428.8794898,79052085.13060254,65739040.51565719,15000279.613840748,0.3750069903460187,13624659.192874443,-32494898.830077197,-14730770.396492405,-4251729.213345344,-51477398.43991494,-0.08873145233250826,-0.1853142101884965,0.01263893075652694,0.05273436674950255,2021-11-26,2018-10-24,False,False,False,False,False,0.0,0,0,False,[],铄琮环保
2018-09-30,季报,2018-10-27,无保留意见,True,243472835.30414784,51516195.93915509,191956639.36499274,0.21158909113947239,4495583.620109067,1485209.3699774425,7253322.546660385,17408329.00002267,8665444.336891953,15750357.150145272,405582.8160372167,55453534.70479179,40000000,4.798915984124818,108081692.56550615,95721024.14132267,115221593.94248772,27804662.40859481,0.6951165602148702,23812770.01531447,-33579218.0456207,-16094081.79123166,-4942569.946276105,-54615869.78312847,0.12194968090398936,0.4001334659968384,0.0030067666300831334,0.010877162011856192,2021-11-26,2018-12-08,False,False,False,False,False,0.0,0,0,False,[],铄琮环保
2018-12-31,年报,2019-03-30,无保留意见,False,237772432.69793576,47554486.539587155,190217946.15834862,0.2,3901060.8789215405,1514432.9532431227,6918129.435840907,16981787.069416486,8302031.056385611,15616616.437014114,371843.4419132139,53435005.29327655,40000000,4.755448653958715,135735270.69789508,119153981.79348958,187772246.65310946,39505111.61769847,0.9876277904424617,33475653.788809866,-33609102.275672786,-17030078.984398603,-4726286.740951112,-55365468.0010225,-0.009057739354032437,0.2611435636408049,-0.03655138083257105,0.08322952862688192,2021-11-26,2019-04-27,False,False,False,False,False,0.0,0,0,False,[],铄琮环保
2019-03-31,季报,2019-04-30,无保留意见,False,258027490.09709367,67479720.87155703,190547769.22553664,0.2615214403944516,4457365.101944495,1511028.44246346,7551229.837820261,20361184.169090293,8804082.498476736,15640709.559075125,433074.0997007213,58775838.08571103,40000000,4.763694230638416,140975346.5938567,123840105.0349405,34927264.95538276,7485822.708516605,0.18714556771291513,6694461.773501293,-7124776.725897359,-16681906.10630633,-5602305.022151315,-29408987.854355,0.0017339219240307007,-0.5666618115157004,0.08648373008755028,0.025957660597345042,2021-11-26,2019-05-15,False,False,False,False,False,0.0,0,0,False,[],铄琮环保
2019-06-30,半年报,2019-08-27,无保留意见,False,270779129.8115787,69439812.63848363,201339317.17309505,0.2564444781501559,4785517.38040717,1610425.621587861,7848421.622029121,20395277.296488557,8908704.97256199,16068630.894556848,453229.1503082485,61410265.48514037,40000000,5.033482929327376,139943619.60007378,122870672.98976324,1231488.7575719107,-1473895.7054041661,-0.036847392635104156,-1384902.9216818027,-16488394.867378764,-18989815.377276104,-5948034.274559979,-41426244.519214846,0.056634344193162725,-0.3659145343237506,-0.0050769622442957,-0.02162049743352445,2021-11-26,2019-09-24,False,False,False,False,False,0.0,0,0,False,[],铄琮环保
2019-09-30,季报,2019-10-27,无保留意见,False,335287006.6854587,92789065.45657077,242497941.22888795,0.2767451872765787,6097335.917620302,2125737.5265871114,10190835.537677485,29016557.30514274,11429987.873623105,22618008.487569306,563340.5250818896,83025717.41577289,40000000,6.0624485307221985,140874924.3678824,123771171.02369113,2476728.836870192,1330435.3825837597,0.033260884564593994,1286425.7627541372,-25643791.566938672,-22685406.62952564,-7838388.687528682,-56167586.883993,0.2044241762298621,0.18062039483813294,0.020300709126422817,0.11737063217186405,2021-11-26,2019-12-11,False,False,False,False,False,0.0,0,0,False,[],铄琮环保
2019-12-31,年报,2020-03-30,非标准无保留意见,False,370835849.17521393,148843820.5859224,221992028.58929157,0.40137387180060924,6386262.309069777,2191477.500924488,11512090.78771304,28130835.322724037,13574207.590746956,25409095.484773662,628237.2046043734,87522411.57213007,40000000,5.54980071473229,139895104.35653225,122799836.08172603,6640542.845093144,-1399742.8733573947,-0.03499357183393487,-1387621.3456644472,-16348048.131251536,-25516174.386331987,-7390229.919037686,-49254452.436621204,-0.08456118239882851,-0.1489423572849323,0.12462868452403053,0.051273725781712055,2021-11-26,2020-05-05,False,False,False,False,False,0.0,0,0,False,[],铄琮环保
2020-03-31,季报,2020-04-30,无保留意见,False,365657053.61365557,138222201.23689863,227434852.37675694,0.3780104878899475,6941179.046118539,2571603.4567109696,11614346.973016948,28591061.868632916,13710117.754880594,25577031.269933667,622346.0914474098,89099598.58226497,40000000,5.685871309418923,134962572.04637876,118309810.87771158,8406036.709174955,-7046474.728790659,-0.17616186821976648,-6414321.72002064,-17953664.231301118,-26663853.091096483,-8005564.654917976,-52623081.97731558,0.024518104645708486,-0.3619640246691576,-0.023363383910661773,0.011827681422379617,2021-11-26,2020-06-23,False,False,False,False,False,0.0,0,0,False,[],铄琮环保
2020-06-30,半年报,2020-08-27,无保留意见,False,357061392.72092843,146974986.27947655,210086406.44145188,0.41162385314042915,7568519.959198906,2386856.7497740956,11941922.95546276,29474391.648806367,14728534.26927136,25653524.602854267,672498.6301957271,94359283.36831695,40000000,5.252160161036297,130164683.007085,113961285.27638397,9250917.352634987,-6854127.198991131,-0.17135317997477828,-6212179.430468036,-16446433.456426987,-23708370.914757393,-8338935.904477126,-48493740.275661506,-0.07627874863508832,0.01932456336408723,0.0336133652504817,0.05106591905932084,2021-11-26,2020-10-18,False,False,False,False,False,0.0,0,0,False,[],铄琮环保
2020-09-30,季报,2020-10-27,无保留意见,False,340506274.93970215,139710485.61307395,200795789.3266282,0.41030223492302537,6147736.917025893,2183512.126446673,9474503.000256574,24364218.168337997,10437379.92411393,21569026.48409796,509878.14961822896,77570330.5108956,40000000,5.019894733165705,124414885.52374391,109245609.36523199,33635915.76039937,-8213996.404772956,-0.2053499101193239,-6736679.873074236,-50600392.75922479,-21725785.266268127,-7285998.197207567,-79612176.22270048,-0.044222837984583534,-0.13403176172744877,-0.0013216182174038036,0.05799686006820521,2021-11-26,2020-12-15,False,False,False,False,False,0.0,0,0,False,[],铄琮环保
2020-12-31,年报,2021-03-30,无保留意见,False,349008760.6788286,138392979.26739016,210615781.41143844,0.39653153404577357,5920244.448866003,1951564.2912112118,9416924.450520629,22446636.253847975,11416716.732438147,19406490.62658982,506585.13215473824,75299535.7795432,40000000,5.265394535285961,120857266.54442547,106174422.63854049,5973872.920211237,-5082312.82759778,-0.1270578206899445,-4387409.609559297,-57983537.57835535,-24450041.346648246,-7684444.990775713,-90118023.91577931,0.048905368572427506,0.3564400518657251,-0.013770700877251815,0.0162707898349015,2021-11-26,2021-05-22,False,False,False,False,False,0.0,0,0,False,[],铄琮环保
2021-03-31,季报,2021-04-30,无保留意见,False,397497144.2494199,175860297.1902023,221636847.05921763,0.44241902044924925,7440085.301618724,2676641.2703648927,12857505.613917477,33506276.297599304,15791119.659970734,25341655.84922268,713432.0943748232,99456018.60649326,40000000,5.540921176480441,118703463.24829276,104146109.5142111,6905060.712720153,-3076861.8516181745,-0.07692154629045436,-2897590.177613411,-65656512.155998334,-26168233.210770197,-9130640.528606119,-100955385.89537466,0.05232782450546517,0.16827518183424275,0.04588748640347567,0.015267216947486154,2021-11-26,2021-06-18,False,False,False,False,False,0.0,0,0,False,[],铄琮环保
2021-06-30,半年报,2021-08-27,无保留意见,False,393167719.45104545,196490495.5204891,196677223.93055636,0.4997625333911848,7397190.629091694,2426793.2153052427,12073594.716567062,31601666.780987754,14534570.340391079,27884954.61559155,744901.7532507092,94561738.83144286,40000000,4.916930598263909,123949214.6655731,108480227.57032889,37365099.93356876,7493930.596114773,0.18734826490286932,6191597.223025408,-11229202.428097606,-28616111.385590907,-8497066.38324491,-48342380.196933426,-0.11261495306325339,0.7592248482402301,0.05734351294193558,-0.0360957837934292,2021-11-26,2021-10-12,False,False,False,False,False,0.0,0,0,False,[],铄琮环保
2021-09-30,季报,2021-10-27,保留意见,True,392690860.5894667,177450420.78544503,215240439.80402166,0.45188324607064934,6949737.28811904,2453709.2815367836,10944690.844765687,30751671.4875768,13373987.51832604,23791601.068256076,659253.6451341382,92389953.80889894,40000000,5.381010995100541,150384306.5243028,133849374.25921166,97421711.10988727,37764416.94104246,0.9441104235260616,36241638.126975395,-65023406.12531014,-28832382.728225812,-8484372.465752354,-102340161.3192883,0.09438416661819304,1.235836209551814,-0.04787928732053548,-0.1186532956461524,2021-11-26,2021-12-25,False,False,False,True,True,0.0,0,0,False,[],铄琮环保
2021-12-31,年报,2022-03-30,无保留意见,False,452553227.6554566,239000140.96418804,213553086.69126856,0.5281149848436095,7666444.577108092,2769629.8831793847,13236403.67288404,31259708.030591913,16023645.291335937,25566489.907148354,705187.4612760154,99404332.64937314,40000000,5.338827167281714,137428090.1186164,121216143.19055618,33518444.616027292,-18508880.57955204,-0.462722014488801,-18047472.955222107,-29387852.546186406,-32129181.6069132,-9651288.571360724,-71168322.72446033,-0.00783938703288964,-1.0275522075068644,0.07623173877296026,0.10289354305651637,2021-11-26,2022-04-23,False,False,False,False,True,0.0,0,0,False,[],铄琮环保
2022-03-31,季报,2022-04-30,保留意见,False,588911954.5981582,394234265.23766536,194677689.36049291,0.6694281923800809,10404475.350018332,3415114.8105099276,17767490.608771306,44023400.08646366,21175095.772058737,40010966.639000915,1032425.0772092431,138446963.6269448,40000000,4.866942234012323,123705561.34288359,108879011.9757875,17973281.740026344,-19603612.53676117,-0.4900903134190292,-17624473.163955282,-110222409.97632542,-41198331.59501582,-13238640.318775216,-164659381.89011645,-0.08838737769247788,0.7255259110924026,0.14131320753647136,0.054413616231979337,2021-11-26,2022-05-30,False,False,False,False,True,0.0,0,0,False,[],铄琮环保
2022-06-30,半年报,2022-08-27,无保留意见,False,542940635.7170012,338725437.90310985,204215197.81389132,0.6238719587746328,10226790.223486958,3205903.324373892,14361399.91529776,40514089.90712261,19484838.496639892,36357055.18518769,890747.7297468365,125911699.1708973,40000000,5.105379945347283,110080459.33695394,96262839.71076745,94228277.80250575,-19464431.43704234,-0.4866107859260585,-18023103.23574293,-21148148.473009318,-43111074.89946047,-12054781.255576948,-76314004.62804674,0.048991276220344895,-0.05345691716938916,-0.04555623360544821,0.016302377916129627,2021-11-26,2022-09-28,False,False,False,False,False,0.0,0,0,False,[],铄琮环保
2022-09-30,季报,2022-10-27,无保留意见,False,558156306.8339993,378381151.3903288,179775155.44367045,0.6779125251430023,10277136.31896229,3700786.11264324,15453898.32052857,42726748.61115727,21564076.141987737,38375114.88486736,985875.4369783868,133739559.62275083,40000000,4.494378886091761,96707281.77196608,83655170.44507636,16056497.236252934,-19104539.378554076,-0.4776134844638519,-18010956.093844414,-93004118.86584003,-42921217.74677041,-12652239.64641937,-148577576.25902984,-0.11967788211577658,-0.14603451858258445,0.0540405663683695,-0.007843142517593929,2021-11-26,2022-12-08,False,True,False,True,False,0.0,0,0,True,"['结合前述财务报表列报项目的具体情况说明现金分红方案确定的依据及未来增强投资者回报的规划', '根据公司盈利能力、融资能力及其成本、偿债能力及现金流等情况披露现金分红方案的合理性，是否导致公司营运资金不足或者影响公司正常生产经营', '结合所处行业特点、发展阶段和自身经营模式、盈利水平、偿债能力、资金需求等因素，未进行现金分红或现金分红水平较低原因的说明', '留存未分配利润的预计用途以及收益情况']",铄琮环保
2022-12-31,年报,2023-03-30,非标准无保留意见,False,641996626.5125496,437238453.9422397,204758172.57030994,0.6810603605775998,11131119.82404927,4017146.761373733,18910333.073896453,47713396.05416764,23792401.873922076,39963436.75083393,1101988.7417507276,148493568.07465348,40000000,5.118954314257748,83686713.46800454,72451390.7731405,35325241.48443874,-18600811.862802222,-0.46502029657005556,-16005399.53133694,-62587633.92495388,-42554085.13726147,-13285582.04488363,-118427301.10709898,0.13896812974508854,-0.2393528583427786,0.0031478354345975228,-0.055113044972900094,2021-11-26,2023-04-17,False,False,False,True,False,0.0,0,0,False,[],铄琮环保
2023-03-31,季报,2023-04-30,无保留意见,False,669885416.1782562,456009734.9225541,213875681.25570208,0.6807279631852892,11518565.53368224,3625440.7687314213,19369302.804582093,49737851.66779805,22607311.368343208,41415091.93147122,1038057.7876348845,147448902.24758726,40000000,5.346892031392552,71321163.58045644,60980610.391552664,33445621.50967592,-17665071.26792586,-0.44162678169814645,-16386829.116554061,-41035585.79919669,-49159998.501639366,-13373692.993927421,-103569277.29476348,0.04452817961276433,-0.5845412672282121,-0.00033239739231061087,0.17169523762903563,2021-11-26,2023-06-14,False,False,False,False,True,0.0,0,0,False,[],铄琮环保
2023-06-30,半年报,2023-08-27,无保留意见,False,1054962714.0695325,795563532.9756452,259399181.09388733,0.7541153088783095,19045404.45304318,6295134.078396878,32276804.3589645,86382349.08935592,38578834.16892684,73882462.13168538,1924610.1618099627,254492929.90862685,40000000,6.484979527347183,58818627.28971245,49421040.57515899,64558017.52021533,-17860766.12963426,-0.4465191532408565,-16513671.166276678,-96776711.54201932,-85403754.62831824,-23213973.396614283,-205394439.56695184,0.21285028560006783,0.2942464531939761,0.07338734569302038,-0.1553442355361459,2021-11-26,2023-10-23,False,False,False,False,False,0.0,0,0,False,[],铄琮环保
2023-09-30,季报,2023-10-27,无保留意见,False,978247818.2646843,684260041.5602516,293987776.7044327,0.6994751521900266,18992035.33549226,6595652.488878178,29854410.128238216,76659731.18635212,36046854.686383225,67978272.35894763,1628007.4005624542,230577074.57930064,40000000,7.349694417610818,46610273.87101147,38151860.063302085,17316252.287231304,-17440504.883858547,-0.4360126220964637,-16098829.302652722,-55334186.42129097,-75964735.50797315,-20896764.820528477,-152195686.7497926,0.1333411904566744,-0.48824091853414525,-0.05464015668828285,0.07814552476318953,2021-11-26,2023-11-19,False,False,False,False,False,0.0,0,0,False,[],铄琮环保
2023-12-31,年报,2024-03-30,无保留意见,False,1137174194.2073677,870178774.56568,266995419.64168766,0.76521150321408,19015437.292062435,7385331.7633096,34498661.05136226,99530879.86625496,41063540.31967205,80048895.3047173,1883229.248343105,268158043.1666557,40000000,6.6748854910421915,34284588.11297329,26552065.172059722,16852459.013861552,-17608122.511483125,-0.44020306278707816,-16571135.558917664,-84362545.7991923,-86813629.51314712,-25683020.44276862,-196859195.75510806,-0.09181455557549402,0.38051252952373577,0.06573635102405345,0.056750601989179,2021-11-26,2024-04-22,False,False,False,False,True,0.0,0,0,False,[],铄琮环保
2024-03-31,季报,2024-04-30,无保留意见,False,1363194517.8486948,1066506101.7468088,296688416.10188615,0.7823579744363258,25225545.831138983,8690336.905981235,38124687.93698781,108195445.25507827,45698804.1068223,103979115.36704856,2168401.655081049,328169389.9832636,40000000,7.417210402547154,21659054.18121314,14807375.419555083,27888112.02473269,-18036477.045371637,-0.45091192613429093,-16778128.217863772,-268435787.2530839,-99987778.04694857,-28567351.246330168,-396990916.5463626,0.11121163239446956,0.704388549675321,0.01714647122224564,-0.07990033137709471,2021-11-26,2024-06-20,False,False,False,False,False,0.0,0,0,False,[],铄琮环保
2024-06-30,半年报,2024-08-27,无保留意见,False,1635114919.499382,1324689747.724949,310425171.7744331,0.8101508535745763,26333460.310915634,9921834.26890445,48007396.19240516,122512394.56776461,54879387.093138844,107448340.82855661,2818191.140031185,379852569.7098888,40000000,7.760629294360827,9009036.677045071,3257018.0895364136,54307852.17996103,-18071453.577382956,-0.4517863394345739,-16500510.471455242,-53887589.837298304,-122421647.66617775,-34108788.6337689,-210418026.13724494,0.046300276407925535,0.03374559250251379,0.02779287913825056,0.06635525236327175,2021-11-26,2024-09-21,False,False,False,True,False,0.0,0,0,False,[],铄琮环保
2024-09-30,季报,2024-10-27,无保留意见,False,1305424001.554212,977334108.3815932,328089893.17261887,0.7486717780721042,24434419.35102738,8021221.159057168,41733449.48550866,95266349.14427769,45692308.44942663,87460052.3064447,2377661.55218849,315160231.3396458,40000000,8.202247329315473,-3643478.830745482,-7757569.95557671,88822065.96903965,-18075022.153986506,-0.45187555384966266,-15735125.778733036,-204680395.98656678,-85925398.15838605,-28180507.10626415,-318786301.251217,0.05690492590279267,0.003330593764283474,-0.06147907550247222,0.07264519109972381,2021-11-26,2024-11-09,False,True,True,True,True,0.0,0,4,True,"['上市公司控股子公司向母公司实施利润分配的情况', '留存未分配利润的预计用途以及收益情况', '公司为增强投资者回报水平拟采取的措施', '公司在相应期间是否按照中国证券监督管理委员会相关规定为中小股东参与现金分红决策提供了便利']",铄琮环保
2024-12-31,年报,2025-03-30,无保留意见,True,1423555961.9734507,1082842715.949879,340713246.0235716,0.7606604481138579,22590834.296207808,8234049.301477591,36333203.16414971,101791441.53592482,45859159.234719835,78109354.37339324,2201386.7693758486,300375439.3989335,40000000,8.51783115058929,-15804326.235949282,-19213528.961324,60002144.73015177,-17372639.150291145,-0.4343159787572786,-16365655.722496128,-58427948.97398807,-94875798.53256565,-28551258.18494098,-181855005.6914947,0.03847528715037628,-0.6533660735183111,0.01198867004175373,0.058439813957422176,2021-11-26,2025-05-03,False,False,False,False,False,0.0,0,0,False,[],铄琮环保
2017-03-31,季报,2017-04-30,无保留意见,False,200332591.1558489,42746695.99020609,157585895.1656428,0.21337864070729895,20753527.235936534,5.611053506411574e-15,142253.56570540692,25693129.416931506,441732.5994710329,2634255.7650087257,612.6517643457282,47868474.49245503,40000000,3.93964737914107,-2808863.4382077754,-2729279.507330042,17287053.723293565,-4012662.054582536,-0.10031655136456341,-3898970.724757203,29428560.1639461,-19710676.42675526,-38286486.2012681,-28568602.46407726,-0.12452280463531769,-0.2784812252545853,-0.08662135929270103,0.09801196772969431,2021-12-01,2017-06-07,False,False,False,False,False,0.0,0,0,False,[],泓琨电力
2017-06-30,半年报,2017-08-27,保留意见,False,230996506.74049407,58384390.71230115,172612116.02819294,0.25275010231168255,23646704.291645452,6.7316763294533916e-15,173857.0747708304,32215622.280317888,555416.2746164677,2955431.189620763,642.2365019277273,57152930.565814994,40000000,4.315302900704824,-3586051.3450718294,-3515288.6155830575,1480445.6384129238,-1110268.4383772202,-0.027756710959430504,-1122870.1546471647,3988687.775902136,-26225783.496480655,-38844357.13605005,-61081452.85662857,0.09535257484025242,0.22347871660869592,0.03937146160438357,0.0330907828543433,2021-12-01,2017-09-07,False,False,False,False,False,0.0,0,0,False,[],泓琨电力
2017-09-30,季报,2017-10-27,无保留意见,False,326600645.75345564,121431482.87165207,205169162.88180354,0.37180417262040044,39403339.61375701,1.046943734918616e-14,267435.9833282091,48270749.57572424,790004.580430054,4210759.792253455,985.2891779966818,87788182.78546068,40000000,5.129229072045089,-2733103.1782985497,-2732559.700365925,0.0,1218497.3811046854,0.030462434527617134,1118184.164595903,64953520.94057662,-32774082.428366475,-57560314.599996455,-25380876.08778631,0.18861391426481916,0.14655790819691325,0.11905407030871791,0.10835806475349484,2021-12-01,2017-11-08,False,False,False,False,False,0.0,0,0,False,[],泓琨电力
2017-12-31,年报,2018-03-30,非标准无保留意见,False,283802396.0049764,96194752.10313167,187607643.9018447,0.33894975326933086,33085329.112055454,9.137594105406203e-15,233442.68399795174,38667482.386640884,710203.3869040053,4567779.168111239,876.9209372558618,77050536.19761024,40000000,4.690191097546117,-7769109.67065822,-7082549.0967599945,10971291.586408818,-7194294.989085244,-0.1798573747271311,-6214270.566277243,22581639.57851335,-27987040.321588885,-50712732.42545189,-56118133.168527424,-0.08559531429231332,-0.461772021819717,-0.03285441935106958,-0.02415927364797649,2021-12-01,2018-04-14,False,False,False,False,False,0.0,0,0,False,[],泓琨电力
2018-03-31,季报,2018-04-30,无保留意见,False,323812701.0321519,119903445.12844634,203909255.90370554,0.3702864178775401,34074692.264643036,9.108905936284512e-15,236180.51307111676,40969523.585703805,739504.7075635438,4344310.585161376,938.5902978959342,79813864.08195359,40000000,5.097731397592638,-17698815.371981874,-15689406.843605533,45844481.53093106,-14185293.859033795,-0.35463234647584485,-12295511.066922199,53934278.79478156,-31818302.98414828,-68880536.70515996,-46764560.89452668,0.0868920458826813,-0.712952190807989,0.031336664608209226,0.011757686881984164,2021-12-01,2018-05-15,False,False,False,False,False,0.0,0,0,False,[],泓琨电力
2018-06-30,半年报,2018-08-27,无保留意见,True,289529860.5081467,107520690.28674434,182009170.22140238,0.3713630438602686,30648880.287609458,7.981801245258665e-15,200192.46523497114,41122124.06471758,677743.6015381232,3783091.89774771,958.1710809509246,71514639.76400983,40000000,4.55022925553506,-25407735.076252285,-22624211.244026896,34472983.16384821,-11012742.434672013,-0.27531856086680034,-9906863.429173376,17934597.987079687,-31032009.35716507,-51975755.56522573,-65073166.93531111,-0.1074011357907426,1.1271341537886934,0.0010766259827284914,0.05605449635096235,2021-12-01,2018-09-11,False,False,False,False,False,0.0,0,0,False,[],泓琨电力
2018-09-30,季报,2018-10-27,无保留意见,False,262856832.83199054,84444453.1476347,178412379.68435585,0.32125645066114306,26352669.399261158,8.096166957847988e-15,194882.4559929018,31986190.782350477,612822.2456622055,3475106.0619496875,805.5492777407716,66623058.45460093,40000000,4.460309492108896,-31912748.138475217,-28511952.74234369,33247707.25076016,-9292875.80317562,-0.23232189507939052,-8411059.283309707,23376942.18576249,-27160223.73095694,-45045412.67685713,-48828694.222051576,-0.01976158966425292,0.28725449218287885,-0.05010659319912555,0.028779342665683518,2021-12-01,2018-12-12,False,False,False,False,False,0.0,0,0,False,[],泓琨电力
2018-12-31,年报,2019-03-30,非标准无保留意见,False,303580002.8475082,101780442.55628711,201799560.2912211,0.3352672824349785,30559665.412381355,9.03718533697274e-15,233366.5987410605,38416496.8729407,817685.1322976482,4161011.8528424986,977.3045111002459,79310025.7717631,40000000,5.0449890072805275,-35982536.08466505,-32287537.54713695,13963510.620429235,-5813982.780271187,-0.14534956950677969,-5393692.5782760875,29423578.617353696,-31064113.08929822,-61631152.279307194,-63271686.75125171,0.13108496533839994,0.45138665656093463,0.014010831773835462,0.23413045434029145,2021-12-01,2019-05-07,False,False,False,False,False,0.0,0,0,False,[],泓琨电力
2019-03-31,季报,2019-04-30,无保留意见,False,289912774.46745086,107148042.23632114,182764732.2311297,0.3695871712902078,30198472.467435874,8.484143501295375e-15,203897.26304745628,40625680.347063206,740236.1240719833,4100549.91337505,899.8100771296826,76953813.89685537,40000000,4.569118305778242,-41661683.45124357,-37583376.73319904,37827573.06014426,-8113067.66654074,-0.2028266916635185,-7565484.551517267,45142234.557592906,-26277090.561951008,-52510381.976980455,-33645237.98133856,-0.09432541890885124,-0.20553203531768657,0.03431988885522931,0.08210059855948602,2021-12-01,2019-06-22,False,False,False,False,False,0.0,0,0,False,[],泓琨电力
2019-06-30,半年报,2019-08-27,无保留意见,False,338808519.0485481,135556797.85089847,203251721.1976496,0.40009855192417537,34690778.81338584,9.065941936629912e-15,264506.343844451,42760712.626015425,749060.3652435198,4368533.764578674,924.6140506125789,80665046.93274516,40000000,5.08129302994124,-47971245.60172629,-43148351.08759084,6603726.990854124,-9013660.214975324,-0.22534150537438308,-7949963.363416868,57136157.59802445,-33818966.493911944,-59128382.37118132,-35811191.26706881,0.1120948703637826,-0.10133896767097655,0.03051138063396758,-0.011164547128667286,2021-12-01,2019-10-04,False,False,False,False,False,0.0,0,0,False,[],泓琨电力
2019-09-30,季报,2019-10-27,无保留意见,False,330430226.9924083,145721820.3113931,184708406.68101513,0.44100632571590104,33468302.486762043,1.057669926308705e-14,248258.0961638857,46297484.81527397,774885.0473483381,4696251.902722935,1100.6109637169975,86064283.2136746,40000000,4.617710167025378,-53384582.02795006,-48242601.68358092,5733611.2953905985,-7733337.751748249,-0.19333344379370623,-7277500.851414397,16033731.654038876,-34875352.221924216,-63194915.072765164,-82036535.64065051,-0.0912332471644964,0.16031404844905672,0.040907773791725645,-0.04145806465567412,2021-12-01,2019-11-16,False,False,False,False,False,0.0,0,0,False,[],泓琨电力
2019-12-31,年报,2020-03-30,无保留意见,False,327275912.26044416,141075197.85467285,186200714.40577134,0.4310589095307633,37509869.692399226,9.342599096128528e-15,248400.74965304325,45676048.771545894,774066.9711034619,4437767.792796824,960.5216922071487,83213319.43738171,40000000,4.655017860144284,-54050201.18089959,-48759869.61289252,2796622.051430374,-950884.5042136069,-0.023772112605340172,-738954.1847308514,30792056.040870104,-33108217.98881185,-60515664.76588551,-62831826.71382725,0.00807926261490279,0.7319197641863142,-0.00994741618513775,-0.05395079514732256,2021-12-01,2020-04-12,False,False,False,False,False,0.0,0,0,False,[],泓琨电力
2020-03-31,季报,2020-04-30,无保留意见,False,283818938.15708643,116320560.47583337,167498377.68125305,0.40984072885035233,32129656.383582816,9.165405273683648e-15,243818.5630869856,41767092.845565766,687731.0895468701,4368728.780352179,1051.056808386763,79416082.21539856,40000000,4.187459442031326,-49620004.76895492,-44450633.19384494,11977678.858833339,6328852.017063808,0.15822130042659519,6156052.027210833,52221453.22340919,-26935711.936607804,-51530717.60330453,-26244976.31650314,-0.10044180971165283,0.453591135485857,-0.021218180680410946,-0.02949041628594289,2021-12-01,2020-05-12,False,False,False,False,False,0.0,0,0,False,[],泓琨电力
2020-06-30,半年报,2020-08-27,无保留意见,False,257582864.13919216,114131870.12314229,143450994.01604986,0.4430879767742155,20743251.620418884,6.3639813016990655e-15,193226.07734451117,29867620.59466212,559734.4625129335,3111873.255621573,749.917844615285,59465613.70979167,40000000,3.5862748504012467,-43520753.09255402,-39426243.099971555,32964059.321796317,8713216.680572718,0.21783041701431796,7177700.134104835,34760383.49680522,-26184387.075186606,-49018918.195349,-40442921.77373038,-0.14356786016736836,0.10220668645696222,0.0332472479238632,0.034111248304990675,2021-12-01,2020-09-23,False,False,False,False,False,0.0,0,0,False,[],泓琨电力
2020-09-30,季报,2020-10-27,无保留意见,False,275327023.2377161,118490511.53365672,156836511.7040594,0.4303628105235153,27360682.690668866,7.506872260061843e-15,213125.7442331549,34252097.89964055,634648.5774436749,3472643.2663671854,870.9628575225096,67423150.99341513,40000000,3.920912792601485,-44428772.44091713,-40237584.93724144,0.0,-1297170.4976615831,-0.032429262441539576,-1159059.7675284098,8344278.558431466,-28598614.886500105,-54849863.122454606,-75104199.45052324,0.09331073499924242,-0.38930901966059805,-0.0127251662507002,-0.11423061037773206,2021-12-01,2020-11-10,False,False,False,False,False,0.0,0,0,False,[],泓琨电力
2020-12-31,年报,2021-03-30,无保留意见,False,274972152.527862,114327967.3287574,160644185.1991046,0.41578016638311377,26065043.228744455,8.157680994412774e-15,193000.49135044165,36974021.62667352,570234.2756370101,3173284.3197233817,858.9267105010006,68365980.74371237,40000000,4.016104629977615,-45962650.31468611,-41659915.608802214,7748479.44450759,-2191254.105384268,-0.0547813526346067,-2031900.9593725326,7224303.431240214,-29253797.337823935,-56054449.80755855,-78083943.71414226,0.02427797872876723,-0.056937738997264224,-0.01458264414040154,-0.06169111422271998,2021-12-01,2021-05-24,False,False,False,False,False,0.0,0,0,False,[],泓琨电力
2021-03-31,季报,2021-04-30,非标准无保留意见,False,278347227.8571534,126925490.29833616,151421737.55881724,0.4559969620515631,25743130.3695523,7.85461481513648e-15,229093.368081521,37137510.95602721,643772.0888633662,3757041.3545617764,859.3104861240693,69230232.37607521,40000000,3.7855434389704308,-47099643.29046393,-42743713.44417961,2496429.5878737154,-1624275.6796825975,-0.040606891992064936,-1548282.6219677036,28037802.385947008,-28154718.765506256,-57189149.57898215,-57306065.9585414,-0.05740915943429239,0.038286727973893854,0.040216795668449296,0.04341182908379165,2021-12-01,2021-06-05,False,False,False,False,False,0.0,0,0,False,[],泓琨电力
2021-06-30,半年报,2021-08-27,无保留意见,True,339052313.9406309,164272736.1254731,174779577.8151578,0.48450557442365005,39998957.02028243,1.0116783381834052e-14,278398.5251070165,46717213.17007334,812497.2180216352,4598447.2715842305,1065.6176206444386,91262262.20466967,40000000,4.369489445378945,-45906608.12885255,-41685834.49285439,4590317.192185524,1704335.9451591112,0.04260839862897778,1511255.6447503131,4400666.496912997,-36029396.51224932,-64920296.75558399,-96549026.7709203,0.15425684999333486,0.21648486637103,0.028508612372086958,0.03909685661552238,2021-12-01,2021-09-20,False,False,False,False,False,0.0,0,0,False,[],泓琨电力
2021-09-30,季报,2021-10-27,无保留意见,True,401546667.7487144,203516467.3660278,198030200.3826866,0.5068314188909849,41951557.60183746,1.1460824715088035e-14,304891.9233120056,54095962.70601327,879199.7583537007,5135022.849465701,1273.109879674679,101795617.80172056,40000000,4.950755009567165,-38679332.62470687,-35105857.99388785,37218045.032059126,10324679.29163669,0.2581169822909173,9399966.427095054,9883109.109831918,-42493207.8572663,-74499233.33228214,-107109332.07971652,0.13302825683740932,0.4608740653371668,0.022325844467334904,0.05397682596713998,2021-12-01,2021-12-08,False,False,False,False,False,0.0,0,0,False,[],泓琨电力
2021-12-31,年报,2022-03-30,无保留意见,False,345935542.3493694,179246614.89851263,166688927.45085675,0.518150328472137,35286988.94604265,9.46808709736877e-15,254629.8446974511,39838578.04244049,770074.3699005581,4855303.833371673,890.6846477317,82630407.94342086,40000000,4.167223186271419,-29628357.581879344,-26251386.534561623,61184739.797883645,12929964.346896466,0.32324910867241163,12649244.94189461,42394306.241414726,-37426013.975753754,-63806973.09121396,-58838680.825552985,-0.15826511749856279,0.0953454943589102,0.011318909581152087,-0.08888080154389963,2021-12-01,2022-05-28,False,False,False,True,False,0.0,0,0,False,[],泓琨电力
2022-03-31,季报,2022-04-30,保留意见,False,340325184.753278,177467548.2948535,162857636.45842454,0.5214646351356873,30550064.533542637,9.242570619419258e-15,234882.92078726643,41710949.47805987,724328.3061231931,4077831.25954207,1020.0598002982788,80080733.94232513,40000000,4.071440911460614,-18953693.414443344,-16524686.683207698,11117726.945921667,15249520.239194285,0.38123800597985713,13895285.501934178,55188859.950688705,-35167344.12807003,-61119897.86156275,-41098382.03894407,-0.02298467601311898,0.07749945390557557,0.00331430666355031,-0.03230760705121179,2021-12-01,2022-06-21,False,False,False,False,False,0.0,0,0,False,[],泓琨电力
2022-06-30,半年报,2022-08-27,无保留意见,False,401108059.08761775,223753881.28035364,177354177.80726412,0.557839405643747,38916907.37033515,1.109148557581285e-14,306929.6170677364,48922331.119514845,893583.2609744002,5222197.994754242,1194.6963353121964,99611177.76364169,40000000,4.433854445181603,-21304696.831774484,-18532243.266141675,10618777.058645073,-3358576.3104730602,-0.08396440776182651,-2867937.9756199685,7206159.782707497,-38917069.00740561,-86894899.96307655,-118605809.18777466,0.0890135805976797,-0.5770038255344988,0.03637477050805971,0.14350272576211273,2021-12-01,2022-10-21,False,True,True,False,True,0.0,0,2,True,"['公司在相应期间是否按照中国证券监督管理委员会相关规定为中小股东参与现金分红决策提供了便利', '是否影响偿债能力、过去十二个月内是否使用过募集资金补充流动资金以及未来十二个月内是否计划使用募集资金补充流动资金等内容', '结合所处行业特点、发展阶段和自身经营模式、盈利水平、偿债能力、资金需求等因素，未进行现金分红或现金分红水平较低原因的说明']",泓琨电力
2022-09-30,季报,2022-10-27,无保留意见,False,372251417.2567469,214359585.33531672,157891831.9214302,0.5758462571210843,37082509.74154751,1.0212016033285108e-14,286830.47127623274,42342749.867291465,809732.8455159173,4241926.71592529,1025.2874067754024,87486223.03484322,40000000,3.947295798035755,-26068868.422459148,-22631555.74453375,29049937.43646549,-6805959.415263804,-0.1701489853815951,-5856160.683417249,68251069.44904482,-35513887.96207115,-70715810.47119656,-37978628.98422289,-0.10973717183580652,-0.25271431950592044,0.018006851477337157,-0.01771013282898059,2021-12-01,2022-12-08,False,False,False,False,False,0.0,0,0,False,[],泓琨电力
2022-12-31,年报,2023-03-30,无保留意见,False,309294648.72104245,172313418.51636058,136981230.20468187,0.557117361159949,35488140.21724495,8.870971481333044e-15,235450.5238950411,43943327.48436999,763935.1130914692,4105478.2776562283,995.1682798760193,79100094.96965992,40000000,3.424530755117047,-33635995.979462445,-29075985.928369027,33660906.30885716,-10810182.22429042,-0.27025455560726047,-9206328.834050393,28847519.10612277,-31080521.18609662,-64275971.678254925,-66508973.75822878,-0.13243624741242993,-0.392800359753545,-0.018728895961135184,0.016317724368114447,2021-12-01,2023-04-20,False,True,True,False,False,0.0,2,0,True,['留存未分配利润的预计用途以及收益情况'],泓琨电力
2023-03-31,季报,2023-04-30,无保留意见,True,306849648.4259596,155380578.27617276,151469070.14978683,0.5063736558709627,30703451.23796377,8.502347756413327e-15,216057.21556215655,37075188.09905654,668281.9988018568,3954997.7098144437,938.6671434927839,73443619.69466513,40000000,3.786726753744671,-42047227.58444762,-36912418.581359,22113039.67924919,-12016045.149978831,-0.3004011287494708,-11194903.789985677,55503622.25956718,-33978139.082758136,-62586795.874085,-41061312.69727596,0.10576514697274032,-0.19481396212026203,-0.0507437052889863,-0.04639010092690506,2021-12-01,2023-06-24,False,True,False,False,False,0.0,4,0,True,['留存未分配利润的预计用途以及收益情况'],泓琨电力
2023-06-30,半年报,2023-08-27,无保留意见,False,357640897.2259145,212744114.32497478,144896782.90093967,0.5948539889457571,35934863.235844314,1.0903777219916218e-14,267560.47735177027,43939788.133579694,856463.1073499861,4943563.423038506,1107.3323575763557,89222915.1370595,40000000,3.622419572523492,-49761109.14633186,-43540034.48741656,5841484.7442367,-11019830.802691776,-0.2754957700672944,-9468022.722939365,22840674.86354963,-33063122.43759594,-67395309.48649773,-77617757.06054404,-0.043390292436256805,0.19988430418522396,0.08848033307479443,0.2914590348671366,2021-12-01,2023-09-17,False,False,False,True,False,0.0,0,0,False,[],泓琨电力
2023-09-30,季报,2023-10-27,非标准无保留意见,False,257923044.74150088,124564371.06302243,133358673.67847845,0.4829516927727998,26978300.189483788,8.228775798431186e-15,197895.5684606969,35914501.145784624,562961.1335776853,3400107.981299125,788.4554832468855,67726679.83045638,40000000,3.3339668419619612,-55495658.200014845,-48794432.943960816,26819704.923601218,-8192212.9338328205,-0.20480532334582052,-7506283.509348937,42306270.72794689,-27563654.872299146,-50540124.15861773,-35797508.30296998,-0.07962985092877732,0.47283241921176994,-0.11190229617295734,0.05379528601268147,2021-12-01,2023-12-12,False,False,True,False,True,0.0,0,8,True,"['留存未分配利润的预计用途以及收益情况', '充分披露高送转的主要考虑及其合理性且送转股后每股收益不低于0.5元', '是否影响偿债能力、过去十二个月内是否使用过募集资金补充流动资金以及未来十二个月内是否计划使用募集资金补充流动资金等内容', '公司为增强投资者回报水平拟采取的措施']",泓琨电力
2023-12-31,年报,2024-03-30,保留意见,False,363012385.88657236,201281548.54954433,161730837.337028,0.5544757048935438,36629655.44016536,9.72795418421714e-15,253402.9397782953,47818989.723097846,795271.0979918496,4267796.644694801,1139.5937532054481,87620850.47734204,40000000,4.0432709334257,-62230890.798468746,-54538565.84472061,19190191.379571624,-9621760.85493416,-0.24054402137335398,-8205904.143942558,63049517.32020287,-34135702.82082113,-63202622.339199856,-34288807.83981811,0.2127507936000736,-0.16230500469210654,0.07152401212074397,0.0997419206523015,2021-12-01,2024-04-09,False,False,False,True,False,0.0,0,0,False,[],泓琨电力
2024-03-31,季报,2024-04-30,无保留意见,False,386833469.7210574,216849860.11154538,169983609.609512,0.5605767780846733,41299380.76948113,1.18316457395815e-14,282078.39076592657,52765401.89148909,991022.0465513672,5464046.961312208,1257.7047387031096,100169571.5814035,40000000,4.2495902402378,-66935312.29306637,-58523596.918871105,12018571.700820565,-6720602.135139449,-0.1680150533784862,-5692901.534500707,38164287.22339997,-41239625.33172969,-73921522.61534894,-76996860.72367865,0.05102782133803089,0.39320475560010115,0.0061010731911295335,-0.11282877644994062,2021-12-01,2024-05-17,False,True,False,True,False,0.0,1,0,True,['根据公司盈利能力、融资能力及其成本、偿债能力及现金流等情况披露现金分红方案的合理性，是否导致公司营运资金不足或者影响公司正常生产经营'],泓琨电力
2024-06-30,半年报,2024-08-27,无保留意见,False,398825658.69016016,224994534.63227326,173831124.05788687,0.5641425764109804,41926060.707991764,1.2567455078094897e-14,344321.2991558947,58121787.11491058,1014810.0282333156,5813740.187887488,1206.1912049888924,108019726.55869037,40000000,4.345778101447172,-71790829.2910556,-62987114.90580494,26870409.372654416,-6936452.854270339,-0.17341132135675846,-6376454.267048351,50397986.397001326,-41075802.681154035,-77330346.35638191,-68008162.64053461,0.02263462022728802,-0.020998381614234476,0.003565798326307109,-0.047706515556082595,2021-12-01,2024-09-25,False,True,False,False,False,0.0,3,0,True,"['结合前述财务报表列报项目的具体情况说明现金分红方案确定的依据及未来增强投资者回报的规划', '根据公司盈利能力、融资能力及其成本、偿债能力及现金流等情况披露现金分红方案的合理性，是否导致公司营运资金不足或者影响公司正常生产经营', '是否影响偿债能力、过去十二个月内是否使用过募集资金补充流动资金以及未来十二个月内是否计划使用募集资金补充流动资金等内容']",泓琨电力
2024-09-30,季报,2024-10-27,无保留意见,False,591991035.2645758,407037836.55785674,184953198.70671907,0.6875743251347399,73544475.77101728,1.68479802401084e-14,500477.37221284804,85881536.22615407,1414709.174784105,8954008.38303788,2013.056752651783,160658489.89056522,40000000,4.623829967667977,-80272461.74134186,-70568581.79197517,8369973.19445285,-12116617.786123212,-0.3029154446530803,-10830666.980243187,56720732.888801694,-61695394.73355674,-108974516.58201012,-113949178.42676517,0.06398206713044359,-0.514745432881587,0.12343174872375957,0.07831422003238404,2021-12-01,2024-12-02,False,False,False,False,False,0.0,0,0,False,[],泓琨电力
2024-12-31,年报,2025-03-30,无保留意见,False,554751000.1553693,373561576.5055349,181189423.6498344,0.673386035177785,54338824.93510655,1.5759862279409777e-14,385746.9885467144,70263030.74130422,1146672.312291133,6321505.6145477155,1481.2390184995518,131079060.93691991,40000000,4.52973559124586,-88683212.84366533,-79257005.38540836,32204274.864451006,-12015358.717604963,-0.30038396794012406,-12412033.704904543,32047001.192274973,-52720503.04525594,-112202970.85949329,-132876472.71247426,-0.020349878148649327,0.020735437875517543,-0.014188289956954935,-0.11153139287049733,2021-12-01,2025-04-19,False,False,False,True,True,0.0,0,0,False,[],泓琨电力
2017-03-31,季报,2017-04-30,无保留意见,False,281959285.5881232,100555744.16330789,181403541.4248153,0.3566321426640171,135570997.6129471,138661.46098958838,4.396814976760417,12719904.23500712,152279.7076972324,1461882.474399755,5330006.236788555,161366000.04356718,40000000,4.535088535620383,1607976.8661974808,1525993.4950139292,8610829.553103136,2297109.8088535443,0.05742774522133861,2179990.707162756,-42769452.16743197,-18569223.587370325,121519436.7527512,60180760.9979489,0.0077974523600849,0.07206165604741918,0.05663214266401713,-0.058887002721727526,2021-08-31,2017-05-14,False,False,False,False,False,0.0,0,0,False,[],琬瑾农业
2017-06-30,半年报,2017-08-27,无保留意见,True,335100851.4753848,139415036.32313716,195685815.1522476,0.4160390393200121,189394126.37052277,207692.06781718825,7.254904318999454,16475075.688653484,214674.3043499733,2015521.4736673362,8037747.124575309,221548331.62049955,40000000,4.89214537880619,-751092.5695117436,-581773.4511458001,12810932.779122906,-3370099.193870321,-0.08425247984675802,-3011095.637371042,-43085635.206581764,-25023085.994238492,135225634.46206036,67116913.26124011,0.07873205569887824,-0.2936817512498033,0.059406896655995,0.14250238601029924,2021-08-31,2017-10-01,False,False,False,False,False,0.0,0,0,False,[],琬瑾农业
2017-09-30,季报,2017-10-27,无保留意见,False,350519804.9147968,156225023.5903476,194294781.32444927,0.4456952828337966,169214666.5139481,160276.9204290401,5.872977028968443,15889834.239771685,194064.52007337025,1957977.7048693534,6656480.156435779,200252470.0970797,40000000,4.857369533111232,-21413.055010218915,24372.477172995532,2219360.948800413,1042399.3064307496,0.02605998266076874,865922.7547411366,-5901438.42279798,-24794340.240670208,157291815.58749503,126596036.92402685,-0.007108506187411208,0.3237366553919943,0.029656243513784496,0.09803034646559242,2021-08-31,2017-11-15,False,False,False,False,False,0.0,0,0,False,[],琬瑾农业
2017-12-31,年报,2018-03-30,保留意见,False,347539320.2261112,135467868.71375975,212071451.51235145,0.3897914878397746,183093511.12168312,177154.1056714468,7.2226637874896324,16692197.633802988,205910.334368785,2184775.543515275,7259545.599855218,218025550.25001377,40000000,5.3017862878087865,2060004.472857666,2161122.268688407,11135310.497648025,2973453.6112398356,0.0743363402809959,3052499.7021648735,-34770329.18306746,-26727055.682421993,139467418.27612805,77970033.4106386,0.0914932972811928,0.10702868681776777,-0.05590379499402206,0.07004706455680308,2021-08-31,2018-04-15,False,False,False,False,False,0.0,0,0,False,[],琬瑾农业
2018-03-31,季报,2018-04-30,无保留意见,False,362251216.59160453,152500183.9152264,209751032.67637813,0.4209790800707023,179308155.26553473,163539.98439966905,5.77851901014039,14930769.456342567,187280.0132246859,1868994.311442235,7175356.113390781,196727021.32679895,40000000,5.243775816909453,9445.152818916366,192946.4667556918,9326441.736697447,-2929370.457198214,-0.07323426142995534,-2811679.717046736,-63444215.03197637,-28346228.90085943,152600351.93760073,60809908.00476493,-0.010941684132520686,-0.29553347074220054,0.0311875922309277,0.13956211164762786,2021-08-31,2018-05-16,False,False,False,False,False,0.0,0,0,False,[],琬瑾农业
2018-06-30,半年报,2018-08-27,无保留意见,False,409111069.20763564,167154376.91860387,241956692.28903174,0.408579453111224,223055315.2272021,236301.68404665167,8.399388157731435,20441838.968468662,252792.1760960117,2354944.4484015265,9889415.731014166,272610616.83502936,40000000,6.048917307225794,-894482.9994883523,-598728.381517018,4271872.609765654,-1291325.9318675268,-0.03228314829668817,-1130964.068961014,-26194032.742465965,-30463076.59731394,179558615.85331187,122901506.51353195,0.15354231729739926,0.11641586613789254,-0.012399626959478226,0.034009143527816005,2021-08-31,2018-09-09,False,False,False,False,False,0.0,0,0,False,[],琬瑾农业
2018-09-30,季报,2018-10-27,无保留意见,False,431599712.7439871,159110737.14388424,272488975.60010284,0.3686534824879837,248171507.50333476,233813.08777267582,8.45767480895984,20952418.20499791,250746.99926281397,2525969.115760287,10015531.992241124,275180108.7454231,40000000,6.812224390002571,-2904426.5874515944,-2317621.870986212,0.0,-2871347.982804632,-0.0717836995701158,-2455562.127813135,-44151850.68824479,-35929910.12827479,174576367.5019841,94494606.6854645,0.12618904243656337,-0.10058277637464196,-0.03992597062324033,0.01663411885458128,2021-08-31,2018-11-16,False,False,False,False,False,0.0,0,0,False,[],琬瑾农业
2018-12-31,年报,2019-03-30,无保留意见,False,430169482.1407039,165207058.2564264,264962423.8842775,0.3840510894317438,247154920.8247767,232566.70875219762,8.298117286222407,22369373.370448086,242637.86940311498,2572907.378066448,10536503.131324137,281389836.7640768,40000000,6.624060597106937,352334.4451384436,713665.7224153702,15813792.424585784,4652515.760842912,0.1163128940210728,4330410.847716547,-83695182.34720857,-34787699.801439226,180071539.3836328,61588657.23498501,-0.02762149073829373,0.532525235563207,0.015397606943760106,-0.08327887517713624,2021-08-31,2019-04-09,False,False,False,False,False,0.0,0,0,False,[],琬瑾农业
2019-03-31,季报,2019-04-30,无保留意见,False,494406099.55559075,216106408.290067,278299691.26552373,0.43710303834099057,277718861.8477739,277582.22390608076,8.561735963271902,24528621.302892666,284012.67959982285,2880105.936526576,10586995.4603659,310519878.4904229,40000000,6.9574922816380935,8754985.880672751,8464965.718815057,37555180.79273579,12003787.76504901,0.30009469412622525,11073285.709142411,-67007536.62641155,-36429720.879105605,218559746.37404487,115122488.86852771,0.05033644841304489,0.33951121825300173,0.05305194890924679,0.11299849364526784,2021-08-31,2019-06-01,False,False,False,False,False,0.0,0,0,False,[],琬瑾农业
2019-06-30,半年报,2019-08-27,无保留意见,False,542196591.7655644,231810437.81080118,310386153.95476323,0.42753945954538874,275756116.2890397,316507.78349160607,9.67807001920942,26792438.0882481,362560.14185600384,2972249.0996457017,10460641.513681658,331185346.17421067,40000000,7.759653848869081,23205162.425921667,21050078.317407954,11688642.566940986,20643109.350355595,0.5160777337588899,17978732.28370414,-72123888.81630984,-40563372.069154486,208141642.85901996,95454381.97355564,0.11529463990179578,0.29786873546624815,-0.009563578795601792,0.04882571078573731,2021-08-31,2019-09-26,False,False,False,False,False,0.0,0,0,False,[],琬瑾农业
2019-09-30,季报,2019-10-27,无保留意见,False,576077784.5034757,269936477.1830406,306141307.320435,0.4685764395787285,342750821.656836,358098.4850480925,11.068243378501089,28223034.927742653,362245.0201469313,3398010.3347544754,11206066.075340211,366014174.5930753,40000000,7.653532683010875,26978372.522960193,24607999.96102661,8402508.473877877,5390300.138626467,0.13475750346566168,5082745.205169506,-58739407.0522383,-43681966.10799323,211259345.610639,108837972.45040748,-0.013676018018983339,-0.40519525286199676,0.041036980033339755,0.03242342967509827,2021-08-31,2019-11-26,False,False,False,False,False,0.0,0,0,False,[],琬瑾农业
2019-12-31,年报,2020-03-30,无保留意见,False,605147897.5050602,291993323.4788808,313154574.0261794,0.48251563738836123,321914126.37953764,314400.66558386205,10.625789632844171,27049840.21069284,342659.2888883549,3307772.694017183,11719049.225494975,358296040.2913099,40000000,7.828864350654484,27460575.41390803,25031745.659837823,2474340.0830448302,688861.2727826238,0.017221531819565594,605350.9983017363,-82266582.46371351,-45672669.173323534,248346118.06113896,120406866.42410192,0.022908593313099312,-0.209976589716776,0.013939197809632688,-0.00244082718322794,2021-08-31,2020-04-15,False,False,False,False,False,0.0,0,0,False,[],琬瑾农业
2020-03-31,季报,2020-04-30,保留意见,False,732782120.3175783,402647671.4974175,330134448.82016087,0.5494780240037996,396536290.1998057,386064.7148367663,13.352625361916365,34469597.01148818,418552.88701372966,3682098.0249410956,15499278.180011582,436939165.612196,40000000,8.253361220504022,26953257.06220595,24586009.85794104,1262516.1701399616,-724740.5024315398,-0.018118512560788495,-636765.4312811161,-120926270.85974102,-63628617.80298182,297815737.942124,113260849.27940118,0.05422202388958865,-0.07991479798585084,0.06696238661543846,0.14032930365884333,2021-08-31,2020-06-23,False,False,False,False,False,0.0,0,0,False,[],琬瑾农业
2020-06-30,半年报,2020-08-27,无保留意见,False,686511316.409382,362092882.06560135,324418434.34378064,0.527439058047045,390353835.13017666,397270.63484904415,12.90430984545291,32351147.99063614,436808.69150993257,4540083.46426626,14858420.53825599,444251330.2964042,40000000,8.110460858594516,36344445.1003591,32922004.884254485,25663028.194264695,13415982.911647357,0.33539957279118393,11908564.323304925,-10462699.195933692,-46440997.40000026,295641850.71655005,238738154.1206161,-0.017314201825372036,0.8688478003187314,-0.02203896595675463,-0.0830573244605245,2021-08-31,2020-10-09,False,False,False,False,False,0.0,0,0,False,[],琬瑾农业
2020-09-30,季报,2020-10-27,无保留意见,False,656870363.6154468,332252930.89495474,324617432.72049206,0.5058120282154583,358856628.0591512,322526.98490514036,11.283664385164263,31606610.069899958,422460.28002845286,3523765.1281134305,14026652.495684708,401246905.2786496,40000000,8.115435818012301,40022096.79330227,36347248.6519686,15364277.198607782,5253788.132775955,0.13134470331939888,4893205.382448737,-42322099.8659635,-49943130.727633126,251872001.21536508,159606770.62176844,0.000613400336247718,-0.26835216217016644,-0.021627029831586736,0.13111181841236413,2021-08-31,2020-12-18,False,False,False,False,False,0.0,0,0,False,[],琬瑾农业
2020-12-31,年报,2021-03-30,非标准无保留意见,False,625440349.5489771,292338713.0697157,333101636.47926146,0.4674126210125865,361163069.87456965,405030.6522043155,13.19330187096536,29273954.503778152,395544.5886815738,3755908.7854518797,14965357.341766559,418956610.6691893,40000000,8.327540911981536,43533854.35409916,39390873.751276776,4123628.701444267,5016796.515424132,0.1254199128856033,4348035.85615454,-80039456.23216666,-47490364.30565179,263022314.65103456,135492494.1132161,0.026136007815928355,-0.010649495534774955,-0.03839940720287174,0.09472750821330618,2021-08-31,2021-05-07,False,False,False,False,False,0.0,0,0,False,[],琬瑾农业
2021-03-31,季报,2021-04-30,无保留意见,False,593377788.4455681,254639312.19172457,338738476.25384355,0.42913522742195326,331791250.8875475,330608.395482304,11.837557310152594,28751202.0794764,390756.62368130137,3888392.615748539,13124122.368623197,384008999.945277,40000000,8.46846190634609,45522441.18257385,41253124.22527655,6819139.4162965575,2840838.3263924085,0.07102095815981022,2660357.81999968,-48280432.565273516,-43588524.06047298,228228710.13130057,136359753.50555408,0.016922281842145902,-0.09883173455808297,-0.0382773935906333,0.05143536548636231,2021-08-31,2021-05-30,False,False,False,False,False,0.0,0,0,False,[],琬瑾农业
2021-06-30,半年报,2021-08-27,非标准无保留意见,False,614141016.9155283,253197567.21902516,360943449.6965031,0.4122792001268515,307123556.94494635,313411.72944952786,10.6566439268795,30649978.5380879,340031.73794997303,3434491.735333699,12440573.673787158,365413724.42838657,40000000,9.023586242412577,47419910.183495596,42975246.67923493,10184957.106968341,2710670.001316782,0.06776675003291956,2460174.934226261,-22763069.84421957,-45607843.19987936,244780089.32008526,176409176.2759863,0.0655519670756846,-0.006560626266606673,-0.016856027295101737,0.13392607303859658,2021-08-31,2021-09-26,False,False,False,False,False,0.0,0,0,False,[],琬瑾农业
2021-09-30,季报,2021-10-27,无保留意见,False,672600807.538691,287701024.65048677,384899782.88820434,0.4277440963880152,343826041.86650145,380677.2480630587,12.556883270006425,31712577.57795279,359310.2192748404,4073184.0116926846,13735997.067763034,411046684.5914298,40000000,9.622494572205108,49626976.5108493,44815964.10304579,9618211.839491464,3152951.89621957,0.07882379740548925,2629596.3197298003,-96144946.47980382,-53242530.92598525,279125376.8821503,129737899.47636122,0.06637143079295307,0.022438704258822273,0.01546489626116369,0.1598390821269766,2021-08-31,2021-11-29,False,False,False,True,False,0.0,0,0,False,[],琬瑾农业
2021-12-31,年报,2022-03-30,非标准无保留意见,True,841026617.4339018,371573718.3936673,469452899.04023457,0.44180970101445105,457569751.13352394,486011.1957227281,16.4463806994372,41869467.812593766,468665.71018850384,5525164.457074833,19598311.20965088,538262139.0532265,40000000,11.736322476005864,52211118.07370988,47071678.66298084,6102610.883336152,3691630.8040865473,0.09229077010216369,3222449.371335788,-128012535.18495865,-64938444.94903048,372192681.4392157,179241701.3052266,0.219675666007297,0.026729528787692285,0.014065604626435822,-0.014942268761000535,2021-08-31,2022-04-16,False,False,False,False,False,0.0,0,0,False,[],琬瑾农业
2022-03-31,季报,2022-04-30,非标准无保留意见,False,964708236.089409,462304546.00157756,502403690.08783144,0.47921695773594625,507002469.77759033,516094.0180743443,18.077554112085334,48976452.96044622,575601.8676366237,5487342.544824281,19255880.844528817,587122048.9615883,40000000,12.560092252195785,60979438.07470153,54628225.180544876,22116319.494956102,12526171.429988075,0.3131542857497019,10795066.453662904,-14776308.809775723,-73375269.02181426,394304099.20398986,306152521.37239987,0.07018977008122124,0.4269620267995854,0.03740725672149524,-0.005642243432544049,2021-08-31,2022-05-18,False,False,False,False,False,0.0,0,0,False,[],琬瑾农业
2022-06-30,半年报,2022-08-27,无保留意见,False,829369269.4548011,336074761.1299012,493294508.3249,0.4052172819844473,455292517.8716938,453041.37702705397,16.201431909493188,40439896.8496768,511457.2946172487,5562278.783783266,17696202.077317126,546596548.2665263,40000000,12.3323627081225,74730764.22420625,66613132.28011921,14908163.190041807,19644751.642149612,0.4911187910537403,17121295.856534764,-33329407.869212873,-63150369.89307579,320242947.1589464,223763169.39665774,-0.018131199954639913,0.24109391320987852,-0.07399967575149899,-0.016149377324932195,2021-08-31,2022-10-13,False,False,False,False,False,0.0,0,0,False,[],琬瑾农业
2022-09-30,季报,2022-10-27,无保留意见,False,960632872.2413654,425690034.5667989,534942837.67456645,0.4431349861821525,544327568.1381655,539321.4862494419,19.855218567307027,48932198.31775614,577253.7155882482,5652344.11482069,22470963.204430353,623339062.0951164,40000000,13.37357094186416,84629631.34045435,75470088.0702816,70498900.3335673,14141238.737497289,0.3535309684374322,12652793.985946272,-127387213.58363913,-70058694.44177848,381204874.1935341,183758966.16811645,0.08442893372377787,-0.1501855697753471,0.03791770419770529,0.0315065736635947,2021-08-31,2022-11-27,True,False,True,False,False,16590149.734527808,0,1,True,"['结合前述财务报表列报项目的具体情况说明现金分红方案确定的依据及未来增强投资者回报的规划', '公司为增强投资者回报水平拟采取的措施', '是否影响偿债能力、过去十二个月内是否使用过募集资金补充流动资金以及未来十二个月内是否计划使用募集资金补充流动资金等内容']",琬瑾农业
2022-12-31,年报,2023-03-30,无保留意见,False,997155886.8586609,420477682.91585094,576678203.94281,0.4216769799559438,576630226.8293781,551183.3423436688,17.760773890015862,45538240.52202975,533630.2838649962,5594422.411585969,19843943.192072883,596661879.8483044,40000000,14.416955098570252,84494312.18915156,75352533.96401156,881959.7568741947,-193313.0732897073,-0.004832826832242683,-167934.43752861588,-148407988.91614023,-74003247.2127189,438612164.96640956,216200928.83755043,0.07801836631680141,-0.46030769461738547,-0.021458006226208765,-0.0105754673514356,2021-08-31,2023-05-13,False,False,False,False,False,0.0,0,0,False,[],琬瑾农业
2023-03-31,季报,2023-04-30,无保留意见,False,1200934362.2591217,578048579.8895522,622885782.3695694,0.4813323675759963,708156462.489851,664366.9049176264,21.078430514548902,59254465.52472758,693637.9649809884,7964999.855536199,24653976.4366429,757036003.2170988,40000000,15.572144559239236,86038912.60565576,76772074.35752968,6914830.728368632,2206572.0235774256,0.05516430058943564,2027914.8478830373,-212953256.89261356,-86389291.84947138,526504190.1357947,227161641.39370978,0.08012714562616247,0.1427934671082066,0.059655387620052513,-0.012155422654661916,2021-08-31,2023-05-11,True,False,False,False,False,2860737.722825174,0,0,True,"['结合所处行业特点、发展阶段和自身经营模式、盈利水平、偿债能力、资金需求等因素，未进行现金分红或现金分红水平较低原因的说明', '留存未分配利润的预计用途以及收益情况', '公司在相应期间是否按照中国证券监督管理委员会相关规定为中小股东参与现金分红决策提供了便利']",琬瑾农业
2023-06-30,半年报,2023-08-27,无保留意见,False,1225666810.1048117,601192039.9286759,624474770.1761358,0.4905020148805902,703979957.7813143,697766.7292288993,24.370991394378017,60295644.67976694,703760.1798102204,7235573.001616443,29154776.17943759,781327227.7513152,40000000,15.611869254403395,84358241.8029171,75184313.65866151,7883722.160024085,-2400958.2896266654,-0.060023957240666635,-2268229.5698116748,-90312524.23649687,-93982325.19527614,515985223.31327885,331690373.88150585,0.002551009914725473,-0.23989342333176478,0.009169647304593895,0.13889468183262882,2021-08-31,2023-09-16,False,False,True,False,True,0.0,0,5,True,"['公司在相应期间是否按照中国证券监督管理委员会相关规定为中小股东参与现金分红决策提供了便利', '结合前述财务报表列报项目的具体情况说明现金分红方案确定的依据及未来增强投资者回报的规划', '是否影响偿债能力、过去十二个月内是否使用过募集资金补充流动资金以及未来十二个月内是否计划使用募集资金补充流动资金等内容', '充分披露高送转的主要考虑及其合理性且送转股后每股收益不低于0.5元']",琬瑾农业
2023-09-30,季报,2023-10-27,无保留意见,False,1151848796.7461393,477770521.35149664,674078275.3946426,0.41478579714729213,636270044.661339,686450.13265689,21.377036088949218,59433827.65401333,699492.2528571681,6655120.882594879,23954485.471634407,709791996.8573618,40000000,16.851956884866066,87228058.04973419,77490593.92711231,20374836.631803673,4099737.495453004,0.10249343738632509,3294686.0977868508,-154381740.02766648,-88310080.63803273,439014417.65101117,196322596.98531196,0.07943236074135698,0.4452823626403237,-0.07571621773329805,0.03137580585070063,2021-08-31,2023-11-07,False,False,True,False,True,0.0,0,3,True,"['公司为增强投资者回报水平拟采取的措施', '结合所处行业特点、发展阶段和自身经营模式、盈利水平、偿债能力、资金需求等因素，未进行现金分红或现金分红水平较低原因的说明']",琬瑾农业
2023-12-31,年报,2024-03-30,无保留意见,False,1221494630.1510475,598702204.73837,622792425.4126775,0.4901390394686677,725198413.1369108,722327.8525594064,23.10164272901268,59887677.982376955,734034.6495964106,7335322.608614943,28725761.0968896,777834503.222281,40000000,15.569810635316939,90947524.29708704,81097537.79419805,5819663.281432888,5313523.210504074,0.13283808026260185,5152776.952979629,-21674935.132418886,-85493696.30752252,525888442.09164995,418719810.65170854,-0.07608292961516894,0.05752610501967811,0.07535324232137557,0.03563295178427643,2021-08-31,2024-05-02,False,False,True,False,False,0.0,0,8,True,"['是否影响偿债能力、过去十二个月内是否使用过募集资金补充流动资金以及未来十二个月内是否计划使用募集资金补充流动资金等内容', '公司为增强投资者回报水平拟采取的措施', '结合前述财务报表列报项目的具体情况说明现金分红方案确定的依据及未来增强投资者回报的规划']",琬瑾农业
2024-03-31,季报,2024-04-30,无保留意见,False,1380575233.1891065,794879786.0044546,585695447.184652,0.575759847703696,821113984.4164169,796805.481840036,27.979273623601987,68388502.1434229,810290.4895371214,8825783.530859793,30622124.585599102,912759385.6761943,40000000,14.642386179616299,82989720.31937364,74221118.27983305,8264038.783252114,-11368291.396733433,-0.2842072849183358,-9823456.449092845,-139697969.55138576,-106930039.08503257,567192008.8165934,320564000.18017507,-0.059565557823610456,-0.7476100681126212,0.08562080823502838,0.003947789909613302,2021-08-31,2024-05-24,False,False,False,True,False,0.0,0,0,False,[],琬瑾农业
2024-06-30,半年报,2024-08-27,无保留意见,False,1310675350.877068,661846118.9728734,648829231.9041945,0.5049657175058524,748818705.4358742,706474.01120793,25.66679319680808,65725939.243387215,743213.0288266952,6641216.04287674,31110406.40866109,819953105.4591672,40000000,16.220730797604862,76121649.44073617,68176066.92226318,48336099.639942,-9811529.82662494,-0.2452882456656235,-8635787.653671242,-142762492.63344938,-97788848.62369291,594424700.1556808,353873358.8985385,0.10779285552417524,0.2764279332928417,-0.07079413019784368,-0.09839845770583648,2021-08-31,2024-10-15,False,True,False,False,False,0.0,2,0,True,"['公司在相应期间是否按照中国证券监督管理委员会相关规定为中小股东参与现金分红决策提供了便利', '结合所处行业特点、发展阶段和自身经营模式、盈利水平、偿债能力、资金需求等因素，未进行现金分红或现金分红水平较低原因的说明', '结合前述财务报表列报项目的具体情况说明现金分红方案确定的依据及未来增强投资者回报的规划', '上市公司控股子公司向母公司实施利润分配的情况']",琬瑾农业
2024-09-30,季报,2024-10-27,无保留意见,False,1074143623.043911,483336155.8085954,590807467.2353154,0.4499734909182035,643492240.0449619,621048.5602197674,20.14559735686203,55155275.091280505,636492.4015211328,6749471.824386686,21904697.316538,671457203.9402577,40000000,14.770186680882887,68814447.40759714,61720674.683636986,33558572.33002781,-10438860.04734148,-0.260971501183537,-9221988.912323132,-171706087.625477,-81066931.6772869,429596811.6307534,176823792.32798952,-0.08942532459364669,-0.0872689467419746,-0.054992226587648886,0.056370205998762586,2021-08-31,2024-12-01,False,True,False,True,True,0.0,3,0,True,['公司在相应期间是否按照中国证券监督管理委员会相关规定为中小股东参与现金分红决策提供了便利'],琬瑾农业
2024-12-31,年报,2025-03-30,无保留意见,False,1156988163.6540713,548280261.9004488,608707901.7536227,0.47388580032559385,597470136.7989972,609874.7137643251,18.723478574385684,49363776.52398697,598090.2775958796,6599092.563405889,22747032.089511268,670543399.6695908,40000000,15.217697543840567,60938162.29208815,54573996.179219015,34395042.5777279,-11251835.879298568,-0.2812958969824642,-10209540.720597103,-59465764.75971924,-79496433.10206729,478234199.49368554,339272001.631899,0.030298253679954888,-0.12390771082815828,0.02391230940739034,0.06538377659091092,2021-08-31,2025-05-04,False,False,False,False,True,0.0,0,0,False,[],琬瑾农业
2017-03-31,季报,2017-04-30,无保留意见,False,258409814.68834344,76603244.04865602,181806570.63968742,0.29644092327160165,8502068.83276406,1.3285481230831328e-11,69.55635894446199,94178900.66039181,1028828.2407384417,402445.78466451966,659031.462353061,100763197.77615616,40000000,4.545164265992185,3171798.363558192,2836064.454837314,14700195.790513964,4531140.519368846,0.11327851298422115,4051520.649767591,12254556.852216998,20385790.071704183,57613308.25353047,90253655.17745166,0.010036503553819034,0.19617447329826931,-0.0035590767283983147,0.10885174194999475,2021-07-01,2017-06-25,False,False,False,False,False,0.0,0,0,False,[],珏璐建筑
2017-06-30,半年报,2017-08-27,无保留意见,False,298739233.5608687,96342944.72691874,202396288.83394995,0.322498466567461,10286589.322721593,1.2739266568803196e-11,78.45034659661547,105452764.27740598,1202538.6627821503,527399.4138785644,750832.5453644628,117168646.5808609,40000000,5.059907220848749,6127285.077548225,5622220.627281301,8454399.53136685,4222123.87712862,0.10555309692821549,3980223.1034914097,48019132.683082394,19473675.950522088,66369329.07645813,133862137.71006261,0.1132506824248293,-0.014352079582697541,0.02605754329585931,0.016858733536388344,2021-07-01,2017-10-09,False,False,False,False,False,0.0,0,0,False,[],珏璐建筑
2017-09-30,季报,2017-10-27,保留意见,False,333595220.5928177,117431862.11492439,216163358.47789335,0.3520190184566831,10805557.688834917,1.4773248440203943e-11,84.17330604510674,104613770.98065305,1311140.4966551492,494641.7781407918,763820.5411821943,122637922.540815,40000000,5.404083961947334,9206377.410941778,8519203.063941166,0.0,4398703.33341936,0.10996758333548401,4138546.3380855205,26460117.125810996,22358024.77683423,71850469.6107678,120668611.51341303,0.06802036600205735,0.0083205364982835,0.029520551889222105,-0.02677135695834408,2021-07-01,2017-12-04,False,False,False,False,False,0.0,0,0,False,[],珏璐建筑
2017-12-31,年报,2018-03-30,非标准无保留意见,False,335899909.68370795,107015819.19295402,228884090.49075395,0.31859436727364077,11546314.088945147,1.684468254897487e-11,89.85130674461013,116888536.15194237,1408949.3842000072,518175.80727003416,873166.556436022,132492448.85273947,40000000,5.722102262268849,12431161.759497857,11381682.848405004,18969008.822891165,4606834.783651542,0.11517086959128854,4089256.8349483395,64975663.023864396,23215983.795208838,77773248.2424759,165964895.06154913,0.05884777190007215,0.009726358040916122,-0.03342465118304234,0.04120928854002449,2021-07-01,2018-04-12,False,False,False,False,False,0.0,0,0,False,[],珏璐建筑
2018-03-31,季报,2018-04-30,无保留意见,False,350970726.3908644,122354281.82332236,228616444.56754202,0.34861677234887245,12683031.991417162,1.5757621853659913e-11,95.48422955757343,116249794.64250156,1474447.4317577393,530801.7222551261,869849.9341721534,133517467.5462944,40000000,5.715411114188551,18635009.758175742,17101286.72938232,38207828.55584566,8862639.998111267,0.22156599995278167,8170862.687110455,41617517.43045047,25599952.61504562,86269842.98226649,153487313.0277626,-0.0011693513631204167,0.1969656942848383,0.030022405075231677,0.051219344412542535,2021-07-01,2018-05-29,False,False,False,False,False,0.0,0,0,False,[],珏璐建筑
2018-06-30,半年报,2018-08-27,无保留意见,False,348162111.17913926,119274023.20072135,228888087.97841787,0.34258185876909364,10934371.373294184,1.642037984706644e-11,93.12438416506349,124678747.702478,1475504.3735310535,519910.2330105281,859800.6218149364,136488470.91738784,40000000,5.722202199460447,22263785.76593695,20296465.83158889,16127147.222854367,5183965.725373149,0.12959914313432871,4564541.574580815,42472784.927292414,23637157.07754226,73018798.1301392,139128740.13497388,0.0011882059113889802,-0.14223893125399298,-0.006034913579778779,-0.008275157315696956,2021-07-01,2018-10-09,False,False,False,False,False,0.0,0,0,False,[],珏璐建筑
2018-09-30,季报,2018-10-27,无保留意见,False,332043685.26874524,114062720.21739571,217980965.05134952,0.34351720956559406,11061837.941041468,1.4517849903230567e-11,82.8072257054528,117233093.49633881,1259240.8546582973,480421.24569120735,826174.2076464397,123446886.63356301,40000000,5.449524126283738,37949098.163501166,34279101.82339268,81424318.29094552,22407589.13937746,0.5601897284844365,19975194.27400542,9174938.414112844,21942639.551094327,71530785.6273911,102648363.59259827,-0.04765264555006824,0.7763996585292509,0.0009353507965004038,0.011236266224494956,2021-07-01,2018-11-08,False,False,False,False,False,0.0,0,0,False,[],珏璐建筑
2018-12-31,年报,2019-03-30,无保留意见,False,318892982.73878807,87382917.63556744,231510065.1032206,0.2740195688380657,10502623.54461049,1.3628392548248374e-11,78.37821054211372,97475547.13377512,1227492.0460174296,413449.96233148355,674139.3611260717,114701910.21397997,40000000,5.787751627580516,49897084.15886632,44152528.611031786,16579042.999177909,17068551.421950214,0.42671378554875533,14104895.410913002,4202790.113714798,25355462.20458988,70162156.51439586,99720408.83270055,0.06206551131051299,-0.13548247517867806,-0.06949764072752833,0.010162498997172571,2021-07-01,2019-04-22,False,False,False,False,False,0.0,0,0,False,[],珏璐建筑
2019-03-31,季报,2019-04-30,无保留意见,False,367551160.86729836,105431384.41166145,262119776.4556369,0.28684818778120164,12894464.067238655,1.764503624206592e-11,96.43401565448487,115029929.76401667,1649392.010789018,567218.9418179506,1027411.5206457179,147066547.73140153,40000000,6.552994411390922,65916358.09262526,57965596.80207934,35958074.10694032,22884677.048227057,0.5721169262056764,19732954.558639355,13659962.059807543,27749435.147078447,80120566.78487189,121529963.99175788,0.13221762664516856,0.17071831303427665,0.012828618943135896,0.14947789069614917,2021-07-01,2019-06-21,False,False,False,False,False,0.0,0,0,False,[],珏璐建筑
2019-06-30,半年报,2019-08-27,无保留意见,False,392159153.36977,118194526.95595932,273964626.4138107,0.3013942832656841,11827567.700034559,1.8983949253145082e-11,95.01916203386693,117138072.05410941,1513624.9891664095,535014.3448839358,894635.1536962758,136412288.41677994,40000000,6.849115660345267,75064416.61115402,65799995.27106581,24228941.272606082,13068655.026469644,0.3267163756617411,11191997.812837815,66282676.79903676,28895339.708338115,92191727.89009538,187369744.39747027,0.0451886924303804,-0.24611010413568724,0.014546095484482522,-0.12153229552893628,2021-07-01,2019-10-11,False,False,False,False,False,0.0,0,0,False,[],珏璐建筑
2019-09-30,季报,2019-10-27,无保留意见,False,413855498.35422635,117325252.76269746,296530245.5915289,0.283493280213174,14554641.184894469,1.9769199410595482e-11,115.70426705175838,146316142.71406183,1662719.6551118952,642381.8658566079,1080061.7419715251,170937480.02455372,40000000,7.413256139788222,80642417.66037856,71134300.41617244,35847114.33483885,7968572.9274636395,0.199214323186591,7620435.921580915,14182466.968357047,30884802.099560983,104195882.3386307,149263151.40654874,0.08236690799502673,-0.1696145735323501,-0.01790100305251016,0.07661717870183277,2021-07-01,2019-11-12,False,False,False,False,False,0.0,0,0,False,[],珏璐建筑
2019-12-31,年报,2020-03-30,无保留意见,False,377240549.69568014,88321780.88560174,288918768.8100784,0.2341258938278266,11670180.28283895,1.7155326188923394e-11,100.73736325476888,126779148.38555156,1456887.9425249596,542887.3969071303,925392.1520631814,139868063.49180725,40000000,7.22296922025196,84484951.49119307,74515327.32478179,17593109.2303982,5489334.044020727,0.13723335110051818,4830038.440870493,52800203.35352504,26213690.30394106,86586048.01653925,165599941.67400533,-0.02566846685830282,-0.09929437660075187,-0.04936738638534739,0.08780196518504957,2021-07-01,2020-04-27,False,False,False,False,False,0.0,0,0,False,[],珏璐建筑
2020-03-31,季报,2020-04-30,无保留意见,True,330003177.5488002,66000635.50976003,264002542.03904012,0.2,10929347.3730556,1.558395791768285e-11,81.66883578861449,104681951.24897936,1254869.7638883865,411225.6501637238,782267.7540795967,120701132.86227968,40000000,6.600063550976003,91461431.33444497,80756648.56932952,0.0,9966399.776074145,0.24915999440185363,8916173.206496745,18809440.974693693,22833052.42621274,72542768.12517767,114185261.5260841,-0.0862395574841211,0.19907506924349064,-0.0868689906859984,0.035104618780212565,2021-07-01,2020-05-21,False,False,False,False,False,0.0,0,0,False,[],珏璐建筑
2020-06-30,半年报,2020-08-27,无保留意见,False,325455156.09546804,65091031.21909361,260364124.87637442,0.2,10348186.66935766,1.60344797841112e-11,93.25607374374395,115086766.37042582,1322068.3766215162,474158.37499699806,883954.3229180895,124594056.69276436,40000000,6.5091031219093605,105923096.92006026,92751537.46907209,94026724.02061053,20659522.265164718,0.5164880566291179,17135555.57106084,12012120.915025515,22777549.929712802,69448984.57679261,104238655.42153093,-0.013781750488325412,0.3965350427897316,0.03432027240302835,0.02612791461986677,2021-07-01,2020-09-24,False,False,False,False,False,0.0,0,0,False,[],珏璐建筑
2020-09-30,季报,2020-10-27,保留意见,False,337817374.72682106,78492024.20066383,259325350.5261572,0.2323504652895284,12532941.943317149,1.517786608566065e-11,93.54118343386149,125116476.12063181,1539031.6800916262,502718.750132677,889818.5139285243,136297428.9819678,40000000,6.48313376315393,130681581.32411243,114982758.91256033,71437070.1293785,35369263.434360236,0.8842315858590059,31758887.776411764,9005723.661407521,25045239.367021576,78700465.50112547,112751428.52955458,-0.003989698468291072,0.3905981883047441,0.050773289744671865,0.12428668318019097,2021-07-01,2020-11-14,False,False,False,False,False,0.0,0,0,False,[],珏璐建筑
2020-12-31,年报,2021-03-30,无保留意见,False,350363492.34865814,76345669.9464286,274017822.40222955,0.2179041812679916,13376988.619194089,1.8996662707384446e-11,96.58418755053646,133346852.6043838,1417344.637240659,547961.9549377976,905763.831909509,145525049.71289396,40000000,6.850445560055738,157570367.63066873,138611136.15317625,97471072.4486332,38412551.86650901,0.9603137966627253,33754824.6294513,35582411.95606181,25006072.2615065,75683752.83289671,136272237.05046502,0.05665651987459811,0.05811211066512787,-0.014446284021536781,0.0743579957899991,2021-07-01,2021-05-27,False,False,False,False,False,0.0,0,0,False,[],珏璐建筑
2021-03-31,季报,2021-04-30,非标准无保留意见,False,334572507.00868297,84333745.77883264,250238761.2298503,0.25206418343466575,10952616.892114153,1.3318791624499958e-11,80.69842272425323,107343328.66969186,1355418.0473087577,453399.6672925817,801747.2296777643,119051439.47461784,40000000,6.255969030746257,180473652.73246852,160366642.98781002,88073829.13878724,32718978.716856845,0.8179744679214211,31079295.478048235,57363754.69545105,23943046.8396897,73263774.19028401,154570575.72542477,-0.08677925021049927,-0.10274879892498373,0.03416000216667413,0.08024540424795461,2021-07-01,2021-06-03,False,False,False,False,False,0.0,0,0,False,[],珏璐建筑
2021-06-30,半年报,2021-08-27,无保留意见,False,315319128.0722832,65222161.505148865,250096966.56713432,0.20684492534242152,10151405.213895334,1.2602770530875324e-11,79.20856151147053,104477823.47340395,1135339.1991730465,437862.850036237,726679.3191263564,114228294.88787924,40000000,6.2524241641783584,189993121.03692088,169025773.70750055,29245608.343157712,13599240.434931915,0.3399810108732979,12370186.742415035,29414701.886749312,23866163.694078922,77310706.55456989,130591572.13539812,-0.0005666374866112184,-0.3845561348073814,-0.04521925809224423,-0.03772786044584324,2021-07-01,2021-09-28,False,False,False,True,True,0.0,0,0,False,[],珏璐建筑
2021-09-30,季报,2021-10-27,非标准无保留意见,False,303935309.5452398,60787061.90904796,243148247.63619184,0.2,11092595.512010245,1.3272648489400015e-11,81.35537950780676,110798952.6803974,1093126.780612889,430287.0911907701,711402.6550859401,118416616.38353515,40000000,6.078706190904796,195660217.31216532,174289067.47728875,22522586.420033414,8095851.821777757,0.20239629554444394,7518991.099697456,27147225.39127865,23264891.514668588,64212850.6260292,114624967.53197643,-0.027784099208885003,-0.17985376548339158,-0.03372237313538094,-0.10610029712433659,2021-07-01,2021-12-18,True,False,False,False,False,2159321.725095121,0,0,True,"['结合前述财务报表列报项目的具体情况说明现金分红方案确定的依据及未来增强投资者回报的规划', '公司为增强投资者回报水平拟采取的措施', '充分披露高送转的主要考虑及其合理性且送转股后每股收益不低于0.5元']",珏璐建筑
2021-12-31,年报,2022-03-30,无保留意见,False,336781683.6396208,67356336.72792415,269425346.9116966,0.2,11380615.96819995,1.7693223230272463e-11,100.39926662776539,128271008.71450742,1596364.7994811821,625992.5639018907,896833.3990811947,145311357.70634294,40000000,6.7356336727924155,203874724.48516107,181380454.52678472,11256095.898079114,11735010.247136801,0.29337525617842003,10130552.92785138,33928407.3603104,25457626.66351993,74375373.94767761,133761407.97150794,0.10807028029591888,0.14501035673955673,-0.0777082448527441,0.033947435250024055,2021-07-01,2022-04-26,False,False,False,False,False,0.0,0,0,False,[],珏璐建筑
2022-03-31,季报,2022-04-30,无保留意见,False,394784378.0469919,78956875.60939838,315827502.4375935,0.2,13603210.622541761,1.8073622740653203e-11,93.76247753460831,125758294.2046942,1439103.000440845,506843.8057932807,928676.3329727415,145913729.64397082,40000000,7.895687560939838,220946077.0874226,195814669.1237744,49992840.23819524,24387646.574659377,0.6096911643664844,20620306.567128103,5836564.53495274,26904692.284101468,92529083.53367163,125270340.35272583,0.1722263924229263,0.4403212742470938,0.02220625641508789,-0.1624958538860244,2021-07-01,2022-06-13,True,True,True,False,False,30526569.825590372,1,3,True,"['公司在相应期间是否按照中国证券监督管理委员会相关规定为中小股东参与现金分红决策提供了便利', '是否影响偿债能力、过去十二个月内是否使用过募集资金补充流动资金以及未来十二个月内是否计划使用募集资金补充流动资金等内容', '结合前述财务报表列报项目的具体情况说明现金分红方案确定的依据及未来增强投资者回报的规划', '公司为增强投资者回报水平拟采取的措施']",珏璐建筑
2022-06-30,半年报,2022-08-27,无保留意见,False,439649114.96396166,91383030.87843518,348266084.08552647,0.20785446340754243,13474632.644361725,1.938599776526174e-11,98.42282939395515,153549597.8736603,1534108.287551509,582733.3850025279,1095855.5839420538,161307443.16397554,40000000,8.706652102138161,259633177.52688247,232883066.7244799,42193132.299585424,55267286.342085525,1.3816821585521382,52954853.715293564,84595601.04629445,28385295.135417778,89225355.41116071,202206251.59287292,0.10270980645310547,0.7461076510287243,0.09023389963815805,0.21511244349925382,2021-07-01,2022-09-11,False,True,False,False,False,0.0,1,0,True,"['结合前述财务报表列报项目的具体情况说明现金分红方案确定的依据及未来增强投资者回报的规划', '公司为增强投资者回报水平拟采取的措施', '留存未分配利润的预计用途以及收益情况', '充分披露高送转的主要考虑及其合理性且送转股后每股收益不低于0.5元']",珏璐建筑
2022-09-30,季报,2022-10-27,保留意见,False,483195195.8207015,96639039.1641403,386556156.6565612,0.2,15056714.925947761,1.9561818192779596e-11,116.02784653629361,143363491.65488276,1666724.29845478,623628.1457136289,984159.2663547064,170664433.72537193,40000000,9.66390391641403,324813983.661897,290661629.51471215,235958344.36444587,93115437.33573501,2.3278859333933752,82540803.98604602,47333900.39380229,34822422.561630405,108398547.51609588,190554870.4715286,0.10994487927693655,0.5237245358085109,-0.05377706148167203,0.037916524636716055,2021-07-01,2022-12-23,False,False,False,False,False,0.0,0,0,False,[],珏璐建筑
2022-12-31,年报,2023-03-30,非标准无保留意见,False,455073881.31096756,91014776.26219352,364059105.04877406,0.2,14782766.587241428,1.9682253723531268e-11,108.91483011480845,149176226.95026073,1703849.011913768,609177.9146016152,1038020.7488196394,172850373.2003554,40000000,9.101477626219351,350779079.244771,314307646.68830043,37502427.32340372,37092993.68982007,0.9273248422455018,33780024.53369759,59413246.26304173,34236726.58314879,102156709.35157321,195806682.19776374,-0.05819866329997385,-0.5087610329794727,0.03406838210560876,0.0850062299617485,2021-07-01,2023-05-16,True,False,False,True,False,22399183.929666463,0,0,True,"['结合前述财务报表列报项目的具体情况说明现金分红方案确定的依据及未来增强投资者回报的规划', '留存未分配利润的预计用途以及收益情况']",珏璐建筑
2023-03-31,季报,2023-04-30,无保留意见,False,479846425.79883945,95969285.1597679,383877140.6390716,0.2,15240669.061623042,2.4695775482426112e-11,123.43001090509557,175379314.27331248,1921593.6319974924,743795.0056409086,1139672.2313029435,187109192.5273725,40000000,9.59692851597679,392523558.61285794,352740166.78375,209913767.9152913,59634970.52583854,1.4908742631459635,54903600.13635651,25661328.395707592,33276955.307542097,108765845.76365623,167704129.46690592,0.05443631354211697,0.41672636876558566,-0.05002344350082567,-0.07990161977710504,2021-07-01,2023-06-19,True,False,False,False,True,78367541.76795395,0,0,True,"['公司在相应期间是否按照中国证券监督管理委员会相关规定为中小股东参与现金分红决策提供了便利', '结合所处行业特点、发展阶段和自身经营模式、盈利水平、偿债能力、资金需求等因素，未进行现金分红或现金分红水平较低原因的说明', '结合前述财务报表列报项目的具体情况说明现金分红方案确定的依据及未来增强投资者回报的规划']",珏璐建筑
2023-06-30,半年报,2023-08-27,无保留意见,False,510334059.93251497,102066811.986503,408267247.94601196,0.2,15986801.934990246,2.4661890207933736e-11,123.98451819845509,175201475.36341238,1975594.3641725518,704361.6780783022,1245213.5818323279,184801357.84126064,40000000,10.2066811986503,449305147.0909158,402254227.7883237,373366809.15823156,81116554.968654,2.0279138742163503,70734372.86367673,25500369.373208664,35510213.232265934,115176863.36419505,176187445.96966964,0.06353623262467813,0.2803104678636583,-0.06259662672671665,0.11569870150768415,2021-07-01,2023-10-21,False,True,True,True,False,0.0,4,4,True,"['公司在相应期间是否按照中国证券监督管理委员会相关规定为中小股东参与现金分红决策提供了便利', '公司为增强投资者回报水平拟采取的措施']",珏璐建筑
2023-09-30,季报,2023-10-27,非标准无保留意见,False,577464065.3371047,115492813.06742094,461971252.2696838,0.2,17599845.46983989,2.5831253976927083e-11,139.69221524302773,175274826.28951463,1885962.8921878475,777052.6019832495,1179847.0084265354,200430844.612192,40000000,11.549281306742094,500544184.71448785,452496266.82561964,346317260.40716106,73198625.17653152,1.829965629413288,71774341.4818514,70780687.85414964,40406197.20670443,132358518.45947812,243545403.52033222,0.13154129946464252,-0.08069922343535288,-0.011516415309772925,0.013881188751135982,2021-07-01,2023-12-13,True,False,True,True,True,63637789.95101649,0,3,True,"['公司在相应期间是否按照中国证券监督管理委员会相关规定为中小股东参与现金分红决策提供了便利', '上市公司控股子公司向母公司实施利润分配的情况', '结合前述财务报表列报项目的具体情况说明现金分红方案确定的依据及未来增强投资者回报的规划', '留存未分配利润的预计用途以及收益情况']",珏璐建筑
2023-12-31,年报,2024-03-30,非标准无保留意见,False,471931950.12705976,94386390.02541195,377545560.1016478,0.2,15351171.355391547,2.3029689036919253e-11,121.25265413345055,164927765.22064722,1976955.0587472112,757658.3107917884,1171823.4596031995,186368135.90325037,40000000,9.438639002541194,564770786.2270831,512796185.6194696,346410115.40072054,91752287.87513596,2.293807196878399,86142741.13407132,65812836.29163611,34664046.153445125,104262038.68651305,204738921.1315943,-0.18275096502920718,0.20569784364553534,0.034366517117051056,0.06378075504664212,2021-07-01,2024-04-11,True,False,False,False,False,96519280.20068182,0,0,True,['留存未分配利润的预计用途以及收益情况'],珏璐建筑
2024-03-31,季报,2024-04-30,无保留意见,False,452175367.1127565,90435073.4225513,361740293.6902052,0.2,14723237.699544523,2.2275263284312415e-11,120.28130249266434,150148155.26710573,1820476.5546544474,620699.5264665332,1098228.1358460274,172764704.24032778,40000000,9.04350734225513,609398011.5216203,552909198.3735183,96985244.72415277,63753178.99219604,1.593829474804901,57304303.934355326,43030943.580793716,30997623.999792233,101520365.15409498,175548932.73468095,-0.04186320296598695,-0.25745765381126634,-0.005793422440754391,0.09330577499784738,2021-07-01,2024-06-12,False,False,False,False,False,0.0,0,0,False,[],珏璐建筑
2024-06-30,半年报,2024-08-27,无保留意见,False,492798912.43005466,98559782.48601094,394239129.94404376,0.2,15592449.02440192,2.1478566904780596e-11,126.73493787316677,166322421.44801724,1831308.8852053483,729195.8775978296,1184303.1594503964,186051051.89789099,40000000,9.855978248601094,581163275.6405224,528176248.34772885,77735678.4706285,-40335336.97299712,-1.0083834243249281,-35332785.7511279,13258802.703012925,37563252.26965616,109896360.59132826,160718415.56399733,0.08984024401127545,-1.2889711249045965,0.06901732739080407,0.02885001601517288,2021-07-01,2024-09-18,False,False,False,False,True,0.0,0,0,False,[],珏璐建筑
2024-09-30,季报,2024-10-27,无保留意见,False,535595876.8620755,107119175.37241511,428476701.4896604,0.2,18204352.900854774,2.680771881839482e-11,136.89414795456852,185413357.33056584,1972997.7381980135,830051.6824992399,1249725.6196844243,208809273.99270713,40000000,10.71191753724151,543943654.7094626,490588041.1648871,76506705.79053614,-53170887.04437105,-1.3292721761092763,-53697438.832631126,88196686.32190077,39221839.14035928,127904179.49891411,255322704.96117416,0.08684468117225232,0.5500477703076156,-0.050499832744603866,0.1329979250722937,2021-07-01,2024-12-25,False,False,False,True,False,0.0,0,0,False,[],珏璐建筑
2024-12-31,年报,2025-03-30,无保留意见,False,581494821.2997416,116298964.25994833,465195857.0397933,0.2,19558283.657826968,2.5959318630270026e-11,142.18102028709023,197867744.256334,2189798.1602635123,822955.7427696976,1369735.1169802167,218424837.10037193,40000000,11.629896425994833,516966724.6376106,467640388.65049213,62624751.39856064,-38538471.53121723,-0.9634617882804308,-32782360.73484994,17561491.457729366,40144947.40188739,131644599.73479626,189351038.594413,0.08569697120630745,-0.40453571114261433,0.028232710529553857,-0.13082177407488182,2021-07-01,2025-05-23,False,False,False,False,False,0.0,0,0,False,[],珏璐建筑
2017-03-31,季报,2017-04-30,无保留意见,False,292678944.1876905,92583993.39694417,200094950.79074636,0.31633294856213323,16326767.210764265,2.4862552063218044,17341755.380117968,69289233.40852173,2741537.1694718716,42887559.40755235,1103504.1728568226,151363694.48757887,40000000,5.002373769768659,-1284406.9568649451,-1066845.4505124444,2620600.1331677116,-1834867.081235636,-0.0458716770308909,-1524064.9293034922,-32997714.261230968,21263686.720633186,33095725.806444936,21361698.265847154,0.11163861550414637,-0.15749261562420203,0.01633294856213322,0.098104319050655,2021-10-14,2017-06-13,False,False,False,False,False,0.0,0,0,False,[],颢瀚能源
2017-06-30,半年报,2017-08-27,无保留意见,False,334502676.91131395,119964517.52754042,214538159.38377354,0.35863544840732736,18193628.619193304,2.3743398525101544,16032173.866193814,69895993.64014465,2898288.8291358883,43366210.72196849,1057659.6298859103,153794723.1347612,40000000,5.363453984594338,-684098.2912704799,-560678.1691160073,648691.1701371064,857583.8079920933,0.021439595199802333,723096.1162806246,-19683805.26399075,26648942.116694715,45911910.86126194,52877047.71396591,0.07218177438236062,0.17754218862772136,0.04230249984519414,-0.03136267913540075,2021-10-14,2017-10-18,False,False,False,False,False,0.0,0,0,False,[],颢瀚能源
2017-09-30,季报,2017-10-27,无保留意见,False,246612554.16380167,63766972.56652842,182845581.59727326,0.258571477769027,12126436.893034952,1.774461813863067,12664551.139106726,50405820.84446063,2236704.0175567456,30094050.91163174,833916.0666656593,115302869.685472,40000000,4.571139539931831,3380578.58894041,3307848.4106261185,15579442.707361512,5806681.257444128,0.1451670314361032,5526466.542488752,-17778700.080904514,18458771.22872475,31643873.333316352,32323944.48113659,-0.14772466528813383,0.2771426136181471,-0.10006397063830036,0.0018385354963474914,2021-10-14,2017-11-09,False,False,False,False,False,0.0,0,0,False,[],颢瀚能源
2017-12-31,年报,2018-03-30,非标准无保留意见,False,226943198.69880813,64660662.182783,162282536.51602513,0.2849200264802762,12167058.09613527,1.8688170127126187,12651546.737124113,49584140.289027706,1879350.2112551196,29860166.50551839,750734.6807845029,109025023.38263473,40000000,4.057063412900628,6053549.557837439,5911734.812453158,15556572.681662286,3818529.955567185,0.09546324888917962,3719837.7168957717,-30848113.18363722,17391518.44408303,26517138.467155036,13060543.727600846,-0.11246126322340837,-0.08717407322154802,0.0263485487112492,0.0012453037516504423,2021-10-14,2018-04-30,False,False,False,False,False,0.0,0,0,False,[],颢瀚能源
2018-03-31,季报,2018-04-30,无保留意见,False,252450104.1834769,75917099.65537876,176533004.52809814,0.3007212054870192,13552859.295389114,1.846660466824334,13221407.241383813,54902929.068397604,2032868.3583752755,32965502.042994756,876019.2830963313,117928745.35207382,40000000,4.413325113202453,21288114.73846195,20246945.132754397,61155177.122188486,21763664.543749303,0.5440916135937326,20478871.88614463,-36585136.12929724,16997019.48408603,31906502.7353617,12318386.090150487,0.08781270195801866,0.8619789498337429,0.01580117900674299,0.04557199235381421,2021-10-14,2018-06-28,False,False,False,False,False,0.0,0,0,False,[],颢瀚能源
2018-06-30,半年报,2018-08-27,无保留意见,True,241211239.33790252,69922851.38093367,171288387.95696884,0.28988222759795096,12756417.355552806,1.7478646873459391,11595492.817889197,50204032.48231771,1915943.4025176717,31376623.925243396,816074.9317166273,106495265.38844863,40000000,4.2822096989242215,28538303.885330684,26462698.39317032,27401355.592201374,10357413.066955332,0.2589353266738833,8879647.514879892,-23131518.871357437,17676172.30001428,30241090.406170536,24785743.83482738,-0.029708986062685565,-0.2942511140534892,-0.010838977889068223,-0.04547746386292901,2021-10-14,2018-10-09,False,False,False,False,False,0.0,0,0,False,[],颢瀚能源
2018-09-30,季报,2018-10-27,无保留意见,False,310386491.44590116,91502826.20060483,218883665.2452963,0.2948028626321623,15966856.035012612,2.0792589344359107,14084789.978355063,65809372.33803794,2507014.1574230255,39833212.71463005,906654.1885936657,132398448.91275151,40000000,5.4720916311324075,41943254.979105785,38214978.92564489,55710897.96246006,19149930.133964427,0.4787482533491107,16788972.18924938,-40731350.31323249,23529221.27009201,40674609.23401711,23472480.190876633,0.27786633907888936,0.3213943162494944,0.004920635034211345,0.13377940638382818,2021-10-14,2018-12-06,False,False,False,False,False,0.0,0,0,False,[],颢瀚能源
2018-12-31,年报,2019-03-30,无保留意见,False,336464739.31037885,93468352.68987922,242996386.62049964,0.2777953876577165,17333042.97020458,2.662643837908635,16298091.755042925,73730625.91308026,2735144.49750377,46754851.85540249,980525.5132729482,153396641.49169376,40000000,6.074909665512491,59872965.121320784,53879306.22684577,58120983.80048282,25613871.63173572,0.640346790793393,22377610.43028698,-30922672.68027677,26468594.377942923,46910898.619439535,42456820.31710569,0.11016226975266037,0.1788092390169833,-0.017007474974445817,0.11744238281682731,2021-10-14,2019-05-25,False,False,False,False,False,0.0,0,0,False,[],颢瀚能源
2019-03-31,季报,2019-04-30,无保留意见,False,373437089.8101363,95424593.35246365,278012496.45767266,0.25553057250146105,17113657.78157371,2.668720157867201,16271819.561034027,75544400.85902497,3032475.9690328185,45968824.64853496,1121258.544061108,164009380.45697793,40000000,6.950312411441816,90622726.50198573,83043191.04617435,121148916.82374541,43928230.54380706,1.0982057635951765,41662692.59904082,-51699595.45614242,30759270.111716352,50424156.830928706,29483831.48650264,0.1441013602060656,0.42977458303582383,-0.022264815156255422,0.06271394029611635,2021-10-14,2019-06-27,False,False,False,False,False,0.0,0,0,False,[],颢瀚能源
2019-06-30,半年报,2019-08-27,无保留意见,False,443760327.6529144,117237753.76148337,326522573.89143103,0.2641916062699063,21101512.532200154,3.1609969395904955,20711068.671715602,86105790.56795017,3612099.3595887986,51691064.99287225,1403261.2260619104,197314940.31532708,40000000,8.163064347285776,107242973.76656662,99243515.18364418,41100200.079232484,23743210.377972715,0.5935802594493179,23143320.196385477,-26537072.597540952,33921616.09877327,59298011.276230745,66682554.77746306,0.1744888379186366,-0.3312917507315664,0.008661033768445216,0.13173132736794416,2021-10-14,2019-09-27,False,False,False,False,False,0.0,0,0,False,[],颢瀚能源
2019-09-30,季报,2019-10-27,无保留意见,False,490938082.69880086,147326593.47260457,343611489.2261963,0.30009200480581183,24499396.214240793,3.569074470160387,25403603.744008202,105427357.20567013,4268398.904077044,62270348.12835535,1472385.0220854224,215450648.86188042,40000000,8.590287230654907,144632799.4737017,132124380.1508186,75880630.59109494,53414036.72447871,1.3353509181119676,46972664.23882062,-69441336.84177122,36434417.13069849,59346827.814247,26339908.10317427,0.05233609159422889,0.7282397747072756,0.035900398535905556,0.019839910820301513,2021-10-14,2019-11-16,False,False,False,False,False,0.0,0,0,False,[],颢瀚能源
2019-12-31,年报,2020-03-30,无保留意见,False,473168204.45462346,100374032.49228472,372794171.96233875,0.21213182024345112,22005565.829399366,3.552757280874433,24212879.836176638,111061937.54024188,3965005.508100153,60642933.863658145,1518353.7285906295,220763345.15057477,40000000,9.319854299058468,176440767.8009089,160454329.90991563,93634109.28251624,45439954.75315313,1.1359988688288283,40471356.79871003,-64231935.226592965,37238334.98185318,58886740.64010007,31893140.395360284,0.08492929849889788,-0.11324563030702464,-0.08796018456236071,-0.1008218213082565,2021-10-14,2020-04-10,False,False,False,False,False,0.0,0,0,False,[],颢瀚能源
2020-03-31,季报,2020-04-30,无保留意见,False,508134628.7191677,101626925.74383356,406507702.97533417,0.2,26373068.11081267,3.792646624947554,27288473.839611057,106265844.16177452,4329280.584787315,65762900.206026815,1535225.073717951,238656723.08218822,40000000,10.162692574383355,189037800.1672357,171996898.7975343,41540421.69015453,17995760.523324005,0.4498940130831001,16489384.125169499,-51479291.675836146,37303080.09274234,63018084.91623562,48841873.33314181,0.09043470512302232,-0.43952937407346904,-0.04833759627756551,0.12696117015760833,2021-10-14,2020-05-26,False,False,False,False,False,0.0,0,0,False,[],颢瀚能源
2020-06-30,半年报,2020-08-27,非标准无保留意见,False,520257878.9424219,104051575.78848438,416206303.1539375,0.2,27409082.08643768,3.824508689077416,27289770.298249826,108746540.03130369,4227953.248782507,60999197.222978644,1586026.7495344204,231996801.37263492,40000000,10.405157578848439,185814272.96315607,169049086.27035904,17439301.58590669,-4605038.862970885,-0.11512597157427212,-4211160.753107468,-34551514.96793461,41062118.60010343,63555387.797936074,70065991.4301049,0.023858342923434903,-0.6458153515832836,-0.06390665493611351,0.0012547114843948909,2021-10-14,2020-10-02,False,False,False,False,False,0.0,0,0,False,[],颢瀚能源
2020-09-30,季报,2020-10-27,非标准无保留意见,False,537452942.7290517,107490588.54581036,429962354.18324137,0.2,27646936.972677328,3.9248305853230296,27607264.239804238,112456972.10023169,4479750.225136893,68787005.07495874,1598012.4547745686,246622177.8906143,40000000,10.749058854581035,188649891.21213734,171704615.79661864,15138325.44822119,4050883.212830346,0.10127208032075866,3793613.608942268,-51032909.93830267,44486587.27618023,68924768.50300375,62378445.8408813,0.033051039652842826,0.6983420101207289,-0.05660693066528738,0.021476346095642196,2021-10-14,2020-11-26,False,False,False,False,False,0.0,0,0,False,[],颢瀚能源
2020-12-31,年报,2021-03-30,无保留意见,False,506577711.6746765,101315542.3349353,405262169.3397412,0.2,25841142.65824281,3.751917315199299,26633844.631604,103093032.50527877,3715563.9245456997,61340400.559974164,1602577.1638256048,222310790.03363928,40000000,10.13155423349353,188344301.09221476,171416151.4853199,885517.1619187001,-436557.31417514756,-0.010913932854378689,-412091.87328388484,-39644190.97591753,40086820.66139532,68661768.0889599,69104397.7744377,-0.05744731975528608,-0.21317112833871193,0.033209249287455084,0.08886582580158628,2021-10-14,2021-05-05,False,False,False,False,False,0.0,0,0,False,[],颢瀚能源
2021-03-31,季报,2021-04-30,无保留意见,False,448939538.12171555,89787907.62434311,359151630.49737245,0.2,20893681.65158783,3.3332465558760633,21679655.174995635,99551363.36209632,4148851.414231907,54818480.23675591,1428820.0603610086,213930835.19978383,40000000,8.978790762434311,191003346.1884774,173629949.99798357,12759036.225842265,3798635.8518037535,0.09496589629509383,3162569.3038052446,-9304878.893016439,34297101.633313395,50775643.97296918,75767866.71326613,-0.1137795292304058,0.25569522268479966,-0.032840572509544946,-0.04003417796189017,2021-10-14,2021-06-01,False,False,False,False,False,0.0,0,0,False,[],颢瀚能源
2021-06-30,半年报,2021-08-27,非标准无保留意见,False,476931263.4169848,95386252.68339697,381545010.73358786,0.2,25583464.430894595,3.6597089745327747,23210008.185189225,94719228.01593761,3643082.79617539,60895194.28516412,1466846.9366232497,205665386.28049135,40000000,9.538625268339697,199973052.0354853,182096352.2882205,27554312.40991034,12813865.495725546,0.3203466373931387,12094860.414624188,-64867791.30474384,37176634.80813297,57630728.16188686,29939571.66527599,0.06235076868564923,0.43345292970932753,0.0027340666833800867,0.1088203828885534,2021-10-14,2021-10-13,False,False,False,False,False,0.0,0,0,False,[],颢瀚能源
2021-09-30,季报,2021-10-27,无保留意见,True,553149316.9908836,110629863.39817673,442519453.5927069,0.2,27804133.12088588,4.1224663031131845,28943608.827432066,114412281.52485037,4680443.85079458,68507233.04696295,1831709.3346172075,254414330.7567261,40000000,11.062986339817673,209172963.52463746,189977183.74746263,11280447.697785364,13142730.69878881,0.3285682674697203,11258330.656060176,-71928752.74823566,44368832.73210715,73744145.02459508,46184225.00846657,0.15980930465290302,0.011030612689602865,0.024250400841909613,0.04363839339946161,2021-10-14,2021-11-29,True,True,False,False,False,8491068.869632458,3,0,True,"['根据公司盈利能力、融资能力及其成本、偿债能力及现金流等情况披露现金分红方案的合理性，是否导致公司营运资金不足或者影响公司正常生产经营', '是否影响偿债能力、过去十二个月内是否使用过募集资金补充流动资金以及未来十二个月内是否计划使用募集资金补充流动资金等内容']",颢瀚能源
2021-12-31,年报,2022-03-30,无保留意见,False,559222354.5025587,111844470.90051174,447377883.60204697,0.2,30595384.897318453,4.608485760707867,28183895.15309082,129047678.55698594,4918964.664649015,67705377.72917026,1732763.1764215417,264561798.04766294,40000000,11.184447090051174,212888882.1497594,193315315.73675907,10937750.208409749,5308455.178745646,0.13271137946864114,4768759.984709179,-105201811.0361494,44350263.48233426,74432458.1505821,13580910.596766971,0.010979020176165383,-0.25990596533306004,-0.006371061429362139,0.013795756899199903,2021-10-14,2022-05-08,False,False,True,False,False,0.0,0,3,True,"['公司为增强投资者回报水平拟采取的措施', '公司在相应期间是否按照中国证券监督管理委员会相关规定为中小股东参与现金分红决策提供了便利', '根据公司盈利能力、融资能力及其成本、偿债能力及现金流等情况披露现金分红方案的合理性，是否导致公司营运资金不足或者影响公司正常生产经营']",颢瀚能源
2022-03-31,季报,2022-04-30,无保留意见,True,497877429.4436096,99575485.88872191,398301943.55488765,0.2,24789748.27557982,3.703662789881807,24448774.61521999,108126492.4757925,3873943.576281,63486965.87890958,1491518.0975306618,225285463.83207473,40000000,9.957548588872191,214432362.836683,194569265.21661463,6629434.534090648,2204972.409890808,0.05512431024727021,1791356.399793704,-70157709.77099949,36874214.64172366,64042998.20462958,30759503.07535375,-0.10969683984381645,-0.13911688388946258,0.030754059006223678,-0.0038156307724814174,2021-10-14,2022-06-23,False,False,False,False,False,0.0,0,0,False,[],颢瀚能源
2022-06-30,半年报,2022-08-27,无保留意见,False,505633202.4342029,101126640.48684058,404506561.9473623,0.2,24198821.4443428,3.7871556187090203,25611610.93060692,108854082.69985563,4059627.6100905035,67382669.31861529,1624378.154987384,230755021.24415484,40000000,10.112664048684058,222759890.95560157,202798495.55160645,53004844.99158714,11896468.741312284,0.2974117185328071,11756043.335702583,-53739547.668450475,35073873.97286952,62496734.10696185,43831060.411380894,0.015577675411517635,0.5046347437828255,-0.03977620259484112,-0.046628496739966434,2021-10-14,2022-10-09,False,False,False,False,False,0.0,0,0,False,[],颢瀚能源
2022-09-30,季报,2022-10-27,无保留意见,False,488851982.1533147,97770396.43066294,391081585.7226518,0.2,24008075.05029025,3.614793891552979,22819111.802603345,106044919.71755481,4299130.302311112,65301816.1991199,1482945.9398782554,225791464.58690864,40000000,9.777039643066294,236703104.93508217,216054743.5855043,41697024.61587061,19918877.113543704,0.4979719278385926,18937497.191282604,-94220667.57831334,38974691.0199171,60450748.63427242,5204772.075876184,-0.03318852519988909,0.2776259079976115,-0.050561802464480665,0.07476281214725161,2021-10-14,2022-12-17,False,False,False,True,False,0.0,0,0,False,[],颢瀚能源
2022-12-31,年报,2023-03-30,无保留意见,False,480079144.0406423,96015828.80812846,384063315.23251384,0.2,27340061.491567414,3.7437233259187948,27215319.062583063,116119510.86479443,4209299.568502619,72902099.39354222,1572937.026392172,232439703.6415547,40000000,9.601582880812845,261352331.32805502,237343743.49603203,125994206.80181271,35213180.561389804,0.8803295140347451,30412857.015039604,-71221415.99165681,37272500.126549736,58471207.447344206,24522291.582237132,-0.01794579634111219,0.41426783920888477,-0.012042394710691953,0.055710124369990593,2021-10-14,2023-04-23,False,False,False,False,False,0.0,0,0,False,[],颢瀚能源
2023-03-31,季报,2023-04-30,保留意见,False,459602907.0602194,91920581.41204388,367682325.64817554,0.2,21451041.650248747,3.063415126426064,21722805.53356724,96408708.16705051,3524829.2357819322,53603080.8450463,1358964.6352974176,195883404.5189084,40000000,9.192058141204388,267274333.55515152,242590900.99976975,20839361.76992804,8460003.181566413,0.21150007953916033,7495939.291053865,-74362349.87751275,35292617.36984747,58417876.00800365,19348143.500338368,-0.042651794468891724,-0.5123835991635917,0.048047714577665025,0.06874818797183864,2021-10-14,2023-06-13,False,False,False,False,False,0.0,0,0,False,[],颢瀚能源
2023-06-30,半年报,2023-08-27,无保留意见,False,468411347.8222642,93682269.56445284,374729078.25781137,0.2,24129475.56698378,3.764751445283828,22784225.004543345,103875452.56665322,3749312.8343638973,63686103.18086012,1389535.5585032816,217799543.76552242,40000000,9.368226956445284,282446291.7699415,256019048.5121439,98759101.15304671,21674226.021128625,0.5418556505282156,19183067.874820225,-10722800.077815352,36397676.69028473,55734871.81716488,81409748.42963426,0.01916532864943479,0.519018899774906,-0.06398040533952397,0.1559753387476314,2021-10-14,2023-09-07,True,False,False,False,True,31543353.557042703,0,0,True,"['留存未分配利润的预计用途以及收益情况', '结合前述财务报表列报项目的具体情况说明现金分红方案确定的依据及未来增强投资者回报的规划']",颢瀚能源
2023-09-30,季报,2023-10-27,无保留意见,False,470309121.0521523,94061824.21043046,376247296.84172183,0.2,22498515.677648857,3.4679825624126366,23965836.212204635,100783309.54796252,3292143.7755335663,55992403.40308329,1461083.0264806224,205070626.7915439,40000000,9.406182421043045,282837250.54303473,256389246.41622174,1302896.5541489297,558512.5329903364,0.01396281332475841,528854.1486825912,-27654130.68492173,37827241.51463012,57270946.11087409,67444056.94058247,0.0040515099361089655,-0.5459892972803718,-0.00976419350559943,-0.0659710660738234,2021-10-14,2023-11-16,False,True,False,False,False,0.0,0,0,True,"['充分披露高送转的主要考虑及其合理性且送转股后每股收益不低于0.5元', '留存未分配利润的预计用途以及收益情况', '上市公司控股子公司向母公司实施利润分配的情况', '结合所处行业特点、发展阶段和自身经营模式、盈利水平、偿债能力、资金需求等因素，未进行现金分红或现金分红水平较低原因的说明']",颢瀚能源
2023-12-31,年报,2024-03-30,无保留意见,False,501803546.62512887,100360709.32502577,401442837.30010307,0.2,23403508.23428633,3.1722955615589745,22543583.07130938,105597819.58647686,3565750.381466753,61371938.59356591,1376715.6645517314,198380383.221729,40000000,10.036070932502577,280453242.2861988,254012186.01680446,5574238.528422001,-3405726.081194246,-0.08514315202985616,-3395800.5705960984,-33038397.27847167,39643025.50345463,65986384.45889087,72591012.68387383,0.0669653726947051,-0.22577303212537247,-0.11983252450143839,0.05844864737318912,2021-10-14,2024-05-15,False,False,False,True,False,0.0,0,0,False,[],颢瀚能源
2024-03-31,季报,2024-04-30,无保留意见,False,539873942.0930814,107974788.41861628,431899153.6744651,0.2,26133606.095232293,3.970726506969249,27571318.538897127,124811855.92617708,4229757.176357891,75234380.66499957,1639578.533858344,244938975.234987,40000000,10.797478841861627,279309479.8440018,253010807.87796107,1542409.2793478735,-1633946.3459956944,-0.04084865864989236,-1430540.19834768,-12980199.875775848,40471406.96439982,73287237.52953677,100778444.61816074,0.07586713111932819,0.1303327964244965,-0.017275220282260022,0.009080089742637111,2021-10-14,2024-05-31,False,False,False,False,False,0.0,0,0,False,[],颢瀚能源
2024-06-30,半年报,2024-08-27,无保留意见,False,620473477.9791001,124094695.59582002,496378782.3832801,0.2,33042151.764419083,4.442626909694443,31488495.713509075,145966987.88913524,5230160.069642949,76856650.01690581,1990365.193852747,291498187.0354556,40000000,12.409469559582002,277399490.8021659,251290223.33427036,8443808.308093015,-2728555.7740512267,-0.06821389435128067,-2457977.91955816,-11782516.152878875,47378063.07544883,74042416.28610896,109637963.20867892,0.1492932508902649,-0.07123555941575702,0.030505752703109675,-0.01410774175404611,2021-10-14,2024-09-29,False,False,False,True,False,0.0,0,0,False,[],颢瀚能源
2024-09-30,季报,2024-10-27,无保留意见,False,549917716.3237647,109983543.26475294,439934173.05901176,0.2,24414678.68890846,4.161334334945228,29549237.395432174,124644965.82145177,4829516.528483241,78728930.30920988,1924627.914031455,263864161.66861242,40000000,10.998354326475294,272521258.65500337,246980278.45461923,30574084.587693937,-6968903.067375047,-0.17422257668437618,-6157064.113787352,-77338802.29933648,44814099.88075458,69595113.68400757,37070411.265425675,-0.1137127760643977,-0.2971211060485311,0.017466301535944733,-0.07691802842092806,2021-10-14,2024-12-16,False,False,False,False,False,0.0,0,0,False,[],颢瀚能源
2024-12-31,年报,2025-03-30,无保留意见,False,574151335.5441617,114830267.10883233,459321068.4353293,0.2,26850318.0541728,4.3269064575995895,29099466.519426845,121867968.87126891,4714988.414313538,82313932.06068265,1911120.826244792,255875022.64403033,40000000,11.483026710883234,268514519.30632657,243244664.19087997,24278021.48105093,-5723913.355252596,-0.1430978338813149,-5336591.805341769,-16555689.941566035,43236285.02210875,69274005.28163457,95954600.36217728,0.04406771868053306,0.12411301779701399,0.02625646239120635,0.050178784885968435,2021-10-14,2025-05-17,False,False,False,False,True,0.0,0,0,False,[],颢瀚能源
2017-03-31,季报,2017-04-30,无保留意见,False,252575977.15409112,68760562.4981545,183815414.65593663,0.2722371433456048,85188004.83435911,6366758.989751528,1992486.610583567,146108.438024716,49969177.869612485,459168.70187230915,26173922.7766782,170856240.75068602,40000000,4.595385366398416,1948544.187158425,1725806.4189168275,4584034.145543861,2783634.5530834645,0.06959086382708661,2465437.7413097536,18500470.53739727,-14030896.553889109,-13160257.973597547,-8690683.990089387,0.021196748088536922,0.09909080850463692,-0.027762856654395214,0.011646721210615397,2021-02-09,2017-06-23,False,False,False,False,False,0.0,0,0,False,[],昀琮控股
2017-06-30,半年报,2017-08-27,无保留意见,False,252405011.57615203,88461793.79893284,163943217.7772192,0.35047558385045535,72084971.93255162,6235109.373844041,1713772.6951140964,128364.15351901023,45064503.23163793,471374.5576507747,24755570.488504045,159381201.21709576,40000000,4.09858044443048,7209773.897413207,6712236.558471273,35400793.9934478,7516042.443221118,0.18790106108052795,7123471.627934923,48604372.82114467,-14473253.907084303,-14545301.89799168,19585817.01606869,-0.10810952343639932,0.23920821411453258,0.07823844050485058,-0.04550385965666454,2021-02-09,2017-09-11,False,False,False,False,False,0.0,0,0,False,[],昀琮控股
2017-09-30,季报,2017-10-27,无保留意见,False,289667844.1214866,101013169.02843906,188654675.09304753,0.3487206850135363,93700176.01727583,7414850.447995576,1975007.0125375676,144606.7041856724,53630954.03201574,515103.55388370133,23893747.978790447,187499194.30221125,40000000,4.716366877326188,13897164.425550492,12333983.932430333,25510665.634839896,9553415.04019612,0.238835376004903,8031067.6770843705,55878368.355584666,-17524197.7664631,-15232143.480148086,23122027.10897348,0.15073180611477613,0.08310364944478826,-0.0017548988369190245,0.11363622099804564,2021-02-09,2017-12-23,False,False,False,False,False,0.0,0,0,False,[],昀琮控股
2017-12-31,年报,2018-03-30,无保留意见,False,307052767.69887537,108768531.90464544,198284235.79422992,0.3542340058348343,99108849.39721091,7771359.251396417,2005114.7636498895,171626.48776689277,49378418.282106146,529901.7233779652,29212216.0085512,190323347.06861055,40000000,4.957105894855748,3120877.280004815,2369851.998405038,0.0,-15394695.92220811,-0.38486739805520276,-14234474.191464707,19973999.146272685,-17495730.812989045,-16108439.959633967,-13630171.626350326,0.051043318679661415,-0.9395443457889764,0.005513320821297918,0.1233432970519485,2021-02-09,2018-04-19,False,False,False,False,False,0.0,0,0,False,[],昀琮控股
2018-03-31,季报,2018-04-30,保留意见,False,235749509.4227048,63905609.19052282,171843900.23218197,0.27107419797823823,78417115.12171613,6041054.634190978,1752641.9700045825,125872.06088650641,47102141.22998215,462951.26756033144,24922673.11581805,156883556.7743309,40000000,4.296097505804549,-6919016.4376136465,-6878647.200065408,17231543.84372729,-14342705.310883518,-0.358567632772088,-13212141.712100638,5104124.878521154,-13999202.174163368,-12135798.556586917,-21030875.852229133,-0.1333456260712853,0.6553217087516618,-0.083159807856596,0.05049051845692568,2021-02-09,2018-06-18,False,False,False,False,False,0.0,0,0,False,[],昀琮控股
2018-06-30,半年报,2018-08-27,无保留意见,False,203060499.9173131,40612099.98346262,162448399.93385047,0.2,61747268.359901495,4316358.033861217,1239296.2407364922,97148.00495975111,33808975.279291965,354985.1646983831,18816163.361152787,121988575.00048739,40000000,4.0612099983462615,-17004543.502185084,-15484638.750334015,30322270.53439944,-14407895.806530625,-0.3601973951632656,-12294273.643240865,24081157.61487722,-11683382.759774586,-10849296.218052303,1548478.6370503306,-0.054674622058956006,-0.024532655679518067,-0.07527664916721238,0.040379172429064546,2021-02-09,2018-09-20,False,False,False,False,False,0.0,0,0,False,[],昀琮控股
2018-09-30,季报,2018-10-27,无保留意见,False,208485957.56390685,41697191.51278137,166788766.05112547,0.2,58584241.38337043,4712938.764714789,1209450.6901653805,108119.82734710057,37428917.20201372,336899.0206997091,18268218.668395724,121899634.42400527,40000000,4.169719151278136,-26493298.42676252,-24557212.860234488,14389943.755713062,-13555364.177967774,-0.33888410444919437,-12960820.157000676,27945690.52530115,-13015233.378482688,-10753271.175296491,4177185.9715219717,0.026718429476944063,0.3288955863389847,-0.004809006365941824,0.03307409168004673,2021-02-09,2018-11-16,False,False,False,False,False,0.0,0,0,False,[],昀琮控股
2018-12-31,年报,2019-03-30,保留意见,False,217182944.56234348,43436588.91246869,173746355.64987478,0.2,68414009.05053951,4926141.606219776,1395373.803964141,110582.95182919916,38740802.90793001,385004.31100990606,22365904.095524933,134255122.27308103,40000000,4.34365889124687,-36689122.349934556,-33907245.66743671,15396129.598862221,-14565462.747388614,-0.36413656868471533,-13357189.72457461,8882936.737524739,-12917556.949309805,-11731223.119931595,-15765843.331716662,0.0417149773541498,-0.2932381307075054,-0.025734893106616936,0.09221896599623207,2021-02-09,2019-05-20,False,False,False,False,False,0.0,0,0,False,[],昀琮控股
2019-03-31,季报,2019-04-30,无保留意见,False,199336096.7200884,39867219.34401768,159468877.3760707,0.2,66882150.311764516,5790236.067790169,1532508.9178116617,126713.81894040813,42046122.799612895,397048.05415625364,20896341.446977805,141653299.4624136,40000000,3.9867219344017677,-46316311.49615617,-42699024.100950316,8133741.722673417,-13753127.351745173,-0.34382818379362934,-12559683.476447996,17113305.197554726,-11952754.784692787,-10288655.869344098,-5128105.456482159,-0.08217426040621723,0.33367137626343446,-0.023858494210493453,0.0066503219587448325,2021-02-09,2019-06-06,False,False,False,False,False,0.0,0,0,False,[],昀琮控股
2019-06-30,半年报,2019-08-27,无保留意见,False,225292622.55575204,45058524.511150405,180234098.04460162,0.2,72119205.60394944,5588050.043976505,1605785.7704660015,126536.82893377182,41902812.676001646,408064.5534288724,23705428.124112125,147386082.80464697,40000000,4.50585245111504,-55115228.3607721,-50596074.60979302,20169715.44470489,-12569881.235165616,-0.3142470308791404,-11281500.726918155,24936875.563895866,-14832035.400934024,-11191843.578113234,-1087003.4151513912,0.13021487960663888,0.3644264018841465,-0.03589741378334567,0.028279287824998344,2021-02-09,2019-09-30,False,False,False,False,False,0.0,0,0,False,[],昀琮控股
2019-09-30,季报,2019-10-27,无保留意见,False,203665739.83910722,40733147.96782144,162932591.87128577,0.2,64612609.36215255,4866012.714361478,1273528.4229437262,96340.14185822265,36672060.68657886,339816.0589435491,19916926.28963625,124377121.84351242,40000000,4.073314796782144,-62563455.030163884,-57321685.38330504,47974636.425052054,-10640323.813416826,-0.26600809533542064,-9608015.390731448,28148951.056743264,-11510005.320301754,-11760699.326983893,4878246.4094576165,-0.09599463342965388,0.4355543325531873,0.03174164954879421,0.06027998617391891,2021-02-09,2019-12-15,False,False,False,False,False,0.0,0,0,False,[],昀琮控股
2019-12-31,年报,2020-03-30,保留意见,False,219546718.60614544,43909343.721229084,175637374.88491637,0.2,58555450.815098226,5225309.6601225855,1312886.5447769007,100931.77988020476,39006779.64518063,387638.7863689253,18781599.35450691,131821489.6565704,40000000,4.390934372122909,-70305472.4133415,-63465722.63423407,45252458.64130611,-11060024.83311088,-0.276500620827772,-8777196.07275575,10618330.77322325,-13197485.267004935,-11714346.324410014,-14293500.8181917,0.0779757006729947,-0.0659940863938147,0.01684811875555589,0.09125867174359054,2021-02-09,2020-04-24,False,False,False,False,False,0.0,0,0,False,[],昀琮控股
2020-03-31,季报,2020-04-30,保留意见,False,231157591.46250278,46231518.29250055,184926073.17000222,0.2,80588019.43200223,5691158.116498151,1532385.1643087217,111042.13568361112,47675159.96113327,421200.04385730973,22725971.61360799,149536822.29084253,40000000,4.623151829250055,-74934462.10352083,-67769532.50600941,17318461.721844856,-6612842.414541898,-0.16532106036354746,-6148299.816821911,31332559.785835516,-12567943.971694386,-11537961.093373097,7226654.720768034,0.052885658825020145,0.7486870388547534,-0.004801153778499055,-0.06370538074748107,2021-02-09,2020-06-13,False,False,False,False,False,0.0,0,0,False,[],昀琮控股
2020-06-30,半年报,2020-08-27,无保留意见,False,209546999.49061108,41909399.898122214,167637599.59248886,0.2,69296080.61882249,4697509.047394388,1420126.3640112774,98464.23446541702,38338918.95753925,349965.77475572925,18678623.642526783,129421586.50970966,40000000,4.190939989812222,-77848908.52411115,-70533308.3222395,18848018.620027512,-4163494.886557605,-0.10408737216394012,-3948251.1660429784,6927280.836021288,-12460923.332907459,-10656210.24977085,-16189852.746657021,-0.09348856697789773,0.2358053690658694,0.010022426541638403,0.03277389027070888,2021-02-09,2020-10-15,False,False,False,False,False,0.0,0,0,False,[],昀琮控股
2020-09-30,季报,2020-10-27,无保留意见,False,244377449.83205113,48875489.96641023,195501959.8656409,0.2,81988583.3030786,5772658.068043822,1737513.0954667407,122427.80259682963,49283550.461370684,410708.80153337616,24115032.080849446,157531585.1713863,40000000,4.887548996641023,-75188481.47500513,-68201302.6419227,6192352.101182351,3800610.0701514445,0.09501525175378611,3331436.6861668546,3986076.528683251,-15063844.670856442,-14447529.925432885,-25525298.067606077,0.16621784337694936,0.6204262676115038,-0.0006322391354862743,-0.12535302131276693,2021-02-09,2020-11-29,False,False,False,False,False,0.0,0,0,False,[],昀琮控股
2020-12-31,年报,2021-03-30,无保留意见,False,279576705.91592616,65142464.34402589,214434241.57190025,0.23300390542413582,79501765.46957287,7182995.438098313,1684044.9549134874,138493.8048328707,48909183.80558787,475245.5184110577,25778739.807910927,172051525.23767725,40000000,5.360856039297507,-74488637.32486355,-67544821.96883397,4137519.394421892,999777.3573451228,0.02499443393362807,937829.5329839161,21715190.935928002,-16093047.416129395,-16467696.21369407,-10845552.693895463,0.09683934482943586,-0.13465146951749615,0.07432736214750466,-0.14135797344021794,2021-02-09,2021-05-13,True,False,False,True,False,1199988.679352196,0,0,True,"['根据公司盈利能力、融资能力及其成本、偿债能力及现金流等情况披露现金分红方案的合理性，是否导致公司营运资金不足或者影响公司正常生产经营', '上市公司控股子公司向母公司实施利润分配的情况', '充分披露高送转的主要考虑及其合理性且送转股后每股收益不低于0.5元', '公司为增强投资者回报水平拟采取的措施']",昀琮控股
2021-03-31,季报,2021-04-30,无保留意见,False,289263618.4319763,64575536.99212615,224688081.43985018,0.22324112981153152,94192547.04841049,7836556.076793268,1979807.477213269,150506.77777765333,54330317.03255627,467532.70313034346,28052469.899391007,183669148.11211398,40000000,5.617202035996255,-78337408.30158925,-71136827.81291422,4807211.844948636,-5498244.252465276,-0.1374561063116319,-5131436.920114656,23367576.59271017,-16528799.723816145,-15477028.240954695,-8638251.37206067,0.047818108678840815,-0.36100566583723687,-0.0097627756126043,0.0644355301210627,2021-02-09,2021-05-19,False,False,False,True,False,0.0,0,0,False,[],昀琮控股
2021-06-30,半年报,2021-08-27,无保留意见,False,334958870.74291706,76358206.23912536,258600664.50379172,0.2279629318959901,103579028.63027433,7899063.877183745,2201736.8279565,158381.8426515448,62384806.14809302,599083.9549873311,31966597.536687706,207058946.05505836,40000000,6.465016612594793,-78623144.21738261,-71395231.29018445,693120.6614614051,-408194.1654190663,-0.010204854135476659,-369147.8246717538,18749621.53197611,-19448941.655015353,-17978924.133487143,-18678244.256526385,0.15093182890085816,0.4425454859913197,0.004721802084458591,0.08233462869649788,2021-02-09,2021-10-12,False,False,False,False,False,0.0,0,0,False,[],昀琮控股
2021-09-30,季报,2021-10-27,无保留意见,False,310224174.76466584,62044834.95293316,248179339.81173265,0.2,85784610.51438475,6577838.351973458,1718127.3030833327,139513.78979825458,51398831.352102906,465143.2895483142,25458903.448299132,175335698.80877948,40000000,6.204483495293316,-71187365.73267628,-64089805.92110244,27221471.65759448,10622540.692437612,0.2655635173109403,10436321.955831444,42436727.70777795,-18420276.475686308,-15656988.001273599,8359463.230818041,-0.04029890917742128,0.6648302763323224,-0.11245395062363955,-0.0064355705120235935,2021-02-09,2021-12-01,False,False,False,False,False,0.0,0,0,False,[],昀琮控股
2021-12-31,年报,2022-03-30,无保留意见,False,290387618.8621731,58077523.772434615,232310095.08973846,0.2,86029069.43736733,7028695.26488479,2013634.5319276717,139317.48250313257,53304989.64828192,518524.3434846193,26914444.791181583,185416794.4560575,40000000,5.807752377243461,-67375064.40779243,-60628655.930260845,5134094.815057131,5446144.749834053,0.13615361874585133,4944499.98691657,49216173.94786373,-17531820.977871377,-15363173.577717582,16321179.392274769,-0.06394265023846264,-0.1873975316115919,-0.01602135825872439,-0.12182382314180316,2021-02-09,2022-04-25,False,False,False,False,False,0.0,0,0,False,[],昀琮控股
2022-03-31,季报,2022-04-30,无保留意见,True,282212132.2639493,56442426.452789865,225769705.81115943,0.2,88180416.38242774,6589978.0170167,1940986.4831370243,146504.62166635564,48785827.077914715,515362.70542980445,27311438.058150932,176327636.5945579,40000000,5.644242645278986,-73268820.7530138,-65796355.987813406,13338680.399781577,-8419651.921744814,-0.21049129804362035,-7382428.65364652,18400923.669040613,-16726146.107666606,-15669101.747492801,-13994324.186118795,-0.02815370238668508,-0.6177362226839145,0.07767148858548545,-0.03425849786982812,2021-02-09,2022-06-26,False,False,False,False,False,0.0,0,0,False,[],昀琮控股
2022-06-30,半年报,2022-08-27,无保留意见,False,306731721.1887009,61346344.23774019,245385376.95096073,0.2,100575833.69436862,8444566.903583627,2306227.6081061712,160707.40221098685,67708698.07451981,599868.2294694053,32317064.972423047,211535073.74040383,40000000,6.134634423774018,-77133095.21835393,-69534133.25380903,3476492.400365239,-5520392.093343034,-0.13800980233357585,-5339681.808565192,56398503.25613523,-19299031.45764281,-16892133.68780455,20207338.110687874,0.08688353944265859,0.3378953629805826,-0.03243159117172342,0.05674001451186855,2021-02-09,2022-09-14,False,False,True,False,True,0.0,0,1,True,"['公司在相应期间是否按照中国证券监督管理委员会相关规定为中小股东参与现金分红决策提供了便利', '上市公司控股子公司向母公司实施利润分配的情况', '根据公司盈利能力、融资能力及其成本、偿债能力及现金流等情况披露现金分红方案的合理性，是否导致公司营运资金不足或者影响公司正常生产经营', '结合所处行业特点、发展阶段和自身经营模式、盈利水平、偿债能力、资金需求等因素，未进行现金分红或现金分红水平较低原因的说明']",昀琮控股
2022-09-30,季报,2022-10-27,无保留意见,False,281284186.2485563,56256837.24971127,225027348.99884507,0.2,90847399.98859407,7182349.572545988,1880837.9818545117,133891.6139539069,52053825.956297144,466770.6764338508,27529402.919315796,174938362.4095907,40000000,5.625683724971127,-80132592.69726123,-72229550.67798606,19184625.564428434,-4284996.398439003,-0.10712490996097508,-3850596.3202528995,14388355.440580267,-17651775.091143556,-14563935.461618088,-17827355.112181377,-0.08296349279274337,0.10761654099593686,0.043580065588457464,0.0509906561957751,2021-02-09,2022-11-21,False,False,False,False,False,0.0,0,0,False,[],昀琮控股
2022-12-31,年报,2023-03-30,无保留意见,False,329324099.2016627,69416524.29973204,259907574.9019307,0.2107848301050832,114599358.72089256,8605040.819743639,2206965.566209701,185580.29210291326,67716078.7371786,595690.8893397595,34636255.38554441,226420287.62181112,40000000,6.497689372548267,-81978827.90357263,-73826512.77183113,5541162.652006959,-2637478.8661591355,-0.06593697165397838,-2281374.4197786646,51648514.46339002,-18861482.88365177,-17478131.500555817,15308900.079182435,0.15500438528147356,0.12957271455885436,0.02247724408923755,-0.09445868845248742,2021-02-09,2023-04-17,False,False,False,False,False,0.0,0,0,False,[],昀琮控股
2023-03-31,季报,2023-04-30,无保留意见,False,302408783.2836335,62344486.541477874,240064296.74215558,0.2061596421391111,97396452.94912505,7867774.544023132,1771398.3484574,158072.67861523366,54509312.382948816,530822.8679240663,29398192.691846754,195204615.54677474,40000000,6.001607418553889,-88241602.32036872,-79473939.78462398,26375874.002112214,-8946820.595422985,-0.22367051488557463,-8067752.8754183585,21047694.162772886,-17518694.702996176,-16490233.514517907,-12961234.054741196,-0.07634744069026257,-0.4392920762635346,-0.004625187965972125,-0.047395945269265626,2021-02-09,2023-06-19,False,False,False,False,False,0.0,0,0,False,[],昀琮控股
2023-06-30,半年报,2023-08-27,无保留意见,False,360728264.45463586,128960955.8932787,231767308.56135714,0.35750166704637715,112604903.94372925,8244110.27595405,2568433.9270634274,205431.471341461,69515677.5602157,606705.3024850055,35685178.592688926,233644409.89344177,40000000,5.794182714033928,-93210857.35688871,-84124783.37761183,13993358.437712738,-7098935.766457129,-0.17747339416142824,-6644062.275696938,11576037.662743343,-22243627.624888327,-19673826.925112177,-30341416.88725716,-0.034561524947251586,0.2294602834646415,0.1513420249072661,0.0641749927002911,2021-02-09,2023-10-01,False,False,False,False,False,0.0,0,0,False,[],昀琮控股
2023-09-30,季报,2023-10-27,无保留意见,False,419856708.97909766,175143485.14932597,244713223.8297717,0.4171506168740188,121567679.63765644,10869638.048324155,2889244.930027723,218931.98108630872,79898594.33358584,692326.8672112061,40824068.484435014,263079914.77778736,40000000,6.117830595744293,-99874375.54712991,-89681571.149093,6212058.491966086,-9519311.700344592,-0.23798279250861482,-7938268.244973098,66960133.652723156,-24476414.27006354,-22703568.66373332,19780150.718926296,0.05585738277228717,-0.2444561389358229,0.059648949827641636,-0.09615842176812889,2021-02-09,2023-11-24,False,False,False,True,False,0.0,0,0,False,[],昀琮控股
2023-12-31,年报,2024-03-30,无保留意见,False,422758435.5478154,161104416.97991464,261654018.56790075,0.3810791303812865,127600756.57286796,10446908.34012088,3130958.5648201685,215332.19128498406,83178558.66104005,780474.9949152136,46679175.27857783,278384727.35662806,40000000,6.541350464197519,-108179105.78020604,-96629724.02456644,46835663.233514786,-11863900.332965896,-0.2965975083241474,-9925932.679247769,34731135.81169989,-27693047.434146095,-19798722.215392783,-12760633.837838989,0.06922713236745011,-0.3134188377731639,-0.03607148649273228,-0.006128790500492853,2021-02-09,2024-04-10,False,True,False,False,True,0.0,2,0,True,"['是否影响偿债能力、过去十二个月内是否使用过募集资金补充流动资金以及未来十二个月内是否计划使用募集资金补充流动资金等内容', '公司为增强投资者回报水平拟采取的措施', '留存未分配利润的预计用途以及收益情况', '公司在相应期间是否按照中国证券监督管理委员会相关规定为中小股东参与现金分红决策提供了便利']",昀琮控股
2024-03-31,季报,2024-04-30,无保留意见,False,416158738.87409335,152498181.23084643,263660557.64324692,0.3664423379487988,144124977.73851573,9837929.829881897,2806754.326439732,212649.72655848428,84965971.25335638,762040.0387489182,38079343.374179535,271090449.34596133,40000000,6.591513941081173,-114603855.66663018,-102400556.33105113,18330168.65063905,-9178214.123463057,-0.2294553530865764,-8244046.152120985,32859119.054426998,-23363911.771562036,-23274609.87554042,-13779402.592675459,0.007668672876986658,0.5229038343513526,-0.014636792432487692,0.09041076672375035,2021-02-09,2024-05-25,False,False,False,False,False,0.0,0,0,False,[],昀琮控股
2024-06-30,半年报,2024-08-27,无保留意见,False,474310458.77151346,188181036.2427902,286129422.5287233,0.39674654598633136,166833693.5720331,11377306.147996621,3245486.5140846837,243538.42267015192,84844286.33748662,859323.3990387692,49022581.47068938,300090935.0018986,40000000,7.153235563218082,-119545706.62730609,-106840982.31772596,9613479.279266723,-7059787.086679889,-0.1764946771669972,-6343465.695249763,17440358.583016235,-28988821.45142084,-24700184.59974533,-36248647.46814993,0.08521890830511884,0.2708367462650475,0.030304208037532542,0.018695590944954845,2021-02-09,2024-10-25,False,False,False,False,False,0.0,0,0,False,[],昀琮控股
2024-09-30,季报,2024-10-27,无保留意见,False,483340377.3212052,171811208.3332485,311529168.9879567,0.3554662850338921,169192478.59099033,12307701.951359704,3237708.867545405,262060.30003941729,104609373.58375221,927151.9184702978,49067707.35647638,323639017.54482085,40000000,7.7882292246989175,-128430314.15796173,-114998460.09315188,57165624.29184269,-12692296.472365204,-0.3173074118091301,-11653539.679179875,42339062.8761497,-27432264.805492934,-27044100.755717877,-12137302.685061112,0.08877013148371216,-0.5666387063135867,-0.04128026095243925,0.10646628506407498,2021-02-09,2024-12-23,False,False,False,False,False,0.0,0,0,False,[],昀琮控股
2024-12-31,年报,2025-03-30,无保留意见,False,557991577.5515698,217856375.38126084,340135202.17030895,0.390429504934824,167368855.23867634,14218950.45822929,3793781.137011101,290534.21342102875,114603073.52028042,928992.7726932816,54098972.83928775,360804167.1761445,40000000,8.503380054257724,-136463832.3036085,-122096169.69367385,38296589.194944195,-11476454.493781125,-0.28691136234452813,-10139585.143602805,52205726.955407456,-33649793.36868153,-29820221.259662867,-11264287.672936939,0.091824573844185,0.2822482955904942,0.03496321990093184,-0.01966773968163805,2021-02-09,2025-05-15,False,False,False,False,False,0.0,0,0,False,[],昀琮控股
2017-03-31,季报,2017-04-30,无保留意见,False,262389244.98994687,94825073.89478198,167564171.0951649,0.3613908561626262,30430914.055169065,9.513940364939622e-06,48655545.8990445,733955.4963128068,933677.5016819591,87616189.70070286,766615.9831545795,167590001.4212512,40000000,4.189104277379123,4300231.5456592385,4019450.3859540303,4689659.267695583,6143187.922370341,0.15357969805925853,5742071.979934329,-44863300.01217079,20295146.397149153,89273247.79827277,64705094.183251135,-0.06908793836019496,0.2857326623539079,0.06139085616262617,0.0922492492798864,2021-04-29,2017-05-12,False,False,False,False,False,0.0,0,0,False,[],琬璨能源
2017-06-30,半年报,2017-08-27,非标准无保留意见,False,264114548.1624912,96270452.04204132,167844096.12044987,0.3645026474755675,29593420.426774334,1.1115798691918522e-05,47174809.51839365,764735.2034154614,985558.7192240774,96260557.04913075,810912.7362456834,175518612.95646977,40000000,4.196102403011246,1605019.2574833564,1393855.0391114175,4227627.376680171,-3850303.2688226886,-0.09625758172056721,-3750850.495489447,-15768717.9230242,19860799.03933827,95835993.04270239,99928074.15901646,0.0016705541730994854,-0.43181134875257454,0.0031117913129413083,-0.03961447312527592,2021-04-29,2017-10-25,False,False,False,False,False,0.0,0,0,False,[],琬璨能源
2017-09-30,季报,2017-10-27,无保留意见,False,329187511.7933658,166969135.49992764,162218376.29343814,0.5072158861382804,40631429.35873998,1.3156210482250672e-05,60801014.87492897,964393.3312791244,1264909.1642032086,123564299.35891694,1081140.5375277537,226358564.8413933,40000000,4.055459407335953,-33069.76182413604,-111769.39135819375,11342002.170601875,-2340127.170439275,-0.05850317926098188,-2150892.043528016,-42766010.16832883,25460483.654258616,117865575.2625557,100560048.74848549,-0.033517531787204284,0.11484493743516216,0.14271323866271293,0.01261052490269162,2021-04-29,2017-12-24,False,False,False,False,False,0.0,0,0,False,[],琬璨能源
2017-12-31,年报,2018-03-30,保留意见,False,300568265.9346048,127350429.73736076,173217836.19724408,0.4236988537075588,31428546.26274248,1.061743427205442e-05,47354766.00100844,766664.6330142086,911644.3030964653,86847026.5736757,776136.251377324,171592850.08589146,40000000,4.330445904931102,532553.783266442,343452.72373846004,1280730.7507269145,808033.635843683,0.020200840896092077,650317.3072809341,-49962512.53536721,22539591.24668274,105216461.40289107,77793540.1142066,0.0678064973595159,0.21474680189141118,-0.0835170324307216,-0.09261857260186851,2021-04-29,2018-05-07,False,False,False,False,False,0.0,0,0,False,[],琬璨能源
2018-03-31,季报,2018-04-30,无保留意见,False,297609836.917807,107806802.28433476,189803034.6334722,0.36224206632695594,35044630.980761126,1.1013480412744931e-05,48097885.66372202,929001.5032651691,1111007.628130658,106316587.87837826,826527.8805122946,193514468.25048855,40000000,4.745075865836805,5745823.513126651,5126503.372404298,23978417.464251533,7447528.185514584,0.18618820463786462,6832929.498094054,-15974527.30591845,22599051.58964002,106434231.44808279,113058755.73180436,0.09574763661949036,0.3728370400372024,-0.06145678738060286,0.08184830248172957,2021-04-29,2018-05-24,False,False,False,False,False,0.0,0,0,False,[],琬璨能源
2018-06-30,半年报,2018-08-27,无保留意见,False,307757573.0757982,130236009.72540294,177521563.35039526,0.4231772704203346,35592266.19640979,1.2433817659536185e-05,51908254.5471373,933069.1753039325,1183739.0514800039,112300123.30419344,919024.3964263701,209518221.54396725,40000000,4.4380390837598815,24323706.17274937,20460350.052780274,95123329.35882944,26539832.370889604,0.6634958092722401,21905495.25767997,-52983821.13958327,24340018.18300696,110094503.07371837,81450700.11714207,-0.06470640106884296,0.7809502883276115,0.06093520409337863,0.09412661780424073,2021-04-29,2018-10-11,False,False,False,False,False,0.0,0,0,False,[],琬璨能源
2018-09-30,季报,2018-10-27,无保留意见,False,310038971.5663254,147790591.80780524,162248379.7585202,0.47668391835117724,33434754.189558398,1.0937083521976021e-05,48544057.17412103,898302.0452375006,953189.061290733,108626510.04664262,910666.657901271,192520686.24357298,40000000,4.056209493963005,46216382.00934577,40607271.73762167,95151412.11675395,31275251.19513771,0.7818812798784427,28781316.692630567,-61486067.36909374,22332657.569509696,114460743.41440842,75307333.61482437,-0.08603565281660233,0.10876061221159347,0.05350664793084268,0.13456817214337313,2021-04-29,2018-11-20,False,False,False,False,False,0.0,0,0,False,[],琬璨能源
2018-12-31,年报,2019-03-30,无保留意见,False,395767848.14810675,197865010.61440578,197902837.53370097,0.49995221072217944,42926648.03108636,1.3573423861724941e-05,66504209.3220022,989321.0517823986,1317272.5834183851,127154124.93823275,1086946.2480479314,237610212.74537173,40000000,4.947570938342524,51374731.118193574,45360598.79936892,4054254.8021851983,7369070.155496873,0.18422675388742182,6790467.23106749,-48109318.680702366,29182348.673397563,150808943.0831069,131881973.0758021,0.21975231942683507,-0.49520573063426476,0.023268292371002176,0.13907056581408528,2021-04-29,2019-05-12,False,False,False,False,False,0.0,0,0,False,[],琬璨能源
2019-03-31,季报,2019-04-30,无保留意见,False,415011987.27847934,194229814.17213517,220782173.1063442,0.468010130131022,43869652.32667495,1.5059675826204247e-05,74693380.31890053,1234810.304049375,1401209.971467333,159811486.66161016,1130149.9647745024,267840079.02109608,40000000,5.5195543276586045,52645749.21221275,46625532.20320953,2767698.0808269754,1815740.1343131028,0.04539350335782757,1807047.719772299,-81116036.06091508,32299258.858472932,159262176.38470438,110445399.18226223,0.11560893142195149,-0.2278843626674496,-0.03194208059115743,0.04655753197533544,2021-04-29,2019-06-19,False,False,False,False,False,0.0,0,0,False,[],琬璨能源
2019-06-30,半年报,2019-08-27,无保留意见,False,504995351.39649296,211687801.68755507,293307549.7089379,0.4191876244051802,55520078.016841955,1.788523918360572e-05,87770983.39440419,1391315.8466414623,2103142.5507463627,187794755.44380796,1435617.9856094378,323477858.7934631,40000000,7.332688742723447,51978409.61700337,46002934.52611289,0.0,-953342.2788705509,-0.023833556971763772,-889425.2529951899,-24794854.718711454,38524285.011731245,172476717.4931642,186206147.786184,0.32849290131617803,-0.14716840227474487,-0.048822505725841785,0.07315409802538914,2021-04-29,2019-09-08,False,False,False,False,False,0.0,0,0,False,[],琬璨能源
2019-09-30,季报,2019-10-27,无保留意见,False,535778356.3797294,241370957.3887656,294407398.99096376,0.45050524067399156,60756242.44662188,1.8985299815167286e-05,97140284.98584713,1553356.7297330254,2081381.5368320225,180824609.68733555,1583213.7056634708,351318190.92246413,40000000,7.360184974774094,56525863.25680506,49949200.201650575,10957605.987475483,6496362.342573851,0.1624090585643463,5637522.393625268,-78931300.52456503,39097339.36918699,214836275.47488084,175002314.3195028,0.0037498157927312197,0.46425272794564565,0.03131761626881139,0.11399641677472044,2021-04-29,2019-12-13,False,False,False,False,False,0.0,0,0,False,[],琬璨能源
2019-12-31,年报,2020-03-30,无保留意见,False,480962460.8761329,163889841.13285536,317072619.74327755,0.3407539142125763,53470069.64283872,1.885147648222555e-05,84773332.78242163,1464515.7943152015,1623559.3039091388,162013915.40738082,1492741.4207037617,309131652.114602,40000000,7.926815493581938,69771300.69496846,62362828.70945269,65550836.5643417,18922053.483090565,0.4730513370772641,17733755.01114587,-6813061.6978425225,35289692.64504101,164696676.2297384,193173307.1769369,0.07698590738546446,0.5288346748893203,-0.10975132646141529,0.10976731566936629,2021-04-29,2020-05-12,False,False,False,False,False,0.0,0,0,False,[],琬璨能源
2020-03-31,季报,2020-04-30,无保留意见,False,448437110.7357237,125124411.80401848,323312698.9317052,0.27902332079237246,48965568.56752529,1.64271655721919e-05,75579088.61773677,1230291.9654273489,1782470.0430708348,153788987.48995456,1405273.1070307207,294423141.182191,40000000,8.082817473292629,95904623.03034405,85064231.37043245,22613888.88816454,37333317.62196513,0.9333329405491283,32430575.229971092,-56871934.46794927,35339466.71497075,166146472.2607725,144614004.50779396,0.019680283947191624,0.5125337321693267,-0.06173059342020381,0.0602225911949741,2021-04-29,2020-05-15,False,False,False,False,False,0.0,0,0,False,[],琬璨能源
2020-06-30,半年报,2020-08-27,无保留意见,False,546001985.317351,208900445.80580178,337101539.51154923,0.3826001579177102,59888758.83867264,1.8826016660195666e-05,93647241.63575491,1542426.1393283843,1844805.1998158565,199357286.80311778,1467796.7853621715,339166089.2172028,40000000,8.42753848778873,112269730.47639793,100169001.76639192,32145297.206732616,23378724.922934122,0.584468123073353,21578243.422799215,-29707184.813459504,41653386.35618986,182773034.4357349,194719235.97846526,0.04264862043899114,-0.25683306872815803,0.10357683712533772,0.020885413224247782,2021-04-29,2020-10-16,False,False,False,False,False,0.0,0,0,False,[],琬璨能源
2020-09-30,季报,2020-10-27,无保留意见,False,633286339.6116672,246891128.24019054,386395211.37147665,0.3898570248516411,67412892.14863479,2.5490530601723584e-05,119550698.07648206,1890304.3771958305,2330633.96784733,236397158.35769734,2111804.35558827,441555668.025319,40000000,9.659880284286917,134989510.69145143,122366014.13865061,67101047.08941214,32456828.87864788,0.811420721966197,31710017.67465528,-97874668.97843012,45436713.1765997,238746705.0342006,186308749.2323702,0.14622796422511927,0.2248239381763543,0.007256866933930908,0.22916656050303658,2021-04-29,2020-11-19,False,False,False,False,False,0.0,0,0,False,[],琬璨能源
2020-12-31,年报,2021-03-30,无保留意见,False,590773777.4620465,249923158.95390126,340850618.5081452,0.4230437580143903,65162472.399994716,2.099707744255597e-05,103664658.03616902,1641217.8148547004,2095921.1692277193,204118232.29867738,1735026.865168314,363951263.1814104,40000000,8.52126546270363,161023606.71993858,145623959.45974833,138806082.4973363,37191565.75498162,0.9297891438745406,33225636.172996733,-48446370.090063885,43815626.27195374,200402171.7822651,195771427.96415496,-0.11787048991025229,0.09573474449709171,0.03318673316274925,-0.023500397238463002,2021-04-29,2021-05-07,False,False,False,False,True,0.0,0,0,False,[],琬璨能源
2021-03-31,季报,2021-04-30,无保留意见,False,643326859.2630179,297240845.8946955,346086013.36832243,0.4620370525726355,63110174.10496131,2.1812122924104927e-05,98396246.8633922,1507437.6906637587,2128743.2328851237,193276665.3052995,1601543.4058411708,365113819.58895826,40000000,8.652150334208061,187887558.40968868,168807347.52212834,173039838.91759777,38377073.84250016,0.959426846062504,33119125.803400002,-84672698.1696342,51871605.44464746,226910233.36799562,194109140.6430089,0.015359792753470033,0.021876247179840127,0.03899329455824519,0.07511295876205736,2021-04-29,2021-06-19,True,False,True,False,False,53755967.51105757,0,5,True,"['上市公司控股子公司向母公司实施利润分配的情况', '结合所处行业特点、发展阶段和自身经营模式、盈利水平、偿债能力、资金需求等因素，未进行现金分红或现金分红水平较低原因的说明', '根据公司盈利能力、融资能力及其成本、偿债能力及现金流等情况披露现金分红方案的合理性，是否导致公司营运资金不足或者影响公司正常生产经营']",琬璨能源
2021-06-30,半年报,2021-08-27,无保留意见,False,582012521.9798498,247808779.8173139,334203742.1625359,0.4257791206524822,75867510.99450666,2.1517789886399406e-05,110066226.45346296,1823324.211237365,2317701.49757565,201054636.83725908,1687090.3294365269,407671248.87539315,40000000,8.355093554063398,230485709.15669188,209187720.05952448,140984000.1831418,60854501.06714745,1.5213625266786863,57686246.48199451,-107786865.35758075,41826501.72102118,240513425.7947282,174553062.1581686,-0.03433328925991817,0.40589770576495465,-0.03625793192015334,0.016202394341589,2021-04-29,2021-09-22,True,True,False,False,False,21202860.73477914,2,0,True,"['是否影响偿债能力、过去十二个月内是否使用过募集资金补充流动资金以及未来十二个月内是否计划使用募集资金补充流动资金等内容', '公司为增强投资者回报水平拟采取的措施', '充分披露高送转的主要考虑及其合理性且送转股后每股收益不低于0.5元', '上市公司控股子公司向母公司实施利润分配的情况']",琬璨能源
2021-09-30,季报,2021-10-27,无保留意见,False,720441156.052542,358431943.9158409,362009212.136701,0.4975173071452076,80088854.97213943,2.661814581111006e-05,133017535.9234897,2101556.3109616917,2651606.2505915663,248710158.55783898,1994558.5836070795,475588096.6043763,40000000,9.050230303417525,241114543.47028026,219600715.07165095,35599030.60969063,15184049.019412007,0.3796012254853002,14875707.16018069,-9490122.928412931,53432244.92826267,256314790.11917534,300256912.1190251,0.08319915807717769,-0.586612866587455,0.07173818649272537,0.04571944508163329,2021-04-29,2021-11-24,False,True,False,False,True,0.0,3,0,True,"['上市公司控股子公司向母公司实施利润分配的情况', '结合前述财务报表列报项目的具体情况说明现金分红方案确定的依据及未来增强投资者回报的规划', '公司在相应期间是否按照中国证券监督管理委员会相关规定为中小股东参与现金分红决策提供了便利', '留存未分配利润的预计用途以及收益情况']",琬璨能源
2021-12-31,年报,2022-03-30,保留意见,False,622802021.6339548,246774257.13179642,376027764.5021583,0.3962322673333186,70550518.7990036,2.211496847354339e-05,105284553.9562711,1674835.0301787273,2401529.4693029397,215975522.12278742,1745861.5684384264,397743648.4028299,40000000,9.400694112553957,247708166.37871853,225309335.7142598,11521679.986007305,9419461.297768943,0.23548653244422357,8155172.34658408,-16696703.630927961,45259403.91958941,220169941.04957178,248732641.33823323,0.038724297325791975,-0.17911319107692508,-0.10128503981188891,-0.015861664240737473,2021-04-29,2022-05-14,False,True,True,False,False,0.0,1,8,True,['充分披露高送转的主要考虑及其合理性且送转股后每股收益不低于0.5元'],琬璨能源
2022-03-31,季报,2022-04-30,无保留意见,False,599551061.7611372,189812996.07459706,409738065.6865401,0.3165918771239189,64193671.98590504,2.0021336325866032e-05,99710715.14016278,1411964.7131481639,1858597.5349155983,202682050.74062258,1461614.680580554,359290996.6883321,40000000,10.243451642163503,255157844.15985045,232147093.7341261,37683937.01715733,10642396.830188435,0.26605992075471085,9768225.742666135,-47910433.95158249,45149574.148126945,215751135.41461277,212990275.61115724,0.08964843654301047,0.04628919260071234,-0.07964039020939977,0.03963237789863442,2021-04-29,2022-06-08,False,True,False,False,False,0.0,1,0,True,"['结合前述财务报表列报项目的具体情况说明现金分红方案确定的依据及未来增强投资者回报的规划', '是否影响偿债能力、过去十二个月内是否使用过募集资金补充流动资金以及未来十二个月内是否计划使用募集资金补充流动资金等内容', '结合所处行业特点、发展阶段和自身经营模式、盈利水平、偿债能力、资金需求等因素，未进行现金分红或现金分红水平较低原因的说明', '根据公司盈利能力、融资能力及其成本、偿债能力及现金流等情况披露现金分红方案的合理性，是否导致公司营运资金不足或者影响公司正常生产经营']",琬璨能源
2022-06-30,半年报,2022-08-27,无保留意见,False,707114893.9246585,230340901.3790394,476773992.5456191,0.32574748935154196,81983614.31212486,2.7095767231778337e-05,129441419.28991619,1981529.133722402,2713688.313713707,257884713.05252075,2273430.6382430927,456380055.5878321,40000000,11.919349813640476,268163214.26253495,243580310.82633063,44067118.08857544,18579100.146692157,0.4644775036673039,16333167.274577908,-12809957.573857574,49114950.410407156,261714587.6771169,298019580.5136665,0.16360678314512056,0.287120663423658,0.009155612227623068,0.054707321214829775,2021-04-29,2022-10-23,False,False,False,False,True,0.0,0,0,False,[],琬璨能源
2022-09-30,季报,2022-10-27,无保留意见,False,822767836.613783,316034981.34470934,506732855.26907367,0.3841119782287502,103447691.5493036,3.086182407465795e-05,148993468.77493286,2378432.316558306,2677598.494071828,299971278.90511954,2492604.2421309236,551604324.6333314,40000000,12.668321381726841,281180621.99857545,254897048.88063726,90837082.28162456,18596296.76577217,0.4649074191443043,16166768.649009487,-72466145.65653208,62133109.78445159,295681179.056837,285348143.1847565,0.06283661271768744,0.0004833348513341551,0.058364488877208257,0.11270796591504478,2021-04-29,2022-11-23,False,True,False,False,False,0.0,3,0,True,['充分披露高送转的主要考虑及其合理性且送转股后每股收益不低于0.5元'],琬璨能源
2022-12-31,年报,2023-03-30,无保留意见,False,744835060.0392408,254883809.74512175,489951250.29411906,0.34220168117716354,75341089.83938824,2.844852928606781e-05,145474101.79351312,2212692.2595732156,2674677.0237104828,276029797.07003045,2109120.703990372,498111627.4326753,40000000,12.248781257352977,269467529.9845134,244529594.76718792,54509965.21025801,-16732988.59151729,-0.41832471478793226,-14810648.733499032,-124566348.5868354,56251252.46746048,278502928.8380729,210187832.71869797,-0.0331172624795438,-0.9924988992467482,-0.041910297051586665,0.07002026087780133,2021-04-29,2023-05-22,False,True,False,False,False,0.0,4,0,True,"['根据公司盈利能力、融资能力及其成本、偿债能力及现金流等情况披露现金分红方案的合理性，是否导致公司营运资金不足或者影响公司正常生产经营', '公司在相应期间是否按照中国证券监督管理委员会相关规定为中小股东参与现金分红决策提供了便利', '结合所处行业特点、发展阶段和自身经营模式、盈利水平、偿债能力、资金需求等因素，未进行现金分红或现金分红水平较低原因的说明']",琬璨能源
2023-03-31,季报,2023-04-30,无保留意见,False,837312702.6500202,301781537.90950894,535531164.7405113,0.36041676777910714,99225649.61982277,3.125661855154432e-05,165371465.57182512,2406350.009142277,2959175.046574687,314496817.7079494,2470479.0249506016,553037289.4098533,40000000,13.388279118512783,257891406.11208946,234128143.00680885,72522861.77495992,-16537319.817748494,-0.41343299544371237,-14859216.800541546,-126655865.09291327,61130668.094897844,297427764.53755337,231902567.53953794,0.09302948899309979,0.7328105374998135,0.01821508660194358,0.03264078780334925,2021-04-29,2023-05-31,False,True,False,False,False,0.0,0,0,True,"['结合所处行业特点、发展阶段和自身经营模式、盈利水平、偿债能力、资金需求等因素，未进行现金分红或现金分红水平较低原因的说明', '留存未分配利润的预计用途以及收益情况']",琬璨能源
2023-06-30,半年报,2023-08-27,非标准无保留意见,False,949529186.9222884,337215177.52805287,612314009.3942355,0.35513934924008955,95377694.04045182,3.55008829786553e-05,164136742.58604938,2467840.5516703804,3131541.9818950486,293000331.993162,2838468.949355721,594737339.9576532,40000000,15.307850234855888,246247088.19725412,223153210.41941142,65917537.54206217,-16634739.878336208,-0.4158684969584052,-15678475.124853466,-177782085.84067202,71581861.99863431,354153209.5757762,247952985.7337385,0.14337698664265214,-0.21055593977171294,-0.005277418539017554,-0.11106668841608326,2021-04-29,2023-10-13,False,False,False,True,False,0.0,0,0,False,[],琬璨能源
2023-09-30,季报,2023-10-27,无保留意见,False,1114117513.9203217,509426461.74677473,604691052.173547,0.4572466148155421,124365048.4082701,4.0148518251518674e-05,204732573.13171816,3389028.56802464,3870832.9597763596,399581112.133573,2971629.6514388393,740806316.0587093,40000000,15.117276304338676,234748297.10311496,213475433.60714805,25170178.997258443,-16426844.420198798,-0.41067111050496996,-13825395.446090508,-22651009.837655745,83474265.51459232,401332075.25036037,462155330.92729694,-0.012449424811021159,0.5691709710614655,0.10210726557545254,0.07267525573708683,2021-04-29,2023-12-23,False,False,False,True,False,0.0,0,0,False,[],琬璨能源
2023-12-31,年报,2024-03-30,无保留意见,False,1150664297.5751216,582462474.815867,568201822.7592547,0.5061967039764181,116757759.7779933,4.238087737506175e-05,185060581.45441794,3191562.82028886,4150364.03595642,379091890.8741647,3647941.0453970917,717473194.5504837,40000000,14.205045568981367,223326861.2395818,203474321.37316677,62308844.457054675,-16316336.947904501,-0.40790842369761254,-14287303.191401845,-200097050.2372314,77733518.84837703,428998221.4603662,306634690.0715118,-0.06034359080249775,0.19280536766758194,0.0489500891608761,0.15892985110800353,2021-04-29,2024-04-25,False,False,False,True,False,0.0,0,0,False,[],琬璨能源
2024-03-31,季报,2024-04-30,无保留意见,True,1328022492.6826806,695430584.7654057,632591907.9172748,0.5236587396653174,155116477.4113607,4.701512214920436e-05,238436717.7796866,3729834.2148253107,4860285.302492,456525306.64020854,4133404.6210921067,845023336.2390785,40000000,15.814797697931871,211611099.57610908,192475763.55254975,58461188.16030929,-16736802.37638959,-0.41842005940973975,-15712225.45802433,-250529087.53542164,99790730.07159004,511803579.5180994,361065222.0542678,0.11332256001104377,-0.6150185053826128,0.017462035688899154,0.13097220442909513,2021-04-29,2024-05-21,False,True,False,False,False,0.0,1,0,True,"['上市公司控股子公司向母公司实施利润分配的情况', '是否影响偿债能力、过去十二个月内是否使用过募集资金补充流动资金以及未来十二个月内是否计划使用募集资金补充流动资金等内容']",琬璨能源
2024-06-30,半年报,2024-08-27,无保留意见,False,1593139937.8303263,868427203.5471292,724712734.2831972,0.5451041574727122,172995957.82294166,6.185064358740491e-05,282399117.2397432,4618657.451091583,5455614.9791153,547548830.6496758,4870422.023217816,1013008775.4540305,40000000,18.11781835707993,199911221.77857348,182000908.3410575,69227221.9701707,-16714111.139336586,-0.4178527784834147,-14964078.873560306,-52718904.275879756,121072348.23304617,563951011.7489661,632304455.7061325,0.1456244147498155,0.08621368514554888,0.021445417807394958,-0.010356199187057753,2021-04-29,2024-09-22,False,True,False,False,False,0.0,4,0,True,['公司在相应期间是否按照中国证券监督管理委员会相关规定为中小股东参与现金分红决策提供了便利'],琬璨能源
2024-09-30,季报,2024-10-27,无保留意见,False,1748405369.7290516,980369335.875547,768036033.8535045,0.5607219886469885,200743418.7426268,6.715085956986524e-05,296776480.6761004,5204102.523509113,6314550.004844066,588146400.9984564,5205872.193638691,1094024036.2590306,40000000,19.200900846337614,188360740.7609,171284388.21402225,77557988.29487857,-16500687.168105,-0.41251717920262504,-15309314.46719325,-292198120.2863948,132273229.697214,666643586.260527,506718695.67134625,0.05977996179846045,0.7465277616494985,0.015617831174276234,0.007164554320158312,2021-04-29,2024-12-24,False,False,False,False,False,0.0,0,0,False,[],琬璨能源
2024-12-31,年报,2025-03-30,无保留意见,False,2030652745.6399307,1200611550.6305442,830041195.0093867,0.5912441470893581,224115861.41931027,7.727897894646313e-05,361324373.4226535,5831078.176149847,7130465.942584406,697211734.7914417,5883906.665103226,1277636134.4323184,40000000,20.751029875234668,176851180.7851821,160041025.80675748,15760672.263262548,-16442228.536739847,-0.41105571341849617,-16061946.296092516,-250375218.2940297,159806987.62171465,710815552.2413709,620247321.5690558,0.08073209904590116,0.11707816749529751,0.030522158442369628,-0.10265879579659352,2021-04-29,2025-05-07,False,False,False,True,False,0.0,0,0,False,[],琬璨能源
2017-03-31,季报,2017-04-30,非标准无保留意见,False,297914436.945814,98859614.28521992,199054822.6605941,0.3318389511388498,7896859.382007907,10577969.39377278,459563.1287173379,0.0016168814755699984,36687027.777824126,9772.827408717258,34945088.82795731,94500185.2631838,40000000,4.976370566514853,-3150055.5300900703,-2887649.1148805674,22207133.99433935,-4500079.328700101,-0.11250198321750253,-4125213.0212579537,-47911294.45667173,21416576.138337757,2362000.3518255623,-24132717.96650841,0.10586012589218932,-0.30555996270556124,0.03183895113884981,0.05178298044919613,2021-12-27,2017-06-28,False,False,False,False,False,0.0,0,0,False,[],琬琰机械
2017-06-30,半年报,2017-08-27,无保留意见,False,340345223.9122031,110806076.85025367,229539147.06194943,0.3255696541780697,8879545.354948591,13215986.0458038,557402.316147897,0.0020050674186126455,48423425.741731495,11434.558597283904,40900302.75193992,107416307.77454033,40000000,5.738478676548736,-7383089.387625454,-6823868.601558662,9390499.636207664,-6047191.225050548,-0.1511797806262637,-5623170.695254421,-66805118.67879498,25389720.81932943,2454893.0396131435,-38960504.81985241,0.15314536967202133,-0.12376973718742477,-0.006269296960780095,0.11009006636277587,2021-12-27,2017-09-09,False,False,False,False,False,0.0,0,0,False,[],琬琰机械
2017-09-30,季报,2017-10-27,无保留意见,False,320049066.4974054,90281038.77825505,229768027.7191504,0.2820849932989476,7846714.665062355,12041448.524771115,580533.9311289404,0.0018350443441820892,45452765.09145976,11437.982588131354,39071271.59875769,101365202.7298312,40000000,5.74420069297876,-9338831.849961283,-8547660.027121471,5451227.559371353,-2793917.803336898,-0.06984794508342244,-2462559.1793754417,-62767664.49233525,23122254.505643606,2378782.844632959,-37266627.142058685,0.0009971312524707254,0.297026405606051,-0.0434846608791221,0.14848709181952235,2021-12-27,2017-11-26,False,False,False,False,False,0.0,0,0,False,[],琬琰机械
2017-12-31,年报,2018-03-30,保留意见,False,373477704.8960728,117812749.72760625,255664955.16846657,0.3154478786367981,9490201.399080295,14968131.883231144,691357.2742828851,0.0024309285666867524,54819248.24898529,12985.05266317924,43600740.73065858,123255763.07883099,40000000,6.391623879211664,-13986084.748405319,-13205647.868735231,5806500.837959331,-6638932.712062908,-0.1659733178015727,-6654268.3451625155,-45222960.9202511,28084683.451552883,2828917.7269204506,-14309359.741777768,0.11270901224329817,-0.27065976780207385,0.03336288533785048,0.030825021295349805,2021-12-27,2018-04-22,False,False,False,False,False,0.0,0,0,False,[],琬琰机械
2018-03-31,季报,2018-04-30,无保留意见,False,427637415.374037,123120427.85170875,304516987.52232826,0.2879084556808958,9821446.88280028,15536879.428700717,721894.0345939733,0.002668360256646805,54529474.8791714,13840.242821873559,41073433.010571845,130196954.34025964,40000000,7.612924688058206,-16710205.946340874,-15491645.60437994,17123530.61280599,-3891601.7113365065,-0.09729004278341266,-3265711.0509210117,-44780809.52643309,30896657.467150856,3267800.4828723143,-10616351.576409917,0.19107832875128078,0.26515907332490657,-0.0275394229559023,0.024087470452926397,2021-12-27,2018-05-18,False,False,False,False,False,0.0,0,0,False,[],琬琰机械
2018-06-30,半年报,2018-08-27,无保留意见,False,411590299.1006007,111524538.34955512,300065760.7510456,0.27096007508742653,10757003.176775953,16797043.141695306,765783.3024068878,0.0024886752208786184,56344829.623373,13362.92941359556,51414136.57388145,134481537.63118628,40000000,7.5016440187761395,-16503204.593572816,-15321026.13258862,1289946.65015269,295716.21824008226,0.007392905456002056,243742.1025590288,-23407724.703838017,32398615.859501123,2875038.764293645,11865929.919956751,-0.014617334840659158,0.3194378014282566,-0.01694838059346925,-0.027954957492812894,2021-12-27,2018-10-16,False,False,False,False,False,0.0,0,0,False,[],琬琰机械
2018-09-30,季报,2018-10-27,非标准无保留意见,False,489835004.0761359,178967524.14009556,310867479.9360403,0.36536287249957,12151097.851963092,18318782.432181567,778705.7402714418,0.002849630862860734,61069172.87390602,16384.89756752106,54903623.15573676,147474665.37886143,40000000,7.771686998401007,-21526824.899558745,-19494802.82284305,28226182.288792115,-7176600.437122757,-0.1794150109280689,-5962538.1289349,-44231439.883824594,37607554.29975159,4030641.3936157725,-2593244.1904572346,0.03599783980004491,-0.4320327970854728,0.09440279741214344,-0.07177214679546084,2021-12-27,2018-12-05,False,False,False,False,False,0.0,0,0,False,[],琬琰机械
2018-12-31,年报,2019-03-30,无保留意见,False,550565249.3190598,246759486.90763912,303805762.41142076,0.4481929929519375,12171061.467081862,17318741.99011662,873278.3961126786,0.00293089489455037,70681779.36522107,18996.303760647952,60900858.322628334,155697353.12914947,40000000,7.595144060285519,-25466642.337506987,-23109149.082992695,11315385.958475988,-5628310.625640351,-0.1407077656410088,-5163351.800213779,-96464252.8632932,38682189.03670316,4225011.08458881,-53557052.74200123,-0.022716166792591037,0.15761242343571313,0.08283012045236754,-0.022888071526048537,2021-12-27,2019-05-22,False,False,False,False,False,0.0,0,0,False,[],琬琰机械
2019-03-31,季报,2019-04-30,无保留意见,True,588459018.1109775,260271264.10828155,328187754.002696,0.4422929313646732,12552230.154105106,20859778.55468869,936711.5862352798,0.0029978985683565794,74082496.96169919,17949.708876618894,60588400.20049693,175703402.33604708,40000000,8.2046938500674,-28371396.524700355,-25790587.301661085,0.0,-4149648.8388476707,-0.10374122097119176,-3830626.0266691293,-23023166.036644176,42475415.04457227,4705952.724407495,24158201.73233559,0.080255197919046,0.1300300894717276,-0.005900061587264337,-0.1042556952564714,2021-12-27,2019-06-23,False,False,False,False,False,0.0,0,0,False,[],琬琰机械
2019-06-30,半年报,2019-08-27,无保留意见,False,619698112.8081961,323247275.3517195,296450837.45647657,0.5216205579308717,15658445.911321748,25530343.863412935,1081522.244399166,0.003752127166544948,91968642.04398894,22141.3573622114,75738103.31071812,214446074.23018524,40000000,7.411270936411914,-35372449.917792544,-31481308.741345115,12231678.381242832,-10001504.847274553,-0.25003762118186384,-8129602.056691472,-32507527.248296265,47571297.24838669,4643107.54498278,19706877.545073204,-0.0967035367991175,-0.4553849101118361,0.07932762656619846,0.06359154682759931,2021-12-27,2019-10-07,False,False,False,False,False,0.0,0,0,False,[],琬琰机械
2019-09-30,季报,2019-10-27,无保留意见,False,669241255.8431228,370723063.92846394,298518191.9146589,0.5539453234415741,16509355.471769825,24407886.12335597,1158732.4065086832,0.003952378598625777,85714174.58003959,20873.846242268995,73739533.454329,212300241.40841135,40000000,7.462954797866472,-41311179.28244418,-36886358.08659032,7846395.473388672,-8483899.092359474,-0.21209747730898684,-7721499.064636003,-36124720.374918334,45483117.45465646,5486582.7219201,14844979.801658224,0.006973683987267854,0.2168474395990791,0.03232476551070249,0.03901533293861677,2021-12-27,2019-12-18,False,False,False,False,False,0.0,0,0,False,[],琬琰机械
2019-12-31,年报,2020-03-30,保留意见,False,808139927.0787568,497011344.9897243,311128582.08903253,0.6150065456935261,21026788.02441061,30305714.130993925,1282871.998736618,0.004721701574690947,116434205.05778904,29357.988080761315,97013758.16816741,261309017.31097916,40000000,7.778214552225814,-44585217.39265451,-40101334.350999005,20363169.7895453,-4677197.300300479,-0.11692993250751198,-4592823.23486955,-153070056.12698385,59472800.53678478,6259790.038535287,-87337465.55166379,0.042243288737253123,0.44700055029217367,0.06106122225195196,0.04885894644589498,2021-12-27,2020-04-29,False,False,False,False,False,0.0,0,0,False,[],琬琰机械
2020-03-31,季报,2020-04-30,无保留意见,False,843576607.925746,540793854.9689401,302782752.95680577,0.6410726066701726,19403376.437221594,26221591.202924468,1409843.561625595,0.004879909229593862,109696071.36932068,25705.430483587814,87052520.5416896,243786316.37757176,40000000,7.569568823920144,-47632854.33658433,-42922198.19392152,14619819.77440678,-4353767.06275689,-0.10884417656892226,-4029805.4898893083,-150163273.84025705,60088780.63819515,6577743.719984918,-83496749.48207697,-0.02682437298492418,0.02624648348475736,0.02606606097664657,-0.014719406466393326,2021-12-27,2020-06-06,False,False,False,False,False,0.0,0,0,False,[],琬琰机械
2020-06-30,半年报,2020-08-27,无保留意见,False,1293343753.1940904,922604517.4951842,370739235.6989063,0.7133482612156941,30874687.343217503,48970644.339542,2082879.3004243975,0.007277061435718589,172109095.48726442,46175.43727975474,143079786.31467545,411783149.4943113,40000000,9.268480892472658,-48637288.193856046,-43887593.93293112,1863083.1124711686,-1434905.5103881694,-0.035872637759704236,-1379136.7700137114,-207499642.8446309,104385946.6581138,10194650.517314807,-92919045.66920228,0.22443974129462743,0.23080877656244042,0.07227565454552137,0.12006337892835316,2021-12-27,2020-09-21,False,False,False,False,False,0.0,0,0,False,[],琬琰机械
2020-09-30,季报,2020-10-27,无保留意见,False,1406012499.6883621,1036939021.4321259,369073478.2562361,0.7375034159809817,34396859.037067294,50435139.08288936,2391372.7667984944,0.00786035521359811,185861007.0902151,43427.51451333808,167174601.56224602,426071069.84634846,40000000,9.226836956405903,-42659864.12570362,-38488837.25122118,33725506.48506502,8539177.240217756,0.21347943100544392,7712509.545299913,-194456467.7157993,104142387.54428641,11901150.852201026,-78412929.31931186,-0.004493070283025136,0.6407980855665635,0.02415515476528761,0.029747761611879375,2021-12-27,2020-11-26,False,False,False,False,False,0.0,0,0,False,[],琬琰机械
2020-12-31,年报,2021-03-30,无保留意见,False,1492653010.6023283,1106106609.7689059,386546400.83342236,0.7410339857369531,37904593.10776122,62020555.20019913,2719300.477398823,0.009724245022579688,206503116.65967634,51523.69109405081,186803351.32914713,498526431.09344184,40000000,9.66366002083556,-27100001.48485081,-25162661.019066907,85729271.79907908,22228375.2012183,0.5557093800304574,19037394.61736325,-235252312.74609372,111922336.16229324,12021390.74723809,-111308585.8365624,0.04734266645151719,0.5360077903936356,0.003530569755971446,-0.020537815021783246,2021-12-27,2021-05-04,False,False,False,False,False,0.0,0,0,False,[],琬琰机械
2021-03-31,季报,2021-04-30,无保留意见,False,1775575683.2067385,1342908306.0514212,432667377.1553173,0.75632276266934,37236783.59037855,60843192.95306196,2848024.993632051,0.00909110086683893,216600562.50925156,60113.397937839196,191921813.14802653,510079841.67381823,40000000,10.816684428882933,-20105336.168281056,-18890034.93121234,36673189.45649667,9992379.023671076,0.24980947559177688,8960894.41122081,-251700404.2447256,136063736.8392868,13961873.220397577,-101674794.18504123,0.11931549801642125,-0.3119169762903465,0.015288776932386849,0.08323242205609022,2021-12-27,2021-06-07,False,False,False,False,False,0.0,0,0,False,[],琬琰机械
2021-06-30,半年报,2021-08-27,无保留意见,False,3102191205.198846,2652310977.7528334,449880227.44601274,0.854979852082594,83428503.7146994,122054172.7431098,4894147.195311899,0.02005073644607307,457236149.47615,110575.28949461352,341871255.9308656,999108516.2324655,40000000,11.247005686150318,-14132338.022294201,-13692559.401144566,27281526.836203147,8532854.494266935,0.21332136235667337,7424965.042953961,-431450060.1649482,217203859.80245447,26080791.04425636,-188165409.3182374,0.03978310175328141,-0.05407172624999841,0.0986570894132541,-0.029740354286041007,2021-12-27,2021-10-24,False,False,False,False,False,0.0,0,0,False,[],琬琰机械
2021-09-30,季报,2021-10-27,无保留意见,False,4795814119.687721,4316232707.718949,479581411.96877205,0.9,112895713.60295261,169432595.52393445,7951381.099241877,0.027723601486793356,624430964.6891689,149991.02322856855,518802549.1158119,1447178948.9345233,40000000,11.989535299219302,-6139683.842810036,-6791352.92166185,11467536.793592297,11418077.399263095,0.2854519349815774,9858866.399261024,-484424210.3393516,360872150.4719726,34673690.212397926,-88878369.65498108,0.06602020429164922,0.1130004052482263,0.06080390521188133,0.03638841673354284,2021-12-27,2021-12-20,False,False,False,False,False,0.0,0,0,False,[],琬琰机械
2021-12-31,年报,2022-03-30,无保留意见,False,4043158382.162695,3577901517.107548,465256865.0551465,0.8849273708624099,100245508.87184551,139252786.44282115,7323128.836528374,0.023747542243903075,534024449.20371306,136492.58233445734,447508798.7098795,1231946370.2901893,40000000,11.631421626378662,3181578.853157677,1458532.73814347,31757811.904251,13316089.565668162,0.332902239141704,11785550.94257903,-311218939.86275107,281893248.6739581,33122561.758296028,3796870.569503084,-0.029868853454558645,0.06678890129471898,-0.030856386432065386,0.14317931797461783,2021-12-27,2022-04-29,True,False,False,True,False,19595773.272662785,0,0,True,"['公司在相应期间是否按照中国证券监督管理委员会相关规定为中小股东参与现金分红决策提供了便利', '上市公司控股子公司向母公司实施利润分配的情况']",琬琰机械
2022-03-31,季报,2022-04-30,无保留意见,True,3790409566.147467,3369597828.8957715,420811737.2516958,0.8889798767368022,91258948.69835193,152748471.6825251,6841844.585268127,0.025070730342439746,515467375.96248573,133719.5379264002,509659876.595844,1232922817.695755,40000000,10.520293431292396,504362.8855184009,-723315.4702402779,15768092.848472748,-3824594.239484681,-0.09561485598711703,-3116926.0119767827,-690931487.3344845,258546835.74161634,28300620.759344567,-404084030.8335235,-0.09552815045121936,-0.5653989037083472,0.0040525058743921824,0.23642599586516594,2021-12-27,2022-05-10,False,True,False,False,False,0.0,4,0,True,"['根据公司盈利能力、融资能力及其成本、偿债能力及现金流等情况披露现金分红方案的合理性，是否导致公司营运资金不足或者影响公司正常生产经营', '公司在相应期间是否按照中国证券监督管理委员会相关规定为中小股东参与现金分红决策提供了便利', '结合所处行业特点、发展阶段和自身经营模式、盈利水平、偿债能力、资金需求等因素，未进行现金分红或现金分红水平较低原因的说明', '结合前述财务报表列报项目的具体情况说明现金分红方案确定的依据及未来增强投资者回报的规划']",琬琰机械
2022-06-30,半年报,2022-08-27,无保留意见,False,4099740776.2513647,3689766698.6262283,409974077.6251364,0.9,107397789.03039509,158057400.57869145,7357573.189598227,0.02511452927078142,591727089.7833643,140985.18826610965,517228271.529581,1356928602.946909,40000000,10.24935194062841,1086735.4909210254,-253666.1461862788,1922197.4884460843,831960.8648608923,0.020799021621522307,670927.6057914273,-636854536.1643618,296377930.10185283,32572353.945629396,-307904252.1168796,-0.02575417619608182,0.3534278328110819,0.023991990528633458,-0.13167144641796608,2021-12-27,2022-09-09,False,False,False,True,False,0.0,0,0,False,[],琬琰机械
2022-09-30,季报,2022-10-27,无保留意见,False,2975489849.392259,2542272898.000673,433216951.3915862,0.8544048296854145,72753899.78642097,119684379.92060459,5395795.454890504,0.017327040921687055,416898969.74247813,109864.69988418471,335492415.8074096,967465786.5270646,40000000,10.830423784789655,2730902.668514895,1163101.4229558574,5685051.84347311,2348810.2537055276,0.058720256342638194,2023953.670203052,-45524282.831224576,226819414.75495452,23249355.515532356,204544487.4392623,0.056693520480829374,0.08506352163623758,-0.058567037580021,0.0671319375838243,2021-12-27,2022-12-04,False,False,False,False,False,0.0,0,0,False,[],琬琰机械
2022-12-31,年报,2023-03-30,无保留意见,False,4741574045.327553,4267416640.794798,474157404.5327552,0.9,121486291.60050565,178660152.6685278,7486776.821427931,0.02918296103893459,748834926.1058664,159152.31309846783,555425431.3510672,1501820148.74465,40000000,11.85393511331888,8635136.6240391,6527202.284305607,9281784.880250862,8434619.936463151,0.21086549841157878,7663001.230499643,-275649122.81598395,348456922.42807335,39942322.902567394,112750122.51465678,0.09450334990276665,0.3145314674628184,0.08290445665034102,0.09844175798273666,2021-12-27,2023-05-10,True,False,False,False,False,1328667.9782220484,0,0,True,"['根据公司盈利能力、融资能力及其成本、偿债能力及现金流等情况披露现金分红方案的合理性，是否导致公司营运资金不足或者影响公司正常生产经营', '结合前述财务报表列报项目的具体情况说明现金分红方案确定的依据及未来增强投资者回报的规划', '留存未分配利润的预计用途以及收益情况', '公司在相应期间是否按照中国证券监督管理委员会相关规定为中小股东参与现金分红决策提供了便利']",琬琰机械
2023-03-31,季报,2023-04-30,无保留意见,False,4442123586.54769,3949086933.1647577,493036653.3829324,0.8890087941551152,107112939.70157109,155163513.2164023,7389044.99851006,0.027984613168731708,593298886.655022,146634.24626259992,494618937.79876506,1362161574.9331222,40000000,12.32591633457331,13907755.477819469,11512810.864231134,19881388.003456034,7532312.648257673,0.18830781620644182,7122297.971322182,-441754200.56538504,329001746.8121672,34502727.517729156,-78249726.23548865,0.03981641680526157,-0.03547555616948415,-0.048300492180640454,0.16136457442037924,2021-12-27,2023-06-11,False,True,True,True,False,0.0,0,5,True,"['留存未分配利润的预计用途以及收益情况', '公司在相应期间是否按照中国证券监督管理委员会相关规定为中小股东参与现金分红决策提供了便利', '充分披露高送转的主要考虑及其合理性且送转股后每股收益不低于0.5元']",琬琰机械
2023-06-30,半年报,2023-08-27,无保留意见,False,4025693377.830474,3539537526.6218877,486155851.20858634,0.879236741206906,101827667.61074345,165949459.29750013,7151961.909747639,0.02283406294038121,579153506.1073531,152200.51555001902,484599981.2316444,1305660189.4892204,40000000,12.153896280214658,10565349.717625093,8493502.58381113,9083853.316607956,-4774865.371706253,-0.11937163429265632,-4313297.543457151,-617967666.0596848,304492559.0376825,30448533.829806365,-283026573.1921959,-0.013955964789096198,-0.5016721495614073,-0.009772052948209285,0.11231636426940726,2021-12-27,2023-10-06,False,False,False,False,False,0.0,0,0,False,[],琬琰机械
2023-09-30,季报,2023-10-27,无保留意见,False,4105906926.6589675,3632263679.1803966,473643247.47857106,0.8846434524846911,104308828.8986186,143365346.73515922,6747018.180747683,0.024733472559989582,546000114.8959962,137271.73465843545,449714561.13080835,1298966982.7943633,40000000,11.841081186964276,7391726.773681647,5478251.888213193,16112132.855306506,-4533747.062776351,-0.11334367656940879,-4307500.993711337,-290600625.7530829,314499083.9903262,29878034.2557278,53776492.49297115,-0.025737844559329898,0.019723161851474387,0.005406711277785279,-0.07367457991678546,2021-12-27,2023-11-21,False,False,True,True,True,0.0,0,7,True,"['公司在相应期间是否按照中国证券监督管理委员会相关规定为中小股东参与现金分红决策提供了便利', '结合所处行业特点、发展阶段和自身经营模式、盈利水平、偿债能力、资金需求等因素，未进行现金分红或现金分红水平较低原因的说明', '根据公司盈利能力、融资能力及其成本、偿债能力及现金流等情况披露现金分红方案的合理性，是否导致公司营运资金不足或者影响公司正常生产经营']",琬琰机械
2023-12-31,年报,2024-03-30,保留意见,False,4770844279.741473,4293759851.767326,477084427.9741472,0.9,113505626.10309783,166168599.71367446,7397933.286573756,0.027835977940907832,655942619.0211097,162792.51614104328,492606819.48599684,1448092874.0409787,40000000,11.92711069935368,8715344.287605047,6708646.4349803,8285902.749273499,1890882.1627477147,0.047272054068692865,1757706.4953815814,-348439771.7396067,358472491.50933826,36454634.29934517,46487354.069076754,0.007265342668548835,0.5153616935158137,0.049930550895241475,-0.04333777153262305,2021-12-27,2024-05-17,False,False,False,False,False,0.0,0,0,False,[],琬琰机械
2024-03-31,季报,2024-04-30,无保留意见,False,4681214587.112116,4213093128.4009047,468121458.71121156,0.9,120402874.1871607,164433942.11145368,7700714.13970058,0.028074705276217714,628666252.2633064,150107.91180743856,532610242.93351763,1465139654.2644439,40000000,11.703036467780288,7499918.927427834,5622745.899680374,5875506.690473718,-1736321.943110304,-0.043408048577757596,-1551286.4789998939,-573622113.4327054,341692599.03680414,37294930.44408256,-194634583.9518187,-0.01878696670313738,-0.19200819075621373,0.03736506869478724,-0.04197096487350903,2021-12-27,2024-05-21,False,False,False,True,False,0.0,0,0,False,[],琬琰机械
2024-06-30,半年报,2024-08-27,无保留意见,False,4377393904.09405,3939654513.684645,437739390.4094049,0.9,101124500.02313249,160822929.82335988,7807520.931466312,0.023801323611903742,594117514.8362584,163064.1467869721,504659761.5780883,1376083562.8465958,40000000,10.943484760235123,15123027.655983225,12014013.298861772,19116411.853193782,10890155.326507699,0.27225388316269244,9130381.99883057,-86536034.34029597,327899419.00712734,33885437.00155951,275248821.66839087,-0.06490210550366932,0.8272237675976586,0.08235456666333164,-0.026393157859124595,2021-12-27,2024-09-27,True,False,True,True,False,5805017.141414639,0,4,True,['根据公司盈利能力、融资能力及其成本、偿债能力及现金流等情况披露现金分红方案的合理性，是否导致公司营运资金不足或者影响公司正常生产经营'],琬琰机械
2024-09-30,季报,2024-10-27,无保留意见,False,4439927694.77628,3995934925.298652,443992769.47762793,0.9,115406999.45744696,160477017.9626397,7871743.712413226,0.027176345620467085,622579479.5482574,156540.6263584629,518803338.9212729,1431374264.0325933,40000000,11.099819236940698,30510234.109963857,25599023.793502446,67588805.03689656,21981723.50568662,0.5495430876421654,19407157.849486675,-212713944.94654155,324018173.6329082,35965486.40567148,147269715.09203815,0.014285621091522952,0.3976875728847998,-0.02500479139575865,-0.04154119261867899,2021-12-27,2024-12-02,True,False,False,False,False,17079488.39620873,0,0,True,"['根据公司盈利能力、融资能力及其成本、偿债能力及现金流等情况披露现金分红方案的合理性，是否导致公司营运资金不足或者影响公司正常生产经营', '结合前述财务报表列报项目的具体情况说明现金分红方案确定的依据及未来增强投资者回报的规划']",琬琰机械
2024-12-31,年报,2025-03-30,无保留意见,False,3828441100.181255,3445596990.1631293,382844110.01812536,0.9,94412163.75929317,154253833.2389656,6484017.930921551,0.02299129317672707,511511516.9685248,126139.0277412114,443356436.0293099,1253160607.2422836,40000000,9.571102750453134,46247986.85703254,39823068.79684356,104172825.47743958,22482503.924383834,0.5620625981095958,20320064.290487308,-340857944.5687402,291864954.442923,31266892.66048833,-17726097.46532885,-0.13772444882705173,0.012846543807232297,-0.03206535397762747,0.008045520595658657,2021-12-27,2025-05-09,False,False,False,False,False,0.0,0,0,False,[],琬琰机械
2017-03-31,季报,2017-04-30,无保留意见,False,267353699.34570187,78326389.65401937,189027309.69168252,0.2929691634928132,62995687.40380336,3181.0862490965683,3481403.644630263,1139479.4681947273,1848837.351485981,31789915.687740885,24929050.141513743,122934984.97896841,40000000,4.725682742292063,4234281.802575482,3890080.750832241,25841810.544809446,6048974.003679261,0.1512243500919815,5557258.215474631,-44893679.31178589,-46149605.3017749,-34638351.10016536,-125681635.71372616,0.050151720509347304,0.2804985557599588,-0.007030836507186759,-0.07647767676760835,2021-12-28,2017-06-23,False,False,False,False,False,0.0,0,0,False,[],筠琮地产
2017-06-30,半年报,2017-08-27,无保留意见,False,272638561.2764193,86468875.68799353,186169685.5884258,0.317155707113366,57945609.459240675,2580.036641348727,3937310.43041737,1093337.6868613947,1884844.6771804374,33679090.700490914,23824109.76808165,123426904.4184535,40000000,4.654242139710645,11811528.929500952,10462526.441370036,24154700.64048061,10824638.752750672,0.2706159688187668,9389208.129339706,-38118697.18085719,-46954465.093950495,-33314637.61799539,-118387799.89280307,-0.015117519833074442,0.2071964135283888,0.02418654362055275,0.08105186648977267,2021-12-28,2017-09-13,False,False,False,False,False,0.0,0,0,False,[],筠琮地产
2017-09-30,季报,2017-10-27,非标准无保留意见,False,333819641.52288604,124366149.55818419,209453491.96470183,0.37255491914983047,74811979.47726114,3719.09242251445,4550117.242316633,1694488.2369122854,2427047.448113944,44611553.67042294,32182926.671734218,165183175.0899705,40000000,5.236337299117546,13267575.716206398,11854991.58860289,7282516.219402379,2080066.8381506354,0.052001670953765886,1989235.924618365,-24850858.715168476,-56926203.36285936,-43456821.32366545,-125233883.40169328,0.12506765697478073,-0.31427440953696373,0.0553992120364645,0.17228848055567167,2021-12-28,2017-12-20,False,False,False,False,False,0.0,0,0,False,[],筠琮地产
2017-12-31,年报,2018-03-30,保留意见,False,346526255.40689003,132692432.4723977,213833822.93449232,0.382921727869049,64102968.70366981,3428.772313916935,3974506.936480717,1406486.8887510595,2275928.3911680877,38193013.74969241,30933403.776394796,148032838.82050303,40000000,5.345845573362308,18421201.99790458,16375971.10967544,8127741.380798885,7362323.259568833,0.18405808148922082,6458542.172960784,-14718156.141182052,-62912566.738406666,-43172735.043061934,-120803457.92265067,0.020913143670713806,0.27684685102131373,0.01036680871921848,0.011789971490612767,2021-12-28,2018-04-30,False,False,False,False,False,0.0,0,0,False,[],筠琮地产
2018-03-31,季报,2018-04-30,无保留意见,False,353952544.37825835,157550766.78348356,196401777.59477478,0.44511833375921106,74001757.34944911,3297.8941827877657,4527280.1909675775,1452201.4348888053,2491776.192795871,37991589.30008373,30764477.366559546,149082840.7743567,40000000,4.9100444398693694,36402434.82251802,32942069.76266004,94034515.74410635,25687475.463733494,0.6421868865933373,23665855.218549434,-27796842.93308782,-61400194.81020145,-47534979.00169589,-136732016.74498516,-0.08152145951699055,0.7521923097776424,0.062196605890162064,0.06517041774555396,2021-12-28,2018-06-12,False,False,False,False,False,0.0,0,0,False,[],筠琮地产
2018-06-30,半年报,2018-08-27,无保留意见,False,388003362.41571546,167311930.16671953,220691432.2489959,0.43121257796590384,86097414.98699304,4253.062099415136,5576347.941801537,1740660.07933425,2669120.2722223364,45126267.33626949,36226967.20195569,180759915.86644197,40000000,5.517285806224898,40891996.68506423,37066386.3502894,12771654.006101483,6413659.803637426,0.16034149509093565,5891880.839470514,-27391877.01578026,-61764970.90787546,-52265354.00778599,-141422201.93144172,0.12367329334633952,-0.45150985038857006,-0.013905755793307191,0.20053951430454922,2021-12-28,2018-10-14,False,False,False,False,False,0.0,0,0,False,[],筠琮地产
2018-09-30,季报,2018-10-27,无保留意见,False,475818019.006234,236988805.6274131,238829213.3788209,0.4980660592097252,111168189.9706901,5112.754455078325,7090956.03188336,2360321.0795216057,3263196.798445484,52643674.57407145,43308835.43635694,226772843.12224212,40000000,5.970730334470522,48441297.585509114,43710770.141350694,23690567.650397345,10784715.572064128,0.2696178893016032,9491976.844373278,-14231431.274658317,-78256334.72989029,-62058340.310663104,-154546106.3152117,0.08218615895047965,0.1866882753523067,0.06685348124382134,0.1771795039889224,2021-12-28,2018-11-15,False,False,False,False,False,0.0,0,0,False,[],筠琮地产
2018-12-31,年报,2019-03-30,无保留意见,False,569100924.564925,289537757.6725642,279563166.8923608,0.5087634638687584,111944434.25351371,6036.314891226728,7151349.614559918,2457243.751225989,3923673.762478788,60869442.28787323,44383279.362139225,241696019.30281088,40000000,6.98907917230902,44980132.09956298,40414520.29770578,20696205.56918858,-4944522.122780196,-0.1236130530695049,-4708928.348064172,-31591739.76533631,-97527072.16081716,-71133375.8919668,-200252187.81812027,0.17055682986707943,-0.5661111647534421,0.010697404659033216,0.10142201022643041,2021-12-28,2019-05-11,False,False,False,False,False,0.0,0,0,False,[],筠琮地产
2019-03-31,季报,2019-04-30,无保留意见,True,534630699.95737803,241856884.92104873,292773815.0363293,0.45238121368699946,110987275.39036843,4895.377566685286,5978016.704135269,2263196.845785992,3568731.6285498426,58336751.685566984,42504077.62676123,218394795.92137727,40000000,7.319345375908234,42906348.23605803,38594888.661946766,3913230.4462467567,-2962548.376435641,-0.07406370941089103,-2599473.76537001,-81891414.15239349,-81786377.5296682,-67209141.15287165,-230886932.83493334,0.04725460900596739,0.16440441154885455,-0.05638225018175891,0.045485193194834815,2021-12-28,2019-05-23,False,False,False,False,False,0.0,0,0,False,[],筠琮地产
2019-06-30,半年报,2019-08-27,无保留意见,False,581499977.893917,285551901.686834,295948076.207083,0.4910608986109492,129430185.02065527,6810.387535098936,7775550.361681359,3032368.628341071,4190299.8590691667,70492506.83971289,52135356.9483261,264898806.66138735,40000000,7.398701905177075,43221181.93505554,38881131.760268085,1594978.4288767662,449762.4271392934,0.011244060678482335,408918.71188759647,-63805149.6900652,-98171397.35671556,-76129470.3255387,-238106017.37231946,0.01084202550818901,0.2430862021883492,0.03867968492394971,0.0010386787465973219,2021-12-28,2019-10-24,False,False,False,False,False,0.0,0,0,False,[],筠琮地产
2019-09-30,季报,2019-10-27,无保留意见,False,556613437.1003804,263534557.1725214,293078879.92785895,0.4734606454083775,128313715.90039274,5705.467636387637,7567749.445544017,2542709.6234272104,4545390.73067251,65371444.5510242,54811410.12950129,259149745.34688485,40000000,7.326971998196473,46735206.88415595,41865303.20818719,8661581.637286415,5020035.641572021,0.1255008910393005,4263102.068455867,-70046074.28126808,-97477852.657619,-71059002.12169799,-238582929.06058505,-0.009694931340646465,0.2619103402419203,-0.01760025320257171,-0.05374067408198986,2021-12-28,2019-12-11,False,False,False,False,False,0.0,0,0,False,[],筠琮地产
2019-12-31,年报,2020-03-30,无保留意见,False,589053925.9197118,274144922.215405,314909003.70430684,0.4653986844877951,147019572.45529467,6590.375023761922,7726691.913592927,2851373.8651037742,4440285.1322935885,76490103.9147961,55300599.63324232,291173237.66333,40000000,7.872725092607671,53153195.43760668,47443009.89419874,21687311.160588093,9168555.076358184,0.22921387690895462,7968152.408587925,-38791166.875927754,-104233031.65019576,-78420768.57517935,-221444967.10130286,0.07448548930520472,0.18839748955510743,-0.00806196092058238,0.1861483773518896,2021-12-28,2020-05-16,False,False,False,False,False,0.0,0,0,False,[],筠琮地产
2020-03-31,季报,2020-04-30,无保留意见,False,808458805.0053058,410349719.7721075,398109085.2331982,0.5075703514286228,175730160.76312774,8791.683664499662,10723563.014370497,3750558.7444631224,5597873.556953914,97003781.7523704,72299692.13845265,368453533.5310521,40000000,9.952727130829956,65478487.39053933,57698182.35340742,10407534.434977148,17607559.93276094,0.4401889983190235,14650246.370298123,-36424235.82037112,-151944403.61501965,-111650420.65112886,-300019060.0865196,0.2642035653163304,0.32248646636309397,0.04217166694082771,-0.11861684474214385,2021-12-28,2020-05-20,False,False,False,False,False,0.0,0,0,False,[],筠琮地产
2020-06-30,半年报,2020-08-27,无保留意见,False,855274106.6586825,434960687.5978067,420313419.0608758,0.5085629089100766,190002981.3983446,8588.690709762208,12003547.261414872,4236089.618723207,6423532.105871824,107257023.75576118,86042695.26294036,406503854.25355756,40000000,10.507835476521894,64945034.571281776,57229216.82722857,1819235.1846270976,-762075.456082223,-0.019051886402055573,-669950.7516840762,-112129107.834394,-146688497.1896325,-109900787.07270697,-368718392.09673345,0.055774496617355736,-0.5307983407247879,0.0009925574814538005,-0.092197744186299,2021-12-28,2020-09-06,False,False,False,False,False,0.0,0,0,False,[],筠琮地产
2020-09-30,季报,2020-10-27,无保留意见,False,789339302.9224634,363008538.504412,426330764.4180514,0.45988909605844147,159614200.49470598,8183.175043264228,9391728.49427406,3573324.5276870835,4801468.941527607,85861888.75616534,67423814.38664596,336167428.1261113,40000000,10.658269110451286,67255440.61130379,59411727.80209147,11323540.273521468,3300580.0571743026,0.08251450142935757,3117872.821232724,-113313400.03884174,-144169496.32137427,-108554950.45358433,-366037846.81380033,0.014316329396811843,0.2501954915647313,-0.04867381285163517,0.08635819267863792,2021-12-28,2020-11-10,False,False,False,False,False,0.0,0,0,False,[],筠琮地产
2020-12-31,年报,2021-03-30,保留意见,False,901697589.7609465,449395060.4817464,452302529.27920014,0.49838778054279564,195255834.26083377,9741.08885046633,11829303.592017183,4136800.0244152267,6050270.103152543,109789596.5212168,78319444.74015225,402421157.39738756,40000000,11.307563231980003,75107013.24415392,66398454.23566524,50107798.58110272,11216532.33264305,0.28041330831607625,9981037.762248237,-126257254.4911492,-160609204.61997423,-113485189.92149928,-400351649.0326227,0.06091928387246588,0.3899372457917143,0.0384986844843542,0.06569608433125691,2021-12-28,2021-05-16,False,False,False,False,False,0.0,0,0,False,[],筠琮地产
2021-03-31,季报,2021-04-30,保留意见,True,1023993584.594833,561669489.5227088,462324095.07212424,0.5485087972938292,210400495.10879293,9705.628221509318,12658880.410865437,4462306.2904866515,7238670.334139967,123210611.10474874,93515477.8920196,453105651.7934148,40000000,11.558102376803106,77425012.34525041,68426545.98170309,11127765.70973762,3311427.287280701,0.08278568218201753,2897273.9229112095,-23900578.11571135,-168000844.26749346,-131479184.80393386,-323380607.1871387,0.022156775928038115,-0.28015863013107095,0.05012101675103356,0.11222225968514384,2021-12-28,2021-06-16,False,False,False,False,False,0.0,0,0,False,[],筠琮地产
2021-06-30,半年报,2021-08-27,无保留意见,False,1108429907.3478847,609372051.2130972,499057856.1347873,0.5497614663530038,251736784.11467692,11218.96217556626,13766757.921080759,4588991.258556396,7793768.526622986,125927996.75658864,91947478.86270668,477747641.3465013,40000000,12.476446403369684,88482739.4322849,78675597.57092352,69120559.69628464,15796752.981477853,0.3949188245369463,14641502.270314896,-214644413.96419874,-187364156.17086768,-155638487.82842985,-557647057.9634962,0.07945456759490885,0.6146946503368397,0.0012526690591745581,0.05872239301092012,2021-12-28,2021-09-20,False,False,False,False,False,0.0,0,0,False,[],筠琮地产
2021-09-30,季报,2021-10-27,无保留意见,False,1263522447.2768893,801436805.9313021,462085641.34558713,0.6342877466550261,294502137.52120584,13554.004880494753,16417035.987429218,5237930.9515946405,9644935.098554574,157901256.9726785,111152113.23199236,566742520.7973256,40000000,11.552141033639678,110835094.25306553,99277332.14270899,109571156.40520804,31931935.458258025,0.7982983864564507,29431049.388264954,-33638632.901668765,-219571041.0067857,-173815783.057766,-427025456.96622044,-0.07408402519810173,0.49197499782654114,0.0845262803020222,-0.0019729640932783727,2021-12-28,2021-11-16,False,False,False,False,False,0.0,0,0,False,[],筠琮地产
2021-12-31,年报,2022-03-30,非标准无保留意见,False,1587055386.655995,1053489744.2086474,533565642.4473476,0.6638014987166913,343140944.6675968,16523.05101762739,19746567.00912914,7752725.137894131,11187781.759058667,188692753.04844704,142715717.47182128,727311507.0330051,40000000,13.339141061183689,151274734.686439,134489127.1878588,266256233.82631093,57770914.904819295,1.4442728726204823,50302564.350214005,-239294129.4582119,-288275896.8778868,-225742211.8661161,-753312238.2022147,0.15468994209301032,0.5280596241406292,0.02951375206166521,0.011386348891134861,2021-12-28,2022-05-08,False,True,False,False,False,0.0,1,0,True,"['是否影响偿债能力、过去十二个月内是否使用过募集资金补充流动资金以及未来十二个月内是否计划使用募集资金补充流动资金等内容', '公司在相应期间是否按照中国证券监督管理委员会相关规定为中小股东参与现金分红决策提供了便利']",筠琮地产
2022-03-31,季报,2022-04-30,无保留意见,False,1590098435.2405705,1106103710.1109428,483994725.12962776,0.6956196456753303,368175622.175285,16568.257748939253,22891446.09751897,8016919.556719835,11524894.864783173,178837995.20210856,153386697.5848934,751495657.3422316,40000000,12.099868128240693,192660530.11503088,171064833.6159724,238153588.20546448,59122564.89798835,1.4780641224497086,52251009.18301944,-188308466.02509603,-252151121.69009638,-216807684.12005582,-657267271.8352482,-0.09290500244796308,0.018077216186128887,0.031818146958638986,-0.1262803232167278,2021-12-28,2022-05-14,False,False,False,False,False,0.0,0,0,False,[],筠琮地产
2022-06-30,半年报,2022-08-27,保留意见,False,2539247450.074293,1982984260.6375613,556263189.4367317,0.780933839504119,575867844.1922323,27109.96046471744,31788219.52477354,11971427.704869317,18585021.61490957,312190158.3728376,233065923.7234825,1177920593.6671374,40000000,13.906579735918292,226640948.12452233,205781184.94329098,73139990.31825575,48543454.29927352,1.213586357481838,49594787.61045515,-98074404.37733796,-461651112.3706817,-329323111.26248735,-889048628.0105071,0.14931663622521574,-0.1389746997213227,0.0853141938287887,0.06968109795831795,2021-12-28,2022-10-24,False,False,False,True,False,0.0,0,0,False,[],筠琮地产
2022-09-30,季报,2022-10-27,保留意见,False,2344716562.47224,1775982123.9467394,568734438.5255004,0.757440004635002,555518524.091401,24586.872476756696,30404752.70952777,11549775.82978427,17513199.805633724,329414883.0206549,232941515.40528876,1127765732.6217024,40000000,14.21836096313751,256404706.15975335,231966126.674846,144587449.77278405,42519654.33604428,1.062991358401107,37407059.616507195,-150098058.18962032,-394364634.90865207,-304719621.60835135,-849182314.7066237,0.022419691479849478,-0.09190543933989764,-0.023493834869116863,0.057490546819698,2021-12-28,2022-12-18,True,True,False,False,False,54808009.54263116,3,0,True,"['充分披露高送转的主要考虑及其合理性且送转股后每股收益不低于0.5元', '公司在相应期间是否按照中国证券监督管理委员会相关规定为中小股东参与现金分红决策提供了便利', '结合所处行业特点、发展阶段和自身经营模式、盈利水平、偿债能力、资金需求等因素，未进行现金分红或现金分红水平较低原因的说明']",筠琮地产
2022-12-31,年报,2023-03-30,非标准无保留意见,False,2150535808.319815,1547914429.0984066,602621379.2214086,0.7197808207191729,451940048.179436,23794.68361360772,29432199.621246543,10455659.161557449,16145489.81978922,254269964.80583087,196569107.6498369,1013851823.0354822,40000000,15.065534480535215,268920526.19829226,243622974.64511612,85392136.5918664,17879742.91219841,0.4469935728049602,16652639.957528768,-298230880.8490723,-367301371.97649294,-307369851.6940974,-972902104.5196626,0.05958306443295996,-0.4139794106452713,-0.037659183915829154,-0.015117667492485734,2021-12-28,2023-05-17,False,False,True,True,False,0.0,0,1,True,"['公司为增强投资者回报水平拟采取的措施', '是否影响偿债能力、过去十二个月内是否使用过募集资金补充流动资金以及未来十二个月内是否计划使用募集资金补充流动资金等内容', '留存未分配利润的预计用途以及收益情况']",筠琮地产
2023-03-31,季报,2023-04-30,保留意见,False,2068707170.2257476,1435777928.838294,632929241.3874534,0.694045996215895,474055717.8899737,22518.13540994809,28913262.236149695,10007963.15134471,15216176.83624941,249320186.6840558,188929027.92281076,973040014.7451708,40000000,15.823231034686335,292510212.93888736,265245203.1786245,92468929.07586125,33699552.48656444,0.8424888121641111,30888897.905011956,-67963086.14253193,-363085784.8755138,-243243504.59040937,-674292375.6084551,0.05029337360251432,0.45355292939482655,-0.025734824503277853,0.044931332624835674,2021-12-28,2023-06-10,False,False,False,False,False,0.0,0,0,False,[],筠琮地产
2023-06-30,半年报,2023-08-27,无保留意见,False,2783013612.554554,2084751052.872954,698262559.6816003,0.7490984030650649,659470677.611189,29524.88084735053,38092464.85526273,14093111.83163234,22297006.453198396,366569135.7086378,272505471.24968743,1325078341.6315773,40000000,17.456563992040007,329797883.84411955,294608509.6819577,114217665.87391223,53268101.293188885,1.331702532329722,41947580.719047494,-416939455.1508517,-472908478.4766368,-362135802.34805214,-1251983735.9755406,0.1032237318518084,0.38597083893018913,0.05505240684916996,0.006021111577833652,2021-12-28,2023-10-15,False,True,False,True,False,0.0,2,0,True,"['是否影响偿债能力、过去十二个月内是否使用过募集资金补充流动资金以及未来十二个月内是否计划使用募集资金补充流动资金等内容', '上市公司控股子公司向母公司实施利润分配的情况']",筠琮地产
2023-09-30,季报,2023-10-27,无保留意见,False,2530478403.9984765,1941838227.863746,588640176.1347307,0.7673798854775427,598619153.5325598,26447.64996337689,33858220.30995865,11399704.445838911,17931077.993128426,303034250.1431065,248974035.1402066,1148835487.2794373,40000000,14.716004403368267,383918151.55175495,347290306.04253286,279796352.99530387,77314668.15376486,1.9328667038441214,75259709.08653596,-36861299.3773912,-384298828.0438207,-353385000.43745136,-774545127.8586633,-0.15699307091140066,0.3422117065643102,0.018281482412477738,0.03898713853582204,2021-12-28,2023-12-12,False,False,False,True,False,0.0,0,0,False,[],筠琮地产
2023-12-31,年报,2024-03-30,无保留意见,False,1434264463.459759,1005317324.1420145,428947139.31774443,0.7009288382680623,315938522.659886,15722.011575167186,20171096.632036038,6414925.493120157,11364273.386324551,169694863.78496695,143535717.15830606,691366688.4044336,40000000,10.72367848294361,400966156.1848683,361820057.3667798,99143121.28762875,24354292.33301898,0.6088573083254746,20756787.606067024,-34709883.8026553,-260153383.77522215,-206089368.19764364,-500952635.7755211,-0.2712914328505417,-0.5615285178589879,-0.06645104720948047,-0.03213246729687143,2021-12-28,2024-05-03,True,False,False,False,False,26660533.18982018,0,0,True,['充分披露高送转的主要考虑及其合理性且送转股后每股收益不低于0.5元'],筠琮地产
2024-03-31,季报,2024-04-30,无保留意见,False,1263777745.5330007,859127336.8896092,404650408.64339155,0.6798088824766182,319953577.85681045,14537.597850805527,18206460.000963207,6377920.451551485,10162854.229320088,161137799.36034274,119443473.33615443,618581907.8621507,40000000,10.116260216084788,416987805.8115511,376721044.9400963,21430918.57079715,22888070.895261206,0.5722017723815301,21287125.10473796,-73889094.50707978,-198267865.8188878,-161082965.49282983,-433239925.81879735,-0.056642715260900596,-0.035455120981167924,-0.021119955791444118,-0.04957786041686284,2021-12-28,2024-05-23,False,False,False,False,False,0.0,0,0,False,[],筠琮地产
2024-06-30,半年报,2024-08-27,无保留意见,False,890487332.4078728,526493083.4788962,363994248.9289766,0.5912415194669438,211885828.31371456,9095.585371638928,11912284.759609846,4173955.305367642,6710907.126648521,109607197.33574472,73209954.84613673,398758212.0964189,40000000,9.099856223224414,414724721.0728212,374530383.77388716,13465734.01161057,-3232978.198185539,-0.08082445495463847,-3129515.9517274285,-42866605.922658995,-149991589.43726116,-108582704.29937436,-301440899.6592945,-0.100472306084446,-0.6548586709554306,-0.08856736300967434,0.03434913196214296,2021-12-28,2024-10-06,False,False,False,False,False,0.0,0,0,False,[],筠琮地产
2024-09-30,季报,2024-10-27,无保留意见,False,902287412.416657,521083499.1332782,381203913.28337884,0.577513874140863,196061232.06976184,9569.519908127453,10866317.102344988,3774049.2722775294,6732537.38545249,101426113.99630319,76916983.29505529,412029469.6012444,40000000,9.53009783208447,417096171.3027125,376582536.36295724,11830403.64298936,3387786.0427018255,0.08469465106754563,2931646.5558144064,-129944493.78866589,-141640275.07011092,-119684571.23517448,-391269340.0939513,0.04728004468488255,0.48091477853363795,-0.013727645326080888,0.008598243502973129,2021-12-28,2024-12-01,True,False,False,False,True,3914322.870381345,0,0,True,"['上市公司控股子公司向母公司实施利润分配的情况', '公司在相应期间是否按照中国证券监督管理委员会相关规定为中小股东参与现金分红决策提供了便利']",筠琮地产
2024-12-31,年报,2025-03-30,无保留意见,False,980925499.8345008,573797064.6324874,407128435.20201343,0.5849547847714194,204363028.30055124,9955.917054453634,12496918.527335836,4490630.7578710755,7407540.76458974,122303933.47772728,88430371.38008799,432613394.37839633,40000000,10.178210880050337,416899150.58020264,376403729.4598165,0.0,-281458.17501397803,-0.0070364543753494505,-255438.43305811653,-192010434.55382484,-161830786.8995389,-137687693.95837328,-491528915.4117371,0.06800696691527104,-0.17997266647936383,0.007440910630556408,0.13463268821531782,2021-12-28,2025-05-01,False,False,True,False,False,0.0,0,5,True,"['公司在相应期间是否按照中国证券监督管理委员会相关规定为中小股东参与现金分红决策提供了便利', '充分披露高送转的主要考虑及其合理性且送转股后每股收益不低于0.5元', '是否影响偿债能力、过去十二个月内是否使用过募集资金补充流动资金以及未来十二个月内是否计划使用募集资金补充流动资金等内容']",筠琮地产
2017-03-31,季报,2017-04-30,无保留意见,False,225042161.79222614,68027039.9713627,157015121.82086346,0.30228575583169953,9363524.805997081,7.685506342073743e-09,3410125.6388533968,21812213.65986586,136237.22681040736,78595092.67656095,4806941.686283061,124671438.93848428,40000000,3.9253780455215863,7519656.278925342,6934671.455524861,32297025.603136726,10742366.11275049,0.26855915281876225,9906673.507892659,-32450523.945703026,265389.8847381549,-43079672.554535404,-75264806.61550027,-0.12769376766186974,0.5412425618194716,0.0022857558316995256,0.09254152094946616,2021-07-28,2017-05-10,False,False,False,False,False,0.0,0,0,False,[],旻璞科技
2017-06-30,半年报,2017-08-27,非标准无保留意见,False,253383235.90726674,73592097.5259644,179791138.38130236,0.29043791023687787,11332102.278580293,9.02729261274192e-09,4508336.060669405,29021502.72246878,149481.03781719966,101755168.20438062,6038326.485712464,150167619.5985195,40000000,4.494778459532559,13054223.479526244,11891770.079586638,11314485.986657457,7906524.572287004,0.19766311430717512,7081569.462945397,-33172262.76757313,304010.5720534434,-47085642.54746052,-79953894.74298021,0.14505619774905337,-0.10222060832655953,-0.011847845594821667,0.18274247025625148,2021-07-28,2017-09-25,False,False,False,False,False,0.0,0,0,False,[],旻璞科技
2017-09-30,季报,2017-10-27,无保留意见,False,319178652.6803549,108791449.42456974,210387203.25578517,0.34084813790325813,13601124.3520554,1.1193390778108485e-08,5487696.459962075,35599381.55038304,198956.30896234035,128136384.9629062,7143654.33576491,187301314.65876254,40000000,5.259680081394629,11636988.336346736,10660923.586506262,1458246.20118253,-2024621.6331135835,-0.05061554082783959,-1758352.1329719638,-30329485.35291402,396190.64971149503,-61060231.18689754,-90993525.89010006,0.17017560014328664,-0.39873673167756113,0.050410227666380286,0.0357255802978115,2021-07-28,2017-11-15,False,False,False,False,False,0.0,0,0,False,[],旻璞科技
2017-12-31,年报,2018-03-30,无保留意见,False,385036522.61097836,178394241.7906364,206642280.82034197,0.46331771485188955,14795442.999094373,1.2428190500956358e-08,6108764.593071431,37743494.33791907,210828.74004044768,137471182.90200248,8526845.957005855,205906053.6373237,40000000,5.166057020508549,18762032.11839531,17034344.981557164,11169055.719897185,10178633.974355105,0.2544658493588776,9104887.707215574,-29320314.63667024,429345.70227986,-72484671.54482314,-101375640.47921352,-0.01780014362798551,0.8148879653319844,0.12246957694863145,-0.041407930836536794,2021-07-28,2018-04-18,False,False,False,False,False,0.0,0,0,False,[],旻璞科技
2018-03-31,季报,2018-04-30,无保留意见,False,479818622.2409057,250977237.47998503,228841384.76092067,0.5230668962114089,21544254.114251606,1.657607561047418e-08,7437910.702271527,46356171.49353436,304711.9396956896,193315053.34294453,11784695.753139962,277913424.21420205,40000000,5.721034619023017,30230777.572358645,27193718.517115954,63697931.98602698,16383922.07709048,0.409598051927262,14513390.765083985,-78851135.92143565,597020.540701824,-95622154.46497521,-173876269.84570903,0.10742769510891588,0.22831493696815244,0.059749181359519336,-0.14227373949042477,2021-07-28,2018-06-05,False,False,False,False,False,0.0,0,0,False,[],旻璞科技
2018-06-30,半年报,2018-08-27,无保留意见,False,550477692.8147048,328309238.48160326,222168454.33310148,0.596407888579265,22369817.197265547,1.8396712834674492e-08,7743150.001459979,55323977.590120114,278715.5471278012,206014513.05734184,12580368.219978282,284353017.891137,40000000,5.554211358327537,29664208.993832797,26697203.094813194,1765650.1509981633,-809383.6836083513,-0.02023459209020878,-709307.7461467978,-82513062.50819184,671526.2761193541,-103021301.78867725,-184862838.02074975,-0.029159631396177003,-0.5150175500947995,0.07334099236785602,-0.07490506885423083,2021-07-28,2018-10-13,False,False,False,False,False,0.0,0,0,False,[],旻璞科技
2018-09-30,季报,2018-10-27,无保留意见,False,591852873.0301899,369825857.1703789,222027015.85981092,0.6248611336072951,27209688.299512148,2.089254028582198e-08,9553746.95394335,66154240.45580915,349254.83020549826,240551863.92853862,14043853.611797418,348101336.4334935,40000000,5.550675396495273,35146205.98990461,31270942.858024627,27025320.760027956,7831424.2801025845,0.19578560700256462,6533913.947444901,-29151489.898418985,632857.9274014317,-99498271.38003044,-128016903.351048,-0.0006366271652522548,0.5336923434448162,0.028453245028030143,0.04898754552080926,2021-07-28,2018-11-20,False,False,False,False,False,0.0,0,0,False,[],旻璞科技
2018-12-31,年报,2019-03-30,无保留意见,False,703226582.282175,474629881.8225349,228596700.45964006,0.6749316561416419,28998029.892226417,2.2602001857421426e-08,9907503.018933097,65727995.154653065,385242.40007934725,259543031.9435867,13086025.276620539,371981277.0598556,40000000,5.714917511491001,41854668.22518687,37046469.940918535,38426574.48653328,9583517.478974652,0.23958793697436628,8250752.975562725,-120352550.0581391,805417.590046417,-140289926.17823642,-259837058.6463291,0.029589573027352906,0.07055951278139211,0.05007052253434678,-0.06301182216270394,2021-07-28,2019-05-18,False,False,False,False,False,0.0,0,0,False,[],旻璞科技
2019-03-31,季报,2019-04-30,无保留意见,False,613737720.3339205,383269019.37500757,230468700.95891288,0.6244834017477039,23948336.20704049,2.136917194953977e-08,10637192.371286761,64833824.83313718,389869.06164040306,244219835.20227274,14018908.910224339,348147457.78770065,40000000,5.7617175239728216,54363633.746274404,48024082.38082408,59763029.12672382,17869950.744410776,0.4467487686102694,15682303.485579353,-29238913.052634373,738916.7200282837,-109872410.59369285,-138372406.92629895,0.008189096760840177,0.3117131986762097,-0.05044825439393798,0.13582120882603088,2021-07-28,2019-06-20,False,False,False,False,False,0.0,0,0,False,[],旻璞科技
2019-06-30,半年报,2019-08-27,非标准无保留意见,False,649002783.4536619,412643740.91313297,236359042.54052892,0.6358119740523351,29130681.960291423,2.2076416894058796e-08,11298894.032382753,73413073.06624225,395014.168254045,263317314.66126955,14475635.410335101,385298665.5112748,40000000,5.908976063513223,68104785.00405453,60356903.59291233,66699880.19649092,19630216.082543045,0.49075540206357615,17618316.01726893,-25751433.862214588,725193.2074418002,-118783012.44894037,-143809253.10371315,0.025558097724801936,0.05048086677938361,0.011328572304631327,0.015105801758480435,2021-07-28,2019-09-19,False,False,False,False,False,0.0,0,0,False,[],旻璞科技
2019-09-30,季报,2019-10-27,无保留意见,False,670936346.5194354,424197716.15045625,246738630.36897913,0.6322473336718661,27589846.723822538,2.1516356077421094e-08,11057379.891033543,71182095.5017723,386249.6735020085,257375032.73384982,15484082.661046714,362225114.1409347,40000000,6.168465759224478,75380021.01659092,66500785.645709716,35996319.62050702,10393194.303623408,0.2598298575905852,8776974.361139119,-89677411.58425285,744310.2598345551,-123495798.06098564,-212428899.38540393,0.04391449430867611,-0.2521694591728534,-0.0035646403804690846,-0.02716636859393712,2021-07-28,2019-12-10,False,False,False,False,False,0.0,0,0,False,[],旻璞科技
2019-12-31,年报,2020-03-30,保留意见,False,773715218.417342,554691747.6764854,219023470.74085647,0.716919784531477,32374857.082962878,2.4890810249000085e-08,10610830.895409128,88041091.30660531,399488.48219914694,283087083.73488,15249930.048812749,411162976.4360763,40000000,5.475586768521412,88089362.74377514,78077798.6184785,0.0,18156202.467406027,0.45390506168515066,16538589.961098261,-66741882.751846716,959955.5869180734,-147170604.45203167,-212952531.61696032,-0.11232598473403506,0.2833918555732573,0.08467245085961086,-0.05738816581284033,2021-07-28,2020-04-13,False,False,False,False,False,0.0,0,0,False,[],旻璞科技
2020-03-31,季报,2020-04-30,无保留意见,False,1020128992.3960714,779102132.7406514,241026859.65542,0.7637290367669113,41514114.88528615,3.5389844416939955e-08,16316728.217261288,105285635.32292698,584949.0431258592,362388948.93659395,23661483.663418695,575326254.4344841,40000000,6.0256714913855,103450492.22612888,92813349.07194376,11082758.485344458,21944470.68907675,0.5486117672269187,21050786.362093225,-103465479.30987313,1164608.7985761256,-180965594.53726688,-283266465.0485639,0.10046132882533589,0.10775533066129364,0.04680925223543435,0.10187289464076658,2021-07-28,2020-05-19,False,False,False,False,False,0.0,0,0,False,[],旻璞科技
2020-06-30,半年报,2020-08-27,无保留意见,False,1124662406.3374379,865928808.7275031,258733597.60993487,0.7699455444122796,42093370.720948026,4.089116129869596e-08,18964764.64714385,119060092.99189083,688984.0913604938,371197619.75637203,25010330.35346224,624100312.4332539,40000000,6.468339940248372,111350472.73440944,100178953.40189825,20144118.78677925,11285686.440400805,0.28214216101002015,10522291.899935005,-165809912.6813777,1335501.4235872496,-214902042.50079665,-379376453.7585871,0.07346375412196376,-0.2736918504753371,0.006216507645368254,-0.04366526435163894,2021-07-28,2020-09-14,False,False,False,False,False,0.0,0,0,False,[],旻璞科技
2020-09-30,季报,2020-10-27,无保留意见,False,1204900758.5263262,893851564.4517282,311049194.0745979,0.7418466277214135,46034746.88682498,3.81732641316863e-08,17644221.158102155,114366180.0326309,659696.7028494109,438496855.64820516,24537661.564884383,632187916.9343574,40000000,7.776229851864947,130867227.86334138,118590073.98093197,29556345.942677885,27881078.755617052,0.6970269688904263,26301600.827191032,-121294551.911704,1441645.9294839937,-248792677.89948893,-368645583.8817089,0.2021986976099396,0.5867063664932961,-0.028098916690866005,0.09680717478896138,2021-07-28,2020-11-16,False,False,False,False,False,0.0,0,0,False,[],旻璞科技
2020-12-31,年报,2021-03-30,非标准无保留意见,False,1066669205.7070805,749613504.7318773,317055700.97520316,0.7027609878687449,43677981.285410434,3.6095729419527455e-08,15411948.557793,101038700.44757098,565770.3792561801,358162994.3778387,21671672.874568723,573398494.0483611,40000000,7.926392524380079,145170646.51796123,132151616.08927718,21017390.64963824,20433455.2208855,0.5108363805221375,19373631.583350305,-149553237.210322,1327295.0069315436,-195721350.81820112,-343947293.02159154,0.01931047247518261,-0.16594127728713404,-0.03908563985266862,0.014094215513753281,2021-07-28,2021-05-19,False,False,False,False,False,0.0,0,0,False,[],旻璞科技
2021-03-31,季报,2021-04-30,保留意见,True,943607494.2921584,614930963.2441604,328676531.047998,0.651680881048372,37616984.7321438,3.11630555390244e-08,13153920.978811102,87191810.96183291,522691.6671797664,326933067.0794738,20209138.44973375,500710783.03681445,40000000,8.21691327619995,154106499.11738178,139960387.54171425,8298936.367280708,12765503.713457905,0.3191375928364476,11155387.789195802,-99883524.46450156,1041473.6615594857,-182820372.9861142,-281662423.7890563,0.0366523296602185,-0.2048422049789667,-0.05108010682037293,0.05387293821828765,2021-07-28,2021-06-05,False,False,False,False,False,0.0,0,0,False,[],旻璞科技
2021-06-30,半年报,2021-08-27,非标准无保留意见,False,977985021.9599304,639957943.6207501,338027078.3391803,0.6543637471443506,41459740.80507003,3.4719200140623807e-08,16294429.954068633,106773636.32105267,587511.7978909629,376111572.7834374,22465793.980484422,567988630.719539,40000000,8.450676958479507,159203098.6168761,144632187.98682106,36090445.364749365,7280856.4278490655,0.18202141069622663,6674000.63586687,-137684088.71338975,1168597.4270119579,-179899381.82290182,-316414873.10927963,0.02844908719636212,-0.18426186697217092,0.0026828660959787383,0.12824125457776062,2021-07-28,2021-09-09,False,False,True,False,True,0.0,0,0,True,['结合所处行业特点、发展阶段和自身经营模式、盈利水平、偿债能力、资金需求等因素，未进行现金分红或现金分红水平较低原因的说明'],旻璞科技
2021-09-30,季报,2021-10-27,无保留意见,False,817399288.7224874,532566897.36967194,284832391.3528155,0.6515382441817636,32214198.0022873,2.6481306941551252e-08,12610831.218568576,75074319.00802314,454828.18553149956,273917919.81563085,17925188.18250196,423916547.6306947,40000000,7.120809783820388,171875901.67841646,154591906.62869227,41126176.849865705,18104004.373629063,0.4526001093407266,14228169.488387438,-107693137.04305884,913264.645165826,-164118660.0464231,-270898532.44431615,-0.1573681234288239,0.4457481958241939,-0.002825502962587002,-0.02934994715969735,2021-07-28,2021-11-14,False,False,True,True,False,0.0,0,2,True,"['结合前述财务报表列报项目的具体情况说明现金分红方案确定的依据及未来增强投资者回报的规划', '公司在相应期间是否按照中国证券监督管理委员会相关规定为中小股东参与现金分红决策提供了便利', '上市公司控股子公司向母公司实施利润分配的情况']",旻璞科技
2021-12-31,年报,2022-03-30,无保留意见,False,1142439772.671222,828216481.5111617,314223291.16006035,0.724954173798281,48431681.78466099,4.5307421459872215e-08,20254617.027698793,115013811.6066903,698041.7083981144,445798156.2030179,27911046.674373996,680628511.6704929,40000000,7.855582279001509,197569348.48596054,178350850.2485586,35575529.54687303,36704924.010777324,0.9176231002694331,33941348.02838051,-217457192.1180957,1363590.0689297374,-199668550.62717426,-415762152.6763402,0.10318664835713502,0.529880279160451,0.0734159296165173,0.055184740722581206,2021-07-28,2022-05-13,False,False,False,False,False,0.0,0,0,False,[],旻璞科技
2022-03-31,季报,2022-04-30,无保留意见,False,1281559018.5662332,949940680.4585872,331618338.10764587,0.7412383407214053,49183765.02265004,4.539928310527146e-08,19095173.97490617,117381001.25548567,792887.4237821077,520796267.4448935,25657155.67434456,701118859.3476326,40000000,8.290458452691146,218744886.62296927,199917883.31561312,133218156.30132233,30250768.76715532,0.756269219178883,30810047.238649294,-144518719.28523722,1469109.347492405,-229945610.40500194,-372995220.34274673,0.055358871977204335,-0.12017809097591886,0.01628416692312422,0.15632791271425897,2021-07-28,2022-05-31,False,False,False,True,False,0.0,0,0,False,[],旻璞科技
2022-06-30,半年报,2022-08-27,无保留意见,False,1696117401.4038517,1330676469.9601848,365440931.443667,0.7845426671873086,75778441.96149468,5.67698244195121e-08,28305218.75725026,167455353.72669253,1024090.8349827495,640592386.861128,40472005.31389008,958494824.7752383,40000000,9.136023286091675,226415941.84707373,206060539.61055946,47003494.2224671,10958650.320149262,0.27396625800373153,8775223.278494751,-323919546.30308,1967313.531695121,-323577111.45561934,-645529344.2270043,0.10199253011467062,-0.4082921601143616,0.043304326465903285,0.08935825613401543,2021-07-28,2022-10-09,False,False,False,False,False,0.0,0,0,False,[],旻璞科技
2022-09-30,季报,2022-10-27,保留意见,False,1333430867.708618,1050080440.8672295,283350426.8413884,0.7875027242107415,53652572.85701707,4.522649127615941e-08,21272477.940626122,139749067.37480015,733293.97209312,508750259.6828708,30383428.35736658,730932552.8860806,40000000,7.08376067103471,234348605.8454735,213217313.5425294,55398090.97370056,11332377.140571114,0.2833094285142778,10223962.759957056,-254400873.02944595,1634219.940120386,-245518512.34641308,-498285165.4357386,-0.22463412699278576,0.013367126672510094,0.002960057023433025,0.15040158341437365,2021-07-28,2022-11-16,False,False,False,False,False,0.0,0,0,False,[],旻璞科技
2022-12-31,年报,2023-03-30,无保留意见,False,1625952315.187821,1336530563.0191512,289421752.1686698,0.8219986223056994,59221682.88376703,5.239355118146299e-08,24489712.68072282,170601610.13127285,938900.0203390028,662164547.8800449,34675593.73325304,899281089.1332339,40000000,7.2355438042167455,247226500.682392,225373417.93670976,18640997.486410324,18396992.624169268,0.4599248156042317,17365863.420257643,-80696655.5881109,1911695.9595477686,-278934635.5349456,-357719595.1635087,0.02142691435111197,0.24934778499336827,0.034495898094957934,-0.0054742112136926145,2021-07-28,2023-05-21,False,False,False,False,False,0.0,0,0,False,[],旻璞科技
2023-03-31,季报,2023-04-30,无保留意见,False,1906322243.4005501,1615701872.846095,290620370.554455,0.8475491897759959,74658124.96749854,6.283483259197834e-08,28415864.300021503,184678222.76097822,1159965.8030837406,707947725.2470175,42939207.17541593,1027405939.1851176,40000000,7.265509263861374,243011441.00603053,221669309.54754204,24678238.70557008,-6021513.823373541,-0.15053784558433853,-5291583.4130967455,-220759945.5308182,2259373.6173010427,-367293347.5449153,-585793919.4584324,0.004141424674557872,-0.6898469230651452,0.02555056747029653,-0.11197865737224648,2021-07-28,2023-06-14,False,False,False,False,True,0.0,0,0,False,[],旻璞科技
2023-06-30,半年报,2023-08-27,非标准无保留意见,False,3072175615.7887464,2764958054.209872,307217561.5788746,0.9,125834635.71594672,1.0736011933266488e-07,46598866.18984695,286032203.3156356,1724136.1569307328,1164307711.1308002,71118436.33414747,1696985575.832083,40000000,7.680439039471865,239324637.1665654,218293852.88426706,21547782.08051363,-5266862.627807308,-0.1316715656951827,-4822080.947535672,-205006979.33258805,3503640.1336019454,-568548164.7261878,-770051503.925174,0.05710952399088538,0.06873909420890008,0.06945273464151355,-0.08466857515348172,2021-07-28,2023-09-18,False,False,False,False,False,0.0,0,0,False,[],旻璞科技
2023-09-30,季报,2023-10-27,无保留意见,False,3346495823.390736,3011846241.0516624,334649582.33907354,0.9,139172393.23542902,1.1337962737688426e-07,53784467.77282138,335325249.18875873,1993895.235965951,1219720648.0596738,67555338.0368504,1844069426.9098675,40000000,8.366239558476838,238230598.98260477,217222176.31609008,2955913.081749192,-1562911.6913723517,-0.039072792284308794,-1530966.5259671272,-375940125.390607,3890527.861019333,-664888460.922544,-1036938058.4521317,0.08929183806816998,0.31568290892197737,-0.00421254689849785,-0.12039532213114551,2021-07-28,2023-12-20,False,False,False,True,True,0.0,0,0,False,[],旻璞科技
2023-12-31,年报,2024-03-30,无保留意见,False,3676920765.975821,3309228689.378239,367692076.59758204,0.9,165336011.32340083,1.2904200335845834e-07,64368813.36793983,339525792.5492622,2191929.101585242,1372621591.2482884,84369372.57125117,2140077297.4780798,40000000,9.19230191493955,245215087.71337396,223569253.4639391,42975295.17720938,9977841.043955982,0.24944602609889954,9067253.068355747,-302812270.5046535,4214225.433636097,-710056603.4468061,-1008654648.5178235,0.09873759299968078,0.7475990617270946,0.074736150795771,-0.010495473690787797,2021-07-28,2024-04-09,False,False,True,False,True,0.0,0,5,True,"['留存未分配利润的预计用途以及收益情况', '上市公司控股子公司向母公司实施利润分配的情况', '公司为增强投资者回报水平拟采取的措施', '公司在相应期间是否按照中国证券监督管理委员会相关规定为中小股东参与现金分红决策提供了便利']",旻璞科技
2024-03-31,季报,2024-04-30,无保留意见,False,3705191610.449944,3334672449.4049497,370519161.0449943,0.9,147701266.18282992,1.2152304264357115e-07,55656642.586844616,373731688.40338975,1970190.9048719993,1351731857.9948783,77991171.77986656,1948060183.4182823,40000000,9.262979026124857,256006996.3547029,233453537.7916039,30785906.771009225,15417012.344755638,0.38542530861889096,14120406.182378283,-546533055.757821,4095479.911931923,-705827747.9884442,-1248265323.8343334,0.007688728224911907,0.20161625579813525,0.12289129521732611,0.010379181688099709,2021-07-28,2024-06-16,False,False,False,False,True,0.0,0,0,False,[],旻璞科技
2024-06-30,半年报,2024-08-27,无保留意见,False,4272234440.774741,3845010996.697267,427223444.077474,0.9,194047977.62564695,1.4432161615922824e-07,60081921.2169347,400631615.17412823,2518162.3530822326,1574675617.43655,92706843.81235608,2270436108.5183835,40000000,10.68058610193685,282350582.8347685,255550407.77220675,0.0,37633694.971522234,0.9408423742880558,31566957.115146935,-294235727.1839202,5026645.843161625,-718091575.8801947,-1007300657.2209532,0.1530400826574087,0.6853402278560309,-0.017187678607743662,-0.08237263002110717,2021-07-28,2024-09-27,False,False,False,False,False,0.0,0,0,False,[],旻璞科技
2024-09-30,季报,2024-10-27,无保留意见,False,3866324967.505298,3479692470.7547684,386632496.7505297,0.9,172016864.19468614,1.514951020485651e-07,63426321.832769044,381726203.09154075,2383205.3581255213,1466099656.1156309,88487755.03106347,2254534885.703238,40000000,9.665812418763243,327375834.1732177,294106612.7270376,178284034.09070233,64321787.62635608,1.608044690658902,55080292.79261554,-744865518.5153129,4528988.2650049385,-732790091.5263029,-1473126621.7766109,-0.09501104840956112,0.4884914459610502,-0.06148132167279108,0.0287339304898308,2021-07-28,2024-11-07,False,True,False,False,False,0.0,2,0,True,"['留存未分配利润的预计用途以及收益情况', '公司为增强投资者回报水平拟采取的措施', '结合前述财务报表列报项目的具体情况说明现金分红方案确定的依据及未来增强投资者回报的规划']",旻璞科技
2024-12-31,年报,2025-03-30,无保留意见,True,3993795571.3623204,3594416014.2260885,399379557.13623196,0.9,164714732.12126046,1.3780898216941498e-07,62520580.635838225,415101826.36090046,2123293.5174860684,1572690970.9535437,93758249.18934883,2192779614.073307,40000000,9.9844889284058,379512853.180153,342882720.28631145,112849037.83893467,74481455.72419329,1.8620363931048323,69680153.65610549,-647100872.3064392,4143558.2377833338,-736360894.2068588,-1379318208.2755146,0.03296944900605987,0.12493168675186012,-0.014787767475034108,0.09878913997830155,2021-07-28,2025-05-17,True,False,True,False,False,25269021.8213615,0,3,True,"['根据公司盈利能力、融资能力及其成本、偿债能力及现金流等情况披露现金分红方案的合理性，是否导致公司营运资金不足或者影响公司正常生产经营', '结合所处行业特点、发展阶段和自身经营模式、盈利水平、偿债能力、资金需求等因素，未进行现金分红或现金分红水平较低原因的说明']",旻璞科技
2017-03-31,季报,2017-04-30,无保留意见,False,226564164.32982183,50398742.888656214,176165421.4411656,0.22244798967981544,91549.5566180356,4.305984524378151e-09,1159996.2206965284,3344353.4138070103,0.0003261770428070331,435287.7853020126,137407127.12092605,135004504.18086642,40000000,4.40413553602914,-728264.9055819651,-692321.7949058766,5111937.224466129,-1040378.4365456644,-0.026009460913641612,-989031.1355798237,-23869784.35874574,-14170201.137173036,3682661.5971151157,-34357323.89880366,-0.021303214215746675,-0.1133543575858702,-0.07755201032018454,0.11619779267757221,2021-11-19,2017-05-13,False,False,False,False,False,0.0,0,0,False,[],芷珵环保
2017-06-30,半年报,2017-08-27,保留意见,False,228003342.94914457,47749249.13766536,180254093.8114792,0.20942346072669504,100896.39013202924,4.418268160852556e-09,1342647.5844872687,3878471.0602944866,0.0003618907111715336,480411.2688574928,154651675.1856956,153396859.08044532,40000000,4.50635234528698,3947432.0906240237,3512973.4340303093,3719332.4483467145,6679567.1374371275,0.1669891784359282,6007564.61276598,-25742615.83378391,-14713787.977840126,3829420.931727932,-36626982.879896104,0.023209278738501544,0.48371733272551787,-0.013024528953120422,-0.03757143531322423,2021-11-19,2017-09-15,False,False,False,False,False,0.0,0,0,False,[],芷珵环保
2017-09-30,季报,2017-10-27,非标准无保留意见,True,214082614.39745858,52689551.16096241,161393063.23649618,0.24611784244721885,92494.93169221663,4.108612006539784e-09,1191838.0365739195,3554016.9069277495,0.0003197891801360189,404532.8475243227,128657746.23564036,133512382.39480592,40000000,4.034826580912404,-2998455.0886567747,-2931637.8528600316,35314556.38139217,-9922695.970401142,-0.24806739926002855,-9206587.552700488,-38487582.93746231,-14169473.21399533,3260957.8459141795,-49396098.30554346,-0.10463579592654937,-0.7011219002221658,0.03669438172052382,0.08995380018568128,2021-11-19,2017-12-13,False,False,False,False,False,0.0,0,0,False,[],芷珵环保
2017-12-31,年报,2018-03-30,无保留意见,False,183623459.8601785,38801313.84089849,144822146.01928002,0.21130913158070352,94650.31868934807,4.1131406239233565e-09,1333329.4989427389,3411767.4988018605,0.00034440991051445,396863.11547297734,126662868.56322451,133229166.38590348,40000000,3.6205536504820004,-8885521.748224095,-8585769.994338756,39608918.90728714,-8410095.227953315,-0.21025238069883287,-8077331.630683891,-2880337.1893017483,-11887762.19229805,2910745.4374908083,-11857353.94410899,-0.10267428404239473,0.21372555652855907,-0.03480871086651533,0.03746372841319168,2021-11-19,2018-04-13,False,False,False,False,False,0.0,0,0,False,[],芷珵环保
2018-03-31,季报,2018-04-30,无保留意见,False,229316614.76471007,58599182.81258363,170717431.95212644,0.2555383214282542,100816.5974169967,4.696911517630438e-09,1517395.2321792152,3963211.6537033254,0.000402686175295228,456986.5137208715,147298813.80413502,155082456.8565936,40000000,4.267935798803161,-12289067.63980452,-11817977.559136178,10720045.719761677,-4862208.416543461,-0.12155521041358654,-4617439.378282035,-19686119.881231647,-14677761.649802582,3665199.377113868,-30698682.153920364,0.17880750040397148,0.41302981878860917,0.0442291898475507,0.014546595261365083,2021-11-19,2018-05-18,False,False,False,False,False,0.0,0,0,False,[],芷珵环保
2018-06-30,半年报,2018-08-27,无保留意见,False,339739454.03726244,123244888.38031,216494565.65695247,0.3627629553051338,140271.57257994715,6.8456081248840484e-09,1995564.9413261462,5899464.972337406,0.0005398357011651252,586134.7536712203,227222613.06384304,221467464.82457405,40000000,5.4123641414238115,-16497110.34211142,-15625453.108753147,20455325.298984982,-6011489.574724145,-0.15028723936810362,-5439250.785167097,-66961645.90277158,-19681150.085140545,5777698.896883522,-80865097.0910286,0.2681456321207029,-0.09468618325487821,0.1072246338768796,0.14189733594290135,2021-11-19,2018-10-12,False,False,False,False,False,0.0,0,0,False,[],芷珵环保
2018-09-30,季报,2018-10-27,无保留意见,False,406708692.6353184,165884413.2034339,240824279.43188453,0.4078703411244192,177853.88251039674,8.121458183247018e-09,2232970.4008021657,7351255.150186506,0.0006747238948195336,793795.5280179557,267553933.1398007,259684000.20887375,40000000,6.020606985797113,-18563444.910002485,-17401594.300747246,2972288.550430187,-2951906.5255586635,-0.07379766313896659,-2537344.55999157,-74674401.21638697,-26425915.73078108,6580667.9069518205,-94519649.04021624,0.11238025167561873,0.278434740538427,0.045107385819285424,-0.0070829763876764824,2021-11-19,2018-12-12,False,False,False,False,False,0.0,0,0,False,[],芷珵环保
2018-12-31,年报,2019-03-30,无保留意见,False,400472609.72679764,198582991.01218,201889618.71461764,0.49587159318499535,190047.7334377958,8.597923902938495e-09,2559743.269109623,7431395.326721886,0.0006703972740685757,805096.7576861063,245412833.39990604,279948709.06545,40000000,5.047240467865441,-17133171.577359542,-16107456.326006671,8226726.480517039,2043247.6180613488,0.05108119045153372,1848768.5353436756,-35906826.70138591,-27852956.5578649,6673925.500494669,-57085857.75875614,-0.1616724892071329,0.3555752353661399,0.08800125206057612,-0.03605050810975165,2021-11-19,2019-05-05,False,False,False,False,False,0.0,0,0,False,[],芷珵环保
2019-03-31,季报,2019-04-30,无保留意见,False,333581729.3563955,155764098.8298789,177817630.52651662,0.46694433514211453,155443.99727595242,7.401719826320433e-09,2317022.7011131705,5776946.812393774,0.0005741952799403123,719284.0788930098,223534587.07733038,233051224.72899398,40000000,4.445440763162916,-12781802.815552624,-11926690.33111545,19579344.345570866,6216241.088295598,0.15540602720738994,5972522.8498446,-16180630.23141685,-21872159.50676616,5412657.817464704,-32640131.920718305,-0.11923341250214642,0.21913244809548243,-0.028927258042880828,0.15510319633355862,2021-11-19,2019-05-14,False,False,False,False,False,0.0,0,0,False,[],芷珵环保
2019-06-30,半年报,2019-08-27,无保留意见,False,359202708.1372231,185118269.42679948,174084438.71042365,0.5153587799679961,169548.91269744554,7.002496236190522e-09,2251943.937265828,6034254.538303552,0.0006680071236541363,627144.327379837,230126076.8077276,231418985.82922733,40000000,4.352110967760591,-16381173.8543071,-15227888.965663081,4208736.341854101,-5141958.6267921105,-0.12854896566980276,-4715998.049353758,-44176238.64568262,-22257205.597504664,5818547.180772497,-60614897.06241478,-0.020994497593062152,-0.4892350864160311,0.04841444482588151,0.0471922262235148,2021-11-19,2019-10-20,False,False,False,False,False,0.0,0,0,False,[],芷珵环保
2019-09-30,季报,2019-10-27,无保留意见,False,428838554.60399055,249676385.46260735,179162169.14138317,0.5822153413728627,183549.27534638552,8.495680418322475e-09,2412616.7673721923,6728072.667847238,0.0006424217786994463,785583.6176288028,251046687.2463736,259074492.71660122,40000000,4.479054228534579,-19110414.829587825,-17744739.80543995,4327938.590601865,-3898915.6789724603,-0.09747289197431151,-3595501.199681242,-21284788.126355905,-29012017.728818312,6269801.924231949,-44027003.93094227,0.02916820405415984,0.10482700377721622,0.06685656140486666,0.06277943426582457,2021-11-19,2019-11-18,False,False,False,False,False,0.0,0,0,False,[],芷珵环保
2019-12-31,年报,2020-03-30,无保留意见,False,469686002.2894505,270987703.98991275,198698298.29953778,0.5769550352128927,212404.1504177778,9.388273732809936e-09,2611218.716752652,8568347.469336614,0.0007394323978547764,855669.2043043288,319261409.24420583,303800840.0177924,40000000,4.967457457488444,-15618196.82063958,-14525446.44462404,10238498.582101386,4988882.8699260615,0.12472207174815153,4598990.515451301,-5534657.310715991,-31892008.908806037,7451720.151063512,-29974946.068458516,0.1090415976306805,0.6784017514209417,-0.005260306159970003,-0.019166182711250458,2021-11-19,2020-04-10,False,False,False,False,False,0.0,0,0,False,[],芷珵环保
2020-03-31,季报,2020-04-30,无保留意见,False,475981482.8562047,255346718.34908363,220634764.50712106,0.5364635548778787,192446.46658195934,8.880684494011499e-09,2724547.6707973178,8052496.745144713,0.0007085004318456957,937661.1386724737,287951999.30408716,297467222.627522,40000000,5.515869112678026,-6714019.9772431515,-7785931.625707823,0.0,12720252.63342347,0.31800631583558675,9627878.312737454,-88515667.99233921,-31564524.85973192,7798660.738920538,-112281532.1131506,0.1104008760785361,0.35160357209740356,-0.04049148033501404,-0.023076632407822553,2021-11-19,2020-05-25,False,False,False,False,False,0.0,0,0,False,[],芷珵环保
2020-06-30,半年报,2020-08-27,无保留意见,False,479989337.1304484,264286958.89333466,215702378.23711374,0.5506100624512591,210671.62770656144,9.242352941487906e-09,3047398.6700302972,8787689.98446268,0.0007731714057121616,910508.3092694812,307022953.29140013,300747279.9600641,40000000,5.392559455927843,17639010.849675357,13608956.073593527,124219236.8094813,34790044.03845502,0.8697511009613754,30564125.284716215,-9007309.560050204,-31356180.40981993,8151168.453730655,-32212321.51613948,-0.02235543560429312,0.7425842464142383,0.014146507573380488,-0.14219777859153,2021-11-19,2020-10-04,False,False,False,False,False,0.0,0,0,False,[],芷珵环保
2020-09-30,季报,2020-10-27,无保留意见,False,585983765.4331527,378920065.5543049,207063699.8788478,0.6466391867942133,285888.3722787073,1.2475987770432354e-08,3581796.447242354,10368535.112411182,0.000989590796379351,1171097.8311096705,351749269.59278965,378628854.78986657,40000000,5.176592496971195,50477372.985980116,43011162.33262691,168874665.04030895,46911945.90900679,1.1727986477251697,42003151.79861912,-50303944.30529509,-38359138.19801783,9263454.876927407,-79399627.62638551,-0.04004906403382238,0.23405853568209067,0.09602912434295417,0.10353647907343345,2021-11-19,2020-12-01,False,False,False,False,False,0.0,0,0,False,[],芷珵环保
2020-12-31,年报,2021-03-30,无保留意见,False,696322983.5016785,442227672.541172,254095310.9605065,0.6350898692404083,306014.8379814945,1.3607205778110707e-08,4102710.884013091,10017931.245090423,0.0011080946806817141,1401635.1774825936,395023352.6921436,431932372.88981533,40000000,6.352382774012662,67808421.96953064,59031646.60892063,43294940.6721313,24758641.40507219,0.6189660351268047,22886406.108991023,-34688739.51095355,-44731821.97481249,11936351.886608558,-67484209.5991575,0.22713595434244024,-0.34662228146636104,-0.01154931755380502,-0.07411552650013548,2021-11-19,2021-05-08,False,False,False,False,False,0.0,0,0,False,[],芷珵环保
2021-03-31,季报,2021-04-30,无保留意见,False,756412702.8778995,483647638.8248055,272765064.053094,0.6393965053530786,322288.5239985955,1.4778869744264366e-08,4181429.47898719,12087978.018395897,0.001165596518484238,1422013.3028623231,424522488.2236245,470350283.7578373,40000000,6.81912660132735,99398085.41643688,86261939.41238013,169170181.8141354,45128090.638437495,1.1282022659609374,38900418.29065643,-28542349.608504944,-47609069.82937998,11250657.684040468,-64900761.753844455,0.07347539402444682,0.48779003693571177,0.004306636112670236,-0.00856472038304758,2021-11-19,2021-06-12,False,False,False,False,False,0.0,0,0,False,[],芷珵环保
2021-06-30,半年报,2021-08-27,无保留意见,False,965266769.5699439,675106119.138099,290160650.4318449,0.6993984879836685,416466.08865071856,1.8068559762135146e-08,5849411.127526972,16675878.742187412,0.001626593604165626,1784925.079499306,572267219.0863309,596659413.9253565,40000000,7.2540162607961225,160309725.61441725,144088029.5469587,212329609.62931406,87016628.85425772,2.175415721356443,82608700.19225512,-171008070.45223272,-61042490.223517135,16927884.34795748,-215122676.32779235,0.06377497953830626,0.6742286425571328,0.06000198263059005,0.14837846663116375,2021-11-19,2021-09-27,False,False,False,False,False,0.0,0,0,False,[],芷珵环保
2021-09-30,季报,2021-10-27,无保留意见,False,981719252.8674166,677967548.9391711,303751703.92824554,0.6905920882767205,465346.09232162253,2.0769517791790856e-08,5821808.088604359,18143923.248361956,0.0016707302083819766,2147439.516864367,642885203.2885485,653082402.3350428,40000000,7.5937925982061385,189482316.0247446,168948330.71595943,201866567.29183385,41675129.15761047,1.0418782289402617,35514715.955715284,-50071404.19619642,-58228268.78379532,16949356.631627385,-91350316.34836435,0.04683975403340569,-0.4359062603362894,-0.008806399706948097,0.013353710515737204,2021-11-19,2021-12-25,False,False,False,False,False,0.0,0,0,False,[],芷珵环保
2021-12-31,年报,2022-03-30,无保留意见,False,1123682448.0223355,824729969.6661383,298952478.35619724,0.7339528806538278,438366.096258503,1.9801575504734553e-08,6301035.054372832,18118187.745731447,0.0017725882496513713,2093278.4881882316,608296415.7769003,697946737.9555565,40000000,7.473811958904931,211124364.1262464,188743716.09394857,101057392.70551962,30917211.573573984,0.7729302893393496,28279121.968555924,-126903920.64739777,-80308529.977518,18374393.52198639,-188838057.10292938,-0.015799830947391284,-0.18334714790552997,0.04336079237710731,-0.0696199027662415,2021-11-19,2022-04-13,True,False,False,False,False,41514264.66807593,0,0,True,"['留存未分配利润的预计用途以及收益情况', '公司在相应期间是否按照中国证券监督管理委员会相关规定为中小股东参与现金分红决策提供了便利', '结合前述财务报表列报项目的具体情况说明现金分红方案确定的依据及未来增强投资者回报的规划']",芷珵环保
2022-03-31,季报,2022-04-30,无保留意见,False,1134368921.9471638,844540353.7472042,289828568.1999596,0.7445023725593047,474803.7900011801,1.940450127185217e-08,6271228.884325393,17590864.33329377,0.0017197113699798606,2035037.2214976908,630629665.6754559,711643474.7739387,40000000,7.24571420499899,215060698.58272076,192321758.17954537,20816639.241362248,5623334.937820472,0.1405833734455118,5111488.693709761,-74437604.20948249,-77365530.84299693,20415414.969808795,-131387720.08267063,-0.03051960032713502,-0.5278662051717323,0.01054949190547686,0.017346058515171917,2021-11-19,2022-05-16,True,False,True,False,False,1220343.8720242055,0,7,True,"['结合前述财务报表列报项目的具体情况说明现金分红方案确定的依据及未来增强投资者回报的规划', '上市公司控股子公司向母公司实施利润分配的情况']",芷珵环保
2022-06-30,半年报,2022-08-27,无保留意见,False,1398532561.1483111,1133899811.998483,264632749.14982826,0.8107782710954239,645483.4281366878,2.5790995904256218e-08,8006281.838467609,23814058.37617313,0.0022315228446959587,2620749.702359952,814351230.7035199,878857699.2054713,40000000,6.615818728745706,217965032.7691956,194782247.66155052,14541142.93382106,4149048.8378212117,0.10372622094553029,3514984.974293048,-79553031.2585208,-98918676.36105981,21876644.10738114,-156595063.5121995,-0.08693352489927125,-0.06516661244026532,0.06627589853611926,0.05887803393938579,2021-11-19,2022-10-19,False,False,False,False,False,0.0,0,0,False,[],芷珵环保
2022-09-30,季报,2022-10-27,无保留意见,False,1541510467.3712268,1243585392.2070174,297925075.16420925,0.80673172095142,700905.5036260273,3.10818509298979e-08,8729013.109463857,25585221.03614977,0.0023840025859578045,3195092.693301399,1042356270.667852,989214957.1784627,40000000,7.4481268791052315,212767145.99452797,189804895.89083397,19851501.162854288,-7425552.535239443,-0.1856388133809861,-7110502.529595103,-138898883.7456135,-110794307.1631695,22600913.909836043,-227092276.99894693,0.1258057671294937,-0.5472870889759163,-0.004046550144004039,0.010371529958223574,2021-11-19,2022-11-25,False,True,True,False,False,0.0,1,4,True,"['结合所处行业特点、发展阶段和自身经营模式、盈利水平、偿债能力、资金需求等因素，未进行现金分红或现金分红水平较低原因的说明', '根据公司盈利能力、融资能力及其成本、偿债能力及现金流等情况披露现金分红方案的合理性，是否导致公司营运资金不足或者影响公司正常生产经营', '公司为增强投资者回报水平拟采取的措施', '留存未分配利润的预计用途以及收益情况']",芷珵环保
2022-12-31,年报,2023-03-30,无保留意见,False,2570797761.482904,2271778729.642518,299019031.84038574,0.8836862874550258,1145650.7115174697,4.925983693310616e-08,15995400.769962033,43623912.64315482,0.004413317474961967,4455433.539717298,1565319045.6151152,1558960679.2246726,40000000,7.475475796009643,207647515.43179187,185058802.5054154,18433140.201182555,-7313757.946765868,-0.1828439486691467,-6780133.407740776,-119880224.98009345,-156652559.99620077,37175642.757247485,-239357142.21904674,0.003671918772105706,0.011676348832143475,0.07695456650360592,0.2033727759712605,2021-11-19,2023-05-28,False,True,False,False,False,0.0,0,0,True,"['是否影响偿债能力、过去十二个月内是否使用过募集资金补充流动资金以及未来十二个月内是否计划使用募集资金补充流动资金等内容', '公司为增强投资者回报水平拟采取的措施', '公司在相应期间是否按照中国证券监督管理委员会相关规定为中小股东参与现金分红决策提供了便利', '充分披露高送转的主要考虑及其合理性且送转股后每股收益不低于0.5元']",芷珵环保
2023-03-31,季报,2023-04-30,无保留意见,False,2032866455.4098883,1719791082.4512346,313075372.9586537,0.8459931432655137,899237.4675349378,3.803029244394098e-08,12138403.286930408,33372151.045247436,0.003069854374542246,3780926.434133435,1214987619.171106,1280553820.177945,40000000,7.826884323966342,205301415.05314156,183080972.19262403,4652470.0084129,-3351571.969500402,-0.08378929923751005,-2825471.8754162826,-340682525.4296545,-131359049.669979,32670849.603484202,-439370725.49614924,0.04700818216069648,0.4090529593922894,-0.037693144189512105,0.15662242016131386,2021-11-19,2023-06-05,False,True,False,True,False,0.0,4,0,True,"['公司在相应期间是否按照中国证券监督管理委员会相关规定为中小股东参与现金分红决策提供了便利', '结合前述财务报表列报项目的具体情况说明现金分红方案确定的依据及未来增强投资者回报的规划']",芷珵环保
2023-06-30,半年报,2023-08-27,无保留意见,True,3164281535.777106,2847853382.199395,316428153.5777105,0.9,1257325.4497142623,5.815879319034049e-08,18120863.805062797,49005292.58243332,0.004610508734214587,5776234.133531059,1776904979.2977383,1890372059.0267792,40000000,7.910703839442763,206467245.99125347,184120173.0271833,7043887.354274959,1665472.76873127,0.04163681921828175,1484572.6207989529,-382106093.13194156,-208006102.6800353,49685928.765362754,-540426267.0466142,0.010709180308153932,0.3675913978533121,0.14035296601254005,-0.1600347791305968,2021-11-19,2023-09-29,False,False,False,False,True,0.0,0,0,False,[],芷珵环保
2023-09-30,季报,2023-10-27,无保留意见,False,2296129285.5675263,2066516357.010774,229612928.5567526,0.9,949245.817635443,4.468858115150623e-08,14195616.743313733,40329821.09535904,0.003222794542578659,4383321.292156958,1379210020.3279893,1467479660.0483506,40000000,5.740323213918815,205395524.8659942,183203970.55067274,7255281.008035514,-1531030.1789418645,-0.038275754473546614,-1308860.6807293673,-404454328.45905864,-164947592.54028344,36789360.415771835,-532612560.58357024,-0.27435998990411337,-0.17125218242679466,-0.0334634752458645,-0.02683803330218866,2021-11-19,2023-12-13,False,False,False,True,False,0.0,0,0,False,[],芷珵环保
2023-12-31,年报,2024-03-30,无保留意见,False,2326056084.6644874,2093450476.1980388,232605608.46644872,0.9,959649.5907690059,4.345041849861235e-08,14105511.596180247,39421798.06483599,0.0034975944601462064,4291357.371019703,1444834013.765919,1417431217.5217144,40000000,5.815140211661218,200862812.06582025,178855697.34893423,30254048.739016794,-6475304.000248512,-0.1618826000062128,-6211818.859626451,-328855779.8115917,-150080483.65004697,36336135.323710926,-442600128.1379278,0.013033586255385704,-0.3196252807071829,-0.0009160396947949202,-0.007146347697417996,2021-11-19,2024-05-17,False,False,True,False,False,0.0,0,9,True,"['结合前述财务报表列报项目的具体情况说明现金分红方案确定的依据及未来增强投资者回报的规划', '结合所处行业特点、发展阶段和自身经营模式、盈利水平、偿债能力、资金需求等因素，未进行现金分红或现金分红水平较低原因的说明', '充分披露高送转的主要考虑及其合理性且送转股后每股收益不低于0.5元']",芷珵环保
2024-03-31,季报,2024-04-30,保留意见,False,2521323966.704201,2269191570.033781,252132396.67042008,0.9,1050367.1989813216,5.0324043274532886e-08,16748043.75571026,41026691.27938477,0.004092721457620722,5524638.835304669,1629652592.9529085,1657044663.1344082,40000000,6.303309916760502,194912999.61024255,174071153.18343693,24109369.328153938,-8499732.079396721,-0.21249330198491803,-6835063.093567545,-445911753.05379564,-174532372.50725585,42145939.86790591,-578298185.6931456,0.08394805410200556,-0.19235026638261205,0.036197596135002785,-0.055269597517749146,2021-11-19,2024-06-27,False,False,False,True,False,0.0,0,0,False,[],芷珵环保
2024-06-30,半年报,2024-08-27,无保留意见,False,2817122124.7108717,2535409912.2397847,281712212.4710871,0.9,1157143.9731164002,5.563962286484505e-08,17671061.300504714,45911601.82095211,0.004317019123351441,5072834.682706605,1826123645.5060012,1817206516.1527505,40000000,7.042805311777178,189879510.99472886,169570191.27461118,28533371.17697012,-7190698.022162354,-0.17976745055405885,-6429945.584036796,-308327274.5643094,-181787513.11554283,45772203.649936125,-444342584.0299161,0.11731858416962135,0.15399915266923273,0.0347416128855383,-0.007342801638980043,2021-11-19,2024-10-18,False,True,False,False,True,0.0,3,0,True,"['上市公司控股子公司向母公司实施利润分配的情况', '充分披露高送转的主要考虑及其合理性且送转股后每股收益不低于0.5元', '根据公司盈利能力、融资能力及其成本、偿债能力及现金流等情况披露现金分红方案的合理性，是否导致公司营运资金不足或者影响公司正常生产经营']",芷珵环保
2024-09-30,季报,2024-10-27,无保留意见,False,2343779836.5728884,2109401852.9155996,234377983.6572888,0.9,1103672.4763475072,4.849065743684768e-08,14972726.340308206,43317349.52110271,0.003799810499497534,5246117.9761057915,1494653839.3751378,1599383584.4300356,40000000,5.859449591432219,188818921.67414156,168561278.58688855,1141103.8188284172,-1515127.6008390393,-0.037878190020975984,-1441303.8396037777,-310863493.8207411,-150619392.800412,37698687.71281156,-423784198.9083415,-0.16802334694189505,0.5785906514190556,-0.03317235669826701,0.0134264413754921,2021-11-19,2024-11-27,False,False,False,False,False,0.0,0,0,False,[],芷珵环保
2024-12-31,年报,2025-03-30,无保留意见,False,2179239183.541481,1922511803.890829,256727379.65065208,0.8821940328580893,886987.406010195,3.7775113081690477e-08,13486436.778367594,34488683.949866466,0.003539058888971663,4313677.395183161,1249761157.7245286,1366547750.288525,40000000,6.418184491266302,201176841.40928936,178952483.68668565,70886174.33535881,17654171.0502111,0.44135427625527757,14844578.713995883,-331096984.5748962,-127223921.40290157,31905961.356444422,-426414944.6213534,0.09535620899462531,1.2379371399979258,-0.10753941380157929,0.09504564449984217,2021-11-19,2025-04-15,False,False,False,True,False,0.0,0,0,False,[],芷珵环保
2017-03-31,季报,2017-04-30,无保留意见,False,224534079.56782562,59507578.196547925,165026501.3712777,0.26502693181848286,7169260.323841381,1513899.1363698079,41419793.23964735,1460252.9770365148,734073.251286878,79284470.19001985,1393824.6994278033,140160812.53780296,40000000,4.125662534281942,7248107.981628128,6863901.339069465,23344826.70348031,10354439.97375447,0.25886099934386175,9805573.341527808,34215313.93078701,-1379883.3923185957,26014887.853034455,58850318.39150287,-0.08318610349290165,0.5196911096530262,-0.03497306818151711,-0.03188470076372334,2021-11-29,2017-05-30,False,False,False,False,False,0.0,0,0,False,[],淼瀚集团
2017-06-30,半年报,2017-08-27,无保留意见,False,211167161.373608,50369975.08394432,160797186.28966367,0.23853128846500485,6895129.06495143,1541076.2742898453,40339569.93389628,1213463.436109453,810826.8559743189,79726149.0365333,1366793.1262337067,131184640.78291592,40000000,4.019929657241592,11776259.833940476,10745641.9534543,28594250.65293683,6468788.360446211,0.16171970901115526,5545343.7348354785,20642659.85374647,-1387732.022635996,26293825.713304676,45548753.544415146,-0.0256280963752536,-0.14204829698712143,-0.026495643353478038,0.015400792319681658,2021-11-29,2017-10-02,False,False,False,False,False,0.0,0,0,False,[],淼瀚集团
2017-09-30,季报,2017-10-27,无保留意见,False,246886643.44403163,86553416.1578725,160333227.28615913,0.3505795815863723,7137260.476068291,1463980.5203622198,38883247.56567891,1494610.2898815374,791038.4379573885,84689033.94291091,1338122.6907830108,138475732.6377957,40000000,4.008330682153979,15141483.430106657,13591347.930768076,13479814.469035449,4807462.280237403,0.12018655700593507,4065294.2533053947,11338656.353679087,-1523088.8437788282,30226990.501723707,40042558.01162396,-0.0028853676747101565,-0.07078874523444821,0.11204829312136745,0.03529413779841627,2021-11-29,2017-12-22,False,False,False,False,False,0.0,0,0,False,[],淼瀚集团
2017-12-31,年报,2018-03-30,无保留意见,False,243651489.1732278,82858741.09905337,160792748.0741744,0.34007073537787275,9164919.610727655,1698558.9404372273,45629614.04851785,1753264.4560291425,913117.5446940389,104670684.45751955,1540968.1778865817,164745031.68002582,40000000,4.01981870185436,14762769.377091933,13245481.70907627,1404504.5238861283,-541020.0757353194,-0.013525501893382984,-494094.6024168652,35474061.573542766,-1554345.6372914785,29061591.48467315,62981307.42092444,0.0028660359165297924,-0.24525927351114502,-0.010508846208499524,-0.041183445413769164,2021-11-29,2018-05-11,False,False,False,False,False,0.0,0,0,False,[],淼瀚集团
2018-03-31,季报,2018-04-30,无保留意见,False,262834074.8694715,88062958.90756728,174771115.96190423,0.3350515299483183,9569042.51628237,1908036.5436459926,49298001.59268048,1750969.3618294124,905219.1739613257,103681745.9007273,1585337.9460430278,172278712.9768148,40000000,4.3692778990476056,12010024.933987476,10689891.001975974,3646883.289649951,-3932492.061577797,-0.09831230153944492,-3650843.867286138,45741259.319705136,-1530707.5579306006,34189957.942672834,78400509.70444736,0.08693406919870254,-0.20605602543099244,-0.005019205429554447,0.11841923202772588,2021-11-29,2018-06-24,False,False,False,False,False,0.0,0,0,False,[],淼瀚集团
2018-06-30,半年报,2018-08-27,无保留意见,False,279925615.690525,100456846.77680345,179468768.91372156,0.35886978949387993,9869295.103821846,2134007.7272759816,54779163.94456654,1800061.394240858,1032591.344601646,119561939.18789622,1744984.9748687427,184774131.953686,40000000,4.486719222843039,9466294.28516541,8625523.700715454,11259647.713333486,-3633900.926888665,-0.09084752317221663,-2949096.144657886,38229884.81533501,-1849126.0757897021,33183532.788989577,69564291.52853489,0.02687888628485568,0.02284989120314126,0.023818259545561597,0.006628321004217782,2021-11-29,2018-09-28,False,False,False,False,False,0.0,0,0,False,[],淼瀚集团
2018-09-30,季报,2018-10-27,无保留意见,False,259662988.3813068,84967184.992416,174695803.3888908,0.32722100874709337,9360421.83727328,1786193.2231739343,53081043.07932922,1768947.0881933908,872135.0366914208,105121230.83934556,1618577.1981831032,171216117.25997394,40000000,4.36739508472227,10502087.42531564,9640907.516166378,3067514.0284988848,1479704.4859289005,0.03699261214822251,1450548.307787035,8843833.59524239,-1621996.6937619825,31070334.004833035,38292170.90631344,-0.02659496442595717,0.38258024161324977,-0.03164878074678653,0.19252606229791078,2021-11-29,2018-12-22,False,False,False,False,False,0.0,0,0,False,[],淼瀚集团
2018-12-31,年报,2019-03-30,无保留意见,False,301481680.53363496,105920199.03012711,195561481.50350785,0.35133212353946014,10566901.29658793,2060717.239425953,57013083.327711694,1864001.1244642665,1102208.3328947795,115153135.68326312,1952222.5387347068,193479069.80743146,40000000,4.889037037587697,18850073.439631168,17208116.126302592,27473072.243036237,11925694.30616504,0.298142357654126,10810298.014480304,33517620.959866133,-1989797.7147179765,36337807.16686462,67865630.41201277,0.11944006501500151,0.5652682286229241,0.02411111479236674,0.0332884163851145,2021-11-29,2019-04-09,False,False,False,False,False,0.0,0,0,False,[],淼瀚集团
2019-03-31,季报,2019-04-30,无保留意见,False,291904400.7962952,96567271.65360683,195337129.1426884,0.33081814248150393,9595409.67474398,2007332.856195203,56978824.800159454,1733822.363369292,950146.4685725119,99658994.76390919,1731363.2239574108,179922798.12805745,40000000,4.88342822856721,31174129.027192004,28281235.34471587,55171655.033809684,17605793.696515486,0.44014484241288715,15818741.740590401,33326022.97631825,-1726304.3310175317,40000998.541848116,71600717.18714884,-0.001147221626133089,0.19636864478443425,-0.020513981057956193,0.017893905287325467,2021-11-29,2019-06-08,False,False,False,False,False,0.0,0,0,False,[],淼瀚集团
2019-06-30,半年报,2019-08-27,无保留意见,False,311297581.6963147,81415232.7669434,229882348.92937133,0.26153506340556076,10138529.123207686,2127462.886979181,61529597.9773986,2153723.685747916,1129850.87729378,126799829.44112518,1949874.330261472,203910311.3963238,40000000,5.747058723234283,27112457.487530697,24734581.969555907,24154395.92500708,-5802387.913801875,-0.14505969784504688,-5066647.678799952,21571588.62529715,-2042665.4151485944,42284230.48902358,61813153.69917214,0.17684922440653153,-0.6764237750360966,-0.06928307907594315,-0.07671893485070044,2021-11-29,2019-09-06,False,False,False,False,False,0.0,0,0,False,[],淼瀚集团
2019-09-30,季报,2019-10-27,无保留意见,False,327816077.87593555,81099427.90308127,246716649.97285432,0.24739307610706618,11704299.611670977,2348873.161741716,66518972.79784972,1936987.872702351,1133356.3707934646,139973064.64726087,2060838.7075502884,216033302.64680976,40000000,6.167916249321358,26055745.977077328,23723561.31114439,3592591.676820324,-1509587.872076247,-0.03773969680190617,-1444315.2263021655,3649489.9953158814,-1987648.552312078,39168995.779019974,40830837.22202378,0.07323007234737769,0.3833674544786937,-0.014141987298494597,0.06729778833700015,2021-11-29,2019-11-22,False,False,False,False,False,0.0,0,0,False,[],淼瀚集团
2019-12-31,年报,2020-03-30,保留意见,False,400739099.9636874,107167915.08046319,293571184.88322425,0.26742565197699475,14267977.8739783,2704779.7931972556,77190958.57328196,2581466.0439299345,1605622.8741915834,162964207.2047523,2562327.160175939,265716967.66707897,40000000,7.339279622080606,23467440.289064623,21358697.765511453,14616465.737809412,-3697579.554303864,-0.0924394888575966,-3378376.49376134,43980092.07922355,-2559473.3904541815,51548632.13347799,92969250.82224736,0.18991233431357488,-0.14124812588319965,0.020032575869928567,0.016968179862841812,2021-11-29,2020-05-20,False,False,False,False,False,0.0,0,0,False,[],淼瀚集团
2020-03-31,季报,2020-04-30,无保留意见,False,488393147.59568554,167248546.63178623,321144600.9638993,0.3424465463021654,14956089.270806573,3425228.3863885324,94055524.6584889,3067620.210844237,1963078.6808629686,205841397.64462027,2974181.96995012,319179035.19906384,40000000,8.028615024097483,21729751.014053166,19766276.09098217,1559558.4272252836,-2482413.250016369,-0.062060331250409224,-2274888.106470405,93963222.65140234,-3083989.1445888113,58564447.89355973,149443681.40037325,0.09392412300833634,0.0913492630343562,0.07502089432517067,0.17428166042409224,2021-11-29,2020-06-27,False,False,False,False,False,0.0,0,0,False,[],淼瀚集团
2020-06-30,半年报,2020-08-27,无保留意见,False,465908307.8243712,164657584.45406497,301250723.37030625,0.3534119947827466,17474552.959835388,3496933.248415084,93626098.27739881,3053390.677623211,1639002.6351295835,201782874.72065544,3243483.5894726817,321779779.80234116,40000000,7.531268084257657,27216707.027458217,24686638.345082972,35393800.876478076,7838508.5905786455,0.19596271476446614,7029088.93442972,87818326.13035807,-2818732.2531475746,58431650.407151006,143431244.2843615,-0.06194679136402285,0.710925446380174,0.010965448480581175,0.0858913675178327,2021-11-29,2020-10-09,False,False,False,False,False,0.0,0,0,False,[],淼瀚集团
2020-09-30,季报,2020-10-27,无保留意见,False,600037115.4813788,252061874.46181723,347975241.0195615,0.420077138494343,19356705.514355026,3968070.301097466,107972763.39176823,3724921.5606031427,2046610.62699587,217926053.89197618,3681173.349294746,359772686.8946714,40000000,8.699381025489037,41095799.29458666,37745227.1239545,66890271.54229633,19827274.667326346,0.49568186668315867,18655126.826959316,42419475.78789198,-3655148.0496696727,75272189.56002092,114036517.29824322,0.15510176084065389,0.4826685158260706,0.06666514371159642,-0.055849254714286,2021-11-29,2020-11-18,False,False,False,False,False,0.0,0,0,False,[],淼瀚集团
2020-12-31,年报,2021-03-30,无保留意见,False,594759480.6090276,236002263.23789245,358757217.3711352,0.3968028605382272,21953604.87716953,4320845.924244865,109145253.6572671,4119865.5925483718,2189114.310870466,232851355.39002562,4076057.4056462776,389467788.4485648,40000000,8.968930434278379,49952622.213132605,45865548.943650015,8925476.280199852,12652604.169351358,0.31631510423378395,11600459.742422171,8996761.57235708,-3786636.4770640996,74732516.43225458,79942641.52754757,0.030984895132144013,-0.19481947993128182,-0.023274277956115818,-0.03815873977688327,2021-11-29,2021-05-14,False,False,False,False,False,0.0,0,0,False,[],淼瀚集团
2021-03-31,季报,2021-04-30,无保留意见,False,690037637.2673057,287319583.8690915,402718053.3982142,0.41638248169612535,25294361.63712622,4634514.984688911,140476915.85935703,4090955.127790949,2343427.96667716,277269738.9358499,4442184.396476153,459731133.10601693,40000000,10.067951334955355,57941227.43985512,53217742.89961158,54156891.72133727,11412293.181032166,0.2853073295258041,10503134.222802235,34378530.33107559,-4253505.871816543,91445400.91077206,121570425.3700311,0.12253645055341567,-0.04182806276425358,0.019579621157898186,0.061724188851783934,2021-11-29,2021-06-07,False,False,False,False,False,0.0,0,0,False,[],淼瀚集团
2021-06-30,半年报,2021-08-27,无保留意见,False,823159807.7275919,396622593.0773309,426537214.650261,0.4818293961317717,29404886.90513001,6242066.546860922,178867865.53948933,5367309.157030972,3103029.2033126177,357247509.08711416,4952990.8878860725,566404261.8917874,40000000,10.663430366256524,58036852.4158313,53300998.47940289,567654.1428528464,136607.10853739083,0.0034151777134347706,118936.54255902521,28025766.262220066,-5060112.59911576,99414768.91008534,122380422.57318965,0.059145998176779,-0.3968594157694508,0.06544691443564635,0.011291842965753536,2021-11-29,2021-10-24,False,False,False,False,False,0.0,0,0,False,[],淼瀚集团
2021-09-30,季报,2021-10-27,保留意见,False,810413365.545858,388854377.19072956,421558988.35512847,0.479822265676498,30058275.27644416,6025615.19808358,162800630.3957017,5399520.202061594,2769770.1211289195,309614094.60543555,4988587.904249001,541231841.2136565,40000000,10.53897470887821,58569221.38274922,53759748.076149315,1543030.3378645375,760527.0955970436,0.01901317738992609,655356.5667805927,107570494.56177273,-5175700.297516355,107412929.3102084,209807723.57446477,-0.011671258976111598,0.036408606622533486,-0.002007130455273727,0.006917904657342374,2021-11-29,2021-11-07,False,False,False,False,False,0.0,0,0,False,[],淼瀚集团
2021-12-31,年报,2022-03-30,无保留意见,False,987507775.9958944,508825694.3771067,478682081.61878777,0.5152624685552067,35340944.65826987,7037763.984747575,186688003.9326732,5908862.080610101,3505056.7488141335,371421357.03673184,6918525.294260429,643190014.7955478,40000000,11.967052040469694,62318566.65035622,57053192.63330211,12195247.323991846,5356207.525152855,0.13390518812882138,4704920.795932555,134980986.03306276,-6379569.916376053,125277474.916222,253878891.0329087,0.13550438928261654,0.2587581103206735,0.03544020287870881,0.15500695708772852,2021-11-29,2022-05-23,True,False,False,False,True,2319126.634260933,0,0,True,"['公司在相应期间是否按照中国证券监督管理委员会相关规定为中小股东参与现金分红决策提供了便利', '是否影响偿债能力、过去十二个月内是否使用过募集资金补充流动资金以及未来十二个月内是否计划使用募集资金补充流动资金等内容']",淼瀚集团
2022-03-31,季报,2022-04-30,无保留意见,False,984351177.6383474,503894599.00299764,480456578.6353498,0.5119053143329804,31776855.713717535,6536141.074885071,193225863.81548733,6327151.333378104,3185114.18382616,380779049.84786725,6145566.826891253,612718039.5629336,40000000,12.011414465883746,62963334.18040165,57658981.452769555,3076775.093960476,921096.4714934789,0.02302741178733697,865412.599239214,87027339.53366587,-6582669.899870909,124594130.07653554,205038799.7103305,0.0037070470876225323,-0.19838387386006567,-0.003357154222226395,-0.07312200403208835,2021-11-29,2022-06-07,True,False,False,False,False,274454.2377478658,0,0,True,"['公司在相应期间是否按照中国证券监督管理委员会相关规定为中小股东参与现金分红决策提供了便利', '根据公司盈利能力、融资能力及其成本、偿债能力及现金流等情况披露现金分红方案的合理性，是否导致公司营运资金不足或者影响公司正常生产经营', '上市公司控股子公司向母公司实施利润分配的情况']",淼瀚集团
2022-06-30,半年报,2022-08-27,非标准无保留意见,False,993155317.2731087,457985534.8157766,535169782.4573322,0.46114190484652534,31815719.913404085,7221893.474793561,175478923.00451872,5942802.123151058,3625588.860314264,364079152.54076254,5735894.202529549,627488197.0245309,40000000,13.379244561433305,62392664.21454245,57164405.52290388,3140589.1288426435,-815242.8083702959,-0.020381070209257397,-706537.0426652398,38460264.68389275,-6714783.767129872,120716388.91181304,152461869.8285759,0.11387752037319447,-0.09688800473931469,-0.05076340948645504,-0.08402507912071346,2021-11-29,2022-10-12,False,False,False,False,False,0.0,0,0,False,[],淼瀚集团
2022-09-30,季报,2022-10-27,无保留意见,False,1109735396.040127,504260737.26844233,605474658.7716848,0.45439727260011514,37760355.80818503,8321907.635496923,216399906.08900476,7557092.479489531,4115383.7613039953,475787594.74129325,6568794.795838078,741744024.2778772,40000000,15.13686646929212,63386436.61278647,58003623.5915996,0.0,1419674.854634311,0.035491871365857776,1198882.9552795864,153067244.63537917,-6562190.19280513,138976328.43621734,285481382.87879133,0.13136929366888853,0.13808780919867256,-0.00674463224641021,-0.06853833824263816,2021-11-29,2022-12-12,True,False,False,False,False,1254331.4783524591,0,0,True,"['是否影响偿债能力、过去十二个月内是否使用过募集资金补充流动资金以及未来十二个月内是否计划使用募集资金补充流动资金等内容', '充分披露高送转的主要考虑及其合理性且送转股后每股收益不低于0.5元', '根据公司盈利能力、融资能力及其成本、偿债能力及现金流等情况披露现金分红方案的合理性，是否导致公司营运资金不足或者影响公司正常生产经营']",淼瀚集团
2022-12-31,年报,2023-03-30,无保留意见,False,1255213700.00108,586842662.4419565,668371037.5591236,0.46752410560962765,50902037.57534356,10314721.339963049,260524034.49930456,8753362.2412919,4586370.2168109985,535199943.5148245,7990014.824888599,869821750.4138649,40000000,16.70927593897809,61980528.84198924,56856136.67369092,4929172.359454422,-2008439.6725674774,-0.05021099181418694,-1639267.025583824,164056207.6230564,-7269376.089823167,152750920.07454437,309537751.6077776,0.1038794570115215,-0.18611156571742027,0.013126833009512468,-0.010625082298121013,2021-11-29,2023-05-13,False,False,False,False,False,0.0,0,0,False,[],淼瀚集团
2023-03-31,季报,2023-04-30,无保留意见,False,1381577209.5913794,684620503.6862782,696956705.9051012,0.4955354640576072,51222257.60235124,10400555.694543894,249416811.9213135,9075740.840662047,5015909.881897546,529178091.57900304,9002462.215012519,930324834.8089643,40000000,17.42391764762753,59937430.00254991,55010804.28239587,8110323.068194339,-2918712.627770474,-0.07296781569426185,-2636189.1304215025,40948853.131121136,-8410441.02226571,164904657.08334956,197443069.19220498,0.04276916074995069,-0.06071902692725848,0.02801135844797955,0.002293217599154141,2021-11-29,2023-05-25,False,True,False,False,False,0.0,0,0,True,"['是否影响偿债能力、过去十二个月内是否使用过募集资金补充流动资金以及未来十二个月内是否计划使用募集资金补充流动资金等内容', '上市公司控股子公司向母公司实施利润分配的情况']",淼瀚集团
2023-06-30,半年报,2023-08-27,无保留意见,False,1360321772.0041547,666691070.2533737,693630701.750781,0.49009806648256565,58498129.72487432,10388837.1569382,279504258.1419773,10646836.714222841,5162994.998316105,581633002.2614882,8938046.664897494,976261803.2545376,40000000,17.340767543769527,58310073.75033753,53572623.728537425,8145774.857777185,-2324794.6460176874,-0.058119866150442186,-2054543.6483692045,188204336.06429785,-7870163.773340048,170220250.0070735,350554422.29803133,-0.004772181867452993,0.04217781840913807,-0.005437397575041518,-0.11455110723266103,2021-11-29,2023-09-17,False,True,False,True,False,0.0,2,0,True,"['结合前述财务报表列报项目的具体情况说明现金分红方案确定的依据及未来增强投资者回报的规划', '充分披露高送转的主要考虑及其合理性且送转股后每股收益不低于0.5元', '是否影响偿债能力、过去十二个月内是否使用过募集资金补充流动资金以及未来十二个月内是否计划使用募集资金补充流动资金等内容', '留存未分配利润的预计用途以及收益情况']",淼瀚集团
2023-09-30,季报,2023-10-27,无保留意见,False,1243045246.9048202,569752448.931118,673292797.9737022,0.45835213991590434,46065906.89086115,8910846.693703126,230402882.46229252,8977718.626779402,4774474.766170864,548922338.6353874,9132220.53490733,864934982.9448009,40000000,16.832319949342555,59613568.47435749,54805987.80026147,6967608.252201683,1862135.3200285174,0.04655338300071293,1761948.6738914894,156703426.89053354,-8208249.527157115,151818800.76404327,300313978.1274197,-0.029320939407301804,0.2853063970862954,-0.0317459265666613,-0.11048265797292638,2021-11-29,2023-12-25,False,False,False,False,False,0.0,0,0,False,[],淼瀚集团
2023-12-31,年报,2024-03-30,无保留意见,False,1551171895.400364,848806753.723508,702365141.676856,0.5472035409102274,53380169.79250437,10938366.150965009,340372467.53284335,10853141.531392,5041369.610296351,642851449.3341546,9839320.867775522,1029679211.7488708,40000000,17.5591285419214,64005023.67797318,59114624.73918203,13585378.830823556,6273507.433736704,0.15683768584341762,6155195.627029396,224590096.37143314,-8374870.367537824,201881391.71058849,418096617.7144838,0.04317934751514968,0.23387448127487612,0.0888514009943231,0.06593749702742328,2021-11-29,2024-04-18,True,False,False,False,False,2577928.2086660396,0,0,True,"['上市公司控股子公司向母公司实施利润分配的情况', '结合所处行业特点、发展阶段和自身经营模式、盈利水平、偿债能力、资金需求等因素，未进行现金分红或现金分红水平较低原因的说明']",淼瀚集团
2024-03-31,季报,2024-04-30,无保留意见,False,2157038221.8410506,1357049338.8161833,799988883.0248673,0.6291262366495899,85645023.3341302,13708517.964570051,400768611.8738516,14699288.231735077,8368147.932433192,856158432.0957083,13037262.41981512,1409397770.4389672,40000000,19.999722075621683,74958883.55888836,68884250.78476605,44686580.876237,15648371.258450277,0.39120928146125694,13956608.636548597,107039488.48772827,-13307891.587435575,272331391.52060044,366062988.42089313,0.13899286219549595,0.4028126766627362,0.08192269573936245,-0.13977316802097917,2021-11-29,2024-06-06,False,False,False,True,False,0.0,0,0,False,[],淼瀚集团
2024-06-30,半年报,2024-08-27,无保留意见,False,2076987538.7120304,1340272555.63525,736714983.0767803,0.6452963875105251,67740410.28710984,15290855.340356577,394760105.6512251,13532921.178658681,7987565.154022142,854639980.7332063,12748762.39452941,1346451558.5077221,40000000,18.41787457691951,83410120.15839306,76707132.65485817,38088146.1882992,12073195.142149556,0.3018298785537389,11175545.528703034,368791612.02842474,-13083563.23010007,283125580.2193174,638833629.017642,-0.07909347403533876,-0.10950549685921529,0.01617015086093519,0.04188629832395926,2021-11-29,2024-09-22,False,False,False,True,False,0.0,0,0,False,[],淼瀚集团
2024-09-30,季报,2024-10-27,无保留意见,False,2281560718.691766,1409404747.8016438,872155970.8901222,0.617737120145454,69882317.35122238,15308216.75575789,368373650.7088622,13942254.948612938,7440590.609590858,881419516.923816,12281572.725613285,1361331031.9898138,40000000,21.803899272253055,78612942.4813058,72268482.00769582,27799896.553389974,-6853110.967267508,-0.17132777418168768,-6340929.495946208,236342109.73114425,-13993953.614236299,272081468.1278064,494429624.2447144,0.18384448657158128,-0.6509881702674709,-0.027559267365071104,0.046343298399866936,2021-11-29,2024-11-28,False,False,False,False,False,0.0,0,0,False,[],淼瀚集团
2024-12-31,年报,2025-03-30,无保留意见,False,1958249803.5521288,1219438044.163328,738811759.3888007,0.6227183283518539,71796106.30183047,13173409.395364664,347904083.9584977,12131405.963337656,7243593.246048973,746102625.3966173,11913311.478086919,1240218424.7730644,40000000,18.47029398472002,76473531.12626757,70291324.39503753,9890774.234063197,-3056301.935768908,-0.0764075483942227,-2824510.8752261214,23250602.433874138,-12199277.256452033,238653303.6316966,249704628.80911872,-0.15289032690475118,0.37418454259730344,0.0049812082063999214,0.07270615748440981,2021-11-29,2025-04-28,False,False,False,True,False,0.0,0,0,False,[],淼瀚集团
2017-03-31,季报,2017-04-30,无保留意见,False,266574945.70858088,78182338.12312353,188392607.58545735,0.29328464426882894,1729182.0946419474,129.8487588756587,72726175.1515947,19209605.322978787,1352.9142907471469,88945180.03815539,13380515.41030333,195683295.85184604,40000000,4.7098151896364335,-4870567.171797778,-4415152.975964096,20078600.244188745,-6957953.102568256,-0.1739488275642064,-6307361.394234424,-28615413.335355297,-46408877.512582615,111640522.82788715,36616231.979949236,0.04662559769698539,-0.44210850569823645,-0.006715355731171065,-0.003963232134528634,2021-12-02,2017-06-19,False,False,False,False,False,0.0,0,0,False,[],琬璞化工
2017-06-30,半年报,2017-08-27,无保留意见,False,264853724.47609204,63900447.24997384,200953277.2261182,0.2412669384822717,1679377.6510561472,108.38400208055829,66346026.01041038,16986446.587186404,1176.2956307906743,73097108.40521912,11668073.239700325,180137512.68207034,40000000,5.023831930652955,-12651749.765482107,-11422594.986808091,9636924.569319922,-11115975.133834753,-0.2778993783458688,-10010631.44406285,-2650213.8031114666,-50558367.09187246,106387959.80496328,53179378.90997935,0.0666728371226728,-0.41406120422818504,-0.05201770578655721,0.017393309590438253,2021-12-02,2017-10-11,False,False,False,False,False,0.0,0,0,False,[],琬璞化工
2017-09-30,季报,2017-10-27,无保留意见,False,284087251.91920316,68814186.09848335,215273065.82071978,0.24222905334046704,1787908.396737237,117.40276511976762,65354782.14634063,16683989.908064097,1214.4635749571153,90009030.3843502,12468279.731328344,185143079.12348545,40000000,5.381826645517995,-17446681.21965458,-15753578.591856532,0.0,-6849902.077389244,-0.1712475519347311,-6187119.435783486,-44150698.0448639,-49273215.58811018,124364374.2555042,30940460.622530118,0.07125929366401199,0.7250263473522344,0.0009621148581953376,0.08059334093591075,2021-12-02,2017-12-01,False,False,False,False,False,0.0,0,0,False,[],琬璞化工
2017-12-31,年报,2018-03-30,无保留意见,False,258808664.17918757,51761732.83583751,207046931.34335005,0.2,1448804.6977521158,105.59564127447666,61125403.15419789,16116649.110240536,1041.3841811697127,80380766.8549491,10814059.441501005,165792586.16874322,40000000,5.1761732835837515,-25168397.045723874,-22461325.513744153,11491603.482391268,-11031022.608670425,-0.2757755652167606,-9582495.602696605,-7657898.98071924,-48426697.62700656,104885864.03402142,48801267.42629562,-0.03821255783210932,-0.411929083163538,-0.054398128403786626,0.04664751107591698,2021-12-02,2018-04-24,False,False,False,False,False,0.0,0,0,False,[],琬璞化工
2018-03-31,季报,2018-04-30,无保留意见,False,256476163.03178546,51295232.60635709,205180930.42542836,0.2,1436912.6097712084,116.33975770362827,60695066.35317378,16056051.616398647,1137.530516953112,83374033.31726529,10734726.904936913,169863962.44859076,40000000,5.129523260635709,-32088281.53662868,-28092135.56173365,46666728.085736,-9885549.272721153,-0.2471387318180288,-8044014.354270704,-46031487.716866404,-46227759.40243433,100237257.22315605,7978010.103855327,-0.009012453871278355,0.19190445211154006,-0.012091099514081162,0.010794807628418718,2021-12-02,2018-05-12,False,False,False,False,False,0.0,0,0,False,[],琬璞化工
2018-06-30,半年报,2018-08-27,无保留意见,False,281509479.1210867,56301895.82421735,225207583.2968694,0.2,1834557.8173492802,127.65729126428052,71860842.17538625,18650793.970930304,1277.1340305628019,90144164.15958123,13018502.056718903,197360482.42056236,40000000,5.6301895824217345,-35959469.91171423,-31551032.47559385,27491924.504668932,-5530269.1072650775,-0.13825672768162695,-4941281.305514577,-12427932.238905411,-49237291.539149754,110289290.99879812,48624067.220742956,0.09760484480656736,0.612173775939818,-0.059795069726965515,-0.05150043540139281,2021-12-02,2018-09-21,False,False,False,False,False,0.0,0,0,False,[],琬璞化工
2018-09-30,季报,2018-10-27,保留意见,False,269571492.7394346,53914298.54788692,215657194.1915477,0.2,1550093.369210605,121.63852529165116,62761894.62731423,14723177.466973502,1292.423014319048,82713258.59542474,12164461.87021499,174489584.1808794,40000000,5.391429854788692,-36280808.64119835,-31846918.88137749,1649252.5095252446,-459055.327834459,-0.011476383195861476,-422694.86540520255,-21676746.331231136,-46563334.969060555,117844151.83834434,49604070.53805265,-0.0424070493786719,0.4421388633139414,0.03617674429122188,0.07986564748776075,2021-12-02,2018-12-11,False,False,False,False,False,0.0,0,0,False,[],琬璞化工
2018-12-31,年报,2019-03-30,无保留意见,False,225612426.1683141,45122485.23366282,180489940.9346513,0.2,1383473.905789476,91.94109003608669,58585235.478156425,13614488.58889911,1096.2444311092058,70344355.22022066,11447657.062952306,156304587.25902715,40000000,4.512248523366282,-36018596.21163733,-31611543.821597427,464635.8819049109,374589.185087163,0.009364729627179075,336250.08540008607,-24908136.926686395,-41713090.76025027,94938165.55598646,28316937.869049802,-0.1630701604401878,0.05039884537697819,-0.003922242894460144,-0.032839172312690984,2021-12-02,2019-05-09,False,False,False,False,False,0.0,0,0,False,[],琬璞化工
2019-03-31,季报,2019-04-30,无保留意见,False,238262455.46171874,47652491.09234375,190609964.369375,0.2,1581624.1682953644,107.24149989811549,62016799.133281276,15330657.517311128,1064.2260107122195,77855988.39898871,11481386.389655897,169248461.2377812,40000000,4.765249109234375,-38760882.416166864,-34016885.809001125,5959775.980437874,-3917551.720756473,-0.09793879301891183,-3436202.839148143,-27013073.999934196,-48916130.386880256,93288445.45802069,17359241.07120624,0.05606973653112231,-0.24703553333667513,-0.024807095804176515,-0.016724486683293557,2021-12-02,2019-05-30,False,False,False,False,False,0.0,0,0,False,[],琬璞化工
2019-06-30,半年报,2019-08-27,保留意见,False,266080196.78532255,53216039.357064515,212864157.42825803,0.2,1723189.634588699,128.19656251800527,66099046.83639416,18064943.17690476,1423.5013088154863,83184799.96645351,12463068.480257683,186179292.02732527,40000000,5.321603935706451,-38212658.03239479,-33511127.193685293,797400.5739999718,783177.6911029629,0.019579442277574074,722512.3075940447,-13121874.421819985,-51528501.1800051,109130113.36612973,44479737.76430464,0.11675251675593186,0.35931572680608725,0.007189123615825281,-0.0017786809052110293,2021-12-02,2019-10-24,False,False,False,False,False,0.0,0,0,False,[],琬璞化工
2019-09-30,季报,2019-10-27,无保留意见,True,230941885.43087277,46188377.08617455,184753508.34469822,0.2,1517151.4547035831,106.90074415182283,60398222.54940989,15182824.183465557,1172.2341954070312,77861280.06740014,12306578.886490343,168837093.78090096,40000000,4.6188377086174555,-35299912.90825493,-30989998.937044065,8142240.964560052,4161064.463056933,0.10402661157642333,3601611.795201756,-36679146.35403083,-41928048.72935067,92984398.92961311,14377203.84623161,-0.13205910014716296,0.18994843501136185,0.030818056809977443,-0.00867245320142368,2021-12-02,2019-11-30,False,False,False,False,False,0.0,0,0,False,[],琬璞化工
2019-12-31,年报,2020-03-30,无保留意见,False,235082429.67139554,47016485.9342791,188065943.73711643,0.2,1513980.8751101722,111.87595500457881,55595595.47560386,14064738.18665754,1063.0294392482183,80326321.926209,11060779.44992103,164417247.74910295,40000000,4.701648593427911,-31048511.835475784,-27099805.486283954,28693199.41782809,6073430.103970211,0.15183575259925527,5557419.2153715845,-41818420.93439454,-45881678.674028374,99770481.98597679,12070382.37755388,0.017928944473617984,0.0903719018602251,-0.06931519685909102,0.034464259021447397,2021-12-02,2020-04-30,False,False,False,False,False,0.0,0,0,False,[],琬璞化工
2020-03-31,季报,2020-04-30,无保留意见,False,243690305.72507742,48738061.145015486,194952244.58006194,0.2,1467495.0696814684,107.46915787148117,60056787.04152863,14875472.581594424,1079.1145735308328,77056002.19149946,12016818.783314485,163489692.11783746,40000000,4.873806114501549,-32153741.852867894,-28019781.369773995,5507473.486847596,-1578900.024845874,-0.03947250062114685,-1314251.2621286267,-42501258.93848076,-43934473.4396726,102456917.8507486,16021185.472595245,0.036616416061864866,-0.33165117168683816,0.07326512827672702,-0.02176653868387163,2021-12-02,2020-06-26,False,False,False,False,False,0.0,0,0,False,[],琬璞化工
2020-06-30,半年报,2020-08-27,无保留意见,False,207792117.51017636,41558423.502035275,166233694.0081411,0.2,1320008.319774301,90.64767607588895,55060738.29351505,13263600.62847602,888.9116786162365,62019864.58046468,9934370.055113774,140123305.71212164,40000000,4.155842350203527,-29737926.608531978,-25763818.40679787,15199354.610986885,3451164.634765595,0.08627911586913987,3222804.2328230403,-40282710.70224122,-39027315.63571428,90892948.95461728,11582922.616661772,-0.1473106946461797,0.3261806659522156,-0.007321428401039588,0.059066122367751925,2021-12-02,2020-09-27,False,False,False,False,False,0.0,0,0,False,[],琬璞化工
2020-09-30,季报,2020-10-27,无保留意见,False,235068128.66584057,47013625.73316811,188054502.93267244,0.2,1377817.639341903,90.59140348651648,62061824.67930739,14056882.08394792,1056.315821739462,74814361.57979535,9917662.625600722,153509412.29341906,40000000,4.701362573316811,-35135236.60712089,-31291536.204186365,36669179.499100655,-7710442.855127007,-0.19276107137817516,-7896739.710554995,-26487320.216861546,-46582301.7607067,101840635.41975318,28771013.44218494,0.13126586071932375,-0.5457687955295526,0.027017246930083182,-0.05135010237276692,2021-12-02,2020-12-03,False,False,False,False,False,0.0,0,0,False,[],琬璞化工
2020-12-31,年报,2021-03-30,无保留意见,False,214694956.87911722,49902487.974634744,164792468.90448248,0.23243437433293812,1243944.76451937,84.75750649536758,45382074.765727766,12157685.514948234,923.6376880616602,68906197.20380577,8671608.859434223,136088768.3192319,40000000,4.119811722612062,-37759237.26304966,-33539528.37832287,15280266.647454254,-3748572.365612548,-0.0937143091403137,-3211417.3916235813,-29205244.352042247,-41586924.30653292,90958816.04746637,20166647.388891205,-0.12369836225893648,0.4264864759135539,0.047389282672236875,0.024619709260427967,2021-12-02,2021-04-13,False,False,False,False,False,0.0,0,0,False,[],琬璞化工
2021-03-31,季报,2021-04-30,无保留意见,False,258496973.4125026,72948750.64424838,185548222.7682542,0.2822035000303029,1498457.3361625394,106.09762303670745,56327999.82560484,16645279.990727326,1166.2659811005274,80610123.07796498,12056695.719144167,173610126.12785205,40000000,4.638705569206355,-30479666.10339136,-27027141.408812117,19906674.77784483,10399387.370940428,0.2599846842735107,9303409.956443932,-32231213.024948508,-49840860.00776984,105342688.68005615,23270615.64733781,0.1259508641490296,1.0676555105533707,0.049769125697364795,-0.04396949772022567,2021-12-02,2021-06-27,False,False,False,False,False,0.0,0,0,False,[],琬璞化工
2021-06-30,半年报,2021-08-27,无保留意见,False,269960543.9623745,53992108.7924749,215968435.16989958,0.2,1536698.8606444623,113.33731209645035,57156234.30585523,16372441.630447816,1153.9446649892668,73784776.86141428,11985419.302918829,175837295.70808318,40000000,5.39921087924749,-29802105.759664174,-26407591.346519142,1763124.6015441439,967943.348181691,0.024198583704542274,885071.5175613882,-37733308.0849422,-48602748.462097764,110444263.15274131,24108206.605701357,0.16394774332945017,-0.34422098184434785,-0.08880707318755963,-0.08027874210130344,2021-12-02,2021-09-19,False,False,False,False,False,0.0,0,0,False,[],琬璞化工
2021-09-30,季报,2021-10-27,无保留意见,False,290885841.99702466,70948406.46334876,219937435.53367588,0.24390463962173337,1816513.5671035454,135.99166497716928,74037133.57947816,18924246.97151743,1432.6312044512117,99494801.03462106,14333598.433581103,208424195.2283377,40000000,5.498435888341897,-27347670.403318256,-24256841.470266104,6768686.733476276,3506336.2233513147,0.08765840558378286,3072499.82321863,-51197579.55651794,-56670416.16905276,129922986.730206,22054991.004635304,0.018377687279411723,0.1412734237848375,0.05050821277899009,0.017218656448625372,2021-12-02,2021-12-07,False,False,False,True,False,0.0,0,0,False,[],琬璞化工
2021-12-31,年报,2022-03-30,无保留意见,False,287172801.71575934,70985807.43239576,216186994.28336358,0.24718847679264827,1834261.8413810157,134.56133923650606,73854355.05843343,19863654.551188298,1470.0448621980543,98842962.53712703,13699416.526473058,208542873.64200887,40000000,5.40467485708409,-19645997.72348006,-17192912.704144433,15476677.064801348,11002389.542625993,0.27505973856564986,10091326.80874524,-24407391.61673381,-55522107.11439056,130248283.11942868,50318784.38830431,-0.017052309631654657,0.36554815241635646,0.003283837170914911,-0.10442834737408892,2021-12-02,2022-05-28,True,False,True,False,False,2892894.28880268,0,5,True,['根据公司盈利能力、融资能力及其成本、偿债能力及现金流等情况披露现金分红方案的合理性，是否导致公司营运资金不足或者影响公司正常生产经营'],琬璞化工
2022-03-31,季报,2022-04-30,无保留意见,False,390387932.93008584,117730101.50768195,272657831.4224039,0.30157208145254355,2242771.784590625,169.4999276761648,99586565.802816,24210366.095065184,1714.519611813707,123243070.63877894,18575069.822670292,263461907.08186325,40000000,6.816445785560097,-20230346.729342572,-17735635.541264597,2918227.76130154,-834784.2940893006,-0.020869607352232512,-775318.3387430927,-28235115.2329308,-75881618.06920163,146509293.77474287,42392560.472610444,0.26121292507088595,-0.42272013317636437,0.05438360465989529,-0.0941384543127068,2021-12-02,2022-05-18,False,False,False,True,False,0.0,0,0,False,[],琬璞化工
2022-06-30,半年报,2022-08-27,无保留意见,False,450396358.0449451,173837108.5924758,276559249.45246935,0.38596472970398343,2550999.5442064623,187.55499558247877,113231617.63522896,27227679.190882128,2042.548118436137,143528596.6773753,20628565.082428716,303124869.7813654,40000000,6.9139812363117334,-16854745.03448539,-14702777.290041506,17714797.00649405,4822288.135510262,0.12055720338775655,4332654.64460442,-11537952.246886764,-87162280.15128706,181770642.91777194,83070410.51959811,0.01430884273417917,0.3499534143259897,0.08439264825143988,0.09102529817083733,2021-12-02,2022-10-19,False,True,False,False,False,0.0,0,0,True,['充分披露高送转的主要考虑及其合理性且送转股后每股收益不低于0.5元'],琬璞化工
2022-09-30,季报,2022-10-27,非标准无保留意见,False,488881246.1868744,196490698.89128342,292390547.29559094,0.40191907630708146,2613255.0389653416,186.05734849136897,111630635.22007637,28100518.8308112,1889.4225865732765,135962096.24323758,19457785.682245072,303879495.9506163,40000000,7.309763682389773,8464902.68484897,7445368.3396256855,88122535.72271,36170925.3133348,0.90427313283337,31640208.042381704,-24874762.95546538,-97809675.0310811,216028055.84848616,93343617.86193968,0.057243783653825694,1.4365421711581445,0.015954346603098014,-0.04368395834994958,2021-12-02,2022-11-21,False,False,False,False,False,0.0,0,0,False,[],琬璞化工
2022-12-31,年报,2023-03-30,保留意见,False,463923151.5753683,163533356.23509082,300389795.34027743,0.35250095986753843,2782905.4490356892,187.897737293508,106582143.86945166,27136765.458003458,1959.4944391929362,136551009.8851594,18798068.1987883,293117137.35796267,40000000,7.509744883506936,25893382.35091909,23713002.68172939,47316971.66968143,24897828.094385892,0.6224457023596474,23239477.631576724,-41972040.989040524,-84332540.16790758,178646283.5009345,52341702.34398641,0.027358093887350006,-0.21201619404809785,-0.04941811643954304,0.05699310268238883,2021-12-02,2023-05-28,False,False,True,True,False,0.0,0,2,True,['结合所处行业特点、发展阶段和自身经营模式、盈利水平、偿债能力、资金需求等因素，未进行现金分红或现金分红水平较低原因的说明'],琬璞化工
2023-03-31,季报,2023-04-30,保留意见,False,516856924.37968326,218464190.83863267,298392733.54105055,0.422678270395288,3438668.8140340825,222.51760019263395,125153542.07052583,33661638.15420063,2374.1645261467097,160494937.9327389,23436418.165358465,368332835.3831311,40000000,7.459818338526264,42162242.87234381,38518577.87868761,60757735.583397366,23241229.31632103,0.5810307329080258,21150821.709940318,-50655408.394857615,-93955180.91931511,227494919.11901423,82884329.80484149,-0.006648234494666095,-0.03953901319975194,0.07017731052774956,0.057183165015170644,2021-12-02,2023-06-10,True,True,False,False,False,25322562.67117176,0,0,True,"['留存未分配利润的预计用途以及收益情况', '公司为增强投资者回报水平拟采取的措施', '公司在相应期间是否按照中国证券监督管理委员会相关规定为中小股东参与现金分红决策提供了便利']",琬璞化工
2023-06-30,半年报,2023-08-27,无保留意见,False,468451409.1277442,155879713.36059052,312571695.7671537,0.3327553516187267,3401746.1047226726,217.51397723938678,133332127.36941242,30929858.804829188,2370.4931867786017,157734432.30729792,21722119.9045888,344223499.97509164,40000000,7.814292394178842,68217700.32092513,63615648.3530577,127329500.10177864,37222082.06940189,0.9305520517350473,35852957.8205287,-12535753.141811648,-82971821.44701622,186092950.01410702,90585375.42527914,0.04751778656886276,0.3474260849036861,-0.0899229187765613,0.008535527385306366,2021-12-02,2023-10-05,False,False,False,False,False,0.0,0,0,False,[],琬璞化工
2023-09-30,季报,2023-10-27,无保留意见,False,607976272.1199327,274352051.1970262,333624220.92290646,0.4512545370239483,3639039.5694680028,270.02698680306685,129580570.3483625,38473543.51880819,2784.7911299831985,207482278.543608,25763004.666889034,397992991.88657147,40000000,8.34060552307266,104959366.45855808,98276660.60593383,115626545.13989285,52488094.48233278,1.3122023620583194,49515731.78982306,-113789034.94606166,-121237088.42077976,221426028.44750777,-13600094.919333667,0.06735262802373372,0.28154603863036975,0.11849918540522161,0.01789647280638123,2021-12-02,2023-12-18,True,True,False,False,False,39853056.023367554,2,0,True,"['上市公司控股子公司向母公司实施利润分配的情况', '公司在相应期间是否按照中国证券监督管理委员会相关规定为中小股东参与现金分红决策提供了便利']",琬璞化工
2023-12-31,年报,2024-03-30,无保留意见,False,773068385.0632954,383085767.60415316,389982617.4591422,0.49553930157522585,4903360.208120877,384.54116623280794,201617800.7740204,52260893.323716864,3539.6686526043623,266138641.49121714,40182259.25714161,567442253.2198756,40000000,9.749565436478555,146983737.65743896,136026663.1706378,85708876.40652889,60034815.99840127,1.5008703999600317,53928575.09243423,-110472907.82943091,-137763307.99252284,326840012.26132613,78603796.43937239,0.16892777263092953,0.10860452531170246,0.04428476455127756,0.1842312192010733,2021-12-02,2024-04-26,False,True,False,True,False,0.0,2,0,True,['结合前述财务报表列报项目的具体情况说明现金分红方案确定的依据及未来增强投资者回报的规划'],琬璞化工
2024-03-31,季报,2024-04-30,无保留意见,True,828378857.0264295,442521175.6850337,385857681.34139585,0.5342014368564636,4504034.536314705,340.65436544623486,202227935.1329326,48312828.66849059,3405.603685371192,249662769.81917417,33705720.42284559,523513011.1689723,40000000,9.646442033534896,159642795.9326295,148069558.62324753,25272866.246881735,18084368.964557894,0.45210922411394733,17204136.360871054,-93760758.9324489,-146769980.55590484,323904244.505568,83373505.0172143,-0.010577230709977802,-0.5445647723065111,0.038662135281237776,0.0052725242547183564,2021-12-02,2024-06-21,True,False,False,False,False,20142165.825853996,0,0,True,"['是否影响偿债能力、过去十二个月内是否使用过募集资金补充流动资金以及未来十二个月内是否计划使用募集资金补充流动资金等内容', '结合所处行业特点、发展阶段和自身经营模式、盈利水平、偿债能力、资金需求等因素，未进行现金分红或现金分红水平较低原因的说明', '留存未分配利润的预计用途以及收益情况', '充分披露高送转的主要考虑及其合理性且送转股后每股收益不低于0.5元']",琬璞化工
2024-06-30,半年报,2024-08-27,无保留意见,False,1098285785.8993173,711910579.0167739,386375206.8825434,0.6482015775464444,6729571.8900272,499.93513084240254,285225891.4557442,69745667.7119414,4819.408827202745,297111872.1100605,48752414.17864179,762298296.6590167,40000000,9.659380172063585,166334814.94460568,154528023.8692027,8235926.813414154,9560027.159965992,0.2390006789991498,9226378.922793107,-84189906.41130911,-211518372.55844912,411423444.0659541,115715165.09619588,0.001341234258570036,-0.2429669410102021,0.11400014068998073,0.13788251393261683,2021-12-02,2024-09-13,True,False,False,True,False,6343516.968177584,0,0,True,"['是否影响偿债能力、过去十二个月内是否使用过募集资金补充流动资金以及未来十二个月内是否计划使用募集资金补充流动资金等内容', '充分披露高送转的主要考虑及其合理性且送转股后每股收益不低于0.5元', '结合前述财务报表列报项目的具体情况说明现金分红方案确定的依据及未来增强投资者回报的规划', '上市公司控股子公司向母公司实施利润分配的情况']",琬璞化工
2024-09-30,季报,2024-10-27,无保留意见,False,1279138233.7298656,877948941.8151954,401189291.91467017,0.6863597058272318,7537732.330733577,552.6713176455742,305078889.34043425,85254452.33993511,5700.159369749868,425116770.7379573,60016010.503919885,869955883.147834,40000000,10.029732297866754,181266381.91995052,167508071.60120168,84497309.18278943,21330809.964778326,0.5332702491194582,18542925.331427086,-130679176.19192265,-224532213.36213142,515046255.7761129,159834866.22205883,0.0383411895179657,0.44317661024663685,0.03815812828078748,0.05536369706611362,2021-12-02,2024-11-23,False,True,True,False,False,0.0,0,1,True,['公司在相应期间是否按照中国证券监督管理委员会相关规定为中小股东参与现金分红决策提供了便利'],琬璞化工
2024-12-31,年报,2025-03-30,无保留意见,False,1836562809.6205754,1423626473.1122563,412936336.50831926,0.7751580646492402,10829579.596125789,819.6988631122581,431185216.65077543,109504118.63464649,8643.588134553549,604616612.0181007,88225636.06439543,1313069593.7594545,40000000,10.323408412707982,187951653.20741335,173550559.0148097,25697248.811954305,9550387.553518333,0.2387596888379583,8632124.87658289,-313757008.39088845,-343975179.92172575,808359581.1471996,150627392.83458543,0.029280553669781346,-0.3073355982324628,0.08879835882200844,-0.027281233571565065,2021-12-02,2025-05-16,False,True,True,True,False,0.0,0,5,True,['是否影响偿债能力、过去十二个月内是否使用过募集资金补充流动资金以及未来十二个月内是否计划使用募集资金补充流动资金等内容'],琬璞化工
2017-03-31,季报,2017-04-30,无保留意见,False,249829935.786641,82603114.9368243,167226820.84981668,0.33063737808974486,1576547.3383807542,1.4864342320818,523173.70328821754,57558924.06389855,87542995.0441949,21887334.428933352,4920561.028188714,177562701.41335827,40000000,4.180670521245417,-2262545.17135616,-1859389.5512510897,15023246.597027978,-3232207.3876516577,-0.08080518469129144,-2656270.787501557,-34831013.13782231,-3273874.0630212557,-34523832.878872484,-72628720.07971606,-0.07096210638990731,-0.23512263264731442,0.030637378089744854,0.0988086996935797,2021-05-19,2017-06-16,False,False,False,False,False,0.0,0,0,False,[],铄璋食品
2017-06-30,半年报,2017-08-27,无保留意见,False,248995172.5512827,72145214.49867958,176849958.05260313,0.2897454346582589,1699803.2847986002,1.7929771410364455,590357.8593152647,64122203.42917117,101419264.10296442,23804587.614916284,5402258.343164016,194220995.101553,40000000,4.421248951315079,-4705996.3952162955,-4126269.0583582213,10081652.854569286,-3490644.60551448,-0.08726611513786199,-3238399.295867332,-12634766.352802891,-3177415.789002588,-36027611.31049881,-51839793.45230429,0.05754541737912233,-0.018771144012659537,-0.04089194343148591,-0.018093104467260732,2021-05-19,2017-09-21,False,False,False,False,False,0.0,0,0,False,[],铄璋食品
2017-09-30,季报,2017-10-27,无保留意见,False,299086543.03210413,95551406.42918625,203535136.6029179,0.31947745110996084,1974149.6611733285,1.9271494306393806,717972.5361111896,74363445.56916791,115576131.84107862,27428890.68441406,6587193.07512679,233305503.91665834,40000000,5.088378415072948,-6284090.475426687,-5514713.213088478,7396299.128314332,-2254420.114586273,-0.05636050286465683,-1983491.649614653,-8522338.454535443,-3724550.7779283407,-42404259.0149545,-54651148.247418284,0.15089163064645694,0.09150876965105452,0.029732016451701922,-0.16762782829853248,2021-05-19,2017-11-28,False,False,False,False,False,0.0,0,0,False,[],铄璋食品
2017-12-31,年报,2018-03-30,无保留意见,False,310902732.7353575,113281270.44790268,197621462.2874548,0.36436241473737213,1971287.1817405748,1.8850878804419062,657566.8929600162,76951066.81461403,117776102.02669612,29763720.625233367,6233034.527720163,226007837.98948175,40000000,4.940536557186371,-15553037.27267877,-14120439.01315299,48004490.53223764,-13241352.567502975,-0.3310338141875744,-12293894.000092162,-54725169.85406806,-3924582.321778558,-41211618.8214341,-99861370.99728072,-0.02905480800103944,-0.7451000596989024,0.04488496362741127,-0.08605025414053652,2021-05-19,2018-05-11,False,False,False,False,False,0.0,0,0,False,[],铄璋食品
2018-03-31,季报,2018-04-30,无保留意见,False,390414736.1624794,187724863.608158,202689872.5543214,0.48083447221631587,2510268.274534794,2.1994864931559355,876956.5922979456,103611292.93792571,149124194.14025807,36534732.16936013,7843471.27385575,299779634.49749124,40000000,5.067246813858035,-23386757.108343385,-21025849.19857378,53768699.074979246,-11191028.336663738,-0.27977570841659344,-9864871.693458276,-22088573.955106553,-5417931.407633735,-55583940.39108524,-83090445.75382552,0.025647063877577182,0.545495226051868,0.11647205747894374,0.09246272614072558,2021-05-19,2018-05-17,False,False,False,False,False,0.0,0,0,False,[],铄璋食品
2018-06-30,半年报,2018-08-27,无保留意见,False,479327827.2509148,269485772.2410133,209842055.0099015,0.5622159969025645,2971755.04940562,2.669564329851897,1094867.3198609909,100246471.95189713,171923454.7587031,43748229.11522547,9356468.439259956,336781842.89066356,40000000,5.2460513752475375,-31413107.392496068,-28430363.117790956,26815628.95933952,-11466214.69164669,-0.28665536729116725,-10577877.027453111,-77940503.86916563,-5668906.107580362,-72413696.1879115,-156023106.16465747,0.035286333576746896,-0.04737264544081189,0.08138152468624864,-0.0313748134905563,2021-05-19,2018-09-23,False,False,False,False,False,0.0,0,0,False,[],铄璋食品
2018-09-30,季报,2018-10-27,无保留意见,False,481298191.3673376,276479879.30667764,204818312.06065992,0.5744461214807725,2983639.5575034968,2.791810607832984,1043411.533319028,115398139.28688829,160555859.5920507,42940844.49487824,11075810.290400226,352628777.4870393,40000000,5.120457801516498,-39712356.866736434,-35742616.56321672,10491550.29948676,-11856070.67748624,-0.29640176693715603,-10446076.350608233,-59551083.76404697,-6646805.229516245,-65785267.17590742,-131983156.16947064,-0.023940591646438726,-0.07045014653009067,0.012230124578207918,0.05787784913590106,2021-05-19,2018-12-04,False,False,False,False,False,0.0,0,0,False,[],铄璋食品
2018-12-31,年报,2019-03-30,无保留意见,False,366336325.64593613,192272815.5754309,174063510.0705052,0.5248532621939941,2145929.3285989487,2.163720620508811,789836.483328371,91367161.72923714,147294751.55161676,30544465.007472593,7024395.667247072,263895253.57037753,40000000,4.35158775176263,-47435659.80698622,-42481977.96998682,39282350.63010528,-11033289.914642552,-0.2758322478660638,-9627659.152528709,-56796320.96059616,-5062435.026299363,-51467679.91695343,-113326435.90384895,-0.15015650544491482,0.15995180167864573,-0.0495928592867784,-0.006430786093194978,2021-05-19,2019-05-26,False,False,False,False,False,0.0,0,0,False,[],铄璋食品
2019-03-31,季报,2019-04-30,无保留意见,False,423182413.6590638,237425593.2948553,185756820.3642085,0.5610478735208898,2529881.0702435984,2.77818667212921,945883.3479771601,106937094.4792701,166762230.92446792,41498126.50473765,9465740.75386534,315991321.5057167,40000000,4.643920509105212,-54983513.49571109,-49252095.00594656,10968191.826082056,-10782648.126749814,-0.26956620316874536,-9671595.765656779,-23297461.75203749,-5498265.530814434,-63733550.96331592,-92529278.24616784,0.06717841257462225,0.04200669787992922,0.036194611326895755,0.10075498740002047,2021-05-19,2019-06-08,False,False,False,False,False,0.0,0,0,False,[],铄璋食品
2019-06-30,半年报,2019-08-27,无保留意见,False,514550674.9197122,318136839.8021907,196413835.11752144,0.6182808716592028,3079153.1123218634,3.0536913663346263,1141705.6440377145,116052636.55702958,193579262.8526807,47145825.7453095,9962164.594125513,368630357.2780843,40000000,4.910345877938036,-63047558.01999619,-56529788.66233597,36366369.21958341,-11520063.606121566,-0.28800159015303917,-10396705.223413436,-5190345.713411438,-6853734.607955634,-80227180.65963143,-92271260.9809985,0.057370785807046125,-0.11860603909912862,0.05723299813831302,-0.06308745305298277,2021-05-19,2019-10-16,False,False,False,False,False,0.0,0,0,False,[],铄璋食品
2019-09-30,季报,2019-10-27,无保留意见,False,621585561.2908955,426448878.5566484,195136682.73424706,0.6860662555787309,3990596.149831129,3.7627353546273588,1273895.4863186737,133464040.840367,236014602.1820294,55023528.50249262,13560313.956194956,455070778.1430137,40000000,4.8784170683561765,-69039389.38706295,-62202371.29780786,17387003.23215028,-8559759.095809674,-0.21399397739524184,-8103689.4792455565,-47541156.42959222,-8371750.702960693,-94085505.95014663,-149998413.08269954,-0.006502354493053989,0.5402078231453218,0.06778538391952803,0.03590076084281313,2021-05-19,2019-11-28,False,False,False,False,False,0.0,0,0,False,[],铄璋食品
2019-12-31,年报,2020-03-30,无保留意见,False,483435287.3917744,310170677.07437944,173264610.31739497,0.6415970971995226,3014649.343133025,3.0185858973113193,1071296.7068188111,102472029.49864976,158969814.47044617,44367660.99090901,9490875.965320347,328006755.09595424,40000000,4.331615257934875,-71899845.0060105,-64957996.85679935,3935958.7068324955,-4086365.1699250843,-0.1021591292481271,-3936607.9414164196,-52336113.235886455,-6048667.026288279,-65492040.34932201,-123876820.61149675,-0.11208590876088244,0.5300078489067396,-0.044469158379208305,-0.024404058028646418,2021-05-19,2020-04-16,False,False,False,False,False,0.0,0,0,False,[],铄璋食品
2020-03-31,季报,2020-04-30,保留意见,False,431909062.83873236,257806971.6116656,174102091.22706676,0.5969010465240606,2744082.0736820363,2.471598102546463,813629.816369214,88551369.695707,146170181.80501345,38833921.82215281,8231199.5154451,311617093.3857482,40000000,4.352552280676669,-72305840.07536313,-65321676.564810656,2822403.6843270264,-579992.9562180229,-0.01449982390545057,-519542.4400161482,-80107843.62094067,-5615332.010802796,-59886335.11210046,-145609510.7438439,0.0048335370283500685,0.27152480768164317,-0.044696050675461965,0.016856424022795545,2021-05-19,2020-06-10,False,False,False,False,False,0.0,0,0,False,[],铄璋食品
2020-06-30,半年报,2020-08-27,非标准无保留意见,False,445556834.9380592,262061376.85594046,183495458.08211875,0.5881659898503676,2938096.9066133024,2.7377102985365354,980470.8992931428,94169299.17013848,177096957.35653704,39919084.99349606,9232010.762240745,320902164.7141127,40000000,4.587386452052969,-69563945.84751938,-62915067.06034452,15020764.92606635,3916991.7540624924,0.09792479385156232,3438013.577808773,-74453003.83476487,-5863572.501569146,-71753987.12720357,-152070563.46353757,0.053953210951389566,0.2738722765641845,-0.008735056673693021,0.06477299946304813,2021-05-19,2020-10-14,False,False,False,False,False,0.0,0,0,False,[],铄璋食品
2020-09-30,季报,2020-10-27,非标准无保留意见,False,498182848.08274037,325053759.5492701,173129088.53347027,0.6524788253956181,3544758.6032209727,3.1785289348075683,1137269.9724447068,117879129.9812376,196165057.40874425,51074587.64804648,9955832.43085104,373247091.8748636,40000000,4.328227213336757,-67857468.87136595,-61434315.60608235,3393959.556896586,2437824.2516477555,0.06094560629119389,2115359.220374525,-16533923.809688402,-6390543.776357435,-74692919.05851795,-97617386.6445638,-0.056493875417936906,-0.07071607235908824,0.06431283554525045,0.01539917792917178,2021-05-19,2020-11-28,False,False,False,False,False,0.0,0,0,False,[],铄璋食品
2020-12-31,年报,2021-03-30,无保留意见,False,554381329.26557,401393850.00194806,152987479.263622,0.724039264694762,3435102.687978474,3.188981997149431,1134021.545846107,126563127.1974611,200660170.98597798,50198693.15084471,10115823.479136128,389510229.13330346,40000000,3.8246869815905495,-63833657.242826626,-57599089.897445425,8416924.391086087,5748302.326484758,0.14370755816211897,5478893.869481333,-57017216.08174683,-7502483.122064546,-81993513.21051039,-146513212.41432178,-0.11633867792213558,0.1703111434684552,0.07156043929914399,-0.0026032855444318476,2021-05-19,2021-04-27,False,False,False,False,False,0.0,0,0,False,[],铄璋食品
2021-03-31,季报,2021-04-30,无保留意见,False,434959360.0635494,284562044.0013754,150397316.06217402,0.6542267396195351,2937485.3590531093,2.8554000985090373,946960.5334788328,99889848.5111839,166263448.39818248,39777441.24898666,8905922.35740862,330032681.17617965,40000000,3.7599329015543503,-62875844.12647481,-56771062.58151046,986969.2195755957,1368304.45193116,0.034207611298279,1182896.1656213668,-8304849.441408857,-5396526.881711309,-71380782.57961151,-85082158.90273167,-0.01693055676134565,-0.19254174714629924,-0.06981252507522694,0.13797215803865373,2021-05-19,2021-06-06,True,False,False,True,False,731706.1223387906,0,0,True,"['上市公司控股子公司向母公司实施利润分配的情况', '留存未分配利润的预计用途以及收益情况', '根据公司盈利能力、融资能力及其成本、偿债能力及现金流等情况披露现金分红方案的合理性，是否导致公司营运资金不足或者影响公司正常生产经营']",铄璋食品
2021-06-30,半年报,2021-08-27,无保留意见,False,538859860.4783963,379058300.4728122,159801560.00558412,0.7034450480989374,3903694.845837929,3.4616152876215733,1296551.4638625665,128034081.7084459,206692886.35384044,54542298.95819645,11877728.949590681,419915513.03263676,40000000,3.9950390001396032,-63932265.133593865,-57764873.28543504,6835581.563154223,-1509172.867312938,-0.03772932168282345,-1419729.577035109,-19077249.814964432,-7349335.588877067,-76396168.34167577,-102822753.74551727,0.06252933356551649,-0.15665448745006902,0.049218308479402284,-0.015054027211542859,2021-05-19,2021-10-12,False,False,False,False,False,0.0,0,0,False,[],铄璋食品
2021-09-30,季报,2021-10-27,无保留意见,False,464832537.662325,286449836.8623369,178382700.79998818,0.6162430846663896,2830115.779565608,2.7061369380357045,947239.929604712,116226663.13735346,160908726.0915712,40854936.0879301,9201472.820987985,333753249.8458911,40000000,4.4595675199997045,-63967623.27776054,-57796348.11956047,148117.5881115823,-50511.63452381641,-0.0012627908630954102,-44964.04875060482,-27529815.755915567,-6364631.6508481465,-63569429.57380242,-97463876.98056614,0.11627634169375298,0.09416290171563604,-0.08720196343254777,0.09325787411219194,2021-05-19,2021-12-18,False,True,False,False,False,0.0,4,0,True,['是否影响偿债能力、过去十二个月内是否使用过募集资金补充流动资金以及未来十二个月内是否计划使用募集资金补充流动资金等内容'],铄璋食品
2021-12-31,年报,2022-03-30,非标准无保留意见,True,479863269.20280576,294323710.22650915,185539558.9762966,0.6133491123741718,3093521.773148746,2.8236579407427214,1062052.8335687602,115827269.2242116,178659397.65007764,43770944.3441316,9824722.836282121,364653743.4526879,40000000,4.638488974407415,-64706704.223250136,-58493914.13475509,2344134.532786762,-1055829.9221279882,-0.026395748053199705,-996522.8788494624,-80599499.35809566,-6438644.861681562,-70908064.84122078,-157946209.06099802,0.040120808487662876,-0.05931260377462893,-0.0028939722922178236,0.09743956680492408,2021-05-19,2022-04-23,False,True,False,False,False,0.0,2,0,True,"['结合前述财务报表列报项目的具体情况说明现金分红方案确定的依据及未来增强投资者回报的规划', '是否影响偿债能力、过去十二个月内是否使用过募集资金补充流动资金以及未来十二个月内是否计划使用募集资金补充流动资金等内容', '充分披露高送转的主要考虑及其合理性且送转股后每股收益不低于0.5元', '根据公司盈利能力、融资能力及其成本、偿债能力及现金流等情况披露现金分红方案的合理性，是否导致公司营运资金不足或者影响公司正常生产经营']",铄璋食品
2022-03-31,季报,2022-04-30,保留意见,False,484576344.58282423,290243429.98249644,194332914.60032776,0.5989632660099605,3392925.0978389815,2.953494548090022,1160829.303819988,110947570.7128008,181157340.9323669,42473071.91059622,11081415.30872268,355580406.4518719,40000000,4.858322865008194,-62367789.7203366,-56223298.34806566,7227036.626010255,3341306.4327336326,0.08353266081834082,3243736.8381277598,-20457395.886714805,-6902570.572783531,-64092168.28682461,-91452134.74632294,0.047393427431583736,0.27578333230176394,-0.014385846364211254,0.031532401057839374,2021-05-19,2022-06-22,False,False,False,True,False,0.0,0,0,False,[],铄璋食品
2022-06-30,半年报,2022-08-27,无保留意见,False,677993232.6893728,477668590.3066883,200324642.38268453,0.7045329765489494,4274694.981030417,4.235177812375288,1443384.9851786594,169173402.0978439,253535859.2310856,60313556.54196041,13094407.71408662,487066467.7751464,40000000,5.008116059567113,-53339926.01771391,-47735810.63696302,0.0,12896948.146603841,0.32242370366509604,12124982.444432344,-14754163.547824321,-9275081.371618006,-96051245.48657182,-120080490.40601414,0.03083228486887877,0.4697653882492563,0.1055697105389889,-0.10806461440739565,2021-05-19,2022-10-24,False,False,False,False,False,0.0,0,0,False,[],铄璋食品
2022-09-30,季报,2022-10-27,无保留意见,False,748636943.4331892,536623657.4373965,212013285.99579257,0.7168009302032082,4087963.1195703074,4.2128531421170115,1496220.2463666883,155659702.3263901,243801266.39829257,62505542.370121524,12895564.264877876,479826853.4571098,40000000,5.300332149894814,-43731004.965052806,-39058817.457233675,58770115.36739371,13727030.075230151,0.3431757518807538,12395704.542470483,-142773710.03085834,-10184477.265026221,-108164158.76473811,-261122346.06062266,0.05834850607534841,0.027764771325684775,0.012267953654258828,0.003489000635148146,2021-05-19,2022-12-03,True,False,False,True,False,4543720.487426927,0,0,True,['公司为增强投资者回报水平拟采取的措施'],铄璋食品
2022-12-31,年报,2023-03-30,无保留意见,True,843192187.6836492,616507645.7450749,226684541.93857434,0.7311591055399788,5874556.181249461,5.1676972638714105,1770714.2552780383,222920977.79095307,350488802.3334667,72439386.24730448,17804678.09879667,639280500.4909348,40000000,5.667113548464359,-35135799.01866654,-31206834.337176286,23711855.149534833,12278865.637694664,0.3069716409423666,11217118.74293913,-31613188.63514997,-10954666.497215673,-120378039.63767467,-162945894.77004033,0.06919970073513655,-0.04712998405605388,0.014358175336770525,-0.06750359856938871,2021-05-19,2023-05-12,False,False,False,True,False,0.0,0,0,False,[],铄璋食品
2023-03-31,季报,2023-04-30,无保留意见,True,816019197.0103961,584751047.3795209,231268149.63087526,0.716589817398709,5180330.92703903,5.181854796536226,1842214.7540321108,204501609.9502718,322842121.5584611,75284859.31302463,16847779.037386265,598250491.6855118,40000000,5.781703740771881,-34722316.15115162,-30847763.28987367,2481946.254752609,590689.8107356019,0.014767245268390048,512958.639003737,-149319151.0331167,-10969249.344233599,-122945474.70445292,-283233875.0818032,0.020220204047009898,-0.3992017987169314,-0.014569288141269775,-0.0021731924854608282,2021-05-19,2023-06-08,False,False,True,False,False,0.0,0,6,True,"['公司为增强投资者回报水平拟采取的措施', '结合所处行业特点、发展阶段和自身经营模式、盈利水平、偿债能力、资金需求等因素，未进行现金分红或现金分红水平较低原因的说明', '是否影响偿债能力、过去十二个月内是否使用过募集资金补充流动资金以及未来十二个月内是否计划使用募集资金补充流动资金等内容']",铄璋食品
2023-06-30,半年报,2023-08-27,无保留意见,False,751764517.6246994,541685191.5642233,210079326.060476,0.7205516872168298,4657044.209424049,4.7059195437379495,1686253.5574123918,187367241.70774382,289041905.81619155,66431689.176835485,15372097.15972729,584224434.8285396,40000000,5.2519831515119,-42884194.7125643,-37741686.99965089,20500667.313753445,-11659826.516303819,-0.2914956629075955,-9848462.44253889,-23759212.677257854,-10408724.891852597,-117699504.87016281,-151867442.43927327,-0.0916201543715316,-0.6964204621221236,0.0039618698181207775,0.1758894230569223,2021-05-19,2023-09-19,False,True,False,False,False,0.0,1,0,True,"['根据公司盈利能力、融资能力及其成本、偿债能力及现金流等情况披露现金分红方案的合理性，是否导致公司营运资金不足或者影响公司正常生产经营', '结合前述财务报表列报项目的具体情况说明现金分红方案确定的依据及未来增强投资者回报的规划']",铄璋食品
2023-09-30,季报,2023-10-27,无保留意见,False,729101263.3049618,552344891.9416363,176756371.36332548,0.7575695170762673,4528876.6474962365,3.884796181801865,1676546.135565501,157959344.527811,270361079.76683295,68984138.29763785,13687781.896778662,524957785.2698286,40000000,4.418909284083137,-49447495.708552405,-43015221.15897399,25796593.90927956,-9376144.279983018,-0.23440360699957544,-7533620.227604425,-13728150.53859038,-9541647.115823803,-105002790.14458449,-128272587.79899868,-0.15862081872615,0.427641956444486,0.03701782985943754,0.025590518143724542,2021-05-19,2023-11-07,False,False,False,False,False,0.0,0,0,False,[],铄璋食品
2023-12-31,年报,2024-03-30,非标准无保留意见,False,563003972.1042817,403378980.6490349,159624991.4552468,0.7164762606227573,3796234.8356019463,3.138041174967881,1216581.845564369,137365022.14712417,190376615.9942444,46287694.674838215,11292582.176972643,401356592.8814331,40000000,3.9906247863811704,-53582482.778018594,-46719655.49171688,23762789.90905271,-5907124.38495169,-0.14767810962379224,-5292049.046775561,-62742891.35454213,-8248182.983055532,-80508591.04053554,-151499665.3781332,-0.0969208621785116,0.45502171374035383,-0.04109325645351005,-0.029783488440837388,2021-05-19,2024-05-06,False,True,False,False,False,0.0,3,0,True,"['结合前述财务报表列报项目的具体情况说明现金分红方案确定的依据及未来增强投资者回报的规划', '公司在相应期间是否按照中国证券监督管理委员会相关规定为中小股东参与现金分红决策提供了便利']",铄璋食品
2024-03-31,季报,2024-04-30,无保留意见,False,797848583.974781,617309445.8124601,180539138.16232097,0.7737175426659307,5546517.168676519,5.546192344987001,1710922.7422538328,188079210.81956175,331100149.27537817,75964807.02688657,16378362.841960195,605001798.1623809,40000000,4.513478454058024,-61614637.585099064,-53284100.88275561,55829565.343745895,-11474506.867257815,-0.28686267168144536,-9377779.130055327,-92478787.84855628,-11509307.392594995,-105934914.75969647,-209923010.00084776,0.13102050322074876,-0.5018881195019944,0.05724128204317349,0.03823190744610527,2021-05-19,2024-06-25,False,False,False,False,False,0.0,0,0,False,[],铄璋食品
2024-06-30,半年报,2024-08-27,无保留意见,False,616236844.4351807,440385566.31426245,175851278.12091818,0.7146368645287725,3915036.7354610167,3.762075658998676,1373604.6909935072,128263436.6361148,214109023.7939601,54911263.07441477,13236476.866003476,441863957.2914416,40000000,4.396281953022955,-71519229.18475886,-62109076.25740787,65287010.12600424,-14149416.570942566,-0.35373541427356414,-12607107.67807465,-112064655.298384,-8970680.0872225,-88797041.12938453,-209832376.51499104,-0.025965893540424292,-0.484103344158397,-0.05908067813715825,0.04896405458228963,2021-05-19,2024-09-14,False,False,False,False,False,0.0,0,0,False,[],铄璋食品
2024-09-30,季报,2024-10-27,非标准无保留意见,False,1003890341.2419233,821448716.5157824,182441624.72614098,0.8182653849419046,6677423.585630617,6.184866688023902,2131390.5735930377,243485004.45537755,373896828.3079612,88087442.74490435,21485521.573231112,746526944.0684491,40000000,4.561040618153524,-81093737.73322332,-69886985.23633601,48098208.47382771,-13677869.35494924,-0.341946733873731,-11111298.541325908,-61348664.718631566,-13329246.909449736,-151396226.89491943,-226074138.52300072,0.03747681947862327,0.16542129978958245,0.1036285204131321,0.08139534990982336,2021-05-19,2024-11-13,False,False,False,False,False,0.0,0,0,False,[],铄璋食品
2024-12-31,年报,2025-03-30,无保留意见,False,1517650061.0880842,1314605906.8693213,203044154.21876281,0.8662114808777528,8343722.033354119,8.86055871194018,3117777.8796425266,374805779.2283929,541014455.0887637,143078225.63486403,28284961.546568215,1044264799.415009,40000000,5.0761038554690705,-92379833.9678813,-80773325.73541309,32678498.321277354,-16122994.620939976,-0.4030748655234994,-15551914.998681556,-229704164.22323346,-19027229.233979177,-209548158.36460364,-458279551.82181627,0.11292669380437621,-0.7360111709132908,0.04794609593584816,0.08127258639581707,2021-05-19,2025-04-26,False,False,False,False,False,0.0,0,0,False,[],铄璋食品
2017-03-31,季报,2017-04-30,无保留意见,False,249457353.8468879,78488684.10060596,170968669.74628192,0.314637684118067,2316236.1826021043,1670.775941690768,11962208.374675654,242.75107187249532,10481208.960438997,1186377.5044363874,35181552.34792292,58114637.619085655,40000000,4.274216743657048,8097145.648802138,7664732.028832345,56220155.90554326,11567350.926860198,0.28918377317150495,10949617.184046209,-42159094.168695666,-38241192.02442331,37081972.981329456,-43318313.21178952,-0.05017405696510046,0.5870750514922332,0.014637684118066966,0.07355345798502251,2021-09-02,2017-05-27,False,False,False,False,False,0.0,0,0,False,[],沅琛股份
2017-06-30,半年报,2017-08-27,无保留意见,False,219675753.46479422,61809704.81758504,157866048.64720917,0.28136789719713345,2037017.3784375223,1605.4063582307144,11168439.507519502,240.89105124144962,9725247.213151176,1029513.30223185,30329622.93617008,55199269.90193576,40000000,3.9466512161802294,15137145.848167753,14147692.728256198,41604561.696136884,10057143.14195088,0.251428578548772,9261372.42774836,-26338052.812421363,-36464658.06910495,28667418.801250078,-34135292.08027623,-0.07663755656821265,-0.05286481720954253,-0.03326978692093348,0.08827695289476996,2021-09-02,2017-09-21,False,False,False,False,False,0.0,0,0,False,[],沅琛股份
2017-09-30,季报,2017-10-27,无保留意见,False,194880800.50665817,58167765.51710287,136713034.9895553,0.2984786873097617,1891112.2625188068,1229.6235968582494,9228091.845639791,182.86370114401785,7451229.262827703,796831.021170275,25119407.899944015,44526196.646344595,40000000,3.4178258747388823,16910384.294290297,15804191.93737332,8113080.077874322,2533197.7801750638,0.0633299445043766,2366427.4415958915,-23061716.124477282,-30056020.569544535,26276584.290502362,-26841152.40351946,-0.1339934320198608,-0.2780761192082499,0.017110790112628185,-0.017868221952313513,2021-09-02,2017-12-25,False,False,False,False,False,0.0,0,0,False,[],沅琛股份
2017-12-31,年报,2018-03-30,无保留意见,False,213290285.25895208,57336418.00258855,155953867.25636354,0.26881870373504063,1749738.3036131593,1215.9081640659213,9141019.45208195,188.17656863098867,7275309.463937463,822253.6759324253,25573921.315279074,43297950.38924314,40000000,3.8988466814090885,17208489.44314397,16060949.651262663,525232.0666712614,425864.4983623922,0.010646612459059806,366796.7341276342,-26689722.139307395,-35408198.837084986,29234766.466099307,-32863154.510293074,0.14073882763467432,-0.10788470508149357,-0.02965998357472102,-0.01430748713436443,2021-09-02,2018-04-25,False,False,False,False,False,0.0,0,0,False,[],沅琛股份
2018-03-31,季报,2018-04-30,无保留意见,False,212561017.87742355,62587449.524581365,149973568.35284218,0.2944446265338894,2050951.8507622145,1430.7689769506246,10774973.391024962,215.29404912038032,8662656.270397643,959573.0249801204,28155804.757460713,49894137.63299778,40000000,3.7493392088210546,21301103.204702053,19627695.753240664,21710196.475070897,5846591.0879401155,0.14616477719850288,5095351.574254288,-30472196.38568988,-32595310.490109544,29254472.07177804,-33813034.80402139,-0.03834658933908129,0.3110736107288761,0.025625922798848788,0.044447469974146475,2021-09-02,2018-05-22,False,False,False,False,False,0.0,0,0,False,[],沅琛股份
2018-06-30,半年报,2018-08-27,无保留意见,False,259487983.95464796,98445218.19273098,161042765.761917,0.3793825698300417,2505141.3420377485,1800.6280533818706,10670784.997548413,268.0571268298644,11105486.725868033,999398.2689593483,32584534.583636872,59333141.32182407,40000000,4.026069144047925,15413057.57449359,14239051.823688556,40935192.24755538,-8411493.757440658,-0.21028734393601645,-7698062.756503018,-26745839.129037272,-40647366.29331119,35126713.35934532,-32266492.063003153,0.07380765511314877,-0.6240793118981807,0.08493794329615227,0.0487835859087164,2021-09-02,2018-09-18,False,False,False,False,False,0.0,0,0,False,[],沅琛股份
2018-09-30,季报,2018-10-27,保留意见,False,281529250.27098304,125796985.54636382,155732264.72461924,0.4468345133774883,2889215.2106364267,1791.6605869055452,11600178.58231094,269.20120116191214,11088759.274218509,1154770.0406511596,35157007.81014692,63146727.31752283,40000000,3.893306618115481,10644806.34079342,9876079.033100396,28092105.54102939,-6811787.476714531,-0.17029468691786329,-6232818.272268798,-9321731.404733341,-44726132.71333083,37382164.95967742,-16665699.158386745,-0.03297571928905331,0.18626129335494565,0.0674519435474466,-0.0886384820171977,2021-09-02,2018-11-27,False,False,False,False,False,0.0,0,0,False,[],沅琛股份
2018-12-31,年报,2019-03-30,无保留意见,False,268187088.4683027,124512181.48841888,143674906.97988382,0.46427358676939107,2859576.2652975996,1879.8262121160396,12878058.25890761,281.3995922862354,11250467.431875577,1170876.4275639458,35471927.010884754,65266841.8615732,40000000,3.5918726744970955,4992754.998733377,4861498.195584601,8922033.031432914,-8074359.060085775,-0.20185897650214438,-7163686.910736851,-43084169.725028396,-41776923.446674906,35864512.46536085,-48996580.70634246,-0.0774236332211338,-0.1239247395444097,0.017439073391902746,-0.030872978964863587,2021-09-02,2019-04-21,False,False,False,False,False,0.0,0,0,False,[],沅琛股份
2019-03-31,季报,2019-04-30,无保留意见,False,369363056.69215584,206007296.77441925,163355759.91773656,0.5577366037072712,3566731.4719947223,2553.779485690422,17291385.25218597,339.23732869991045,13499669.172915218,1636708.8695315358,47323634.095352374,84005904.16948171,40000000,4.083893997943414,1190164.61418086,804143.5133907564,6560805.723034809,-5432271.977932168,-0.1358067994483042,-5796220.974562635,-24098151.802523263,-59987010.468704514,49814591.09245282,-34270571.17877496,0.13698183873269054,0.2960109083414459,0.0934630169378801,-0.03326476188070863,2021-09-02,2019-05-26,False,False,False,False,False,0.0,0,0,False,[],沅琛股份
2019-06-30,半年报,2019-08-27,无保留意见,False,413178132.991236,237415309.5443891,175762823.44684687,0.5746076343043667,4025295.98641705,2689.5495886238864,18051240.83589515,393.2664590199871,15803213.157433415,1723050.5887269326,53339444.5693685,96046926.8515229,40000000,4.394070586171172,-535187.3223203538,-868730.2448140158,10492736.298020206,-2464788.48071602,-0.061619712017900494,-2389819.654578246,-41076862.80329494,-65653166.56848703,58878350.468125425,-47851678.90365655,0.07595118491908895,0.25653122994896327,0.01687103059709557,0.23945922355235655,2021-09-02,2019-09-18,False,False,False,False,False,0.0,0,0,False,[],沅琛股份
2019-09-30,季报,2019-10-27,无保留意见,True,431768348.7307617,252028559.3312101,179739789.3995516,0.5837124468990844,4115799.0423515635,2662.617663733478,19915947.488451377,406.0119768199034,18387486.077602796,1970216.4382995323,54875203.153789274,97062552.67558421,40000000,4.49349473498879,2123738.243783937,1620255.9715139677,12617724.445873436,3798465.094434701,0.09496162736086752,3555694.5947542624,-62025996.37561155,-68849526.99469005,60291172.29392545,-70584351.07637616,0.022626889320012562,0.4309021280386056,0.009104812594717614,0.0814232343028283,2021-09-02,2019-11-14,False,False,False,False,False,0.0,0,0,False,[],沅琛股份
2019-12-31,年报,2020-03-30,非标准无保留意见,False,423149680.22567976,236853613.8333629,186296066.39231688,0.5597395552964639,4016986.208346787,2740.1345311877135,19489383.02857085,396.061464591918,17740958.376545966,1847943.9191125093,51248597.95763038,99361166.9179077,40000000,4.657401659807922,4557187.375110189,3914553.384002488,10327497.423451133,3476355.9018946476,0.08690889754736619,3277567.7321264576,-71417089.92601693,-61570940.00803362,59653731.16227627,-73334298.77177428,0.036476492014748334,-0.015487161724556386,-0.023972891602620516,0.05335581229303317,2021-09-02,2020-05-22,False,False,False,False,False,0.0,0,0,False,[],沅琛股份
2020-03-31,季报,2020-04-30,非标准无保留意见,False,464849352.1179255,269058511.79099125,195790840.32693425,0.578807974164359,3886729.6541257096,2792.1662778218756,19884751.305321913,446.4188539956448,16586870.049363231,1779002.248907049,55809136.35598586,99123490.89892128,40000000,4.894771008173357,4829141.126518113,4144291.2370681963,1043450.7119377712,388505.35915417597,0.009712633978854399,328196.93295101135,-69833425.08299628,-67638099.86549282,63869031.38318024,-73602493.56530887,0.05096604624287939,-0.15080078494117016,0.019068418867895093,-0.07355642429403307,2021-09-02,2020-05-15,False,False,False,False,False,0.0,0,0,False,[],沅琛股份
2020-06-30,半年报,2020-08-27,非标准无保留意见,False,535657247.84448636,337120437.39205015,198536810.4524362,0.6293584913648438,4450714.303795992,3505.6054518170104,25967476.219835844,518.0601871632533,21279357.723976023,2430459.9757856447,71273777.15969425,120772471.5158653,40000000,4.9634202613109055,11934076.150240645,10148910.583079308,27696003.08121356,10149907.176746476,0.2537476794186619,8578027.637158731,-86103053.37010317,-81487092.23289046,74328228.21384709,-93261917.38914652,0.014025018335468152,0.5613709525904371,0.05055051720048482,0.049588802737033644,2021-09-02,2020-09-29,False,False,False,False,False,0.0,0,0,False,[],沅琛股份
2020-09-30,季报,2020-10-27,无保留意见,False,594953466.4763565,392330966.98830295,202622499.4880536,0.6594313489959205,5344080.569173603,3735.5667226305827,29628245.70543203,591.8043313593095,24289771.14446485,2399026.37355132,82161308.37235385,144589713.2480795,40000000,5.06556248720134,13538861.084324662,11650830.858427709,10082358.483467568,2292549.9058343098,0.05731374764585774,2145600.3933548597,-94427344.50449884,-91441416.36670442,84106763.12505108,-101761997.74615216,0.020579000067074235,-0.289406413795841,0.030072857631076696,0.03917377733067678,2021-09-02,2020-11-09,False,False,False,False,False,0.0,0,0,False,[],沅琛股份
2020-12-31,年报,2021-03-30,无保留意见,False,739654880.0960892,527002317.4271395,212652562.66894975,0.7124975871972563,7485945.249403455,4360.22446826488,33685709.42510876,750.9849970349702,26882066.36501898,3442898.1524825124,94731590.09813069,165298184.00909004,40000000,5.316314066723744,10441907.009202564,8879477.182474142,18001667.005904745,-4424220.107317282,-0.11060550268293205,-3959076.679933667,-68524352.77104425,-121200530.53668378,104566652.87291263,-85158230.43481542,0.04950123113789514,-0.3481535642481535,0.05306623820133588,-0.022903906391658603,2021-09-02,2021-04-25,False,False,False,False,False,0.0,0,0,False,[],沅琛股份
2021-03-31,季报,2021-04-30,无保留意见,False,771491513.6397142,545269890.0289699,226221623.61074433,0.7067736720220236,8860620.469477145,5153.777006576058,35497186.29654471,814.4024309438067,34163125.17293723,3524501.243385911,100796503.44194447,187400510.73729706,40000000,5.6555405902686084,6338814.8112471895,5108927.625071577,14432151.672617797,-5861560.282793393,-0.14653900706983483,-5386499.367717952,-138950955.32973614,-121980199.76458311,103272857.87804873,-157658297.2162705,0.06380859356451028,-0.11429431715105279,-0.005723915175232776,0.10468102613660311,2021-09-02,2021-05-19,False,False,False,False,False,0.0,0,0,False,[],沅琛股份
2021-06-30,半年报,2021-08-27,无保留意见,False,791297670.7248211,570985728.7886937,220311941.9361274,0.7215814603190683,7578613.193129438,5236.4350533929255,36777345.268717214,682.389359715814,26099301.50878931,3333587.637980274,89762215.5547803,173146899.867218,40000000,5.507798548403185,3320766.1512857387,2297059.5484488113,21172124.16860037,-4311498.085659215,-0.10778745214148037,-4016954.39517538,-22723970.117866393,-120620031.89289676,101783426.381427,-41560575.62933613,-0.02612341641038531,0.13916331519392708,0.014807788297044752,-0.006529075724794408,2021-09-02,2021-09-25,False,True,True,False,False,0.0,3,4,True,['结合前述财务报表列报项目的具体情况说明现金分红方案确定的依据及未来增强投资者回报的规划'],沅琛股份
2021-09-30,季报,2021-10-27,无保留意见,False,921115942.9687713,675912837.0282998,245203105.9404715,0.7337977832082919,8853271.231408197,6018.613097377293,46604950.970118575,898.1877374967493,35578834.254279904,4222994.72698426,125656486.39467828,215067568.31129223,40000000,6.130077648511787,-542770.1841151355,-1130887.6814516133,2969824.0874530277,-5519337.622001249,-0.13798344055003123,-4897067.471286321,-80417498.60925522,-144767270.77319807,126475225.98386374,-98709543.39858955,0.11298145613713723,-0.09519165812450343,0.012216322889223584,0.08186903987245263,2021-09-02,2021-12-03,False,False,False,True,True,0.0,0,0,False,[],沅琛股份
2021-12-31,年报,2022-03-30,无保留意见,False,1513949621.0894816,1272855081.524328,241094539.5651537,0.8407512798268313,14815795.194717847,9628.507434131985,64187722.43317757,1492.9391619890055,55147749.68130538,6790972.516014545,202199889.86862797,338649057.81620073,40000000,6.027363489128843,-5777477.698732365,-5729229.733349956,14956385.50528693,-7478153.592310328,-0.1869538398077582,-6569060.07414049,-203630029.6016243,-237698110.89890316,192605872.08810988,-248722268.41241762,-0.01675576807870967,-0.170618724409395,0.10695349661853928,0.18566690396378596,2021-09-02,2022-05-03,False,False,False,False,False,0.0,0,0,False,[],沅琛股份
2022-03-31,季报,2022-04-30,无保留意见,False,1099739928.7882514,841935530.923247,257804397.8650043,0.7655769413146014,8822367.58049593,7238.980520117407,54550559.97968235,1083.209834697485,43694418.06588697,4967719.105707754,131137365.71584743,249353799.47914785,40000000,6.445109946625108,-5721524.045625014,-5677634.396037326,217136.14035963334,79933.79015335813,0.001998344753833953,73707.62473232822,-67723580.36667155,-180736196.25571635,141575095.24132875,-106884681.38105914,0.0693083233240748,0.7937627912544262,-0.07517433851222989,0.03141175824484578,2021-09-02,2022-05-24,False,False,False,False,False,0.0,0,0,False,[],沅琛股份
2022-06-30,半年报,2022-08-27,无保留意见,False,684268861.083014,459824372.2362136,224444488.8468004,0.6719937123960822,6005353.919748382,4091.233436303232,30906502.8134987,619.1943524760447,25720662.808219682,2760324.7796335598,83656426.72223912,146364884.23982212,40000000,5.61111222117001,-3119124.167867414,-3256091.1733043953,3185485.9510631687,3717714.1110822856,0.09294285277705715,3459347.4610470436,-118793602.94199471,-107266147.88942508,98555097.15082945,-127504653.68059035,-0.12940007732401967,0.21298562193643406,-0.09358322891851917,-0.1117562536018297,2021-09-02,2022-10-15,False,False,False,False,False,0.0,0,0,False,[],沅琛股份
2022-09-30,季报,2022-10-27,无保留意见,False,669023814.9726363,424144828.89417875,244878986.07845762,0.6339756812865124,5737265.685238605,3786.3426835714968,29688008.522182148,612.9338932556723,21944633.53571883,2922413.508971737,79100296.42912827,139287068.36406237,40000000,6.12197465196144,-2296432.186086111,-2493416.2415472674,1952320.7593231,1175274.2596875764,0.029381856492189412,1089535.6167958966,-68742834.96857898,-109350312.19856218,91753868.83860447,-86339278.32853667,0.09104477163440299,-0.12271816464706936,-0.038018031109569805,0.05840884617913881,2021-09-02,2022-12-11,False,True,False,True,False,0.0,0,0,True,"['公司在相应期间是否按照中国证券监督管理委员会相关规定为中小股东参与现金分红决策提供了便利', '公司为增强投资者回报水平拟采取的措施', '结合前述财务报表列报项目的具体情况说明现金分红方案确定的依据及未来增强投资者回报的规划', '结合所处行业特点、发展阶段和自身经营模式、盈利水平、偿债能力、资金需求等因素，未进行现金分红或现金分红水平较低原因的说明']",沅琛股份
2022-12-31,年报,2023-03-30,无保留意见,False,608181035.9219213,379193990.6859414,228987045.2359799,0.6234886790100811,5645822.56869722,3867.0844084587698,26302303.55413389,582.6629780022975,20998176.7457106,2510634.699698997,75164156.50958207,130021253.43379164,40000000,5.724676130899498,4075993.8272417076,3680285.5983381537,35916017.02647666,9103465.733325455,0.22758664333313638,8819574.056979174,-107139368.70723826,-98745864.85252814,85048855.62213619,-120836377.93763022,-0.06489711958128594,0.43620752899572285,-0.010487002276431288,0.14672336049903634,2021-09-02,2023-05-03,True,False,False,False,True,6884804.032025879,0,0,True,"['结合前述财务报表列报项目的具体情况说明现金分红方案确定的依据及未来增强投资者回报的规划', '是否影响偿债能力、过去十二个月内是否使用过募集资金补充流动资金以及未来十二个月内是否计划使用募集资金补充流动资金等内容', '结合所处行业特点、发展阶段和自身经营模式、盈利水平、偿债能力、资金需求等因素，未进行现金分红或现金分红水平较低原因的说明']",沅琛股份
2023-03-31,季报,2023-04-30,无保留意见,False,504165730.6324564,276734582.22684,227431148.40561637,0.5488960582062712,4757138.030829887,3311.282778745516,23101758.20783224,482.5750932473618,21139850.560213037,2162055.8000340834,65618463.56269672,117749691.62246609,40000000,5.68577871014041,5913360.586639233,5385484.480823791,2555742.330474568,2624809.656282179,0.06562024140705448,2435998.4035509103,-95741837.76735441,-79105154.56062877,67729955.87233524,-107117036.45564796,-0.006794693685662964,-0.24819141424474475,-0.07459262080380995,0.029048450561526797,2021-09-02,2023-06-07,False,False,True,True,False,0.0,0,6,True,['公司在相应期间是否按照中国证券监督管理委员会相关规定为中小股东参与现金分红决策提供了便利'],沅琛股份
2023-06-30,半年报,2023-08-27,无保留意见,False,472048422.767673,211730621.1858894,260317801.58178365,0.44853580898435996,4189117.0082716616,2735.627240552876,21103200.988144256,446.07899182513717,17032852.60083186,1933593.2409611472,59481897.25332048,102736773.59432484,40000000,6.507945039544591,19654903.15836375,17472661.834110927,85162477.27395582,19630775.102463596,0.4907693775615899,17267396.218981624,-54449588.82049515,-87576886.49935277,66566994.92127017,-75459480.39857775,0.14460047977911514,0.8665544147449895,-0.1003602492219112,-0.0023197462388056794,2021-09-02,2023-09-22,False,True,False,False,False,0.0,3,0,True,['是否影响偿债能力、过去十二个月内是否使用过募集资金补充流动资金以及未来十二个月内是否计划使用募集资金补充流动资金等内容'],沅琛股份
2023-09-30,季报,2023-10-27,无保留意见,False,510577190.92539567,250252660.27989864,260324530.64549702,0.4901367799574599,4851853.489656801,3348.832624004952,24977345.02462458,506.61190429228986,20743212.09562118,2208276.479529528,66810035.14266353,117224508.44625781,40000000,6.508113266137426,32490740.109753955,28883757.5612988,82110102.58929819,18336909.930557437,0.4584227482639359,16301565.3245541,-89121568.61072204,-82698709.48561464,80261721.03518994,-91558557.06114672,2.584941818207731e-05,-0.03532180709490762,0.041600970973099984,0.09142618394574377,2021-09-02,2023-12-05,False,False,False,False,False,0.0,0,0,False,[],沅琛股份
2023-12-31,年报,2024-03-30,无保留意见,False,661019858.4346454,361134373.60485744,299885484.82978797,0.5463290837586274,6809852.699715212,4439.133045546002,31040178.231479693,665.5189454885872,24801954.126305677,2901611.664766214,87472257.3242827,154437847.77034825,40000000,7.497137120744699,42157474.90023704,37482553.98084493,64380458.35142136,13809621.12926155,0.3452405282315387,12283994.885065904,-65934578.3937284,-100994054.42251144,88771044.21734205,-78157588.59889778,0.15196783063891883,-0.12811784647250482,0.05619230380116751,0.021807267102960985,2021-09-02,2024-05-21,True,False,False,False,True,2521158.1057405937,0,0,True,['公司在相应期间是否按照中国证券监督管理委员会相关规定为中小股东参与现金分红决策提供了便利'],沅琛股份
2024-03-31,季报,2024-04-30,保留意见,False,836702396.1894228,538915050.285463,297787345.9039599,0.6440940682611083,8020860.147837979,5500.457399474246,41098529.7108692,872.2822398412441,35015089.14209383,3673281.4770388533,102892259.18178332,194661374.54655507,40000000,7.444683647598997,51572073.23915565,45541637.20821057,49424448.793881275,13449426.198455147,0.3362356549613787,11512976.039093772,-45944097.78822788,-131447568.01258393,117143372.79296333,-60248293.00784847,-0.006996467091493245,-0.011690988645890988,0.09776498450248085,-0.0018333915942103135,2021-09-02,2024-06-03,False,False,True,False,False,0.0,0,2,True,"['是否影响偿债能力、过去十二个月内是否使用过募集资金补充流动资金以及未来十二个月内是否计划使用募集资金补充流动资金等内容', '充分披露高送转的主要考虑及其合理性且送转股后每股收益不低于0.5元']",沅琛股份
2024-06-30,半年报,2024-08-27,无保留意见,False,1081173634.6859655,739094289.6492242,342079345.0367414,0.6836036931883742,12407782.211621113,7335.785986115615,49298390.137211576,1180.150698353334,44929327.10940335,5048623.486726749,143227679.80443966,261122214.45536512,40000000,8.551983625918535,59021476.11497712,52248701.90427248,19699655.54936727,10642004.108316384,0.26605010270790963,9581520.99437415,-106296151.70828846,-176077979.09275973,158626505.2912424,-123747625.50980577,0.1487370089495551,-0.09219950720388936,0.03950962492726596,0.18212274215542018,2021-09-02,2024-09-23,False,False,True,False,True,0.0,0,5,True,"['根据公司盈利能力、融资能力及其成本、偿债能力及现金流等情况披露现金分红方案的合理性，是否导致公司营运资金不足或者影响公司正常生产经营', '充分披露高送转的主要考虑及其合理性且送转股后每股收益不低于0.5元', '公司为增强投资者回报水平拟采取的措施']",沅琛股份
2024-09-30,季报,2024-10-27,无保留意见,False,1105124396.2876449,798982636.1875182,306141760.10012656,0.722979819169205,8538592.329931038,6444.870218683393,45276074.117801756,1085.0204305483217,36127666.787226416,4700481.401832391,124976610.56037349,234617436.78692874,40000000,7.653544002503164,72974811.21805523,64030600.16698399,75233964.55717024,19933335.86154017,0.4983333965385042,16831283.232445017,-100995624.14659265,-161497998.85515502,142957969.04768935,-119535653.95405832,-0.10505628433296632,0.33613090124780026,0.03937612598083072,0.12776169479595517,2021-09-02,2024-11-26,False,True,False,True,True,0.0,3,0,True,"['留存未分配利润的预计用途以及收益情况', '公司为增强投资者回报水平拟采取的措施', '根据公司盈利能力、融资能力及其成本、偿债能力及现金流等情况披露现金分红方案的合理性，是否导致公司营运资金不足或者影响公司正常生产经营', '上市公司控股子公司向母公司实施利润分配的情况']",沅琛股份
2024-12-31,年报,2025-03-30,无保留意见,False,1099476806.391091,793367626.5369679,306109179.8541232,0.7215865054408086,8859387.890004909,6488.537078445382,44961162.292874746,952.9802719837269,34680150.68311646,4345912.894019615,134089386.14514883,224947890.3764359,40000000,7.652729496353079,79390338.27040379,69528343.82673909,40729013.38576416,9165038.64621222,0.2291259661553055,7853919.513935844,-199472698.38620588,-183567813.39960027,149782962.80820557,-233257548.9776006,-0.00010642209018692061,-0.29156037395856543,-0.001393313728396429,0.00915485361110142,2021-09-02,2025-04-22,True,False,True,False,False,12109715.408570236,0,6,True,"['留存未分配利润的预计用途以及收益情况', '公司在相应期间是否按照中国证券监督管理委员会相关规定为中小股东参与现金分红决策提供了便利', '是否影响偿债能力、过去十二个月内是否使用过募集资金补充流动资金以及未来十二个月内是否计划使用募集资金补充流动资金等内容']",沅琛股份
2017-03-31,季报,2017-04-30,无保留意见,False,258596782.14991882,90398055.24274138,168198726.90717745,0.3495714621473288,6208999.92902701,24442122.38207266,1056.1074678628263,3504385.6311048246,58555.39688485764,41230049.853909515,9395483.263611587,83677354.30298623,40000000,4.204968172679436,-5009280.597665839,-4598555.2119689975,13714788.411861518,-7156115.139522627,-0.1789028784880657,-6569364.588527139,21003274.84627154,-33283500.095562797,106705701.31120797,94425476.06191671,-0.06556262829345859,-0.45311750775125703,0.0495714621473288,0.0009766941629694942,2021-09-13,2017-06-04,False,False,False,False,False,0.0,0,0,False,[],裴珵控股
2017-06-30,半年报,2017-08-27,无保留意见,False,271211969.19846594,111625726.62536994,159586242.57309604,0.4115811221579424,6703306.540917004,26707841.378149647,1089.2371190565566,3871581.955475433,61395.596679552094,45193012.2187628,10207519.311544672,88296386.28332962,40000000,3.989656064327401,-13311069.813934483,-11816549.69716652,19466139.366389796,-11859698.880383778,-0.29649247200959444,-10311420.693139318,28286242.561761744,-32485664.113530777,96195149.55519405,91995728.00342502,-0.05120421832226075,-0.4778178338661566,0.06200966001061365,0.03073239704504636,2021-09-13,2017-09-19,False,False,False,False,False,0.0,0,0,False,[],裴珵控股
2017-09-30,季报,2017-10-27,非标准无保留意见,False,255027908.42484933,107203466.92964728,147824441.49520203,0.42035974647550234,6414733.393488505,24499554.194727294,998.907122927146,3491542.36811458,60504.61017170615,38754069.53133081,9620146.209685132,82215642.96011245,40000000,3.695611037380051,-19117550.008617707,-16958048.233058736,23535602.81448218,-8294971.706690323,-0.20737429266725807,-7344997.908417452,12286421.406732185,-30409760.093000937,87345299.02202107,69221960.33575231,-0.0737018485318788,0.6934860605908632,0.008778624317559897,0.05215906845846586,2021-09-13,2017-11-07,False,False,False,False,False,0.0,0,0,False,[],裴珵控股
2017-12-31,年报,2018-03-30,无保留意见,False,239371258.12390083,88450894.34680213,150920363.7770987,0.36951342880530424,5393698.994316302,21136219.367102366,852.5251708215565,3037513.986000039,52194.14501402598,35051750.71056343,7531008.178417958,74031689.86523446,40000000,3.7730090944274672,-26442867.113418743,-23014787.22452536,19674541.833647206,-10464738.721144335,-0.2616184680286084,-8652484.273523748,22746603.356952105,-28615180.953101072,78402257.42668085,72533679.83053188,0.020943236792118333,-0.24925444712472747,-0.05084631767019809,-0.0807959294001837,2021-09-13,2018-05-23,False,False,False,False,False,0.0,0,0,False,[],裴珵控股
2018-03-31,季报,2018-04-30,无保留意见,False,244954216.09236804,101331392.99044538,143622823.10192266,0.4136748271041599,5677694.523746401,22421769.964312445,911.9434822797224,3542681.7944619353,61881.28278885655,39488056.08969433,8843859.028792936,80694742.85425363,40000000,3.5905705775480667,-30177580.298801348,-26325830.01903126,6055007.644417989,-5335304.550546579,-0.13338261376366448,-4730061.135008429,18414650.060790803,-29455216.318474807,88233882.43652873,77193316.17884472,-0.04835358524548806,0.7848858602170427,0.04416139829885569,0.14048328358725565,2021-09-13,2018-06-26,False,False,False,False,False,0.0,0,0,False,[],裴珵控股
2018-06-30,半年报,2018-08-27,无保留意见,False,320969319.03683865,161485494.7914489,159483824.2453898,0.5031181649262704,7203451.42426869,28123567.581273012,1189.4777308320224,3820795.024677039,70252.92266941622,42205391.95076485,10791415.393482052,95877442.21410923,40000000,3.9870956061347447,-37530010.00119179,-32746659.82239767,33419985.56164134,-10503471.003414921,-0.26258677508537304,-9172614.004809165,6786021.038294962,-39812740.95380733,107793070.64239405,74766350.72688168,0.11043510217182723,-0.4430605561254075,0.0894433378221105,0.08707210926040988,2021-09-13,2018-10-01,False,False,False,False,False,0.0,0,0,False,[],裴珵控股
2018-09-30,季报,2018-10-27,非标准无保留意见,False,395399468.1836713,235950306.278128,159449161.9055433,0.5967390582541809,9402899.77466773,35781172.71295289,1532.114467468368,5152873.949716919,84336.94319281878,54110823.23964072,13591025.91894876,119879136.96544242,40000000,3.9862290476385827,-41819828.873016745,-36658435.61260619,28917543.862069506,-6128312.6740356535,-0.15320781685089133,-5588251.128869309,58239055.14489715,-47845355.006603874,144236785.50062838,154630485.63892165,-0.0002173407868194499,0.6734609099226809,0.09362089332791056,-0.18952715114798976,2021-09-13,2018-11-24,False,False,False,False,False,0.0,0,0,False,[],裴珵控股
2018-12-31,年报,2019-03-30,无保留意见,False,339480375.6139153,191144428.6279122,148335946.98600313,0.5630500092450033,7533880.636168718,28703081.73763499,1257.878188213347,4143252.450634358,71279.77066705593,50056285.99605349,12041263.003850255,102907741.23697968,40000000,3.7083986746500783,-46486991.40130784,-40875431.20320802,15866263.72730649,-6667375.040415851,-0.1666843760103963,-6024279.415145472,62911206.822288975,-41622927.51783651,123698419.07818978,144986698.38264224,-0.06969754363540392,-0.0495840572137115,-0.03368904900917781,0.10074059902339003,2021-09-13,2019-04-17,False,False,False,False,False,0.0,0,0,False,[],裴珵控股
2019-03-31,季报,2019-04-30,无保留意见,False,395111868.6221281,243838579.6185047,151273289.00362346,0.6171380790681937,8903441.588840941,31102183.74673283,1467.262501087747,5184978.75670113,82724.32960548575,57948835.8161758,13457420.204195634,116997768.33515894,40000000,3.7818322250905863,-45452437.80477452,-39884042.170659736,6518072.2896938445,1477933.709333323,0.03694834273333308,1416270.046497547,34785337.00233684,-51432072.04415221,153182578.4398254,136535843.39801002,0.019801956823705714,0.788309725903087,0.054088069823190615,0.038329504023365754,2021-09-13,2019-06-27,False,False,False,False,False,0.0,0,0,False,[],裴珵控股
2019-06-30,半年报,2019-08-27,无保留意见,False,465117352.58093774,290850107.8910645,174267244.6898732,0.6253262886820634,11800514.714039521,49783500.36068608,2094.200682844392,7416146.298605075,130540.03784171033,73330101.385999,17969165.970226567,163177743.7804478,40000000,4.35668111724683,-49699193.07731469,-43744726.81291243,10952122.640166853,-6066793.246485956,-0.1516698311621489,-5515263.774646702,90837933.02257678,-55030442.759474955,157434076.32100865,193241566.58411047,0.15200274838804434,-0.4083100997384998,0.008188209613869681,-0.05440619449213802,2021-09-13,2019-09-15,False,False,False,False,False,0.0,0,0,False,[],裴珵控股
2019-09-30,季报,2019-10-27,无保留意见,False,703405940.8446524,508346285.5567008,195059655.28795165,0.7226926246120081,16274681.449744616,65144297.07541351,2650.2266064757373,9253197.785648042,164945.07679190967,111846511.84271331,25516534.086029414,223274886.8725843,40000000,4.876491382198791,-48553881.568680085,-42770844.42487531,6819026.338628132,1636159.2980494387,0.04090398245123597,1391260.5543387418,97979140.89101319,-91856122.67552231,251640440.21041158,257763458.42590246,0.11931336055195403,0.704546499320484,0.09736633592994465,-0.023128406801182878,2021-09-13,2019-12-02,False,False,False,False,False,0.0,0,0,False,[],裴珵控股
2019-12-31,年报,2020-03-30,无保留意见,True,949948390.0519309,751006896.0736632,198941493.97826773,0.7905765238810583,26000133.916586734,102722201.2463904,4361.180269321908,14952471.180368483,237257.60821046817,166556423.14522055,39023284.31313045,336495615.3505257,40000000,4.973537349456693,-45959306.028718054,-40660299.306302756,9648693.747176513,3706536.485660039,0.09266341214150098,3015064.455103642,78372117.17280614,-117236399.79497433,328692619.1464462,289828336.52427804,0.019900776942241665,0.11109462816339506,0.06788389926905013,0.09390695707467847,2021-09-13,2020-04-15,False,False,False,False,False,0.0,0,0,False,[],裴珵控股
2020-03-31,季报,2020-04-30,无保留意见,False,833860682.0893605,640876135.8691621,192984546.22019833,0.7685650008864224,20388462.589368906,76926341.74197704,3464.8385895061474,10292099.19566436,184372.91683077154,122350508.45945957,29017112.36953012,265453132.81672543,40000000,4.824613655504958,-42425387.135065995,-37682692.045546375,2530987.452776965,5048455.562360089,0.12621138905900223,4253724.658223408,101734073.6467642,-105603512.52758144,279354476.6116311,275485037.73081386,-0.029943214152800764,0.06480654442761935,-0.022011522994635855,0.04198020404818985,2021-09-13,2020-05-18,False,False,False,False,False,0.0,0,0,False,[],裴珵控股
2020-06-30,半年报,2020-08-27,无保留意见,False,825741892.6698831,597744026.9608254,227997865.7090577,0.7238872488691728,16781886.44127842,70481212.44100296,2979.6550743126854,10980499.36116995,178493.60878719192,123122315.02537858,29622773.02888072,244520234.4940301,40000000,5.6999466427264425,-37001171.20314262,-33168047.63596753,11511923.998198522,7748879.902747683,0.19372199756869207,6449492.013684063,95653428.31360501,-99472681.63837449,314001664.28337985,310182410.95861036,0.18143069056373365,0.12247680263816804,-0.04467775201724964,0.05543476648045952,2021-09-13,2020-09-06,False,False,False,False,False,0.0,0,0,False,[],裴珵控股
2020-09-30,季报,2020-10-27,保留意见,False,884329645.3719221,626612712.3301512,257716933.0417709,0.7085736813296777,19969484.16608991,81643511.24166055,3534.8922478063246,12068290.961244117,199497.03077171266,124978134.32791187,34630990.93934465,280577695.4398377,40000000,6.442923326044273,-22590225.2467492,-20002816.36737283,99218528.12420633,20587065.6519906,0.514676641299765,18807473.240849573,37633188.54230453,-97872856.9688581,334549829.96086764,274310161.5343141,0.1303480067249268,0.5187380519721051,-0.01531356753949501,-0.06584331120698629,2021-09-13,2020-12-14,False,False,False,False,False,0.0,0,0,False,[],裴珵控股
2020-12-31,年报,2021-03-30,无保留意见,False,957855528.7934415,710889585.2241939,246965943.56924757,0.7421678571085379,23820935.1301403,84242955.13069153,3494.271578358498,11424724.54001543,204177.36474020348,139341055.40887022,31074148.234106857,287530745.40892303,40000000,6.174148589231189,1330967.7580073855,3095992.9868965484,139864300.1834798,34173132.86393798,0.8543283215984495,32998299.077527687,189218497.4967491,-116912918.547478,357349366.1124659,429654945.061737,-0.04171627120357202,0.36145591512084074,0.03359417577886027,0.06225231523344532,2021-09-13,2021-05-26,False,False,False,False,False,0.0,0,0,False,[],裴珵控股
2021-03-31,季报,2021-04-30,无保留意见,False,693662537.1771601,442695617.01099086,250966920.16616932,0.6382002678312829,16369559.013984641,61203854.01546784,2358.772232534171,8225577.335767261,159468.35128289726,101724941.93952073,21606482.083245207,206470171.38967347,40000000,6.274173004154233,21465399.94472445,20452755.188299358,44469232.58578351,28763474.55245295,0.7190868638113238,24795374.573432587,95542867.83351508,-83979807.7944365,264946890.38084066,276509950.41991925,0.01620051954977289,-0.10571286158829746,-0.10396758927725501,0.19983378233635335,2021-09-13,2021-06-09,False,False,False,False,False,0.0,0,0,False,[],裴珵控股
2021-06-30,半年报,2021-08-27,非标准无保留意见,False,686273205.5553964,409352998.83979005,276920206.7156064,0.5964869319187587,16363151.027357446,66177741.76965953,2553.6147774286396,8731547.26766235,153119.98509463173,107725736.8796403,26284353.218952134,225635791.69248754,40000000,6.923005167890159,37385058.43149097,37334548.33561135,72562943.4031969,22742369.266809314,0.5685592316702328,24116847.353302848,112836655.44322744,-73569237.62418006,239869273.78007847,279136691.59912586,0.10341317705238989,-0.1315701079196336,-0.04171333591252422,0.17233380588170655,2021-09-13,2021-10-15,True,True,False,False,False,11062711.980608603,2,0,True,"['是否影响偿债能力、过去十二个月内是否使用过募集资金补充流动资金以及未来十二个月内是否计划使用募集资金补充流动资金等内容', '根据公司盈利能力、融资能力及其成本、偿债能力及现金流等情况披露现金分红方案的合理性，是否导致公司营运资金不足或者影响公司正常生产经营', '结合所处行业特点、发展阶段和自身经营模式、盈利水平、偿债能力、资金需求等因素，未进行现金分红或现金分红水平较低原因的说明', '结合前述财务报表列报项目的具体情况说明现金分红方案确定的依据及未来增强投资者回报的规划']",裴珵控股
2021-09-30,季报,2021-10-27,无保留意见,False,860684176.9760895,519621563.9815982,341062612.9944913,0.6037308200636686,18662099.054266628,76988401.92928556,3042.371871683544,11586856.337150458,189006.49476780646,115641142.79976834,30744909.8565359,265976936.94428703,40000000,8.526565324862283,72175507.28564493,71481667.23922358,145443655.1514807,49700641.220219955,1.242516030505499,48781598.43373178,21773174.84631923,-107373354.43212959,331148548.6511456,245548369.0653352,0.23162775674495437,0.6783257377643246,0.007243888144909906,0.05573797265316256,2021-09-13,2021-11-25,False,True,True,False,False,0.0,3,3,True,"['结合所处行业特点、发展阶段和自身经营模式、盈利水平、偿债能力、资金需求等因素，未进行现金分红或现金分红水平较低原因的说明', '公司为增强投资者回报水平拟采取的措施']",裴珵控股
2021-12-31,年报,2022-03-30,无保留意见,False,1022292436.785175,694803981.5023503,327488455.28282464,0.6796528630176658,20519223.069369584,84341921.12392502,3803.3856801256147,12206535.098641984,205343.92235119897,133818167.64332701,33146884.486682292,294016397.8534266,40000000,8.187211382070616,112009193.78402641,109586720.0787765,212513395.81377578,56905266.426259235,1.4226316606564808,54435789.770789854,106498052.62216693,-122478927.7797303,361359962.84121436,345379087.683651,-0.03979960627313285,0.1080143320099783,0.07592204295399725,0.001059967550517838,2021-09-13,2022-05-15,False,False,False,False,True,0.0,0,0,False,[],裴珵控股
2022-03-31,季报,2022-04-30,无保留意见,False,859161688.831485,512377214.084741,346784474.7467441,0.5963687868596734,18498592.706718635,74525619.75789024,3008.084192454206,10166426.471539197,176099.77504569903,117876691.50721438,28849738.972187817,245616163.4104372,40000000,8.669611868668602,127510118.1461632,123237413.2476958,96261893.59356289,22144177.660195395,0.5536044415048849,19500990.241313312,60762034.22027021,-98200347.15854387,326579515.2106656,289141202.2723919,0.05892122043586274,-0.4703465726728359,-0.08328407615799244,0.07422590400603941,2021-09-13,2022-06-11,True,False,False,True,False,9220256.035217624,0,0,True,"['结合所处行业特点、发展阶段和自身经营模式、盈利水平、偿债能力、资金需求等因素，未进行现金分红或现金分红水平较低原因的说明', '公司为增强投资者回报水平拟采取的措施', '上市公司控股子公司向母公司实施利润分配的情况']",裴珵控股
2022-06-30,半年报,2022-08-27,无保留意见,False,1117407482.4916925,728358778.2614063,389048704.2302861,0.6518291578263361,26804378.3135371,109741479.44148858,4557.4830886186655,14628094.53723766,266887.3410405275,180765324.485065,43519216.65402069,363178656.70781565,40000000,9.726217605757153,133560110.25073107,129021056.34688471,37053441.66200939,8642845.863668386,0.21607114659170965,8262347.284555585,200553019.099961,-137510562.49466336,376164040.0012936,439206496.6065912,0.12187462980979036,-0.34491289901987465,0.05546037096666272,0.10076903878825205,2021-09-13,2022-10-14,False,False,True,False,False,0.0,0,4,True,"['结合前述财务报表列报项目的具体情况说明现金分红方案确定的依据及未来增强投资者回报的规划', '结合所处行业特点、发展阶段和自身经营模式、盈利水平、偿债能力、资金需求等因素，未进行现金分红或现金分红水平较低原因的说明']",裴珵控股
2022-09-30,季报,2022-10-27,非标准无保留意见,False,1106367509.300204,767466957.9027579,338900551.3974462,0.6936817571479422,28759882.805748258,108307730.72633915,4187.293542263322,14640642.503519284,241461.67023923586,180121605.20773897,39383231.7160624,354029200.4591409,40000000,8.472513784936156,153518380.23057124,147391517.7975671,116561438.34692185,28511814.256914526,0.7127953564228632,26243516.35811771,153730141.25239083,-129331373.23055194,403921350.6622159,428320118.6840548,-0.12889942130010576,0.7748347628371912,0.04185259932160611,0.027006119923922028,2021-09-13,2022-11-23,False,False,False,False,False,0.0,0,0,False,[],裴珵控股
2022-12-31,年报,2023-03-30,无保留意见,False,2226970774.8519793,1879305387.963842,347665386.88813734,0.8438841718022789,50230044.686793774,201860373.2198092,8700.609991879668,30990363.10253111,512030.05930609244,340709426.2644021,86969531.88670303,725022256.7860428,40000000,8.691634672203433,169039476.91083807,160751134.2770541,14842531.11538593,22172995.25752406,0.5543248814381014,19085166.39926714,350217254.6589183,-288129780.5223701,772214419.9392977,834301894.075846,0.02586255895586346,-0.13927853905378917,0.15020241465433679,0.13642379188458376,2021-09-13,2023-04-25,False,False,False,False,False,0.0,0,0,False,[],裴珵控股
2023-03-31,季报,2023-04-30,无保留意见,False,1388666435.374326,1100109194.5418255,288557240.83250046,0.7922055048772619,30831579.08808258,113949772.32835019,5470.438042697257,16977886.943910535,292501.37812605425,193609162.62753028,51512783.36098697,429034784.58416355,40000000,7.213931020812511,170494076.201598,162188141.1194841,6105101.270771355,2077998.9867999032,0.05194997466999758,2052866.9177571575,110851145.96322049,-169174647.76146948,491084728.6429903,432761226.8447413,-0.17001446875312654,-0.5129808465913633,-0.05167866692501704,0.05296642324318491,2021-09-13,2023-05-11,False,False,False,True,False,0.0,0,0,False,[],裴珵控股
2023-06-30,半年报,2023-08-27,无保留意见,False,1143117666.2499735,807880807.7024095,335236858.547564,0.7067346009555455,27732416.79679754,97277232.00991161,4078.603785427322,14984952.155213837,260750.25573807562,181089959.4000118,41501075.258177035,361866556.5825492,40000000,8.3809214636891,173509162.74941242,164804409.18234584,7084620.654897535,4307266.496877771,0.10768166242194427,3737525.804088218,228531924.47286656,-133280275.73543113,412313342.14430076,507564990.88173616,0.1617690049308443,0.11685017446642615,-0.08547090392171636,0.021827459053466006,2021-09-13,2023-09-12,False,False,True,False,False,0.0,0,0,True,"['留存未分配利润的预计用途以及收益情况', '公司为增强投资者回报水平拟采取的措施', '结合前述财务报表列报项目的具体情况说明现金分红方案确定的依据及未来增强投资者回报的规划', '上市公司控股子公司向母公司实施利润分配的情况']",裴珵控股
2023-09-30,季报,2023-10-27,无保留意见,False,1370656608.2309756,1016020642.4867127,354635965.74426305,0.7412656360355856,31018523.049636055,114708001.08431606,4821.896940594416,18795533.09082349,290565.91036786354,200514687.6408183,46429302.3930728,420274118.3609874,40000000,8.865899143606576,168954324.22911194,160435959.19746578,17206120.30047451,-6506912.171857845,-0.16267280429644612,-6240642.835542963,250020378.3053674,-173363334.28610945,504723286.22345954,581380330.2427175,0.05786686846054739,-0.5075347731873657,0.03453103508004004,0.13191158604963377,2021-09-13,2023-11-23,False,True,False,False,True,0.0,0,0,True,"['根据公司盈利能力、融资能力及其成本、偿债能力及现金流等情况披露现金分红方案的合理性，是否导致公司营运资金不足或者影响公司正常生产经营', '结合前述财务报表列报项目的具体情况说明现金分红方案确定的依据及未来增强投资者回报的规划', '是否影响偿债能力、过去十二个月内是否使用过募集资金补充流动资金以及未来十二个月内是否计划使用募集资金补充流动资金等内容']",裴珵控股
2023-12-31,年报,2024-03-30,无保留意见,True,1167862504.234996,785025098.936491,382837405.29850507,0.6721896593903567,26947318.14407658,108230657.37059134,4374.61781663088,15032063.40378956,259000.74454587576,171641334.65799773,41406651.04060725,357001362.5316886,40000000,9.570935132462626,163211503.22506592,155006796.70966947,25143818.36322623,-8204030.005780026,-0.20510075014450066,-7755946.411137554,196282126.1797329,-145835144.13940552,413781168.36333144,464228150.4036588,0.07952222075123301,-0.16173674153098788,-0.06907597664522892,0.03235998994673929,2021-09-13,2024-04-15,False,False,False,True,False,0.0,0,0,False,[],裴珵控股
2024-03-31,季报,2024-04-30,非标准无保留意见,False,1059669923.5365887,692227856.587026,367442066.9495626,0.6532485646820612,25693975.22183306,106166915.29423822,4394.759686567044,14160211.346547745,262551.1206200079,160798336.4008735,41592027.59514091,357816725.6927906,40000000,9.186051673739065,159614030.31199494,151498369.87235764,12753226.452078924,-5139247.018672811,-0.12848117546682028,-5012038.3390169265,138472074.46629485,-125219392.63747662,386520084.1084447,399772765.9372629,-0.040213777796708323,0.3484303594852134,-0.018941094708295598,0.12265466404270542,2021-09-13,2024-06-07,False,False,False,True,True,0.0,0,0,False,[],裴珵控股
2024-06-30,半年报,2024-08-27,非标准无保留意见,False,982538097.9385309,580058575.6575764,402479522.28095454,0.5903675153916177,22245925.76044983,91688476.09871991,3514.403394473324,12890876.30058476,216471.8741013454,134396886.1913058,31290230.46150657,296244623.4953294,40000000,10.061988057023864,158450441.66275722,150442041.02070212,7926308.350059754,-1662269.49891104,-0.041556737472775995,-1509041.216650748,33684792.13513394,-119454716.58661582,377144403.94476795,291374479.4932861,0.09535504636762597,0.2931498131050956,-0.06288104929044346,-0.04981552377850289,2021-09-13,2024-09-28,False,False,False,False,False,0.0,0,0,False,[],裴珵控股
2024-09-30,季报,2024-10-27,非标准无保留意见,False,1035863796.7027513,593548032.286663,442315764.4160882,0.5729981433620718,25813379.316583697,109225625.23370157,4240.977352581936,15232671.758703606,265941.1754825759,153009933.61920094,38838557.867087245,342286558.2215131,40000000,11.057894110402206,154140533.34065607,146615177.7285147,3703952.831001241,-6157011.888715912,-0.1539252972178978,-5466947.560267723,194165404.54943502,-129594322.313201,394522344.42761296,459093426.66384697,0.09897706573832994,-0.29305133438651515,-0.017369372029545853,0.2186895463277393,2021-09-13,2024-12-04,False,False,False,False,False,0.0,0,0,False,[],裴珵控股
2024-12-31,年报,2025-03-30,无保留意见,False,1054644520.4570323,597060458.4395502,457584062.01748216,0.566124838140545,23289244.834375862,97053449.02528508,3657.7248607652673,13970185.874448558,233884.42599672015,155858181.2210544,36874236.580849744,319722966.10933995,40000000,11.439601550437054,150091623.28056505,143402506.31175703,18494330.23379942,-5784157.228701435,-0.14460393071753588,-4589530.595368117,37963766.51270901,-117601458.89724542,381706469.47502214,302068777.0904857,0.034518999388479854,0.03438670744519705,-0.006873305221526742,-0.10971910219969623,2021-09-13,2025-05-06,False,False,False,True,False,0.0,0,0,False,[],裴珵控股
2017-03-31,季报,2017-04-30,无保留意见,False,234046681.90082052,54637288.116363615,179409393.7844569,0.23344611285502725,2.168623365016801,20828931.7913753,5109215.740106812,84274489.583517,76040.10065897243,5003949.524802532,1302659.4865854394,116138417.14470541,40000000,4.485234844611423,-4644920.17163419,-4290675.683708417,22427545.782683503,-6635600.245191701,-0.16589000612979252,-6129536.691012025,24516809.86311658,11332870.144011335,-13642969.762689037,22206710.24443888,-0.00328114564190606,-0.42420001362176124,-0.06655388714497272,-0.08781096164421856,2021-01-22,2017-05-26,False,False,False,False,False,0.0,0,0,False,[],琬璐农业
2017-06-30,半年报,2017-08-27,非标准无保留意见,False,228641032.22871038,50635865.62743688,178005166.6012735,0.22146447264454988,1.7891658309690726,16552471.250015996,4798455.182792974,71981612.24474363,60275.86880549203,5425172.012586743,1313919.3581573048,106362285.10341007,40000000,4.4501291650318375,-9709527.962622972,-8576143.22894821,16148638.513021484,-7235153.987126833,-0.18087884967817083,-6122096.493199704,20937165.45431203,11194788.321684929,-11992950.056737935,20139003.719259024,-0.007826943470253627,-0.05784741578083024,-0.011981640210477379,0.1715068393783789,2021-01-22,2017-09-22,False,False,False,False,False,0.0,0,0,False,[],琬璐农业
2017-09-30,季报,2017-10-27,无保留意见,False,234714151.45193094,50694587.50435367,184019563.94757727,0.2159843673283408,1.7863473227419822,19734393.81659581,5131716.667611077,77358189.29170878,65179.46142541173,5801207.310684973,1215346.834715915,110515115.12325042,40000000,4.600489098689431,-15584400.865091775,-14104505.688584575,24978342.796024464,-8392675.574955432,-0.2098168893738858,-7897660.656623381,10811745.148534648,11332812.304787466,-13442257.852618933,8702299.60070318,0.03378776841784511,-0.11853966629915291,-0.005480105316209079,0.010338362503972999,2021-01-22,2017-11-09,False,False,False,False,False,0.0,0,0,False,[],琬璐农业
2017-12-31,年报,2018-03-30,无保留意见,False,294287848.36603236,68417930.13935418,225869918.22667816,0.23248642619540524,2.0729567814050385,23889526.404372957,6384722.356083302,95299849.28072128,78960.1710831706,6730572.343201315,1486791.379359517,137065828.2997676,40000000,5.646747955666954,-23036339.759955283,-20720973.389042117,8205949.169656485,-10645626.992662154,-0.26614067481655385,-9452096.714939345,4529501.149266723,14447912.976680685,-18024691.192873873,952722.9330735356,0.2274233966287575,-0.26174817009933443,0.01650205886706444,-0.014664226509702812,2021-01-22,2018-05-03,False,False,False,False,False,0.0,0,0,False,[],琬璐农业
2018-03-31,季报,2018-04-30,无保留意见,False,325356030.72665125,82824938.59870566,242531092.12794557,0.2545670919752868,2.367170450263036,28729063.752372835,7018076.215076207,112742151.58966765,89717.43186171212,8519307.568341251,1721278.96346366,156918794.7137676,40000000,6.063277303198639,-31030210.76210692,-27858809.584003214,10722108.517790964,-11419815.717359485,-0.2854953929339871,-10196908.849944424,32901091.477761816,15018227.161386928,-18129128.898020197,29790189.741128545,0.07376446599031682,-0.1218355805998988,0.022080665779881596,0.028301574966292216,2021-01-22,2018-06-10,False,False,False,False,False,0.0,0,0,False,[],琬璐农业
2018-06-30,半年报,2018-08-27,无保留意见,False,347842769.6450947,104998814.29136644,242843955.35372826,0.30185711319656616,2.8726932959613403,29595734.909339797,8111035.258748827,116066462.2714443,91465.01200984723,8427606.375595296,1826618.5136237657,163072188.07783067,40000000,6.071098883843207,-36134860.3335859,-32339452.430114597,13484455.568550114,-7292356.5306842625,-0.18230891326710658,-6400918.351587693,45789485.53689172,16341984.41089159,-19163275.983429078,42968193.96435423,0.0012899922357897447,0.7396635984792477,0.047290021221279316,0.11665586741053216,2021-01-22,2018-10-03,False,False,False,False,False,0.0,0,0,False,[],琬璐农业
2018-09-30,季报,2018-10-27,无保留意见,False,380374529.0806875,93980410.3354217,286394118.74526584,0.24707335310426623,2.9938158165483,31493751.72221508,7298942.888963658,134309839.61068198,113318.05552248606,9036230.166197214,2180081.3153158035,177173825.69300056,40000000,7.159852968631646,-34694343.90469276,-31045346.299097292,8044352.9289770555,2057880.6127044968,0.05144701531761242,1848723.044310435,11827176.787249312,18318934.12239091,-22657599.953008316,7488510.956631906,0.17933394029965502,0.9631829983191404,-0.054783760092299925,0.018873620867765614,2021-01-22,2018-12-24,False,False,False,False,False,0.0,0,0,False,[],琬璐农业
2018-12-31,年报,2019-03-30,无保留意见,False,477690660.36244524,147736828.4381598,329953831.9242854,0.30927301012346625,3.501630411600467,35570137.80993143,9833542.719953988,152719893.35071796,136926.56790718503,10197031.426000748,2292414.1515811537,212696705.70473197,40000000,8.248845798107135,-32995338.491852507,-29474481.367479987,7871540.780471086,2427150.5897717886,0.06067876474429471,2244092.75945329,75140231.56034857,22943796.829239346,-27554962.221062634,70529066.16852528,0.15209709392728094,0.019376235194858246,0.06219965701920002,0.006802179310139309,2021-01-22,2019-04-11,False,False,False,False,False,0.0,0,0,False,[],琬璐农业
2019-03-31,季报,2019-04-30,无保留意见,False,415861666.2933749,96269916.9040252,319591749.3893497,0.23149504921213476,3.006659176939676,32124918.83216828,8899173.489772717,133748655.57210504,115454.10097046399,9480848.408147316,2257653.628388716,188390536.08716837,40000000,7.989793734733743,-22873951.938391082,-20544331.346030265,49544996.66089328,14459123.647802036,0.3614780911950509,12757357.173499605,59421501.8522312,19553591.152628496,-25312803.32263169,53662289.682228,-0.03140464371789284,0.6193380239902485,-0.07777796091133148,0.19619848923142627,2021-01-22,2019-06-06,False,False,False,False,False,0.0,0,0,False,[],琬璐农业
2019-06-30,半年报,2019-08-27,非标准无保留意见,False,436710348.9742563,125842323.9784055,310868024.9958508,0.2881597019030657,3.732651746488869,35815684.6666283,10203464.846724747,161405259.28726652,122794.24103438827,11280442.929544397,2492591.57397086,219288035.14337736,40000000,7.77170062489627,-16965130.659614325,-15101844.822559005,37683378.05217829,8441173.255395368,0.2110293313848842,7774980.747816086,71315156.97326003,19632709.91408393,-27202544.442668468,63745322.44467549,-0.027296463097584756,-0.19129427951586073,0.05666465269093095,0.1097052628768887,2021-01-22,2019-10-10,False,False,False,False,False,0.0,0,0,False,[],琬璐农业
2019-09-30,季报,2019-10-27,无保留意见,False,378063405.61679393,75612681.12335879,302450724.49343514,0.2,2.7728876604893613,29153557.073342375,8206801.778167514,117084746.2346663,103305.67884802328,8992695.940787444,1988848.950618608,168904289.01976708,40000000,7.5612681123358785,-11782933.555443354,-10296086.098406082,32588201.090712473,7403138.720244244,0.18507846800610608,6865369.605932746,48309395.90613068,18241566.48444894,-22392731.01514039,44158231.37543923,-0.02707676514021651,-0.040801362607401914,-0.09138785864235598,-0.09718315291896396,2021-01-22,2019-11-28,False,False,False,False,False,0.0,0,0,False,[],琬璐农业
2019-12-31,年报,2020-03-30,非标准无保留意见,False,467357452.42935884,128513709.49341302,338843742.9359458,0.2749794805354856,3.728940539252363,37053554.61570126,9844026.31172216,171317472.38655645,145185.12681363814,10387833.935450122,2464192.573324598,229278377.4159546,40000000,8.471093573398646,-2696250.6901914803,-2527468.123548268,9139595.579595516,12980975.521788392,0.3245243880447098,11098025.678368308,41603790.34920119,22710761.00005452,-28342792.44068313,35971758.908572584,0.12032709957453108,0.22857046650793775,0.07820763727477584,0.12848331162608706,2021-01-22,2020-05-10,False,False,False,False,False,0.0,0,0,False,[],琬璐农业
2020-03-31,季报,2020-04-30,无保留意见,False,511078442.3759488,109070637.17864624,402007805.1973026,0.21341271346055715,3.9773657646672325,45601991.04115532,10167598.90848675,168838321.89946458,145477.06824440867,11615653.650493369,2435869.89187777,229884944.25124666,40000000,10.050195129932565,-5731425.764139579,-5630556.140842187,11657630.36181417,-4335964.391354427,-0.10839910978386066,-4432982.881848456,19519828.508853514,23464209.572581843,-30687163.479894944,12296874.601540409,0.18641059065770357,-0.5775976135452262,-0.06156676707492844,0.055356888713329666,2021-01-22,2020-06-15,False,False,False,False,False,0.0,0,0,False,[],琬璐农业
2020-06-30,半年报,2020-08-27,无保留意见,False,540102354.988146,125052396.02503887,415049958.96310705,0.23153462463199867,4.768480308207178,44716604.13566681,12820140.306875736,206481957.27169517,156110.69082748026,14374356.345176995,3151309.436045626,284064561.64709306,40000000,10.376248974077676,-9679001.884329014,-9263389.757400824,21059286.242136076,-5639394.45741348,-0.140984861435337,-5189762.309369482,72164319.03867462,25434518.55224333,-28300458.27418776,69298379.31673019,0.03244253867012232,-0.10292375245448747,0.01812191117144152,-0.07171331822430337,2021-01-22,2020-09-13,False,False,False,False,False,0.0,0,0,False,[],琬璐农业
2020-09-30,季报,2020-10-27,非标准无保留意见,False,579899477.085683,194959928.4859137,384939548.5997693,0.3361960756814192,4.995286297937409,43984691.34119635,11967641.642019147,178547086.35342202,166785.63429291328,12870039.965413254,3040459.9359446573,262055139.1482292,40000000,9.623488714994233,-13509708.033090627,-12716205.685213905,5892944.228863255,-5472437.355373731,-0.13681093388434326,-4932594.182590113,101002244.34421852,29698204.62610075,-34711063.12789028,95989385.84242898,-0.072546472329646,0.014696144621331259,0.1046614510494205,0.05659125805713243,2021-01-22,2020-11-10,False,False,False,False,False,0.0,0,0,False,[],琬璐农业
2020-12-31,年报,2021-03-30,无保留意见,False,564408023.2369205,172589246.3447807,391818776.89213973,0.30578808103217425,4.276657554635292,45001199.18813,11627316.768246025,194506834.80278525,150533.28845675258,13057681.499692705,2644590.095297616,251740760.35065356,40000000,9.795469422303494,-16329010.788724437,-15379877.21918268,17324059.826623745,-4027575.365191158,-0.10068938412977894,-3805245.048526823,109477508.77461618,27360692.79377878,-34017493.916324034,102820707.65207092,0.017870931468054702,0.12533976476424644,-0.03040799464924489,-0.02718980309136881,2021-01-22,2021-05-13,False,False,False,False,False,0.0,0,0,False,[],琬璐农业
2021-03-31,季报,2021-04-30,无保留意见,False,613428376.5446826,207917913.66701892,405510462.87766373,0.3389440750005376,5.091465761620325,55432337.12980717,13861864.864439206,229849099.64200455,174480.3860163543,15354054.573767265,3361713.1341951257,309318934.9242184,40000000,10.137761571941594,-23159532.930467788,-21818166.131099626,6541015.012129101,-9757888.773919072,-0.2439472193479768,-9197555.588452779,110647561.02108853,28234229.381229535,-36970921.16787901,101910869.23443905,0.034943925082214805,-0.44173032952928426,0.03315599396836327,-0.08282615456751367,2021-01-22,2021-06-15,False,False,False,True,False,0.0,0,0,False,[],琬璐农业
2021-06-30,半年报,2021-08-27,无保留意见,False,549990227.3838398,171897586.71438268,378092640.6694572,0.31254662020460744,4.045325438823844,48075015.62672084,11789467.803232277,160879973.1222516,177190.0284726144,13900884.163267879,3008402.8713445384,262448684.1488476,40000000,9.45231601673643,-28391428.759006314,-25998253.5301131,26482862.358418714,-7474136.897912182,-0.18685342244780453,-5971553.427162114,97438630.80344047,26494833.514948178,-30490359.771667756,93443104.54672089,-0.06761310673376628,0.31534338602567197,-0.026397454795930107,-0.12648708938865644,2021-01-22,2021-10-02,False,True,False,True,False,0.0,0,0,True,['留存未分配利润的预计用途以及收益情况'],琬璐农业
2021-09-30,季报,2021-10-27,无保留意见,False,589600289.5869577,224757779.5991567,364842509.98780096,0.38120364519598515,5.283863939163051,54633911.86566723,15031351.331227517,218382512.38695842,185568.31983897378,16491246.2452594,3395970.3997483635,302854168.86886334,40000000,9.121062749695025,-33150604.65825018,-30484108.373969458,25222828.86893725,-6798822.713205526,-0.16997056783013814,-6408364.0626519425,73452371.04792099,29850246.21442084,-30103724.697047632,73198892.56529419,-0.035044666984777616,0.0708927031041047,0.06865702499137771,0.16538467469394383,2021-01-22,2021-11-27,False,True,False,False,False,0.0,0,0,True,"['结合前述财务报表列报项目的具体情况说明现金分红方案确定的依据及未来增强投资者回报的规划', '留存未分配利润的预计用途以及收益情况', '公司在相应期间是否按照中国证券监督管理委员会相关规定为中小股东参与现金分红决策提供了便利', '根据公司盈利能力、融资能力及其成本、偿债能力及现金流等情况披露现金分红方案的合理性，是否导致公司营运资金不足或者影响公司正常生产经营']",琬璐农业
2021-12-31,年报,2022-03-30,无保留意见,False,638126023.8312513,233158245.3906961,404967778.44055516,0.36537962202330343,4.393185152554479,53278026.956975535,14349975.759560246,204422337.2268422,173189.11600773383,14564105.191593362,3406845.7198702544,299638489.42374974,40000000,10.124194461013879,-33944864.36026091,-31238820.963771958,1014470.5017850033,-1134656.7171581797,-0.028366417928954495,-1078160.842574997,44224794.38011599,28788027.50791481,-35412586.19751152,37600235.69051928,0.1099796963190935,0.5552463050886944,-0.015824023172681716,0.11171935317506117,2021-01-22,2022-04-14,False,False,False,False,False,0.0,0,0,False,[],琬璐农业
2022-03-31,季报,2022-04-30,无保留意见,False,635776652.5034554,252041664.27872434,383734988.2247311,0.3964311417952777,4.8115890422569025,47580453.692000136,13296597.810857892,215271487.60660988,173416.5631323434,14266845.76321356,3498709.8567312434,296547436.5802196,40000000,9.593374705618277,-36532307.87170949,-33508952.43356585,13020001.064586006,-3696347.8734979723,-0.0924086968374493,-3243044.9568484183,55371642.00131278,29516314.197140098,-38102101.13135563,46785855.06709725,-0.05243081387261732,-0.16146459050213122,0.031051519771974307,-0.05785825125847696,2021-01-22,2022-05-23,False,False,False,True,False,0.0,0,0,False,[],琬璐农业
2022-06-30,半年报,2022-08-27,无保留意见,False,532380180.8183784,208506241.24765188,323873939.5707265,0.39164914239882986,3.8410062541561425,40540655.77227769,12181131.84543676,180529702.14391217,145259.2816358211,12122180.775642944,2952514.8053051056,240350939.51949993,40000000,8.096848489268163,-34288084.29709609,-31261143.152332976,4362348.665946249,3206033.6780191436,0.08015084195047859,3211156.1160469665,60645802.69318608,23858282.703230917,-30148177.69259025,54355907.70382674,-0.15599580567552385,0.518833586889045,-0.00478199939644784,0.011324606799256386,2021-01-22,2022-10-02,True,False,True,False,True,2681879.460816614,0,5,True,"['留存未分配利润的预计用途以及收益情况', '结合所处行业特点、发展阶段和自身经营模式、盈利水平、偿债能力、资金需求等因素，未进行现金分红或现金分红水平较低原因的说明', '充分披露高送转的主要考虑及其合理性且送转股后每股收益不低于0.5元', '是否影响偿债能力、过去十二个月内是否使用过募集资金补充流动资金以及未来十二个月内是否计划使用募集资金补充流动资金等内容']",琬璐农业
2022-09-30,季报,2022-10-27,无保留意见,False,521768347.515394,187767170.00683832,334001177.50855565,0.3598669235130223,4.212627514769524,39619974.331657164,11913790.287665635,187434024.96995798,131364.44077679157,13142474.359802108,2747883.091886752,249060799.1372713,40000000,8.350029437713891,-24645041.83252556,-23015066.451959558,25850233.748187564,13775774.94938647,0.34439437373466175,11780109.57196203,63464199.393886834,24884953.91791152,-30136389.80514235,58212763.506656,0.03126907324267006,0.5230982705361652,-0.03178221888580761,-0.013393571775281023,2021-01-22,2022-11-19,False,True,True,True,True,0.0,1,4,True,"['留存未分配利润的预计用途以及收益情况', '根据公司盈利能力、融资能力及其成本、偿债能力及现金流等情况披露现金分红方案的合理性，是否导致公司营运资金不足或者影响公司正常生产经营', '充分披露高送转的主要考虑及其合理性且送转股后每股收益不低于0.5元']",琬璐农业
2022-12-31,年报,2023-03-30,无保留意见,False,508846901.45372224,156177944.35095307,352668957.1027692,0.3069252144501009,3.938438393586678,39704619.74052466,12680785.44093547,184473383.43390968,152908.61363320166,13048087.411058921,2857567.62791397,258082327.6760729,40000000,8.81672392756923,-5591344.383546254,-6430514.113500235,129335069.78408326,27219567.784256153,0.6804891946064038,23692217.626370464,79204045.48801662,26081426.595744878,-31725167.311165247,73560304.77259625,0.05589135862772616,0.4368303594947395,-0.05294170906292139,0.013393031975326854,2021-01-22,2023-05-16,False,False,False,True,False,0.0,0,0,False,[],琬璐农业
2023-03-31,季报,2023-04-30,非标准无保留意见,False,549198824.632698,194891335.18736666,354307489.44533145,0.3548648075088456,4.237173815612695,51537237.80431543,13666113.875160847,201526619.19283327,165420.48884614484,12897681.37644963,2835567.7705272245,274752044.58847576,40000000,8.857687236133286,5073736.086867706,3458598.364803872,28044797.91791397,15235829.243448514,0.3808957310862129,14127303.540434439,109593995.3766885,24486228.229677796,-32165591.210435376,101914632.39593092,0.004646091779733286,-0.27100532956982687,0.0479395930587447,0.03897501508650744,2021-01-22,2023-06-28,True,False,False,False,False,20285692.414475042,0,0,True,"['结合所处行业特点、发展阶段和自身经营模式、盈利水平、偿债能力、资金需求等因素，未进行现金分红或现金分红水平较低原因的说明', '结合前述财务报表列报项目的具体情况说明现金分红方案确定的依据及未来增强投资者回报的规划', '公司为增强投资者回报水平拟采取的措施', '留存未分配利润的预计用途以及收益情况']",琬璐农业
2023-06-30,半年报,2023-08-27,非标准无保留意见,False,611016848.3481624,261581492.7124243,349435355.6357381,0.42810847756422754,4.591139378756921,47620545.66756455,14024658.1504812,212889383.76205286,182661.20344017338,15316251.156364756,3317236.8668695497,293139595.19930196,40000000,8.735883890893453,28630370.72211795,25494704.727105767,46153005.822669715,33652335.19321463,0.8413083798303658,31480151.946145564,46585549.13564205,31243804.22103588,-35222527.882548876,42606825.47412906,-0.013751145416713462,0.5713054815709143,0.07324367005538196,-0.11159932990601423,2021-01-22,2023-10-07,False,False,False,False,False,0.0,0,0,False,[],琬璐农业
2023-09-30,季报,2023-10-27,无保留意见,False,598031590.1659869,220799253.26267976,377232336.90330714,0.3692100164832358,5.116843798156275,51809029.265850514,13471563.32663325,202079129.3523734,180201.89057291317,15020239.380917337,3173721.9979288797,288679295.2795013,40000000,9.430808422582679,70463932.55654089,65713644.59813412,75290478.96870464,59762231.19203277,1.4940557798008192,57455628.38718337,105115142.96887688,29551789.30160742,-34735927.655770786,99931004.61471352,0.07954827930046506,0.5154727003053514,-0.05889846108099172,-0.048964551624328966,2021-01-22,2023-11-10,False,False,False,True,False,0.0,0,0,False,[],琬璐农业
2023-12-31,年报,2024-03-30,保留意见,False,667377123.7807839,252603264.7453997,414773859.0353841,0.37850153345737597,5.564135088071291,60054161.06081538,14484891.456319671,239099972.43091816,197145.7564260791,17514076.377015762,3843341.4285104265,340836252.5097721,40000000,10.369346475884603,124624034.32481028,115304146.96531823,260836490.56293222,77371573.95467058,1.9342893488667645,70843574.81026301,65324925.66314552,29520141.060281742,-39288453.11824002,55556613.605187245,0.09951830333596169,0.229401132421298,0.00929151697414014,0.17479688744290525,2021-01-22,2024-05-16,True,False,False,True,False,93091676.38258469,0,0,True,"['结合前述财务报表列报项目的具体情况说明现金分红方案确定的依据及未来增强投资者回报的规划', '结合所处行业特点、发展阶段和自身经营模式、盈利水平、偿债能力、资金需求等因素，未进行现金分红或现金分红水平较低原因的说明', '留存未分配利润的预计用途以及收益情况', '公司为增强投资者回报水平拟采取的措施']",琬璐农业
2024-03-31,季报,2024-04-30,无保留意见,False,677637064.891085,261336859.75092402,416300205.14016104,0.3856590397588834,4.574108258127016,51899359.63872231,13967264.206885742,247430411.12801012,198225.8480372518,16463814.492503395,3481861.8811145406,314949392.0952809,40000000,10.407505128504026,160222571.74072722,148780656.749213,131905681.73521146,50855053.451309904,1.2713763362827477,47823585.40556397,123658621.8148918,32753218.286015145,-38877188.39355482,117534651.70735212,0.0036799476908373177,-0.2809799539435184,0.007157506301507419,-0.025815371444845036,2021-01-22,2024-05-15,False,False,True,False,False,0.0,0,3,True,"['是否影响偿债能力、过去十二个月内是否使用过募集资金补充流动资金以及未来十二个月内是否计划使用募集资金补充流动资金等内容', '根据公司盈利能力、融资能力及其成本、偿债能力及现金流等情况披露现金分红方案的合理性，是否导致公司营运资金不足或者影响公司正常生产经营', '上市公司控股子公司向母公司实施利润分配的情况']",琬璐农业
2024-06-30,半年报,2024-08-27,无保留意见,False,732836656.7822919,312202666.2927172,420633990.4895747,0.4260194456750068,5.923789557759793,62582800.264123656,17831093.99516452,263525429.4805045,243355.19647768358,19271282.15259618,4401212.969786391,377134645.6033609,40000000,10.515849762239366,204101798.71649715,191678529.27846655,74762171.08013183,62684609.96538563,1.5671152491346407,61282675.04179077,68705317.69415289,31603132.564030074,-39288967.271242075,61019482.9869409,0.010410240725090492,0.17433567453548846,0.04036040591612341,-0.029625002659408085,2021-01-22,2024-10-23,False,True,False,False,False,0.0,2,0,True,"['留存未分配利润的预计用途以及收益情况', '充分披露高送转的主要考虑及其合理性且送转股后每股收益不低于0.5元', '上市公司控股子公司向母公司实施利润分配的情况', '公司为增强投资者回报水平拟采取的措施']",琬璐农业
2024-09-30,季报,2024-10-27,保留意见,False,743014993.6240101,324189870.1611671,418825123.462843,0.4363167270420088,5.170023538678405,55036169.358884685,15005081.329046978,220928628.36917412,203730.636453977,16968139.81605969,4167295.8487970713,331787189.3533069,40000000,10.470628086571075,219822080.21936572,205333783.68845794,57880568.265125416,22457545.00409794,0.5614386251024485,19507506.299987677,51840526.68915811,34767813.08882585,-43241688.055659674,43366651.72232429,-0.004300334893588506,-0.5048285356326901,0.010297281367002007,-0.011967996966830976,2021-01-22,2024-12-06,False,True,False,False,True,0.0,2,0,True,"['充分披露高送转的主要考虑及其合理性且送转股后每股收益不低于0.5元', '公司在相应期间是否按照中国证券监督管理委员会相关规定为中小股东参与现金分红决策提供了便利', '结合前述财务报表列报项目的具体情况说明现金分红方案确定的依据及未来增强投资者回报的规划']",琬璐农业
2024-12-31,年报,2025-03-30,非标准无保留意见,False,759753666.6103458,353095225.9997753,406658440.61057055,0.4647496175636977,6.0735021002523535,62182958.74418083,15674026.759498112,260885251.45162147,211302.95766103358,18351300.574152667,4135715.806174263,363100208.7219607,40000000,10.166461015264264,224582417.63363686,209972077.03436458,18587012.799661472,6800482.020387348,0.17001205050968368,6626133.351295205,81637614.14132096,35802482.30431417,-40123899.671697795,77316196.77393733,-0.029049553550365734,-0.3968078343973123,0.028432890521688892,-0.08612806383945183,2021-01-22,2025-05-18,False,False,False,True,False,0.0,0,0,False,[],琬璐农业
2017-03-31,季报,2017-04-30,无保留意见,False,232259963.63907325,77863688.88148801,154396274.75758523,0.3352436970260033,37799680.41261153,1.3333138914092644e-26,1153693.3272978433,3846911.0691542397,14480724.529258182,0.0008238469975164035,5849236.411960462,64130132.8527586,40000000,3.8599068689396305,259075.94471759905,234621.30475903762,618060.7694385728,370108.49245371297,0.009252712311342825,335173.2925129109,46351287.67129903,-19329869.40936667,80340705.51411322,107362123.77604558,-0.1422429180134154,-0.03499397264146033,0.03524369702600336,0.09124249230283041,2021-04-06,2017-06-25,False,False,False,False,False,0.0,0,0,False,[],暄璱科技
2017-06-30,半年报,2017-08-27,无保留意见,False,229560484.4913225,73062049.54225537,156498434.94906712,0.3182692775028411,39751308.06755799,1.1764321791695949e-26,1188386.3984574913,3782174.0910338894,12902985.110459656,0.0008028140358208475,5225654.132818999,60727543.95262301,40000000,3.912460873726678,3062939.6145879817,2908506.4270181865,7656109.785973668,4005519.5283862613,0.10013798820965654,3819835.8889416414,21325989.505390916,-18515105.64396945,75187837.73725267,77998721.59867413,0.013615355647553238,0.20929121067447087,-0.01697441952316221,0.15531898200365168,2021-04-06,2017-10-16,False,False,False,False,False,0.0,0,0,False,[],暄璱科技
2017-09-30,季报,2017-10-27,无保留意见,True,202127371.5985005,49501108.25697066,152626263.34152985,0.24490056871316823,35591951.882709585,1.22296254224517e-26,966329.6432881431,3718463.479117084,11212940.734137742,0.0007118881611402961,5194470.598736124,56343442.67589088,40000000,3.8156565835382463,-1965367.2820387995,-2026680.4530246707,11521634.229006024,-7183295.566609688,-0.1795823891652422,-7050266.971489796,6340176.790830276,-16457886.968487903,67534810.79904135,57417100.62138372,-0.02474255802492515,-0.5326607170975087,-0.0733687087896729,0.20596644067487316,2021-04-06,2017-11-29,False,False,False,False,False,0.0,0,0,False,[],暄璱科技
2017-12-31,年报,2018-03-30,无保留意见,True,168669176.24426508,40296626.4067611,128372549.83750398,0.2389092500718917,30266336.705532804,1.0331464001211469e-26,841871.8303841919,2736275.0790458485,10085034.533714458,0.0006798954891967877,4150809.85136762,48107219.61264333,40000000,3.2093137459375995,-8396906.462728014,-7838768.436164749,38973230.48467711,-9187913.115270307,-0.2296978278817577,-8302982.833057255,26845847.150994193,-13621306.297451269,57721193.37769407,70945734.231237,-0.15890917443057387,-0.20420473716639154,-0.00599131864127652,0.10571200383249044,2021-04-06,2018-05-28,False,False,False,False,False,0.0,0,0,False,[],暄璱科技
2018-03-31,季报,2018-04-30,无保留意见,False,168056972.18121412,42280001.59791227,125776970.58330186,0.2515813598755199,30010546.34880595,1.115153363197716e-26,921870.2434662556,3115076.6156942826,10646689.424989194,0.0006652550360614753,4879813.780695943,50719605.15338697,40000000,3.1444242645825464,-13635842.245582748,-12505926.14890265,36993556.68888865,-7484193.975506764,-0.1871048493876691,-6667368.161054144,12258363.590445016,-14843110.299410166,53869196.4499278,51284449.74096265,-0.020219114269270744,0.21808758208946807,0.012672109803628167,-0.09042899736825626,2021-04-06,2018-05-26,False,False,False,False,False,0.0,0,0,False,[],暄璱科技
2018-06-30,半年报,2018-08-27,无保留意见,False,159120379.263292,43296077.24949764,115824302.01379436,0.2720963678565449,31150196.45173267,9.809648229746446e-27,865279.2526194414,3001726.606775475,10052306.419869551,0.000660888544340744,4064719.2531297584,47712734.43852107,40000000,2.895607550344859,-18614579.615898937,-17415256.0482699,0.0,-7112481.957594559,-0.17781204893986396,-7013328.427667503,17690161.618878648,-12650459.574414026,52369410.63821528,57409112.68267991,-0.07912949821697166,0.039062588808077246,0.020515007981024992,-0.06971390990623916,2021-04-06,2018-10-06,False,False,False,False,False,0.0,0,0,False,[],暄璱科技
2018-09-30,季报,2018-10-27,无保留意见,False,125233539.16130297,25046707.83226059,100186831.32904238,0.2,23916683.787454173,6.751088968769621e-27,620699.1216327284,2289204.6413676734,7106625.790433459,0.00046562535815233163,3213948.153960973,36568267.54326018,40000000,2.5046707832260595,-24545726.53873976,-22958893.66233988,32292451.5902807,-8473067.032629741,-0.21182667581574352,-7919482.305814256,11433303.997151183,-9873084.261202158,40576855.85720863,42137075.59315766,-0.13501027343026528,-0.1376063304461165,-0.07288474386794856,0.03407681648034713,2021-04-06,2018-11-18,False,False,False,False,False,0.0,0,0,False,[],暄璱科技
2018-12-31,年报,2019-03-30,无保留意见,False,143231558.61982965,40678627.9572562,102552930.66257346,0.2840060413307857,24493108.525269907,8.620788161146194e-27,700667.595990675,2352169.224829964,8960286.683451377,0.0005089417270734344,3784845.929143775,40255549.605536774,40000000,2.5638232665643366,-27928791.243773,-25976155.13913008,15836544.216579862,-4832949.578618912,-0.1208237394654728,-4310373.538271712,5049461.337317673,-12928253.312712431,47806015.053666934,39927223.07827218,0.023616869623914336,0.42689645479099586,0.0847944173421894,0.04890339833576198,2021-04-06,2019-04-17,False,False,False,False,False,0.0,0,0,False,[],暄璱科技
2019-03-31,季报,2019-04-30,无保留意见,False,141070483.41052207,33569550.97217687,107500932.43834521,0.23796296830207792,28112042.646397196,8.887794097159617e-27,758308.5738708538,2745851.9381588693,9046432.376467984,0.0005015334416308695,4093282.3474428644,41436186.83366891,40000000,2.68752331095863,-29683193.55734426,-27415985.040540338,3295435.9392520776,-2506289.019387521,-0.06265722548468802,-2056899.8591575196,13754804.29019325,-11891283.348109562,45224380.03052348,47087900.972607166,0.048248272807063966,0.19122634316882273,-0.04604307302870778,1.0815024561210903e-05,2021-04-06,2019-05-24,False,False,False,False,False,0.0,0,0,False,[],暄璱科技
2019-06-30,半年报,2019-08-27,无保留意见,True,137505268.682798,27501053.7365596,110004214.9462384,0.2,24440675.76345085,7.601130669985462e-27,716016.0294698892,2278795.1269725696,8224968.817313054,0.00046605491867445376,3570956.1381954458,38934657.27082109,40000000,2.75010537365596,-28354717.192889318,-26163419.546056427,3799896.990256854,1897823.377792772,0.0474455844448193,1789379.27783416,13941974.292541794,-11426656.20508265,44833614.599769846,47348932.68722899,0.023286146930203512,0.3038636828809032,-0.11015078913233783,-0.0006088416613349929,2021-04-06,2019-09-29,False,False,False,False,False,0.0,0,0,False,[],暄璱科技
2019-09-30,季报,2019-10-27,非标准无保留意见,False,148576736.900372,29715347.3800744,118861389.5202976,0.2,23152183.276110332,7.750365221061198e-27,711902.8728551221,2313301.721212954,8075007.192409204,0.0004800727374172441,3901908.5819436014,38933712.95004507,40000000,2.97153473800744,-24542864.149096053,-22769176.160339963,23292811.169778753,5445504.34827609,0.13613760870690225,4848919.122452088,21247662.559040904,-10865362.380544567,50537805.46151183,60920105.64000817,0.08051668364151225,0.18772960777336256,-0.03641247185792908,0.037930933581096796,2021-04-06,2019-11-08,False,False,False,False,False,0.0,0,0,False,[],暄璱科技
2019-12-31,年报,2020-03-30,无保留意见,False,145931559.9877365,29186311.9975473,116745247.9901892,0.2,28314247.46286743,9.350695748654143e-27,765525.669805053,2576880.2711071577,9113492.512840133,0.000568983794707291,4093358.8290166836,43118187.61404201,40000000,2.91863119975473,-25804117.797417156,-23936165.922907908,6904805.580456922,-1801790.9261730053,-0.04504477315432513,-1667128.2322399174,14786350.259207651,-11614352.998572689,46808318.733109094,49980315.99374406,-0.017803439271985404,-0.3228840467113728,0.061986086819006476,0.01616925949206301,2021-04-06,2020-05-20,False,False,False,False,False,0.0,0,0,False,[],暄璱科技
2020-03-31,季报,2020-04-30,无保留意见,False,139871360.3947244,27974272.07894488,111897088.31577952,0.2,26653049.874141894,8.272778557713807e-27,763887.1463740487,2511445.785610333,8463542.961140966,0.0005409118647253591,3309209.7668844988,40775062.97525824,40000000,2.797427207894488,-19734195.586592637,-18617221.228244666,6476157.012251668,8671317.444035023,0.2167829361008756,7598492.420947484,26288959.519084588,-11969178.863988351,47270287.74592773,61590068.40102397,-0.04152768320657552,0.6891014802687435,-0.09573959274656439,0.10626398746789552,2021-04-06,2020-05-12,False,False,False,False,False,0.0,0,0,False,[],暄璱科技
2020-06-30,半年报,2020-08-27,非标准无保留意见,False,156077917.44297314,31215583.48859463,124862333.9543785,0.2,24041748.561186146,8.812314770109397e-27,770675.9533218044,2177685.2027286207,8431000.614499982,0.0005743966716006453,3644580.027902762,42045951.684805915,40000000,3.1215583488594625,-21231742.376380537,-19924761.574254517,9890112.812282063,-2139352.5568398535,-0.05348381392099634,-1867914.780014071,15375527.737651333,-12802201.754347924,57038085.40511407,59611411.38841748,0.1158675872066516,-0.42111862877480954,0.05504752795372213,0.08744708028997333,2021-04-06,2020-09-18,False,False,False,False,False,0.0,0,0,False,[],暄璱科技
2020-09-30,季报,2020-10-27,无保留意见,False,123915581.37648886,24783116.27529777,99132465.10119109,0.2,23585345.32202779,8.250647568771979e-27,622802.7299408189,2253921.362393667,8320950.6724816635,0.0004756724854924395,3525131.458613784,38609881.92987337,40000000,2.478311627529777,-21705369.304210734,-20378133.596337732,555954.2894968945,-676609.8969002832,-0.01691524742250708,-647674.3172617318,16662981.487954723,-9808764.793096347,40432757.33209721,47286974.02695559,-0.20606589704296602,0.09843061451624839,0.0618313528707647,0.02051287765427435,2021-04-06,2020-11-21,False,False,False,False,False,0.0,0,0,False,[],暄璱科技
2020-12-31,年报,2021-03-30,无保留意见,False,129768925.62858248,32206333.401623078,97562592.2269594,0.24818216877129956,21319943.946969602,7.322710004827025e-27,652950.284879151,2308646.0085998625,7138530.117570037,0.0004571982552152081,3169093.889566302,36203427.38794845,40000000,2.439064805673985,-17819109.529228333,-16622999.72593347,17765106.54769955,5551799.678546287,0.1387949919636572,5364476.957720373,13948988.816629365,-10811868.49118351,42160488.555862494,45297608.88130835,-0.01583611254526147,0.3815634825920036,0.07365708656255965,0.11690893951763101,2021-04-06,2021-05-21,True,False,False,False,False,1672212.0273283683,0,0,True,"['上市公司控股子公司向母公司实施利润分配的情况', '充分披露高送转的主要考虑及其合理性且送转股后每股收益不低于0.5元', '结合前述财务报表列报项目的具体情况说明现金分红方案确定的依据及未来增强投资者回报的规划', '结合所处行业特点、发展阶段和自身经营模式、盈利水平、偿债能力、资金需求等因素，未进行现金分红或现金分红水平较低原因的说明']",暄璱科技
2021-03-31,季报,2021-04-30,无保留意见,False,117017930.34134592,30115817.397897992,86902112.94344793,0.257360707970556,20953023.921438187,7.098215062066629e-27,586837.1079331362,1722640.3620789126,6762879.827370051,0.0004235174719501791,2986642.626251748,33363324.58050348,40000000,2.1725528235861984,-8824270.82888657,-8732031.12709314,56998632.75854909,12849769.571916804,0.3212442392979201,11272812.284057613,17989959.751161747,-9275009.736554783,37820100.1081051,46535050.12271206,-0.1092681020478838,0.3236092018107598,0.009178539199256435,0.1741230484618914,2021-04-06,2021-05-13,False,True,True,False,False,0.0,1,2,True,"['结合所处行业特点、发展阶段和自身经营模式、盈利水平、偿债能力、资金需求等因素，未进行现金分红或现金分红水平较低原因的说明', '充分披露高送转的主要考虑及其合理性且送转股后每股收益不低于0.5元', '上市公司控股子公司向母公司实施利润分配的情况', '根据公司盈利能力、融资能力及其成本、偿债能力及现金流等情况披露现金分红方案的合理性，是否导致公司营运资金不足或者影响公司正常生产经营']",暄璱科技
2021-06-30,半年报,2021-08-27,无保留意见,True,125278024.4410922,40077652.05690031,85200372.38419189,0.3199096747869415,24022400.415089414,7.638738758338474e-27,645093.9792270169,2301212.8638480003,7114108.534557287,0.0005141420998062743,3360107.2761352835,36859712.24732285,40000000,2.130009309604797,122315.48527851178,-607368.4427877802,39689534.69250807,12780837.591664404,0.3195209397916101,11606660.977579087,15430586.140937563,-9652900.281474143,43554784.3877747,49332470.247238114,-0.019582269079734246,-0.0023092968971274662,0.06254896681638547,-0.0336573745995236,2021-04-06,2021-09-14,True,False,False,False,True,6905921.107233308,0,0,True,"['留存未分配利润的预计用途以及收益情况', '结合所处行业特点、发展阶段和自身经营模式、盈利水平、偿债能力、资金需求等因素，未进行现金分红或现金分红水平较低原因的说明', '结合前述财务报表列报项目的具体情况说明现金分红方案确定的依据及未来增强投资者回报的规划', '是否影响偿债能力、过去十二个月内是否使用过募集资金补充流动资金以及未来十二个月内是否计划使用募集资金补充流动资金等内容']",暄璱科技
2021-09-30,季报,2021-10-27,无保留意见,False,154907734.3603164,62863584.08228475,92044150.27803166,0.4058130753888869,26255891.180699356,8.790254195353601e-27,793510.9464634868,2484965.2743939236,9314950.107504968,0.0005964253215856448,4152387.2738843565,43230038.858872786,40000000,2.3011037569507917,15039801.891287208,13269540.318993276,88138092.47770713,21310694.86572671,0.5327673716431678,19824155.373972937,8003790.8622256685,-12367127.54650461,52179342.40171161,47816005.71743267,0.0803256805378656,0.28642099967160745,0.08590340060194543,-0.010749241928413825,2021-04-06,2021-12-23,False,False,False,False,False,0.0,0,0,False,[],暄璱科技
2021-12-31,年报,2022-03-30,保留意见,False,127219885.30895303,44128288.93773541,83091596.37121762,0.34686628454796997,22379745.027012784,7.633882196804633e-27,665944.3430880785,2190542.429138473,7692970.405534256,0.0005030038777904855,3372452.4630003856,37871212.87638949,40000000,2.0772899092804407,16525845.59288951,14534728.861409476,1417829.1620616554,2122919.5737175755,0.053072989342939386,1807412.2034517163,12285784.9203552,-9605907.186249705,41386424.55495522,44066302.28906072,-0.09726369225824408,-0.5008464440349994,-0.05894679084091691,0.2081170893252909,2021-04-06,2022-05-02,False,False,False,True,False,0.0,0,0,False,[],暄璱科技
2022-03-31,季报,2022-04-30,无保留意见,True,142597527.91785675,59748207.68625068,82849320.23160607,0.4189989024260548,24613464.938037854,9.253087907754861e-27,768719.9158459269,2499453.3386976477,8926868.176946213,0.0005382924716836524,4228606.944057504,41014188.42413277,40000000,2.071233005790152,16404143.232102858,14429760.020675816,814742.7558676447,-173860.51540950313,-0.004346512885237578,-149955.48676236914,2976776.412515861,-12455232.120929696,46789144.744651325,37310689.03623749,-0.0029157718733573306,-0.1201061417569188,0.07213261787808482,0.16724245822063757,2021-04-06,2022-06-20,False,True,False,True,False,0.0,0,0,True,"['上市公司控股子公司向母公司实施利润分配的情况', '根据公司盈利能力、融资能力及其成本、偿债能力及现金流等情况披露现金分红方案的合理性，是否导致公司营运资金不足或者影响公司正常生产经营', '公司在相应期间是否按照中国证券监督管理委员会相关规定为中小股东参与现金分红决策提供了便利']",暄璱科技
2022-06-30,半年报,2022-08-27,无保留意见,False,119594598.30180463,47986481.66378281,71608116.63802181,0.40124288508989225,24905199.04770522,6.39733926780466e-27,662233.4504117551,2133002.531839992,8073900.016188815,0.00045086993991706124,3205554.5464403257,36606950.92913549,40000000,1.7902029159505453,15457598.341850463,13503718.339304058,0.0,-1352206.9860748518,-0.03380517465187129,-1322916.6876739396,1879181.321634101,-9294049.530626763,40268524.66115358,32853656.452160917,-0.13568250846427427,-0.07003070857367426,-0.017756017336162572,0.09974327258833379,2021-04-06,2022-10-19,False,False,False,True,False,0.0,0,0,False,[],暄璱科技
2022-09-30,季报,2022-10-27,无保留意见,False,105559127.72538242,37571491.63694739,67987636.08843502,0.35592840189710157,18668301.94929227,5.890290726371721e-27,539889.6876466566,1824753.6418217288,6076469.898671162,0.00040316620316855993,2700984.951189161,29784119.505140156,40000000,1.6996909022108757,15987259.349541584,13957295.751557231,1859627.738770654,756658.5824158862,0.018916464560397157,647967.7317902477,8694008.798322389,-8114694.001915636,39080372.99817624,39659687.79458299,-0.05055963931977532,0.13477079909058334,-0.04531448319279069,0.010627015915514836,2021-04-06,2022-12-03,False,False,True,False,False,0.0,0,3,True,"['公司在相应期间是否按照中国证券监督管理委员会相关规定为中小股东参与现金分红决策提供了便利', '留存未分配利润的预计用途以及收益情况', '充分披露高送转的主要考虑及其合理性且送转股后每股收益不低于0.5元']",暄璱科技
2022-12-31,年报,2023-03-30,无保留意见,False,114548302.82030737,49777865.065318435,64770437.75498894,0.43455785760008403,20632079.039647643,7.068277579646817e-27,637885.4156440971,2086959.3432330522,6888541.607136358,0.0004794747657014912,2961624.3436312554,33795085.20586671,40000000,1.6192609438747234,18151914.99642231,16015976.451014617,12294112.460973302,3092365.20982961,0.07730913024574025,2940972.4277962665,10193656.852532817,-9098409.68077134,36576122.60845436,37671369.78021584,-0.04732034408817064,0.13153976107457135,0.07862945570298246,0.04761735607282999,2021-04-06,2023-04-30,True,False,False,False,False,3489795.744127382,0,0,True,['结合前述财务报表列报项目的具体情况说明现金分红方案确定的依据及未来增强投资者回报的规划'],暄璱科技
2023-03-31,季报,2023-04-30,非标准无保留意见,False,116037078.75185066,51172448.64066919,64864630.11118148,0.4410008351735849,23430436.917371754,7.845003373557102e-27,637992.1087448556,2320566.1063674786,7577909.911910082,0.000468857763404544,3322692.765061227,36841871.86946426,40000000,1.621615752779537,16297111.766408535,14116377.195527185,12166288.243187588,-2649718.900019681,-0.06624297250049203,-2713713.2221249053,14952500.927008944,-9419240.342448438,37966738.995149694,43499999.5797102,0.0014542491830739396,-0.28578437878683105,0.006442977573500842,0.05294864515323049,2021-04-06,2023-05-15,False,True,False,True,True,0.0,2,0,True,"['结合前述财务报表列报项目的具体情况说明现金分红方案确定的依据及未来增强投资者回报的规划', '充分披露高送转的主要考虑及其合理性且送转股后每股收益不低于0.5元', '公司在相应期间是否按照中国证券监督管理委员会相关规定为中小股东参与现金分红决策提供了便利', '根据公司盈利能力、融资能力及其成本、偿债能力及现金流等情况披露现金分红方案的合理性，是否导致公司营运资金不足或者影响公司正常生产经营']",暄璱科技
2023-06-30,半年报,2023-08-27,无保留意见,False,133997345.61826935,64823013.13183401,69174332.48643535,0.4837634121238589,27087145.782626577,7.97669269109523e-27,785719.8474029897,2391017.714855705,8173135.37975269,0.0005392284171912776,3846976.881171226,40677748.30122956,40000000,1.7293583121608838,10965393.07886375,9491449.481733054,21871568.299329102,-7616740.982206836,-0.19041852455517091,-6607039.591134473,8278769.753010804,-10656603.85086346,42607088.01642729,40229253.91857464,0.06644148541149186,-0.34612716277689987,0.04276257695027406,0.07751331293920699,2021-04-06,2023-09-06,False,False,False,False,False,0.0,0,0,False,[],暄璱科技
2023-09-30,季报,2023-10-27,无保留意见,False,163020612.26783973,95024677.69797105,67995934.5698687,0.5828997718512265,28983059.59266793,9.973503268199421e-27,914916.7233250566,2926870.0269268686,11061970.998428464,0.0006151536231882435,4528140.648214666,50331379.96202405,40000000,1.6998983642467174,4274646.945806435,3202990.164537965,40255726.905800074,-9558208.76151045,-0.23895521903776126,-8983513.310278699,14733084.761918368,-12914190.70567709,53853703.65391654,55672597.71015781,-0.01703519028243219,-0.20690761873055746,0.09913635972736758,0.06951615754811562,2021-04-06,2023-12-11,False,False,False,False,False,0.0,0,0,False,[],暄璱科技
2023-12-31,年报,2024-03-30,无保留意见,False,143381221.76047653,69944352.57306142,73436869.18741511,0.4878208716194786,23350000.41011964,7.870219469985582e-27,716052.0466287722,2490827.81240567,7857577.11001743,0.00051859189080254,3653238.7271481818,39891287.65951737,40000000,1.8359217296853778,-7345903.682363478,-7831352.721783676,40248802.89421482,-16600786.611671304,-0.41501966529178264,-15763346.980459489,8347561.420778729,-11766397.490824673,47515429.395904355,44096593.325858414,0.08001852834239107,-0.9463552019218261,-0.09507890023174789,-0.021495190888068127,2021-04-06,2024-04-18,False,False,False,False,False,0.0,0,0,False,[],暄璱科技
2024-03-31,季报,2024-04-30,无保留意见,False,120975204.0922036,67266738.57844508,53708465.513758525,0.5560374052121989,21863299.85956488,6.676137250176427e-27,587097.5082563432,1839270.7734101485,6957261.921384145,0.00046201663779656663,3021091.319783163,32993666.090765726,40000000,1.3427116378439632,-18970111.995356914,-18834736.963588335,23055443.658398587,-16606011.87570491,-0.4151502968926228,-15719120.345435226,18023177.033391815,-10160581.128710309,40490346.03550609,48352941.940187596,-0.26864440017600116,-0.013088899787360088,0.0682165335927203,-0.020977669819335906,2021-04-06,2024-05-29,False,False,False,False,False,0.0,0,0,False,[],暄璱科技
2024-06-30,半年报,2024-08-27,无保留意见,False,120024555.15661657,64187614.65644504,55836940.500171535,0.5347873572427615,22789231.84390927,6.787219946163782e-27,626398.9744177248,2292117.864509623,7722952.023506195,0.0004866296088116593,3142693.881324018,35477526.503140755,40000000,1.3959235125042884,-30386249.617789723,-28634979.58863034,19042110.236321636,-16308768.03204687,-0.40771920080117174,-14000346.607202863,3372669.6533420463,-10205515.870333614,37141525.08360554,30308678.866613977,0.039630158226504696,0.7544487392605066,-0.02125004796943738,0.08566758946873415,2021-04-06,2024-10-24,False,False,False,False,True,0.0,0,0,False,[],暄璱科技
2024-09-30,季报,2024-10-27,保留意见,False,116779795.20456353,53906236.781713046,62873558.42285048,0.46160585131430765,19547770.987723947,6.767223294205529e-27,637562.0873760126,2195812.800024951,6230483.3804091485,0.00042432014975966366,3020311.5033569457,33387756.57576072,40000000,1.5718389605712622,-41659810.2294334,-38778022.32598885,20182636.645264763,-16105086.588062394,-0.40262716470155985,-14490061.053369308,17363183.43659112,-9190895.487811657,41984212.02734846,50156499.97612792,0.12602083602086575,0.2946643868159266,-0.07318150592845389,0.09075501436493053,2021-04-06,2024-12-10,False,False,False,False,False,0.0,0,0,False,[],暄璱科技
2024-12-31,年报,2025-03-30,无保留意见,False,114306843.47973628,52638252.76064205,61668590.71909423,0.46049957428816135,17087357.594183553,5.5561114350626e-27,488344.20204217243,1810054.219085412,6137540.2737010205,0.0004104200723435878,2590522.9059461686,29438033.28435921,40000000,1.5417147679773557,-53243662.66997556,-49453240.086211264,77903192.55108368,-16548360.629345942,-0.41370901573364854,-15250311.086032018,13158034.363907896,-9266578.757266996,39506291.29051979,43397746.89716069,-0.019164935689695566,-0.49532617946109636,-0.0011062770261463276,-0.009039371239935876,2021-04-06,2025-04-14,False,False,False,False,False,0.0,0,0,False,[],暄璱科技
2017-03-31,季报,2017-04-30,保留意见,False,241876473.63108858,72155946.41360748,169720527.2174811,0.29831734079131705,1067573.3217864258,723924.8008258102,6234001.515445782,93298229.72448257,8239861.977870888,2623.4949108549313,19796836.94761975,140766875.8122902,40000000,4.2430131804370275,13259580.943056082,12040403.542673253,77351785.7504614,18942258.49008012,0.47355646225200293,17200576.48953322,-31707116.87922302,-16465719.844752103,84036442.94547412,35863606.221498996,-0.05710818212510493,0.9967921383377842,-0.0016826592086829346,0.07329834295476534,2021-03-15,2017-06-28,False,False,False,False,False,0.0,0,0,False,[],淼璋控股
2017-06-30,半年报,2017-08-27,无保留意见,False,273519720.5330539,108376901.5563131,165142818.97674075,0.3962306679207657,1095785.2382365172,746960.5075724223,5619285.432529336,95582240.54218969,7826857.191146447,2509.717275438348,21279932.536875106,132123959.06073594,40000000,4.1285704744185185,17854685.570882954,16157144.54044158,6908046.1198541075,6564435.182609815,0.16411087956524537,5881058.568240467,-27066090.116863698,-20667145.918566946,93939719.58383003,46206483.54839939,-0.026972036416517024,-0.34438078817129747,0.09791332712944867,0.04372832551013082,2021-03-15,2017-10-25,False,False,False,False,False,0.0,0,0,False,[],淼璋控股
2017-09-30,季报,2017-10-27,无保留意见,True,296976343.45675784,130144007.94768925,166832335.5090686,0.4382302187198936,1245117.356146334,936451.7475500567,7789737.496838401,125723389.02066448,10142242.82532687,3265.4424506805394,23913210.849580113,170322319.51124087,40000000,4.170808387726715,20356929.582240663,18534440.529165637,6923566.876249361,3574634.301939588,0.0893658575484897,3396137.1267486555,-35744263.982366286,-22750750.34398422,113537263.1036724,55042248.77732189,0.010230638805831539,-0.12687768060219204,0.04199955079912788,0.08311908369114904,2021-03-15,2017-11-25,False,False,False,False,False,0.0,0,0,False,[],淼璋控股
2017-12-31,年报,2018-03-30,无保留意见,False,293780030.0216113,127162709.76109885,166617320.2605124,0.43285008089809374,1154783.627641244,955740.1854046053,7361574.355958103,128807781.71297827,8819138.9803491,2853.2383733611523,25376505.099496007,165622872.89493796,40000000,4.16543300651281,28457645.567195483,26143036.309407946,6345558.849176929,11572451.40707831,0.28931128517695776,10869422.5432033,-11961956.72149807,-21627378.643275324,111241389.39002383,77652054.02525043,-0.0012888103969780718,0.38872219976151706,-0.005380137821799848,-0.0481172561731346,2021-03-15,2018-05-21,False,False,False,False,False,0.0,0,0,False,[],淼璋控股
2018-03-31,季报,2018-04-30,无保留意见,False,327390059.7802721,144569900.39470646,182820159.38556564,0.44158304773130425,1141519.9242086206,938886.1556477948,7776406.225955782,144141733.69620648,10152080.666138649,3196.099434950037,25948163.50925645,177421463.46415883,40000000,4.570503984639141,38896454.037919655,35498636.71432043,43464326.745717645,14912583.52960597,0.37281458824014924,13365143.43558926,-37508867.079918124,-24543915.410351098,126974658.74301992,64921876.2527507,0.09724582714281745,0.11690043934067895,0.008732966833210518,-0.04795095178822777,2021-03-15,2018-06-05,False,False,False,False,False,0.0,0,0,False,[],淼璋控股
2018-06-30,半年报,2018-08-27,无保留意见,False,322575430.5692297,121307018.92386538,201268411.6453643,0.376057837727449,1231660.2897518256,872467.4119710271,6699894.907176582,131530801.69622412,10087581.28613575,2954.0053421865323,25666040.923706174,166932484.68598986,40000000,5.031710291134108,42458281.67540677,39092982.87967208,13603446.079962539,5088325.196410157,0.12720812991025393,5134780.236216644,-58394224.69664751,-25657707.26069839,123362666.58134227,39310734.62399636,0.10090928878850562,-0.307849044063814,-0.06552521000385524,-0.05317433658694544,2021-03-15,2018-09-28,False,False,False,False,False,0.0,0,0,False,[],淼璋控股
2018-09-30,季报,2018-10-27,无保留意见,False,342544052.299379,127175528.94837222,215368523.35100675,0.37126766059631505,1375301.4272415393,1146773.578457301,8279464.71232753,157061323.09830183,10989308.339504493,3312.063011929094,30035146.967145335,197799388.03021774,40000000,5.384213083775169,52042017.00738848,48140308.1604729,7534274.368562984,13691050.474259596,0.3422762618564899,12924750.40114403,-19679626.590105787,-26157540.71681683,130116597.18552299,84279429.87860037,0.07005625766296035,0.38946933284229146,-0.004790177131133962,0.10232501312111145,2021-03-15,2018-12-18,False,False,False,False,False,0.0,0,0,False,[],淼璋控股
2018-12-31,年报,2019-03-30,无保留意见,False,316798272.162449,106169827.33276217,210628444.82968685,0.33513385855311734,1316670.4873727926,887805.5072212566,8126777.433112809,117270458.27972476,11100053.776570857,3381.3713157514785,27202551.141492654,176711861.50430745,40000000,5.265711120742171,53591741.36366566,49579903.92291704,5455343.108725378,2213891.9375388287,0.055347298438470714,2056565.374920198,-42319436.69484762,-22060250.518152785,127572710.05809055,63193022.84509015,-0.022009151790461545,-0.3739578267725503,-0.036133802043197695,-0.04878905616692526,2021-03-15,2019-05-07,False,False,False,False,False,0.0,0,0,False,[],淼璋控股
2019-03-31,季报,2019-04-30,无保留意见,False,314891814.6220794,107185090.38946295,207706724.23261642,0.34038703266422543,1290994.3837860096,918190.8841158751,7014045.262705964,120410417.3317894,9769443.625371443,2994.339781206851,23834376.70430592,167367824.09164837,40000000,5.192668105815411,50795805.12791202,47040545.11478934,8400055.678799614,-3994194.6225052103,-0.09985486556263026,-3627655.440182425,-57785507.07171269,-23487579.26763765,112829330.36765218,31556244.028301835,-0.013871443619274367,-0.32310406346748993,0.005253174111108084,0.03769691481622167,2021-03-15,2019-05-11,False,False,False,False,False,0.0,0,0,False,[],淼璋控股
2019-06-30,半年报,2019-08-27,无保留意见,False,307654008.3281849,121836566.63039546,185817441.69778943,0.39601813508773887,1304111.20364028,874170.365759687,7564124.178774442,133190172.0012192,10183901.303584872,3452.7584908721387,26597933.817660395,173855792.14727595,40000000,4.645436042444736,56355704.98258052,52263267.72236532,8488966.95727794,7942714.078097858,0.19856785195244644,7461032.296537118,-14213078.447356354,-24144513.855370108,107259176.0519372,68901583.74921073,-0.10538552671175225,0.9178138803505903,0.055631102423513434,0.09950178522628038,2021-03-15,2019-09-19,False,False,False,False,False,0.0,0,0,False,[],淼璋控股
2019-09-30,季报,2019-10-27,保留意见,False,320096623.53920406,121983772.42688161,198112851.11232245,0.38108422100222983,1261483.012157407,1038633.8654269215,7896508.818706699,133529677.53543949,10957258.194154713,3253.2335564015966,27987424.89069826,186045373.6611991,40000000,4.952821277808061,54936958.67938379,50987925.62888781,3545354.8740258706,-2026780.4331381787,-0.050669510828454466,-1821917.2763964399,-54965420.776921295,-24885871.958580166,126295927.17902431,46444634.44352284,0.0661692966074201,-0.3996956578189792,-0.014933914085509072,0.0536312253550085,2021-03-15,2019-11-28,False,False,False,False,False,0.0,0,0,False,[],淼璋控股
2019-12-31,年报,2020-03-30,无保留意见,False,301175874.88572955,103025333.16781884,198150541.71791068,0.34207697813414883,1267434.5625057188,849771.9962311027,7409094.21184139,140268559.93784502,10018251.163022729,3321.3281378446604,25083336.65342688,176660800.17818123,40000000,4.953763542947767,56687901.0504309,52630018.820249714,3398062.168283348,2501346.244353004,0.0625336561088251,2345847.4162312928,-42836112.2874053,-24338135.967382904,111411896.67953879,44237648.42475058,0.00019024816096782247,0.3024150322027377,-0.03900724286808095,0.00973554247351357,2021-03-15,2020-05-15,False,False,False,False,False,0.0,0,0,False,[],淼璋控股
2020-03-31,季报,2020-04-30,非标准无保留意见,False,308514872.38688576,113808698.44446023,194706173.94242555,0.3688920976935631,1298088.8687845245,954507.4596278027,7430170.73635276,143606067.86157382,9779365.44959142,2929.991856469302,23957673.7070897,174565096.06928557,40000000,4.867654348560639,64501964.01597836,60086646.23729907,48103916.11112729,11162947.093639221,0.27907367734098054,10652324.881499084,-54945526.83549495,-22674927.50458857,116637826.48610304,39017372.14601952,-0.01738258066631275,0.44415399535785144,0.026815119559414277,0.09240144701233521,2021-03-15,2020-06-02,False,False,False,False,False,0.0,0,0,False,[],淼璋控股
2020-06-30,半年报,2020-08-27,保留意见,False,324001463.2775992,116669926.66758582,207331536.61001337,0.36009073998417385,1278769.6654399834,969451.9039650481,8643328.491305295,124998007.03088392,9794065.181672862,3274.558248780513,25358735.763077073,180943116.09378305,40000000,5.183288415250334,62708750.73149224,58423174.93206655,2807887.712596557,-2561733.263551591,-0.06404333158878978,-2376387.5789036043,-15724178.67029314,-24764284.019499257,111795864.86961044,71307402.17981805,0.06484315526286871,-0.48733111316644195,-0.008801357709389286,0.14192257919321496,2021-03-15,2020-09-19,False,False,False,False,False,0.0,0,0,False,[],淼璋控股
2020-09-30,季报,2020-10-27,非标准无保留意见,False,360247702.2069298,136716980.42646676,223530721.780463,0.3795082649768997,1570931.428440019,1138071.7221952653,9898699.024990492,166498151.48068935,11489019.063384296,4119.531131701059,33181373.49392648,210999311.0613434,40000000,5.588268044511575,62143108.2230512,57911398.93079693,2926407.282350761,-808060.7263443395,-0.02020151815860849,-731108.5732423204,-24825387.586981006,-28857206.019267738,135556765.48561773,81874171.87936899,0.07813179526528075,0.12146004567017907,0.01941752499272586,-0.015657025829068374,2021-03-15,2020-11-30,False,False,False,False,False,0.0,0,0,False,[],淼璋控股
2020-12-31,年报,2021-03-30,无保留意见,False,441830183.73824584,200963942.55587122,240866241.18237463,0.4548443043332879,1912818.8395810772,1492999.804200168,11968139.705318453,215613855.01868713,14011268.927251397,4732.708165932934,39553498.50156116,268422184.943119,40000000,6.021656029559366,62406258.08104862,58154409.45718265,1321760.4083180346,375928.36856774986,0.009398209214193747,347157.89483675413,-68532271.16403683,-36073066.28047925,163622117.99434844,59016780.54983236,0.07755318492165658,0.07312213039474777,0.07533603935638818,-0.052416000956489114,2021-03-15,2021-04-26,False,False,False,False,False,0.0,0,0,False,[],淼璋控股
2021-03-31,季报,2021-04-30,无保留意见,False,408060678.3102441,187279525.91439667,220781152.3958474,0.45895019017737876,1751840.0811071317,1319215.1386326358,11312598.68370048,184495478.6021075,13449538.338208444,4309.189460063677,33986865.51219063,245906469.46163094,40000000,5.519528809896185,75698378.61755043,70078735.93461102,51118534.568938136,18988743.62357401,0.4747185905893503,17034752.110611953,-62069237.98410457,-30099796.422670454,156172845.53174165,64003811.12496662,-0.08338689842101839,1.071183931022413,0.004105885844090898,0.03620897158083862,2021-03-15,2021-06-08,True,False,True,False,False,28333600.272028018,0,7,True,"['根据公司盈利能力、融资能力及其成本、偿债能力及现金流等情况披露现金分红方案的合理性，是否导致公司营运资金不足或者影响公司正常生产经营', '公司为增强投资者回报水平拟采取的措施', '上市公司控股子公司向母公司实施利润分配的情况']",淼璋控股
2021-06-30,半年报,2021-08-27,无保留意见,False,359897059.18903863,165430031.5817544,194467027.60728428,0.45965930356452567,1811712.6860668862,1196807.0663033614,9427648.604172472,166721095.68422553,12101016.827193202,4206.930884530773,32263402.196645517,222482706.75485802,40000000,4.861675690182107,77367803.31979287,71566746.27955864,5228474.279015156,2384892.431774907,0.05962231079437267,2125729.0642108885,-35755127.74515527,-27705323.603089735,141630348.0844295,78169896.73618451,-0.11918646362250825,-0.46136234611210336,0.0007091133871469429,-0.12349556622092664,2021-03-15,2021-09-06,False,False,False,False,False,0.0,0,0,False,[],淼璋控股
2021-09-30,季报,2021-10-27,无保留意见,True,376708589.69193625,189692921.36697298,187015668.32496327,0.5035534802168954,1501259.5610935483,1124304.6044342169,9013699.357143756,157832673.07745203,12582395.683429768,4367.243065110137,33742582.72640651,217009001.4707611,40000000,4.6753917081240814,71764985.38184544,66524780.53587056,24173606.654894702,-8004025.62563918,-0.2001006406409795,-7202808.205268694,-7694840.509385648,-26847932.8717799,140294151.0541206,105751377.67295505,-0.03831682611701454,-0.5359285894403523,0.043894176652369714,0.0552989005883057,2021-03-15,2021-12-09,False,False,False,False,False,0.0,0,0,False,[],淼璋控股
2021-12-31,年报,2022-03-30,无保留意见,False,368634860.82614094,180656133.07437882,187978727.75176212,0.49006795686526666,1529028.6386105102,1171735.0132799335,8921603.917583782,161407422.88966173,12499724.18379401,3819.5072249948903,29249920.368669264,215297596.77420643,40000000,4.699468193794053,68567346.89393644,63619749.819291286,7217901.417130572,-4568054.98272714,-0.1142013745681785,-4150043.880827531,-20501592.059413206,-28105418.010008257,151904384.76464558,103297374.6952241,0.0051496189352722545,0.38194535688149656,-0.013485523351628741,0.013443845883820848,2021-03-15,2022-04-12,False,False,False,False,False,0.0,0,0,False,[],淼璋控股
2022-03-31,季报,2022-04-30,无保留意见,False,443030115.0942118,247680846.24176955,195349268.85244223,0.5590609708080441,1895079.6279886193,1407657.0203681279,11516343.92050158,182497805.2760007,14160167.75268697,4470.803160983452,34927987.46503944,252132394.3149358,40000000,4.883731721311056,59318627.98840542,55664657.43126429,56112599.07494363,-13212455.579330027,-0.3303113894832507,-11364417.697181437,-34553789.70888621,-33888127.082871504,159933478.87356746,91491562.08180974,0.039209442413150955,-0.6953377435785322,0.06899301394277743,-0.19221830713946905,2021-03-15,2022-05-24,False,False,True,False,False,0.0,0,5,True,"['结合所处行业特点、发展阶段和自身经营模式、盈利水平、偿债能力、资金需求等因素，未进行现金分红或现金分红水平较低原因的说明', '上市公司控股子公司向母公司实施利润分配的情况', '根据公司盈利能力、融资能力及其成本、偿债能力及现金流等情况披露现金分红方案的合理性，是否导致公司营运资金不足或者影响公司正常生产经营']",淼璋控股
2022-06-30,半年报,2022-08-27,无保留意见,False,349072050.49271464,199353905.8858544,149718144.60686028,0.5710967280378554,1348190.5676646002,961978.4811971468,8564179.772557037,150891175.99784356,10623154.674805013,3519.055850032497,28517558.21185791,192327718.29393503,40000000,3.742953615171507,51296860.13648824,48568295.47956122,49989829.54600738,-11459668.359881705,-0.2864917089970426,-10137659.931004386,-13268685.85455283,-29468995.984460294,136982967.87734923,94245286.0383361,-0.2335873817887159,0.46277667659361027,0.012035757229811308,0.0036335432162696506,2021-03-15,2022-10-16,False,False,True,False,False,0.0,0,8,True,"['是否影响偿债能力、过去十二个月内是否使用过募集资金补充流动资金以及未来十二个月内是否计划使用募集资金补充流动资金等内容', '公司在相应期间是否按照中国证券监督管理委员会相关规定为中小股东参与现金分红决策提供了便利']",淼璋控股
2022-09-30,季报,2022-10-27,无保留意见,False,428195647.75325775,253802145.20777917,174393502.54547858,0.5927247195049246,1816695.645494648,1408138.8660241633,11639852.874012299,187206273.32992956,13916293.3412951,5089.195171975761,38667419.13460028,259318291.27339953,40000000,4.359837563636964,44751128.21383515,42677967.21646567,22018573.613801975,-9351045.60379012,-0.23377614009475298,-8414754.661565075,-59703547.796724595,-35145912.47505373,169141854.81512368,74292394.54334536,0.16481207407033044,0.3805950425102284,0.021627991467069174,-0.013921730914172106,2021-03-15,2022-12-08,False,False,False,False,False,0.0,0,0,False,[],淼璋控股
2022-12-31,年报,2023-03-30,无保留意见,False,566814853.0888418,375107718.47162443,191707134.61721733,0.6617817377711352,2122092.2272045184,1526341.5649336826,13053817.821177393,216193930.78411838,16840826.283715356,5040.688350904617,43054453.9987839,294504986.81856304,40000000,4.792678365430433,40512211.53482446,38924077.14408346,11335441.347363228,-6055595.255729554,-0.15138988139323886,-5362700.103403141,-19691690.436994944,-42737965.47728985,224550539.1364581,162120883.2221733,0.09927911200260256,0.4308367101382493,0.06905701826621055,0.021913727511312174,2021-03-15,2023-04-25,False,False,True,False,True,0.0,0,1,True,"['结合所处行业特点、发展阶段和自身经营模式、盈利水平、偿债能力、资金需求等因素，未进行现金分红或现金分红水平较低原因的说明', '上市公司控股子公司向母公司实施利润分配的情况', '留存未分配利润的预计用途以及收益情况']",淼璋控股
2023-03-31,季报,2023-04-30,无保留意见,False,605883947.3952653,399192403.3780631,206691544.01720226,0.6588595144238716,2782147.3648560015,2077191.175830172,15719192.344922451,250207386.11924332,21007123.554852232,6244.407089920467,53244596.041250825,370549055.5682213,40000000,5.167288600430057,35728211.4695022,34521725.27475386,10118910.987446692,-6834285.807603223,-0.17085714519008058,-6289074.099042289,-54391742.278988115,-45769845.58691249,246273673.3662371,146112085.5003365,0.0781630241874115,-0.0711496486166893,-0.0029222233472636343,0.039824998539983766,2021-03-15,2023-06-18,False,False,False,False,True,0.0,0,0,False,[],淼璋控股
2023-06-30,半年报,2023-08-27,无保留意见,False,834631767.2134974,603916563.5288203,230715203.68467718,0.7235724630336763,3422455.0229460965,2422588.7423457303,21045731.256011575,365981409.8142817,27570210.317505296,8545.734215679062,71517596.76401663,478734424.33436763,40000000,5.76788009211693,26949571.013019107,26998567.67132821,6651514.558507861,-12540914.937832993,-0.3135228734458248,-10747368.004893783,-90073088.65532695,-63591022.794635534,315267908.7540141,161603797.30405158,0.11622952347521072,-0.561360374905869,0.0647129486098047,0.05936139165728078,2021-03-15,2023-10-06,False,False,True,False,False,0.0,0,1,True,"['上市公司控股子公司向母公司实施利润分配的情况', '结合前述财务报表列报项目的具体情况说明现金分红方案确定的依据及未来增强投资者回报的规划']",淼璋控股
2023-09-30,季报,2023-10-27,无保留意见,False,831015269.926852,589120586.1778932,241894683.74895883,0.7089166799904278,3360076.2680323957,2165910.0844254247,20817427.195496745,289201766.4779744,25887126.770904787,8550.68903776624,55391781.99857918,435579659.2575192,40000000,6.04736709372397,17700051.462718703,17845498.62520849,36439561.53880973,-13213599.357572004,-0.3303399839393001,-13075812.923028171,-68126844.05394706,-62090128.149897195,307941605.62577945,177724633.4219352,0.04845575794632429,-0.1508570503501686,-0.014655783043248513,-0.10855352869520424,2021-03-15,2023-12-16,False,True,True,False,False,0.0,2,1,True,"['是否影响偿债能力、过去十二个月内是否使用过募集资金补充流动资金以及未来十二个月内是否计划使用募集资金补充流动资金等内容', '根据公司盈利能力、融资能力及其成本、偿债能力及现金流等情况披露现金分红方案的合理性，是否导致公司营运资金不足或者影响公司正常生产经营', '结合前述财务报表列报项目的具体情况说明现金分红方案确定的依据及未来增强投资者回报的规划']",淼璋控股
2023-12-31,年报,2024-03-30,保留意见,True,1249767104.2972372,1028021861.1701417,221745243.12709552,0.8225707474899604,5108706.036698334,3642889.4270455865,31220673.69446476,538251988.4159247,38300762.80333634,14131.054655047805,110349252.0597954,724204635.0255553,40000000,5.543631078177388,8444684.573066944,9158368.517808227,46871152.86062289,-13221952.699502517,-0.33054881748756293,-12410185.867714664,-246887007.58383134,-97353627.51852751,470056879.4228082,125816244.32044935,-0.08329840205489843,-0.002206143173786368,0.11365406749953255,0.09048454600323753,2021-03-15,2024-04-18,False,False,True,False,False,0.0,0,9,True,"['结合所处行业特点、发展阶段和自身经营模式、盈利水平、偿债能力、资金需求等因素，未进行现金分红或现金分红水平较低原因的说明', '公司为增强投资者回报水平拟采取的措施']",淼璋控股
2024-03-31,季报,2024-04-30,无保留意见,False,2445785622.0384665,2186107325.589606,259678296.44886085,0.8938262233169769,9980880.423564823,7600178.945135634,64413944.95652967,1043419672.8325447,81234874.0053529,23451.886138628302,212404410.3418097,1422458613.7065458,40000000,6.491957411221521,-449948.6509629229,1600404.6458890764,11660051.022707578,-12706618.891471239,-0.317665472286781,-10797091.245598787,-174499479.24736035,-192204144.17498627,872753659.6570637,506050036.23471713,0.17106591684595307,0.13640215885158996,0.07125547582701648,-0.1385420790808019,2021-03-15,2024-06-01,False,False,False,True,False,0.0,0,0,False,[],淼璋控股
2024-06-30,半年报,2024-08-27,无保留意见,True,2578559575.2739735,2320703617.7465763,257855957.5273973,0.9,10685407.8883201,7034912.884155717,63153599.64452124,1192928760.45004,76939258.38846852,24807.61107623048,193175675.17952755,1402805177.51244,40000000,6.446398938184933,-11985410.595647812,-9003405.575864658,63568389.046015926,-16479231.349549843,-0.4119807837387461,-15148300.31679105,-329316403.40153927,-201502306.47353625,971165230.4684695,440346520.593394,-0.0070176789758109445,-0.8787043038374455,0.0587429989100552,0.011519173301116584,2021-03-15,2024-09-19,False,False,False,False,False,0.0,0,0,False,[],淼璋控股
2024-09-30,季报,2024-10-27,无保留意见,False,2140964051.6890044,1837508580.0674105,303455471.62159383,0.8582622293997892,9180997.369729577,6611111.977830499,54730579.2673651,902568504.008915,65668785.17853728,20687.348097025453,171856420.74712127,1169245521.8817968,40000000,7.586386790539846,-23738692.826071896,-19446988.724374715,14474879.63686747,-16790403.186320126,-0.41976007965800316,-14919404.49787151,-355663159.73593783,-156446080.50400862,858106776.5728102,345997536.3328637,0.17684103377503527,-0.597524133799727,-0.09430699282724284,0.02173964070704824,2021-03-15,2024-12-23,False,False,False,False,False,0.0,0,0,False,[],淼璋控股
2024-12-31,年报,2025-03-30,无保留意见,False,2519201926.450328,2226659993.5245914,292541932.9257362,0.8838751551218678,10578244.994358405,7961626.162889064,60306173.429617554,1057828204.5205193,84456470.45303515,26957.735860439654,225487742.80913392,1471542236.9599917,40000000,7.313548323143404,-35475880.70480787,-30170975.75998545,70761636.985783,-16767411.255337106,-0.41918528138342764,-15319981.479443908,-246429238.62176657,-190342532.87880465,990768528.9777913,553996757.47722,-0.03596421787202663,0.10969599479759475,0.025612925722078534,0.005472448232661081,2021-03-15,2025-05-21,False,False,False,False,False,0.0,0,0,False,[],淼璋控股
2017-03-31,季报,2017-04-30,保留意见,False,298420897.34761184,86047784.26023598,212373113.08737588,0.2883436951803154,15709449.952100553,85510.20897503688,38329429.22467741,9043497.02773652,26659184.819917317,279119.2621292845,46062.85201971344,90230872.8456817,40000000,5.309327827184397,-3498611.5030890787,-3332368.4705244293,14689438.313109994,-4998016.432984399,-0.12495041082460996,-4760526.386463471,-49727388.356197566,-45413018.1651817,-21166219.75353059,-116306626.27490985,0.1798506282631994,-0.33322313516579993,-0.01165630481968462,0.01693476314070702,2021-10-07,2017-05-15,False,False,False,False,False,0.0,0,0,False,[],淼瀚电力
2017-06-30,半年报,2017-08-27,无保留意见,False,323897633.7334306,107492454.82928033,216405178.9041503,0.3318716891823518,18110279.36866918,120264.69331491349,46564856.86690292,11935327.823016202,31277718.060938146,330764.59984977904,56163.29423328208,104440986.68776271,40000000,5.410129472603757,-1439940.509372726,-1374034.937814119,3200962.105852677,2940958.5624519326,0.07352396406129831,2797619.3324433006,-15198048.55493738,-53416484.55790145,-21990661.908636797,-90605195.02147563,0.018985764055337577,0.6614719101311373,0.04352799400203646,-0.023014539349494836,2021-10-07,2017-10-05,False,False,False,False,False,0.0,0,0,False,[],淼瀚电力
2017-09-30,季报,2017-10-27,无保留意见,False,338155063.2501712,101210641.1814714,236944422.0686998,0.2993024567152335,17498388.065347888,110693.40495709098,39388605.41949306,8830919.483454105,23259651.531760838,296138.7763929717,44011.01855181509,91770179.0437519,40000000,5.923610551717495,8178321.935876466,7186584.001645194,30707352.445992198,13740374.921784561,0.34350937304461404,12229455.62779902,-61571099.13438207,-50409959.41571644,-21765015.31534206,-133746073.86544058,0.0949110518914462,0.5415695702646669,-0.03256923246711837,0.16615476965950896,2021-10-07,2017-12-14,False,False,False,False,False,0.0,0,0,False,[],淼瀚电力
2017-12-31,年报,2018-03-30,无保留意见,False,380139770.3938811,148432717.09357315,231707053.3003079,0.3904687924122617,21519890.179340933,120988.93584019943,51412931.28030407,11897439.240743037,28745071.89045854,335995.43200573366,54130.06454413752,108154727.95226799,40000000,5.792676332507697,28125969.939570617,23512501.90326397,54814265.090864815,28496640.005277358,0.712416000131934,23322739.85945539,-23439270.17048411,-56649625.19661854,-25230784.300042473,-105319679.66714513,-0.022103785869554592,0.48002879343659466,0.0911663356970282,-0.03492873929375536,2021-10-07,2018-05-12,False,False,False,False,False,0.0,0,0,False,[],淼瀚电力
2018-03-31,季报,2018-04-30,无保留意见,False,440270058.1796489,181476662.94681874,258793395.2328301,0.41219396953123844,23924950.411721654,140276.88017504074,57879447.99048722,11932696.304937689,38719904.91284274,409317.5092161571,65717.53229009698,129522739.65806429,40000000,6.469834880820753,39792536.83261534,33578767.88665184,57623096.5657929,16666524.132921033,0.4166631033230258,14380379.976268379,-16493046.13598798,-66952678.78997712,-30586571.20841154,-114032296.13437665,0.11689908246952009,-0.26002174822105767,0.02172517711897674,0.056311153843866625,2021-10-07,2018-06-20,False,False,False,False,False,0.0,0,0,False,[],淼瀚电力
2018-06-30,半年报,2018-08-27,无保留意见,False,446667067.9096857,152846888.68005157,293820179.2296341,0.34219421950076834,24109859.446079206,137583.50125730317,59019786.2990931,15405986.327853344,39317812.37281587,472591.36515429756,73839.49036306229,138138495.00867802,40000000,7.3455044807408525,39788574.506777555,33575421.024113536,21732.52418441924,-5660.465482547879,-0.00014151163706369697,-4781.232197564992,-49541126.640326284,-61575378.96392948,-30196818.626169138,-141313324.2304249,0.13534651440888296,-0.49521550049476515,-0.06999975003047008,0.2352636644862296,2021-10-07,2018-10-15,False,False,False,False,False,0.0,0,0,False,[],淼瀚电力
2018-09-30,季报,2018-10-27,无保留意见,False,487427996.0032574,187743079.78104463,299684916.2222128,0.3851708997441131,26155789.239378266,165073.16086803027,55314421.16226332,16528147.732237995,41221431.90930638,435725.3743199929,77084.55574099034,141497907.3208735,40000000,7.49212290555532,45278076.40584655,38311314.135744415,27238983.970337305,7842145.570098564,0.1960536392524641,6765561.588044109,-89579079.78313828,-70629125.95775373,-33829405.10706409,-194037610.8479561,0.019960293428298376,0.4617894105058519,0.042976680243344806,-0.046143229356188205,2021-10-07,2018-12-07,False,False,False,False,False,0.0,0,0,False,[],淼瀚电力
2018-12-31,年报,2019-03-30,无保留意见,False,688929436.7345147,378773889.59781224,310155547.1367024,0.5498007043989561,36419392.76804036,220908.2424347308,92622487.60156247,24595148.927612774,53728685.55062549,692961.9030106607,98363.74427430931,207433541.6742641,40000000,7.75388867841756,53230612.30251981,45897584.06654661,18753792.217971414,11360765.566676099,0.28401913916690247,10837528.472574567,-83415549.95989951,-103714263.24245358,-45604196.62166846,-232734009.82402155,0.03493879854375368,0.14163913445595253,0.16462980465484306,0.05743146185174944,2021-10-07,2019-05-08,False,False,False,False,False,0.0,0,0,False,[],淼瀚电力
2019-03-31,季报,2019-04-30,无保留意见,False,946770645.2540238,636127649.5335959,310642995.72042793,0.6718920286791521,48556012.34672835,304389.1344820161,109385349.5886519,29041827.658482883,79040555.3037692,784644.4452471981,141571.6306950012,269844752.6507048,40000000,7.766074893010698,71145142.419336,61749691.17876725,85965729.40302196,25592185.88116599,0.6398046470291497,22645867.303172346,-22901546.18155824,-144398830.9726087,-63385007.44019389,-230685384.59436083,0.001571626199258983,0.5017995822796764,0.12209132428019595,0.03291299856820413,2021-10-07,2019-06-18,False,False,False,False,False,0.0,0,0,False,[],淼瀚电力
2019-06-30,半年报,2019-08-27,非标准无保留意见,False,1310711357.6705308,955120539.7404355,355590817.9300952,0.7287039470215082,72353113.47027235,464029.9740794082,172897953.17311478,45119217.22148033,111317097.75460628,1321062.5629075866,209851.78774894602,407697775.8437065,40000000,8.88977044825238,93956578.04529256,82623226.45028171,87392915.690851,32587765.17993792,0.814694129498448,29819336.10216352,-184707482.7550375,-210558263.42790377,-87888708.82435577,-483154455.00729704,0.14469285587922706,0.16424560407136404,0.05681191834235608,-0.0124767283080665,2021-10-07,2019-09-08,False,False,False,False,False,0.0,0,0,False,[],淼瀚电力
2019-09-30,季报,2019-10-27,无保留意见,False,1455153192.7773352,1054540944.7786734,400612247.99866164,0.7246941078182669,74844369.69196275,477748.72598122165,159868266.66134274,42514103.11164322,118279365.70098864,1414816.4100917436,222537.73349335406,423773478.73065025,40000000,10.015306199966542,110244726.0097892,96792785.04280011,31748970.930637196,23268782.806423776,0.5817195701605944,20242226.560740583,-244496697.43355986,-239910171.89733317,-85606545.02100174,-570013414.3518947,0.12661021544548764,-0.1879290655608007,-0.004009839203241287,0.09132894191568929,2021-10-07,2019-12-14,False,False,False,False,False,0.0,0,0,False,[],淼瀚电力
2019-12-31,年报,2020-03-30,无保留意见,False,2382414177.615835,1940036430.937371,442377746.6784641,0.8143153483408301,132003490.97938757,717320.1905666245,278278259.7055236,72208052.64502394,195675434.64917496,2057108.5402220425,381014.78348755126,689729302.0796658,40000000,11.059443666961602,128781595.48049216,113805961.7805436,68383438.53737672,26481242.101004228,0.6620310525251057,24304538.196776398,-148116201.5833599,-379143916.23963165,-172311574.1910846,-699571692.0140761,0.10425417317730644,0.07977542579379866,0.08962124052256298,0.006364895284717565,2021-10-07,2020-05-14,False,False,False,False,False,0.0,0,0,False,[],淼瀚电力
2020-03-31,季报,2020-04-30,无保留意见,False,2823196954.2514715,2422790992.320612,400405961.93085957,0.8581728556600043,177183463.184635,938062.470396955,351231004.42195094,91940010.26887178,254149264.69064718,3043426.065874371,437969.6600798652,882484321.0568811,40000000,10.010149048271488,175577350.55186388,152707889.7815552,316231218.8985788,66851078.6733882,1.671276966834705,55574182.858588025,-316025694.70067817,-455300737.69093055,-195309985.00958556,-966636417.4011943,-0.09487770364297084,0.9284425794140688,0.043857507319174406,-0.07596992407550353,2021-10-07,2020-06-06,False,False,False,False,False,0.0,0,0,False,[],淼瀚电力
2020-06-30,半年报,2020-08-27,保留意见,False,2049800595.5314207,1652900743.3894744,396899852.1419462,0.8063714816908578,130156769.5540193,755479.8575136437,299214440.97085756,67829643.33350688,189350216.95657736,2124819.0597792366,328590.2223404648,677188446.5077915,40000000,9.922496303548655,226804836.509418,201074710.9884814,53091093.25048396,73182122.79650588,1.829553069912647,69095458.86703745,-329352206.2594624,-309267745.11703825,-143969598.12586308,-782589549.5023637,-0.008756387572267805,0.07550343088343571,-0.05180137396914649,0.12493143696533902,2021-10-07,2020-09-08,False,False,False,False,False,0.0,0,0,False,[],淼瀚电力
2020-09-30,季报,2020-10-27,保留意见,False,1672673352.0393045,1231708716.8721619,440964635.16714257,0.7363713395508313,85230021.22757588,500538.02918541065,193307717.46163467,50690383.70140726,133101545.75010753,1386924.6764702732,235974.50558575787,455417892.52777576,40000000,11.024115879178565,265101455.8175917,237105971.46492472,143973588.1021529,54709456.15453388,1.367736403863347,51473229.25206192,-220693710.65514153,-252232333.73976964,-117021467.12013829,-589947511.5150495,0.11102242237529782,-0.20483734546430235,-0.07000014214002657,0.26552494262090276,2021-10-07,2020-11-18,False,False,False,False,False,0.0,0,0,False,[],淼瀚电力
2020-12-31,年报,2021-03-30,无保留意见,False,2008777931.0524836,1564347117.7238243,444430813.3286594,0.778755627260499,102271213.26440342,651095.1377187684,265424518.8151762,68402129.77116287,162735332.24944717,2063809.263813461,323562.845604037,591817125.1382518,40000000,11.110770333216486,300551215.500143,270434976.2161037,161117235.01867405,50642513.832216114,1.2660628458054028,47612863.930255644,-332182427.56622,-311371716.2158952,-140775983.82791916,-784330127.6100343,0.007860444772862588,-0.056714170493128685,0.042384287709667734,0.07696534252641293,2021-10-07,2021-04-14,False,False,False,False,False,0.0,0,0,False,[],淼瀚电力
2021-03-31,季报,2021-04-30,保留意见,False,1813208748.2919621,1383108950.7791374,430099797.51282483,0.7627963145898244,95493538.26506563,641746.6867154259,230829399.3087519,55481805.23787454,148872348.14415833,1816694.2047009356,306656.3056278615,552337697.8022605,40000000,10.752494937820622,314371741.8931055,282779016.60443544,40401990.454038225,19743609.132803597,0.4935902283200899,17634343.411902566,-139490850.16817987,-265386103.4102576,-120750974.24924763,-525627927.82768506,-0.03224577456387295,-0.4567971080444424,-0.01595931267067452,0.22655362455075498,2021-10-07,2021-05-12,False,False,False,False,False,0.0,0,0,False,[],淼瀚电力
2021-06-30,半年报,2021-08-27,无保留意见,False,1841849416.667141,1357180503.2431438,484668913.42399704,0.7368574710624205,108489684.86704971,600211.0021792395,256709754.8520614,62761079.72449433,159683481.80705056,1925138.4833416352,301789.18380384,559625681.1583143,40000000,12.116722835599926,347974016.5813697,312047135.6097328,24846235.14952312,48003249.554663144,1.2000812388665787,41811598.5789962,-318938672.8620006,-282927351.9258307,-128588977.62850873,-730455002.41634,0.12687547454505615,0.7691035553889067,-0.025938843527404044,0.02149475622958987,2021-10-07,2021-09-18,False,False,False,False,False,0.0,0,0,False,[],淼瀚电力
2021-09-30,季报,2021-10-27,无保留意见,False,1725775899.4315631,1272932792.2584255,452843107.1731377,0.7376002832567685,105078524.52777131,632273.865083018,257586324.91805145,65055903.90473041,161268096.0900917,1909037.9328273642,301259.02289988485,581487470.2112919,40000000,11.321077679328443,375187703.8860748,338106943.7115639,110759240.58263099,38876696.14957861,0.9719174037394652,37228297.28833015,-48395301.90558374,-286352241.4781315,-122638274.74863626,-457385818.13235146,-0.06566504549677504,-0.1404014948115747,0.0007428121943480295,0.07850741612130925,2021-10-07,2021-11-13,True,False,False,False,False,11358062.500619097,0,0,True,"['是否影响偿债能力、过去十二个月内是否使用过募集资金补充流动资金以及未来十二个月内是否计划使用募集资金补充流动资金等内容', '公司在相应期间是否按照中国证券监督管理委员会相关规定为中小股东参与现金分红决策提供了便利', '公司为增强投资者回报水平拟采取的措施']",淼瀚电力
2021-12-31,年报,2022-03-30,无保留意见,False,2890055848.03343,2387174254.6758623,502881593.3575678,0.8259958908061382,157194273.58751532,917671.3691297227,380757502.5493849,91446721.72509836,229934968.10231677,2619012.2214227435,435572.28968441585,819433906.6646067,40000000,12.572039833939195,381021417.34205604,343394698.1188513,10459141.609892564,8333876.365687538,0.20834690914218845,7553934.867553423,-415553928.72108626,-461409829.0356625,-198461530.63352317,-1075425288.390272,0.11049850465163122,-0.5466110541347998,0.0883956075493697,0.0532595782841181,2021-10-07,2022-04-15,False,True,False,True,True,0.0,2,0,True,"['结合所处行业特点、发展阶段和自身经营模式、盈利水平、偿债能力、资金需求等因素，未进行现金分红或现金分红水平较低原因的说明', '公司在相应期间是否按照中国证券监督管理委员会相关规定为中小股东参与现金分红决策提供了便利', '根据公司盈利能力、融资能力及其成本、偿债能力及现金流等情况披露现金分红方案的合理性，是否导致公司营运资金不足或者影响公司正常生产经营', '结合前述财务报表列报项目的具体情况说明现金分红方案确定的依据及未来增强投资者回报的规划']",淼瀚电力
2022-03-31,季报,2022-04-30,保留意见,False,3298793874.502251,2771595634.1004634,527198240.4017876,0.8401845460922182,179826602.74318308,1066894.0994983567,389508404.26552916,103644657.27446641,235093331.28221327,3035515.958026938,485072.8356801038,935739930.1075062,40000000,13.17995601004469,388302546.9156839,350241768.16973394,17292214.71879667,10401613.676611338,0.26004034191528347,9781528.644118046,-314858089.73446554,-504585750.59745425,-219633634.42850038,-1039077474.7604202,0.048354617399825404,0.08161946008879888,0.014188655286079984,0.02438950004251673,2021-10-07,2022-06-15,True,False,False,False,False,15600579.898223879,0,0,True,"['结合前述财务报表列报项目的具体情况说明现金分红方案确定的依据及未来增强投资者回报的规划', '结合所处行业特点、发展阶段和自身经营模式、盈利水平、偿债能力、资金需求等因素，未进行现金分红或现金分红水平较低原因的说明']",淼瀚电力
2022-06-30,半年报,2022-08-27,无保留意见,False,4903113025.025491,4362048782.424851,541064242.6006393,0.8896488333352612,229471189.43654674,1297727.2720755427,586845194.1857027,152513244.37860027,355398761.8352828,4761173.700041499,706591.7760386099,1387186146.702098,40000000,13.526606065015983,399835789.2390789,360591064.43549216,51468286.875568636,16476060.461992733,0.41190151154981836,14784708.951083165,-735453472.0097595,-725319556.502851,-308508235.8014635,-1769281264.314074,0.02630130591536912,0.22168208256166472,0.04946428724304305,-0.042523450733723524,2021-10-07,2022-10-02,True,False,False,True,False,9726226.885431156,0,0,True,['结合所处行业特点、发展阶段和自身经营模式、盈利水平、偿债能力、资金需求等因素，未进行现金分红或现金分红水平较低原因的说明'],淼瀚电力
2022-09-30,季报,2022-10-27,非标准无保留意见,False,4708522811.905209,4100088961.386677,608433850.5185313,0.870780311612775,264758529.6152823,1574289.714505302,595993994.6412457,149331436.88518012,388399736.34854543,4661290.341509278,754252.8506697045,1412650056.1257303,40000000,15.210846262963283,424422171.14244586,384399641.5375889,161567275.1362599,35123402.71909573,0.8780850679773933,34012253.00299535,-180133448.37616935,-685874477.7197953,-329775503.36566776,-1195783429.4616325,0.1245131402402017,0.557035146900705,-0.01886852172248618,0.020701837602825388,2021-10-07,2022-12-09,False,True,False,False,False,0.0,0,0,True,"['根据公司盈利能力、融资能力及其成本、偿债能力及现金流等情况披露现金分红方案的合理性，是否导致公司营运资金不足或者影响公司正常生产经营', '公司在相应期间是否按照中国证券监督管理委员会相关规定为中小股东参与现金分红决策提供了便利']",淼瀚电力
2022-12-31,年报,2023-03-30,无保留意见,False,3519168132.721025,2916563422.420485,602604710.30054,0.8287650127603863,184503642.8764336,1103102.4816409822,456235507.35006666,110616322.13287817,323406462.6840688,3303151.959523145,572774.9184529757,1050263468.711947,40000000,15.0651177575135,452208570.93993694,409972596.2057292,58520032.671163045,39694856.85355867,0.9923714213389667,36532792.38305761,-449109285.19528687,-554233420.974011,-250641358.02194336,-1253984064.1912413,-0.009580565271020915,0.08770444552707903,-0.04201529885238875,0.12525349166728944,2021-10-07,2023-05-17,True,False,False,False,False,15036026.861435533,0,0,True,"['公司为增强投资者回报水平拟采取的措施', '留存未分配利润的预计用途以及收益情况']",淼瀚电力
2023-03-31,季报,2023-04-30,无保留意见,False,4952623140.536784,4333150040.526162,619473100.0106217,0.874920202399353,293902633.3874214,1564898.4975451324,515918109.7584784,147396286.49095613,416518586.10016525,4673006.534103638,824755.466730005,1486568275.0291226,40000000,15.486827500265541,479446531.1835942,433641810.5623761,129805466.02997942,38911371.77665328,0.9727842944163321,33813163.366638444,-892754332.6939801,-660601900.7029454,-351803621.4123839,-1905159854.8093095,0.027992462424777455,-0.01381933248247026,0.046155189638966684,-0.11794568116846185,2021-10-07,2023-06-28,False,False,False,False,False,0.0,0,0,False,[],淼瀚电力
2023-06-30,半年报,2023-08-27,非标准无保留意见,False,6268267627.685417,5641440864.916876,626826762.7685416,0.9,335764435.5611625,2022955.2415208956,750474172.3185625,219822274.47849908,522200857.5759143,6536343.430310992,1032101.6376250623,1909496366.0603297,40000000,15.67066906921354,490834657.992347,443411068.683576,43756559.97303546,16268752.583932567,0.40671881459831416,13956083.030285569,-1089289542.131167,-1064304606.6239154,-410341346.6073035,-2563935495.3623857,0.011870834678363924,-0.40497341548281435,0.07559503821822251,0.010163880580280778,2021-10-07,2023-09-07,False,False,False,False,True,0.0,0,0,False,[],淼瀚电力
2023-09-30,季报,2023-10-27,无保留意见,True,6310616009.910642,5679554408.919578,631061600.9910641,0.9,334318600.3988602,1764983.5448441682,739627347.5139813,186448542.39210394,483876164.9754522,5486861.607024923,963901.6905182524,1784247053.3994927,40000000,15.776540024776601,500478154.2388725,451367628.3094029,9647106.309656559,13776423.209322259,0.3444105802330565,11366513.751181219,-1162275379.65229,-923744501.7505945,-415581899.2382465,-2501601780.641131,0.006755994597005265,-0.07491502328866993,-0.010127957985526494,0.024954376212129543,2021-10-07,2023-11-13,False,True,True,True,False,0.0,1,7,True,['根据公司盈利能力、融资能力及其成本、偿债能力及现金流等情况披露现金分红方案的合理性，是否导致公司营运资金不足或者影响公司正常生产经营'],淼瀚电力
2023-12-31,年报,2024-03-30,保留意见,False,6667524075.74297,6000771668.1686735,666752407.574297,0.9,331588302.3082111,2094168.6070950108,821327130.7181711,203501733.68189347,561115777.6164266,5702669.361843959,969379.8770086827,1916767025.6397893,40000000,16.668810189357423,517315652.1553736,466861004.43831635,65881034.81746459,24053568.452144384,0.6013392113036096,22133394.469876442,-976860506.199656,-1027670356.6935773,-432261435.27305686,-2436792298.1662903,0.05655677120455676,0.33392916301297626,-0.017850589726339194,0.02468947758843539,2021-10-07,2024-05-21,False,False,False,True,False,0.0,0,0,False,[],淼瀚电力
2024-03-31,季报,2024-04-30,无保留意见,False,5707566175.124528,5030210346.269442,677355828.855086,0.8813231755757422,318068330.9525172,1919473.2405162218,738769530.7927183,202023291.67823583,444203265.20024204,5757662.23445438,873063.2327132715,1725915318.580854,40000000,16.933895721377148,557491586.6625376,504680033.7564992,261053877.03759378,57394192.153091356,1.434854803827284,54027184.74026122,-507697747.0706908,-838450527.576976,-400255020.8473636,-1746403295.4950304,0.015903086603564418,0.8121248641226333,-0.04121351732996749,0.1004225463740544,2021-10-07,2024-05-18,True,False,False,False,False,69628174.38375393,0,0,True,['公司在相应期间是否按照中国证券监督管理委员会相关规定为中小股东参与现金分红决策提供了便利'],淼瀚电力
2024-06-30,半年报,2024-08-27,无保留意见,False,5920729694.102899,5219942503.22352,700787190.8793782,0.8816383744764824,361479932.98683697,2181415.2137162006,863919850.8340223,205330738.74345186,585061917.4500208,6745610.047519602,1015798.4152734686,1921283499.7750962,40000000,17.519679771984453,596358681.3909391,542851057.0130825,233109194.47252652,55524421.040573746,1.3881105260143436,54530033.223690376,-1156901945.1469846,-925965375.7522509,-376352044.89767617,-2459219365.7969117,0.0345923974167279,-0.02513329412422316,0.0003151989007400954,-0.034970758805116096,2021-10-07,2024-10-11,False,False,False,False,False,0.0,0,0,False,[],淼瀚电力
2024-09-30,季报,2024-10-27,非标准无保留意见,False,7062960130.79006,6312400004.541521,750560126.2485393,0.8937329232574074,356366897.60296154,2137241.511094755,711844648.8535305,197178300.75015512,531126861.8110312,6453589.303536109,961847.7527455571,1910743727.5149589,40000000,18.764003156213484,619480331.2601031,563586920.315351,77643691.34896736,33030928.38452001,0.8257732096130003,29622661.860383663,-784024415.2946558,-1074525581.8499753,-464527801.9916409,-2323077799.136272,0.07102432238623517,-0.3101505993887186,0.012094548780924952,0.027730300954694843,2021-10-07,2024-11-27,True,False,False,False,False,6659299.002179078,0,0,True,"['留存未分配利润的预计用途以及收益情况', '公司在相应期间是否按照中国证券监督管理委员会相关规定为中小股东参与现金分红决策提供了便利']",淼瀚电力
2024-12-31,年报,2025-03-30,无保留意见,False,7749424349.746321,6974481914.771688,774942434.9746318,0.9,421424811.5769739,2546920.4023178588,979953180.0622146,252140212.06006482,681282422.6432395,7826119.2567241,1170386.8802963132,2283530328.355163,40000000,19.373560874365793,654071411.7499287,595480281.5998985,207349607.25108886,49415829.27117928,1.235395731779482,45561944.69221069,-677893918.4132609,-1257072786.0719473,-570663025.5413709,-2505629730.026579,0.03248548367198828,0.3274954396354736,0.11298535990765657,0.1396874398008785,2021-10-07,2025-05-12,False,True,False,False,False,0.0,4,0,True,"['结合前述财务报表列报项目的具体情况说明现金分红方案确定的依据及未来增强投资者回报的规划', '根据公司盈利能力、融资能力及其成本、偿债能力及现金流等情况披露现金分红方案的合理性，是否导致公司营运资金不足或者影响公司正常生产经营', '公司在相应期间是否按照中国证券监督管理委员会相关规定为中小股东参与现金分红决策提供了便利']",淼瀚电力
2017-03-31,季报,2017-04-30,无保留意见,False,232473555.27068532,46847767.83959566,185625787.43108964,0.20151869654614052,92144500.62261437,1.6436162733413055e-05,868850.7464215083,7526119.108826189,23417.588785683816,37480100.74975741,338283.00681218365,134138052.35535526,40000000,4.640644685777241,6077673.207073524,5547120.570642252,31039682.9081018,8682390.29581932,0.217059757395483,7924457.958060361,-44365751.07225978,-25117210.616265513,-28690348.497294627,-98173310.18581992,0.031254374617164696,0.426799460878851,-0.09848130345385946,0.12331187200227765,2021-02-03,2017-06-20,False,False,False,False,False,0.0,0,0,False,[],昀瑾能源
2017-06-30,半年报,2017-08-27,无保留意见,False,229010877.34880885,63894331.16297319,165116546.18583566,0.27900129418593106,90954529.2491152,1.7626792084404533e-05,900643.8104682193,7652265.00245901,25625.884831476076,39572985.367799126,336344.1934623618,134037698.07761483,40000000,4.127913654645892,15754415.980477797,13583313.979475906,58507594.02079942,13823918.24772039,0.34559795619300976,11480276.29833379,-43899102.827705614,-26694051.839035068,-31091311.54775824,-101684466.21449892,-0.11048702623210514,0.20019662861124066,0.07748259763979054,0.03935568427280839,2021-02-03,2017-10-01,False,False,False,False,False,0.0,0,0,False,[],昀瑾能源
2017-09-30,季报,2017-10-27,无保留意见,False,265942580.06775767,90094323.65706189,175848256.41069576,0.3387735940371316,100844269.26475818,1.8235463610055443e-05,1055999.7323465676,7241580.606761098,27466.060871064707,45858814.35772845,384932.32163217844,150516542.01259476,40000000,4.396206410267394,31082807.325529065,29065358.16046292,45683683.191763714,21897701.921501815,0.5474425480375453,22117205.97283859,-5678750.80745486,-27773119.10446972,-34881108.17755503,-68332978.08947961,0.0649947595971499,0.2619324256214093,0.05977229985120053,0.20589963459310132,2021-02-03,2017-12-10,False,False,False,False,False,0.0,0,0,False,[],昀瑾能源
2017-12-31,年报,2018-03-30,无保留意见,False,283533075.1524642,90735152.10411267,192797923.04835153,0.32001611119027884,106032247.29846592,2.1277768788895622e-05,1095855.8947079775,9045347.691191632,30664.745687917366,42247881.11403524,419285.8054300343,157296250.48744938,40000000,4.819948076208788,47746709.61847659,44455220.540892564,87844450.23535493,23805574.70421075,0.5951393676052688,21985517.68632807,-6143661.13379799,-29038652.238246284,-36669761.335083984,-71852074.70712826,0.09638802785777781,0.04904847043558385,-0.018757482846852767,0.018542052867178974,2021-02-03,2018-05-12,False,False,False,False,False,0.0,0,0,False,[],昀瑾能源
2018-03-31,季报,2018-04-30,无保留意见,True,301377166.2970747,97143236.67449081,204233929.62258384,0.3223311104423034,118430810.25155778,2.085596392754289e-05,1094228.7148426515,9256121.049190374,30469.703451959485,46295992.75728679,414399.9268377063,164587285.13217762,40000000,5.105848240564596,47966176.54060453,44638880.322472796,849336.7268729932,313524.17446848005,0.007838104361712001,262371.11654318514,-47011245.636052676,-32507784.24764016,-38296218.32522603,-117815248.20891887,0.05931602578189747,-0.5757068905420443,0.0023149992520245803,0.050970450186063,2021-02-03,2018-05-29,False,False,False,False,False,0.0,0,0,False,[],昀瑾能源
2018-06-30,半年报,2018-08-27,非标准无保留意见,False,257524908.666321,61005429.074254245,196519479.59206676,0.23689137252854991,99864508.03923202,2.201996253443339e-05,1149778.5013341303,9650702.350137245,30299.78645736337,46671627.63048971,445802.67958586395,162522430.4524412,40000000,4.912986989801669,47088586.02294361,43834758.64839482,4460386.835150264,-1253700.7395156007,-0.03134251848789002,-1148745.2486828163,-31479161.292521577,-28680112.667473633,-35569192.24587452,-95728466.20586973,-0.037772617139439454,-0.09052027179395408,-0.08543973791375349,0.06427369438510182,2021-02-03,2018-09-16,False,False,False,False,False,0.0,0,0,False,[],昀瑾能源
2018-09-30,季报,2018-10-27,无保留意见,False,258886101.04280767,51777220.20856153,207108880.83424613,0.2,97416109.27815661,1.82850132988895e-05,949141.1743487841,8010561.4822686175,28324.6119878302,37511826.68747458,347832.6678389171,141079330.55090624,40000000,5.177722020856153,48748984.4733736,45370263.224301115,5169808.188434461,2371997.7863285616,0.05929994465821404,2193577.9655804085,-25468889.870529376,-29010513.58197518,-33439728.126076438,-87919131.578581,0.05388474091301645,0.23025718398118547,-0.04492686491679106,0.020625115125869984,2021-02-03,2018-12-15,False,False,False,False,False,0.0,0,0,False,[],昀瑾能源
2018-12-31,年报,2019-03-30,无保留意见,False,278313170.0992563,55662634.01985125,222650536.079405,0.2,110033584.52838443,2.125206935785974e-05,1145077.5310285687,9464736.480344452,31850.322686969103,47996739.367326565,448511.87697328144,172405138.5626404,40000000,5.566263401985125,54553096.332401454,50206417.579622,40558768.22576137,8291588.370039787,0.20728970925099469,6908791.936172688,-22314534.98556089,-31884051.093750644,-37164644.33634163,-91363230.41565317,0.07504098898394045,0.30557460562425176,-0.006561671152202804,0.0031085269977384595,2021-02-03,2019-05-15,False,False,False,False,False,0.0,0,0,False,[],昀瑾能源
2019-03-31,季报,2019-04-30,无保留意见,False,297459775.4668845,59491955.093376905,237967820.37350762,0.2,97900538.71441418,1.926871633995401e-05,1031097.8567927236,8400542.52356344,26060.777091425753,40883423.45033937,402113.011885285,152928815.40144524,40000000,5.949195509337691,65713875.658736885,59985803.4802008,46036878.63740784,15943970.466193482,0.39859926165483706,13970551.286541147,-57199241.16655098,-31704983.472579762,-35760549.871791236,-124664774.51092198,0.06879518263832049,0.3025662913768849,0.0009953923901427095,0.14533924261336348,2021-02-03,2019-05-30,False,False,False,False,False,0.0,0,0,False,[],昀瑾能源
2019-06-30,半年报,2019-08-27,非标准无保留意见,False,289354167.37380666,68569567.27303503,220784600.1007716,0.23697452812024783,97043686.88125159,1.869955909498608e-05,976622.4911669164,8824639.11684359,28327.280124962348,40278128.052451074,437492.3373633469,148402172.50221917,40000000,5.5196150025192905,65456149.03520429,59770852.795755506,1020098.7122207882,-368180.890760852,-0.0092045222690213,-307072.406350426,-16089935.840679066,-31555519.288414184,-39601005.252562545,-87246460.3816558,-0.07220816766639175,-0.49514831169769213,0.05057629927054908,0.035460019110472314,2021-02-03,2019-10-01,False,False,False,False,False,0.0,0,0,False,[],昀瑾能源
2019-09-30,季报,2019-10-27,无保留意见,False,262014708.10375956,52402941.62075192,209611766.48300764,0.2,105605594.53751592,1.905878064841964e-05,1016589.8006881765,8759741.570837941,30675.688171946364,45468868.33412171,402770.4971311846,153487656.95236912,40000000,5.240294162075191,64223768.62460703,58561771.29126234,883610.06680639,-1760543.4437103663,-0.044013586092759155,-1727259.292133089,-13768517.968591124,-29277083.840540547,-32929897.647419035,-75975499.4565507,-0.05060513103116975,-0.08371679272149142,-0.04116863684375095,0.011882591869480196,2021-02-03,2019-12-06,False,False,False,False,False,0.0,0,0,False,[],昀瑾能源
2019-12-31,年报,2020-03-30,无保留意见,False,273337684.7892039,54667536.95784077,218670147.83136308,0.2,117466040.0209611,2.3139798879378736e-05,1165769.1421961219,8335344.391359487,33202.82569812482,48854145.22754621,441678.4338019685,168151218.8321405,40000000,5.466753695784077,62185140.85037369,56576799.649539135,3429390.151891168,-2912325.391761914,-0.07280813479404785,-2835673.773890299,-16244770.30814979,-30343145.523012727,-33120639.091128673,-79708554.92229119,0.04321504226762844,-0.0755789383825622,-0.027727918435645326,0.02766648191959829,2021-02-03,2020-05-17,False,False,False,False,False,0.0,0,0,False,[],昀瑾能源
2020-03-31,季报,2020-04-30,无保留意见,False,316083745.6231451,63216749.12462902,252866996.49851608,0.2,125276449.72794883,2.5590493305242193e-05,1396519.3779541936,11192517.83638605,36552.957441620856,51736161.310062096,517877.9362118245,192768612.61172664,40000000,6.321674912462902,58356456.92199457,52983206.36154043,15285596.90895759,-5469548.469113043,-0.13673871172782606,-5133704.697141004,-55099019.33826192,-33103177.784089446,-43504287.35209401,-131706484.47444537,0.15638553778966358,-0.1815220147018256,0.021578687243450016,-0.08261262242653879,2021-02-03,2020-05-21,False,False,False,False,False,0.0,0,0,False,[],昀瑾能源
2020-06-30,半年报,2020-08-27,无保留意见,False,337454313.3663221,73287879.71789873,264166433.64842337,0.2171786722380442,135218060.70379925,2.724891458899393e-05,1489442.483343199,12459453.8814121,39184.52437641895,58735028.86788331,541620.9077902364,211709098.41589066,40000000,6.604160841210584,55795211.12791232,50382315.384651735,18275098.368749395,-3658922.5629746374,-0.09147306407436594,-3715558.5384124154,-51842551.28217937,-33994722.887419276,-44139280.30776586,-129976554.4773645,0.04468529822543916,0.15702992214036293,0.027522012153742635,0.00974963503882665,2021-02-03,2020-10-04,False,False,False,False,False,0.0,0,0,False,[],昀瑾能源
2020-09-30,季报,2020-10-27,保留意见,False,327420069.86240196,65484013.97248039,261936055.88992155,0.2,112644791.12441128,2.2843637980739294e-05,1336894.4031214383,9727523.967678346,31490.207378496074,44042757.83022796,447039.5810072352,173228803.35619065,40000000,6.548401397248039,54544677.44167337,49234201.36597731,7382505.873866984,-1786476.694627082,-0.04466191736567705,-1640162.8838206138,-46495192.22827101,-37230634.270029485,-39469740.5137445,-123195567.012045,-0.008443077826724155,0.14035192263789542,-0.01909175230115475,-0.03847637574637272,2021-02-03,2020-12-01,False,False,False,False,False,0.0,0,0,False,[],昀瑾能源
2020-12-31,年报,2021-03-30,无保留意见,False,359290810.48798645,79036921.24131872,280253889.24666774,0.21998035834529495,126243523.82837076,2.3491291152786314e-05,1305314.6772194349,10791310.777620882,33130.41845492706,50195757.10628125,480302.6548537779,189298942.5447068,40000000,7.006347231166694,57452789.28700383,51931115.54671669,7119928.945486959,4154445.4933292307,0.10386113733323077,3852734.543913406,-24736105.914047744,-37393116.515850045,-51280644.035670236,-113409866.46556802,0.06993246231226866,0.39050271713575846,0.021893438408405488,0.14014698136541445,2021-02-03,2021-05-14,False,False,True,True,False,0.0,0,9,True,"['是否影响偿债能力、过去十二个月内是否使用过募集资金补充流动资金以及未来十二个月内是否计划使用募集资金补充流动资金等内容', '上市公司控股子公司向母公司实施利润分配的情况']",昀瑾能源
2021-03-31,季报,2021-04-30,无保留意见,False,390272321.2645862,93659501.67753252,296612819.58705366,0.23998499656355549,134508427.71610868,2.6477807958927424e-05,1481648.1238414263,11331492.668937039,36562.000692166206,51733796.24084917,550155.240923119,206998478.04267317,40000000,7.415320489676342,61706433.70563346,55597026.8755084,13566844.862044517,6076634.883756615,0.15191587209391538,5237016.183988153,-52776037.90824865,-39820105.04228128,-53144608.387172855,-145740751.33770278,0.05837182272245803,0.09086456040804866,0.020004638218260547,-0.07638737988288145,2021-02-03,2021-05-20,False,False,False,True,False,0.0,0,0,False,[],昀瑾能源
2021-06-30,半年报,2021-08-27,非标准无保留意见,False,353260722.423944,91423456.1760845,261837266.2478595,0.25879881450949505,133142602.86883,2.868918013107771e-05,1430929.6435033919,11298219.098814772,41133.8345336042,59946307.95731572,530703.3586964324,215345056.77129528,40000000,6.545931656196488,64556446.22351169,58185755.21214838,5714588.004310205,4071446.4541117623,0.10178616135279406,3698183.338057122,-69354811.86876455,-36387457.89146781,-43491651.23576277,-149233920.99599513,-0.11724224660150863,-0.08689258376472742,0.018813817945939525,-0.08621191429158835,2021-02-03,2021-10-24,False,False,False,True,False,0.0,0,0,False,[],昀瑾能源
2021-09-30,季报,2021-10-27,无保留意见,False,538539943.8509529,212351881.50546595,326188062.34548694,0.39431036440304745,189933356.35574228,3.2697650195563496e-05,1916050.4675377777,15405195.479898486,56697.26503388828,79193809.9601057,711662.8412494436,284321544.7545166,40000000,8.154701558637173,60944980.46492294,54920430.23719045,23386155.241991434,-5159236.797983926,-0.12898091994959815,-4664749.964225616,-53933272.90901438,-56449530.05555362,-67910427.22068948,-178293230.1852575,0.24576637626789116,-0.4380659520549651,0.13551154989355246,0.02604641468788111,2021-02-03,2021-12-18,False,False,False,True,True,0.0,0,0,False,[],昀瑾能源
2021-12-31,年报,2022-03-30,非标准无保留意见,False,526576492.3076572,216805374.59057617,309771117.717081,0.4117262691322453,206692700.67896095,3.631809748040907e-05,2013593.6699040881,17579963.508598644,52140.60651361606,87205798.91125455,720866.7488815526,300069709.12681437,40000000,7.744277942927026,64806208.02611041,58209631.22704697,10529271.549078405,5516039.373124957,0.13790098432812392,4698858.556937883,-36560797.81708115,-59265506.43336663,-68090546.65473497,-163916850.90518275,-0.0503296917439538,0.9015699401277826,0.01741590472919781,-0.06106816914045757,2021-02-03,2022-05-10,False,False,True,False,False,0.0,0,8,True,"['结合前述财务报表列报项目的具体情况说明现金分红方案确定的依据及未来增强投资者回报的规划', '公司在相应期间是否按照中国证券监督管理委员会相关规定为中小股东参与现金分红决策提供了便利', '留存未分配利润的预计用途以及收益情况', '是否影响偿债能力、过去十二个月内是否使用过募集资金补充流动资金以及未来十二个月内是否计划使用募集资金补充流动资金等内容']",昀瑾能源
2022-03-31,季报,2022-04-30,无保留意见,False,523130895.1268362,242239083.4867312,280891811.64010495,0.4630563511795626,184110719.04325533,3.680412417948855e-05,2006343.7196072158,14562377.242021762,53322.38851501332,76773580.70605327,810806.7164639359,297924417.2547845,40000000,7.0222952910026235,69216329.59169284,62142402.77918086,11579873.010756712,6300173.665117744,0.1575043416279436,5618245.074476994,-35777546.71187622,-60032723.429338425,-72819298.06196901,-168629568.20318365,-0.09322788480026092,0.034825587173591736,0.051330082047317344,0.13054223945522433,2021-02-03,2022-06-03,False,False,False,False,False,0.0,0,0,False,[],昀瑾能源
2022-06-30,半年报,2022-08-27,无保留意见,False,564121684.7808864,277924068.4856431,286197616.2952434,0.49266687663955533,245658635.00442404,4.5741286231383486e-05,2209988.0545265987,17855552.14831538,62476.593599730346,96841345.92780674,934762.4113645552,338396830.3269217,40000000,7.154940407381084,78211051.56924044,70114684.23153599,59924068.99715801,12849602.825068012,0.3212400706267003,11388973.503364474,-91554249.60637128,-58052111.13063068,-70777443.18696712,-220383803.9239691,0.018889139644755915,0.2810892851736678,0.029610525459992744,-0.05870235337154448,2021-02-03,2022-09-17,True,False,False,True,False,18350321.190981153,0,0,True,['充分披露高送转的主要考虑及其合理性且送转股后每股收益不低于0.5元'],昀瑾能源
2022-09-30,季报,2022-10-27,无保留意见,False,646148255.6480414,347085915.1518774,299062340.49616396,0.5371614209555895,243264164.9070278,4.4410727590528344e-05,2481218.897447041,19693759.909295008,72115.53504766678,100202856.7371663,1012499.4233131071,369731386.81711245,40000000,7.476558512404099,69177854.45776482,61806383.04838334,9272692.861485336,-12904567.302108025,-0.32261418255270063,-11869001.690218072,-88315186.51789068,-72192340.54607031,-79309711.30758914,-239817238.3715501,0.044950493884090614,-0.8627977490389726,0.04449454431603412,0.018151586216149547,2021-02-03,2022-12-18,False,False,False,True,True,0.0,0,0,False,[],昀瑾能源
2022-12-31,年报,2023-03-30,无保留意见,False,672405314.6558263,358554869.95480174,313850444.70102453,0.5332421712614358,238410252.2562546,4.663751954106932e-05,2469352.3469111305,19544332.776256025,74782.1513648338,114255964.85067616,962678.5068312552,384268799.2775006,40000000,7.846261117525613,59171460.787798114,52684605.19210905,66610062.25487766,-14294848.09995245,-0.35737120249881127,-13031111.223248988,-54549951.80759621,-73004965.80359061,-94725348.65735182,-222280266.26853865,0.04944823270066744,-0.3394710401565234,-0.0039192496941536405,-0.027417741604783726,2021-02-03,2023-05-02,False,True,False,True,True,0.0,3,0,True,['充分披露高送转的主要考虑及其合理性且送转股后每股收益不低于0.5元'],昀瑾能源
2023-03-31,季报,2023-04-30,无保留意见,False,654664296.6104493,361303291.4514674,293361005.1589819,0.5518909360448243,267452970.40019166,5.16527903309558e-05,2338052.2736935806,20419935.772062007,67317.44993872168,102160259.08475293,985285.5248085251,375056991.84341013,40000000,7.334025128974548,50164292.33675544,43986600.50130095,62424405.07872381,-12867383.501489533,-0.32168458753723833,-12425720.986868702,-67000010.721481144,-69757399.8616488,-85060995.04366377,-221818405.6267937,-0.06528408637929736,0.5276837128583524,0.018648764783388554,0.17983132166980365,2021-02-03,2023-05-20,False,False,False,True,False,0.0,0,0,False,[],昀瑾能源
2023-06-30,半年报,2023-08-27,无保留意见,False,564855538.7390941,255461554.65549287,309393984.08360124,0.4522599800043568,197770343.9844723,3.853604691299814e-05,2115042.758816668,17837703.223494984,60585.79456146797,83554165.9748849,864413.5651890297,308974480.8539958,40000000,7.734849602090031,42834363.22906063,37491425.26942367,24311461.433236696,-10471327.29670687,-0.26178318241767173,-9278821.759824695,-82279421.58820528,-62302184.22216036,-72124290.82248917,-216705896.63285482,0.05465272699052337,0.5797915692506866,-0.09963095604046755,0.09115470922833147,2021-02-03,2023-10-07,False,False,False,False,True,0.0,0,0,False,[],昀瑾能源
2023-09-30,季报,2023-10-27,非标准无保留意见,False,620092648.3299905,285063015.8301208,335029632.4998697,0.4597103619883923,254567582.02864572,4.5320585554226905e-05,2467728.367172084,20623689.188067123,68445.0137657114,96699957.93838844,936563.4033828821,358659625.6925871,40000000,8.375740812496742,35409505.234487765,31182171.35975898,0.0,-10606939.992246952,-0.2651734998061738,-9013219.870949559,-115182405.60861062,-65598870.028620146,-87817244.24959773,-268598519.8868285,0.08285761758490241,-0.02077186308813991,0.007450381984035558,0.10673136072831711,2021-02-03,2023-11-11,False,False,False,False,False,0.0,0,0,False,[],昀瑾能源
2023-12-31,年报,2024-03-30,无保留意见,False,812431273.5154853,443411037.3603872,369020236.15509814,0.5457828271943492,296671824.47147936,5.558764982248372e-05,2769667.5028413245,25018800.350871906,78091.47535818646,128386052.70213035,1113484.9701851641,440574580.73411286,40000000,9.225505903877453,27222570.05575238,23807679.539778907,31251080.23615335,-11695621.683907686,-0.29239054209769216,-10534988.314257251,-47631902.776823826,-89325206.92200525,-101108027.56409054,-238065137.2629196,0.10145551425288231,-0.17029117360707668,0.08607246520595684,0.07490936959009219,2021-02-03,2024-04-22,False,False,False,False,False,0.0,0,0,False,[],昀瑾能源
2024-03-31,季报,2024-04-30,非标准无保留意见,False,739869738.4401435,391534867.1553202,348334871.28482324,0.5291943254508388,328211974.6836064,5.753902113515372e-05,3055418.726271636,25451201.985293306,76370.40769654472,112393950.6792782,1255377.548848964,446634964.84109986,40000000,8.708371782120581,20195330.125340413,17533728.793500517,10727452.239498382,-10038914.186302815,-0.25097285465757035,-8962786.780397698,-65765474.383419,-79718757.74105449,-94395165.77054918,-239879397.89502266,-0.05605482530118183,0.3123283067082125,-0.016588501743510387,-0.07973639506950413,2021-02-03,2024-05-28,False,False,False,True,False,0.0,0,0,False,[],昀瑾能源
2024-06-30,半年报,2024-08-27,无保留意见,False,803292985.8253702,451165225.1387112,352127760.686659,0.5616446714957264,317173123.9124114,6.508551091090709e-05,3362680.973408003,27348521.826361407,91161.3350702066,136236219.81696162,1406833.6097770496,482539865.37652117,40000000,8.803194017166474,14059781.162122574,12651072.851281434,17132630.79697737,-8765069.947454054,-0.21912674868635135,-6975222.774598691,-156948549.38146248,-90443023.77913576,-107694452.91197161,-355086026.07256985,0.01088862963344968,0.18299504889628587,0.03245034604488768,-0.003689998643915821,2021-02-03,2024-09-23,False,True,False,False,False,0.0,3,0,True,['留存未分配利润的预计用途以及收益情况'],昀瑾能源
2024-09-30,季报,2024-10-27,无保留意见,False,774562345.986027,420841788.57061243,353720557.41541463,0.5433284883412139,271915462.7353346,4.907799492329658e-05,2545165.5290932767,24731944.066965144,81016.29962486944,115809582.34602083,1022847.9509254105,432049211.7252116,40000000,8.843013935385367,6662775.360387274,6686331.065953759,9126654.716927553,-10567151.145336144,-0.2641787786334036,-8521059.693325251,-128701968.43995917,-88238630.80998659,-103025595.51819538,-319966194.76814115,0.004523348927814219,-0.21883381964184997,-0.01831618315451252,0.18338500818177028,2021-02-03,2024-11-23,False,False,False,False,False,0.0,0,0,False,[],昀瑾能源
2024-12-31,年报,2025-03-30,无保留意见,False,712935475.8031871,377178480.69448674,335756995.10870045,0.5290499540222214,284968465.52029884,5.73803252162606e-05,2983142.9366921014,23589055.96413094,81324.193404811,120170704.64079523,1153069.5281550942,431846298.8841771,40000000,8.393924877717511,-556902.5843070317,-43767.084904135576,17072544.60036733,-10313825.63527758,-0.2578456408819395,-9614425.929796992,-35477767.99770893,-79750152.19201034,-90059086.28616798,-205287006.47588724,-0.05078461494568308,0.03937998789990238,-0.014278534318992455,0.06806285573526444,2021-02-03,2025-04-10,False,False,False,True,False,0.0,0,0,False,[],昀瑾能源
2017-03-31,季报,2017-04-30,无保留意见,False,253972051.21213588,74524398.84998176,179447652.36215413,0.2934354331285594,35388337.67791663,355.8360891497638,782582.9892551887,61058593.66902938,27758016.814119942,3084289.2801057645,467945.48231570964,128335518.83166954,40000000,4.486191309053853,5716472.217826307,5081070.140113959,35793180.424430035,8166388.88260901,0.20415972206522523,7258671.628734228,36035173.72413854,-2298126.059521854,104778974.2927444,138516021.9573611,-0.0030685979880325847,0.3981327157005006,-0.006564566871440567,-0.09904860802112682,2021-03-18,2017-06-04,False,False,False,False,False,0.0,0,0,False,[],珏煜物流
2017-06-30,半年报,2017-08-27,无保留意见,True,242636847.50418803,64895273.47509107,177741574.02909696,0.2674584431120708,35136624.419689335,333.5559665615991,822198.8275598703,56602857.838910185,27166588.932534643,2919322.3349969587,436020.7059709981,122877671.56090273,40000000,4.443539350727424,8314829.234365074,7454091.401154934,9884692.280991953,3711938.5950553827,0.09279846487638457,3390030.372915679,41416702.530917555,-1998162.7608431403,99022325.8898477,138440865.65992212,-0.00950738731100261,-0.17699997835731734,-0.025976990016488653,0.026892374308742754,2021-03-18,2017-09-22,False,False,False,False,False,0.0,0,0,False,[],珏煜物流
2017-09-30,季报,2017-10-27,保留意见,False,351044495.35533184,128980341.0025175,222064154.35281435,0.367418782259958,43728598.50995491,485.2493748389563,1093399.918233375,81029108.15746637,36989854.22727795,3891973.286693755,607053.3941876778,173365342.7654238,40000000,5.551603858820359,5878689.160386855,5207281.23735146,16843817.76208415,-3480200.1056831703,-0.08700500264207926,-3209728.805433535,19568867.173436295,-2887190.904320229,141271561.77219713,157953238.0413132,0.2493652965876268,-0.34724604207041987,0.09996033914788723,0.06681540441174987,2021-03-18,2017-12-09,False,False,False,False,False,0.0,0,0,False,[],珏煜物流
2017-12-31,年报,2018-03-30,保留意见,False,373889569.53453314,152810019.13714433,221079550.3973888,0.4087036162238554,54108665.48755099,533.1367548224654,1216675.1721117066,89808789.01041988,45792122.33011175,4281081.150146437,749317.765644074,189728174.0618053,40000000,5.52698875993472,6396643.04045906,5674605.055698382,3691989.0192111097,739934.1143888645,0.018498352859721613,667605.4547813166,45526546.33601595,-3083198.687518967,157614893.3863884,200058241.03488538,-0.004433871636307589,0.3121447250004053,0.04128483396389741,0.08798690471141998,2021-03-18,2018-05-25,False,False,False,False,False,0.0,0,0,False,[],珏煜物流
2018-03-31,季报,2018-04-30,无保留意见,False,442233910.66255,183131094.81668,259102815.84586996,0.41410459578351877,59853798.974539585,675.4946729098298,1582408.4304479135,110104999.18304358,49488992.13417188,5161578.37525029,811494.7974880316,238670953.25096133,40000000,6.477570396146749,6481983.546464674,5751746.926698702,371941.0326061801,121915.00857944787,0.003047875214486197,110202.6728576015,38788831.2723665,-3748962.942838805,195038658.0451047,230078526.37463242,0.17198906628919164,-0.034837733997452824,0.005400979559663355,-0.02003793845837156,2021-03-18,2018-06-18,False,False,False,False,False,0.0,0,0,False,[],珏煜物流
2018-06-30,半年报,2018-08-27,无保留意见,False,439680375.70349586,172779154.48560297,266901221.21789286,0.39296535400096827,69853551.28180246,735.4413974608349,1422916.429404735,107112404.33428973,49492673.034053065,5589500.75469195,862850.3549494803,236896856.51643872,40000000,6.672530530447322,4162141.837885142,3546202.777266024,13566725.529449454,-3314059.583685046,-0.08285148959212615,-3150777.356332397,85658037.21011934,-3719111.5633468432,176734266.0954934,258673191.74226588,0.030097725285478397,-0.20067700315898038,-0.02113924178255051,-0.005190930424974726,2021-03-18,2018-09-13,False,False,False,False,False,0.0,0,0,False,[],珏煜物流
2018-09-30,季报,2018-10-27,无保留意见,False,482605798.34251535,188294121.1916847,294311677.1508307,0.3901613321646178,61606081.00391154,740.2634252961969,1560571.8891728227,105619393.34527552,54274633.91993212,5530294.355750236,828038.6762755226,237578799.02537876,40000000,7.357791928770767,7448130.417968973,6252221.970180438,0.0,4694269.400119759,0.11735673500299398,3865741.7041634484,11612447.73749479,-4592951.335802089,203581669.63244787,210601166.03414056,0.1026988779139399,0.5851500693557096,-0.0028040218363504965,0.0848734303486874,2021-03-18,2018-12-09,False,False,False,False,False,0.0,0,0,False,[],珏煜物流
2018-12-31,年报,2019-03-30,无保留意见,False,622770379.2661009,274884551.42821175,347885827.8378892,0.4413898935786692,84549548.99761742,930.4522355797139,1988430.6938859895,143405647.27851576,75805945.2951981,7878150.805452985,1267861.3634557775,335201693.6240684,40000000,8.69714569594723,5935423.319049907,4956237.593047875,10009569.009106759,-2161010.141312951,-0.05402525353282378,-1851406.2530465177,53888465.61907472,-5195049.211614212,281219395.0414605,329912811.448921,0.18203202538784255,-0.31599494848141174,0.05122856141405147,-0.0014159463127506528,2021-03-18,2019-04-09,False,False,False,False,False,0.0,0,0,False,[],珏煜物流
2019-03-31,季报,2019-04-30,无保留意见,False,538961645.066267,208744692.1453334,330216952.92093366,0.3873089932395237,85131282.89840747,862.9982343305219,1932530.403212259,150763019.5317214,79444935.187343,7388059.764736685,1153740.367197433,324671514.79202616,40000000,8.255423823023342,11764089.579745414,10326306.272259703,30637346.97209352,8326666.086707868,0.2081666521676967,7671526.684588325,25282478.64749803,-4795867.993396027,201357421.5295632,221844032.1836652,-0.050789292069664344,0.7067648356051078,-0.054080900339145525,0.04486378443372787,2021-03-18,2019-05-10,False,False,False,False,False,0.0,0,0,False,[],珏煜物流
2019-06-30,半年报,2019-08-27,无保留意见,False,565535780.1117165,252328314.65968847,313207465.45202804,0.44617568601909374,81369305.40353139,803.150585199725,1826667.6357961895,130573329.34976688,66831610.16653321,7357788.176396238,992066.8090357312,289229984.7450464,40000000,7.830186636300701,14077625.859895159,12333660.402360965,9835343.5304599,3305051.8287853487,0.08262629571963372,2867648.7572875167,11812193.037836641,-4649882.947607692,204926393.35475245,212088703.4449814,-0.051510037017930874,-0.19827379729849237,0.05886669277957006,0.07085306762195061,2021-03-18,2019-10-03,False,False,False,False,False,0.0,0,0,False,[],珏煜物流
2019-09-30,季报,2019-10-27,无保留意见,False,529895686.03420854,243971494.3157666,285924191.7184419,0.4604141923510895,75960916.47089058,786.3108574995875,1735850.0548721196,130595957.071908,66866779.889903955,6636919.423777246,986665.8604748143,274567738.2568431,40000000,7.148104792961048,18716732.51689819,16705439.679826776,26142199.60800133,6627295.224290047,0.16568238060725118,6245398.967808302,73012467.01793472,-4445643.147987643,226914351.57638082,295481175.4463279,-0.08710927019000107,0.16361659273358461,0.014238506331995741,0.07841332089596495,2021-03-18,2019-11-29,False,False,False,False,False,0.0,0,0,False,[],珏煜物流
2019-12-31,年报,2020-03-30,无保留意见,False,547489637.5635549,254836631.2258654,292653006.33768946,0.4654638439550062,81600838.59412928,764.3785468178378,1796701.5562449235,142080100.44038644,67272341.32583031,6573967.826485396,985837.0366605195,284474317.70081717,40000000,7.316325158442236,36562959.73870836,32321812.27519356,34454661.161599234,25494610.316871673,0.6373652579217918,22309103.707666837,14224975.754651975,-4656045.967506632,220930860.19627607,230499789.98342142,0.02353356174168566,0.7985389319207845,0.005049651603916668,-0.0407823900698284,2021-03-18,2020-05-21,False,False,False,False,False,0.0,0,0,False,[],珏煜物流
2020-03-31,季报,2020-04-30,无保留意见,False,639491113.1596148,310533063.6898781,328958049.4697367,0.48559402515476413,92517422.97637413,848.6913308170627,1777322.9033548362,129731072.05425647,71991610.42962101,7102173.438508134,1078044.8922680088,306375777.7791541,40000000,8.223951236743417,45093149.73726644,39999328.97049035,14984466.055076577,12185985.712225832,0.3046496428056458,10967880.993281128,39138103.59224907,-5247916.710790787,259725339.0877247,293615525.96918297,0.12405491262972097,-0.3131838250876231,0.02013018119975797,0.044991317354013835,2021-03-18,2020-06-04,False,False,False,False,False,0.0,0,0,False,[],珏煜物流
2020-06-30,半年报,2020-08-27,无保留意见,False,698534679.9824023,346175023.1745821,352359656.80782014,0.4955731377335526,111651664.45703316,1103.4095473251398,2512059.9874696527,182290292.99910462,90848020.6753155,8502491.02505254,1366422.159800439,397004201.56562334,40000000,8.808991420195504,60032822.8846096,52989476.980929606,79987349.57243747,21342390.210490227,0.5335597552622556,18557354.30062752,68732146.89840288,-5082758.410774848,286612739.00915605,350262127.4967841,0.07113857641059591,0.3137260666316584,0.009979112578788508,0.07447035965888744,2021-03-18,2020-10-24,False,False,False,False,False,0.0,0,0,False,[],珏煜物流
2020-09-30,季报,2020-10-27,无保留意见,False,856196789.7833693,444929780.9616561,411267008.82171327,0.5196583148533295,115588642.03898048,1098.107729270144,2637434.1734318375,201355655.6487229,107516502.50876445,9560072.234099815,1512211.1729474617,436478973.17909294,40000000,10.281675220542832,84507494.59740758,75561347.23302166,131154848.87749459,34963816.73256855,0.8740954183142137,32245528.931560077,74045626.09187703,-7045076.296311087,354552756.1801044,421553305.97567034,0.16717961570164014,0.3552576260191413,0.024085177119776837,0.14690408096522,2021-03-18,2020-12-08,False,False,False,False,False,0.0,0,0,False,[],珏煜物流
2020-12-31,年报,2021-03-30,无保留意见,False,732159614.7468216,343301564.45747936,388858050.2893422,0.4688889656611174,107626241.39174335,1206.4012806319329,2965759.8373117973,198732723.48779106,113673484.28491095,9581669.382106872,1578660.3372273624,423876255.5830758,40000000,9.721451257233555,111297245.04457381,101061123.9122805,123697839.65074654,38271072.06738032,0.956776801684508,36428252.3989412,29093829.695159722,-6192112.408482057,303453038.0039011,326354755.2905788,-0.05448761522732662,0.0636453506067989,-0.05076934919221213,-0.01426381113339753,2021-03-18,2021-05-09,False,True,False,False,False,0.0,1,0,True,"['结合所处行业特点、发展阶段和自身经营模式、盈利水平、偿债能力、资金需求等因素，未进行现金分红或现金分红水平较低原因的说明', '公司在相应期间是否按照中国证券监督管理委员会相关规定为中小股东参与现金分红决策提供了便利', '根据公司盈利能力、融资能力及其成本、偿债能力及现金流等情况披露现金分红方案的合理性，是否导致公司营运资金不足或者影响公司正常生产经营']",珏煜物流
2021-03-31,季报,2021-04-30,无保留意见,False,627449941.4151367,251682280.879483,375767660.5356537,0.4011192993529402,90124845.04825875,896.5940557653414,2022079.0109501022,133817873.09139724,73731178.86620134,8129491.259506866,1064716.2279858869,323839681.30250764,40000000,9.394191513391343,114281705.73910592,103628375.79074103,7394374.134474282,4263515.277903009,0.10658788194757524,3667502.6835150495,78248115.4007919,-4549411.203505325,266670177.25584695,340368881.4531335,-0.03366367172789201,-0.6152867226461447,-0.0677696663081771,0.038261752724285565,2021-03-18,2021-06-09,False,False,False,False,False,0.0,0,0,False,[],珏煜物流
2021-06-30,半年报,2021-08-27,无保留意见,False,725528329.6521069,329817667.78890157,395710661.8632053,0.4545896477220265,107673804.61317748,1081.996990594423,2471032.01975795,182369667.32288724,93846163.33821894,9329612.21252011,1321928.4496558714,400071978.6728144,40000000,9.892766546580132,128580675.37324011,116222253.9803758,62306655.32751542,20427099.47733455,0.5106774869333638,17991254.5566211,67075676.80367976,-6035845.23156025,281929828.190364,342969659.7624835,0.053072692043596985,0.7601557874218803,0.05347034836908621,-0.06075885372860384,2021-03-18,2021-09-15,False,False,False,False,True,0.0,0,0,False,[],珏煜物流
2021-09-30,季报,2021-10-27,无保留意见,False,725991627.0404036,331883980.3467358,394107646.6936679,0.45714574105999356,103173227.23902489,1054.3735219541988,2594717.9001596756,175931529.9524316,87895195.32455657,8411821.286766179,1314238.6718238883,388530577.3102881,40000000,9.852691167341698,140803733.48453298,127740171.21816897,30382018.35140188,17461511.587561235,0.4365377896890309,16454167.482561667,101143274.03987941,-6021018.008741986,285702003.36468434,380824259.39582175,-0.004050977959475857,-0.07923638035507526,0.0025560933379671197,-0.03916945396384979,2021-03-18,2021-12-24,False,False,False,False,False,0.0,0,0,False,[],珏煜物流
2021-12-31,年报,2022-03-30,无保留意见,False,680369160.8230395,312590175.1242579,367778985.69878167,0.45944201049047984,96562520.0939581,949.8043151000567,2319324.243942221,161873737.13386652,79180622.41111779,8296987.281366894,1292342.772865639,358117112.9706588,40000000,9.194474642469542,140755848.60323507,127696388.13258463,323216.2876785231,-68406.97328274697,-0.0017101743320686743,-62547.26512046916,16073868.83088109,-5669816.09907295,268349770.60707158,278753823.3388797,-0.06680576034433303,-0.5086810692068233,0.002296269430486258,-0.004560625534663993,2021-03-18,2022-04-17,False,True,False,True,False,0.0,3,0,True,['留存未分配利润的预计用途以及收益情况'],珏煜物流
2022-03-31,季报,2022-04-30,无保留意见,False,717392349.806304,403919224.57787424,313473125.2284297,0.5630380985898895,96926625.59712934,950.4001620022387,2078431.7693453466,168487270.1835504,74756269.5882451,7891617.406049105,1253132.5918703172,355377809.96082294,40000000,7.8368281307107415,140523912.94732398,127500544.69238986,689185.7010544991,-331336.651301533,-0.008283416282538324,-279776.3431353781,118314076.91319981,-6303209.533907099,292941620.7930025,404952488.1722952,-0.14765895437764237,-0.01552893916147724,0.10359608809940972,0.05568638608065247,2021-03-18,2022-05-29,False,False,False,False,True,0.0,0,0,False,[],珏煜物流
2022-06-30,半年报,2022-08-27,无保留意见,False,804654266.1474662,489652901.7720607,315001364.37540543,0.6085258257766122,135394624.869113,1087.0491009564755,2417193.0584292375,216682589.89368927,105144989.7354427,10312236.460233735,1502387.9077921715,437885070.05639756,40000000,7.875034109385136,138964194.79264143,126105279.91989166,4179286.6114924187,-2228168.792403646,-0.055704219810091146,-1993235.3892831374,132074669.36263551,-6914648.508225818,326010014.1928237,451170035.0472334,0.00487518394395732,-0.11379629556500848,0.04548772718672273,0.0713488719538418,2021-03-18,2022-09-14,False,False,False,False,False,0.0,0,0,False,[],珏煜物流
2022-09-30,季报,2022-10-27,保留意见,True,766438327.2587609,474316482.10337955,292121845.1553814,0.6188579892655124,130689103.55865525,1199.7879494998983,2780083.445485751,191627906.5665791,98940822.49647722,10168715.087446455,1725924.1942370443,451814341.3107408,40000000,7.303046128884534,130049766.70123753,118721962.79073927,25613312.436901215,-12734897.27343417,-0.31837243183585423,-10547595.898789147,147440229.14476106,-6464409.21520784,327464566.7952579,468440386.72481114,-0.07263307974995696,-0.7112678403492372,0.01033216348890013,0.16003312216924936,2021-03-18,2022-12-03,False,True,True,False,False,0.0,3,0,True,"['充分披露高送转的主要考虑及其合理性且送转股后每股收益不低于0.5元', '公司为增强投资者回报水平拟采取的措施', '是否影响偿债能力、过去十二个月内是否使用过募集资金补充流动资金以及未来十二个月内是否计划使用募集资金补充流动资金等内容', '结合前述财务报表列报项目的具体情况说明现金分红方案确定的依据及未来增强投资者回报的规划']",珏煜物流
2022-12-31,年报,2023-03-30,无保留意见,False,781170892.6329057,462609005.4752593,318561887.15764636,0.5921994916068287,119894820.3643406,1128.9756296701496,2584989.7288798834,198018737.26688024,100856927.85444425,9545172.771161659,1456005.3065040852,421639104.8830957,40000000,7.964047178941159,122062761.13326216,111386761.09859155,41631181.74388847,-11410007.954250522,-0.28525019885626307,-10478859.56021104,26195839.13889347,-6857842.727628882,291903553.1261963,311241549.5374609,0.09051032108948015,0.31063479689044204,-0.02665849765868367,0.025614303492878597,2021-03-18,2023-04-15,False,False,False,False,True,0.0,0,0,False,[],珏煜物流
2023-03-31,季报,2023-04-30,无保留意见,False,885099352.6902769,557189241.7644564,327910110.92582047,0.6295216916280288,138487046.4535414,1410.7947838477123,3027998.314074568,231909670.9215702,116159427.66999656,11941442.285556765,1821916.6818451013,483943548.10459673,40000000,8.197752773145512,114519947.6038702,105228893.83779436,18279312.12416678,-10775447.899131376,-0.2693861974782844,-8796953.229710264,51854329.22314352,-7228577.661872828,369224354.5299653,413850106.091236,0.02934507907265095,0.11351716602202588,0.03732220002120016,-0.08888554978762166,2021-03-18,2023-06-23,False,True,False,False,False,0.0,0,0,True,"['留存未分配利润的预计用途以及收益情况', '结合所处行业特点、发展阶段和自身经营模式、盈利水平、偿债能力、资金需求等因素，未进行现金分红或现金分红水平较低原因的说明', '结合前述财务报表列报项目的具体情况说明现金分红方案确定的依据及未来增强投资者回报的规划', '是否影响偿债能力、过去十二个月内是否使用过募集资金补充流动资金以及未来十二个月内是否计划使用募集资金补充流动资金等内容']",珏煜物流
2023-06-30,半年报,2023-08-27,无保留意见,False,972275985.7718136,615762463.1373041,356513522.6345095,0.6333206539586582,147126680.7208703,1351.7688598657064,3372503.4776879945,230889442.94733608,112694498.69053382,10773161.201275941,1618123.6663129758,513118001.84454733,40000000,8.912838065862738,103033450.68243258,95360840.01866433,19702977.223270915,-16409281.316339472,-0.4102320329084868,-14097219.741614353,113817287.18715858,-8624396.024187973,377122448.4352769,482315339.5982475,0.0872294289063863,-0.905098604029984,0.003798962330629247,0.03610679374142895,2021-03-18,2023-10-22,False,False,False,False,False,0.0,0,0,False,[],珏煜物流
2023-09-30,季报,2023-10-27,无保留意见,False,1226069653.7208974,855621742.520353,370447911.2005445,0.6978573688074713,168386113.67737824,1804.8442974906084,3591141.4267837526,290664482.509193,151442156.6973576,14170110.35299153,2301620.6733171702,647014576.1668704,40000000,9.261197780013612,91454327.12101872,84808386.20646358,75832340.82434632,-16541605.087734079,-0.413540127193352,-15074934.017429654,205682246.8913141,-10256802.325834744,464538115.203329,659963559.7688084,0.03908516137919445,-0.224004716720032,0.06453671484881313,-0.010480866692521247,2021-03-18,2023-11-10,False,False,False,False,False,0.0,0,0,False,[],珏煜物流
2023-12-31,年报,2024-03-30,无保留意见,False,1413303729.0485678,999991748.3084638,413311980.74010396,0.7075561521242539,186951253.79835606,2133.7711736646684,4136128.2481147517,326305616.54654795,173695924.20167768,16883063.327787783,2573931.6391566345,727488269.5131402,40000000,10.332799518502599,80002671.07424673,74438142.31316128,16180782.261108406,-16359508.638245702,-0.40898771595614253,-14814634.133288972,254523828.1259627,-12676583.458724989,592215664.313725,834062908.9809628,0.11570876294226091,0.39724797247038457,0.009698783316782594,-0.07331215924375603,2021-03-18,2024-04-22,False,False,False,False,False,0.0,0,0,False,[],珏煜物流
2024-03-31,季报,2024-04-30,保留意见,False,1267885115.0579848,858774187.2104553,409110927.84752953,0.6773280772928552,180899033.90720454,1625.8121146055876,3965927.330885103,280280313.19320536,133362394.92627473,14442228.285241617,2000480.2249748753,613765242.0730247,40000000,10.227773196188238,68784729.31408149,64717506.87810858,10200122.663335908,-16025631.08595035,-0.4006407771487588,-13886622.050075298,145255742.36274666,-10295833.921322623,532491981.1191905,667451889.5606146,-0.010164362729219023,0.5212834586572167,-0.0302280748313987,-0.09446987737047902,2021-03-18,2024-05-24,False,False,False,True,False,0.0,0,0,False,[],珏煜物流
2024-06-30,半年报,2024-08-27,保留意见,False,1367368102.948217,955489620.0153319,411878482.93288517,0.6987801002196676,210052656.65725905,1766.9011278644398,4108715.4456969686,292086242.25177395,170917767.70495456,14830572.377440682,2311191.6108516217,678063133.0325413,40000000,10.29696207332213,57713803.73655399,54612120.628525846,33066402.950949762,-15815607.967896424,-0.3953901991974106,-14436266.070832489,217249499.69132525,-12218605.049114807,503700252.4745005,708731147.1167109,0.006764803619196012,0.21554784335332625,0.021452022926812482,0.06548225153554064,2021-03-18,2024-10-06,False,False,False,True,False,0.0,0,0,False,[],珏煜物流
2024-09-30,季报,2024-10-27,非标准无保留意见,False,1246624209.0501351,840256482.4664705,406367726.58366466,0.6740254812688931,186274849.39481878,1695.9113993838564,4372485.002609087,323884634.9948416,153970831.13706058,16445695.471441545,2253696.561295692,674900040.8477085,40000000,10.159193164591617,46656473.66409898,44588443.66689445,45442063.90801774,-15796185.817792868,-0.39490464544482173,-14319538.516616276,54283188.4747346,-10749475.88822215,520858729.218536,564392441.8050485,-0.01337956843479592,0.016398413343815917,-0.02475461895077463,0.016302372434017897,2021-03-18,2024-11-18,False,False,False,False,False,0.0,0,0,False,[],珏煜物流
2024-12-31,年报,2025-03-30,非标准无保留意见,False,1524716222.2368789,1129373513.8814867,395342708.35539216,0.7407106302211481,243523386.92437297,2258.0417589097206,5059611.435393664,377525636.64889175,192666369.7339245,19613334.129305616,2807391.556498978,831538837.1473354,40000000,9.883567708884804,35901317.09601739,35212371.942154735,66044827.98171099,-15364509.382973695,-0.38411273457434236,-13394388.1781996,34972295.417724,-13086052.551760813,625603370.8007122,647489613.6666754,-0.027130644258981543,0.35859058748395545,0.06668514895225512,0.11522215395992028,2021-03-18,2025-05-19,False,False,False,False,False,0.0,0,0,False,[],珏煜物流
2017-03-31,季报,2017-04-30,无保留意见,False,267427719.16577703,68041472.86237524,199386246.30340177,0.25442939525725344,729.8684281985148,0.005334328557121556,68172278.65554549,9250.88326148875,1136.6164884236375,488876.8773085056,0.0008180854544299087,68100758.35402735,40000000,4.984656157585044,180004.9357871469,177728.16615004986,562648.3721145674,257149.90826735273,0.0064287477066838185,253897.38021435696,3434779.415025349,-15301007.654826898,-11405747.657602154,-23271975.897403702,0.10770136835223204,-0.0412694495407026,-0.04557060474274656,0.15888380842185978,2021-11-25,2017-05-22,False,False,False,False,False,0.0,0,0,False,[],翰璜控股
2017-06-30,半年报,2017-08-27,保留意见,False,363703027.2216643,121120928.97634971,242582098.24531457,0.3330215035645847,999.8466597317386,0.007273820963206837,90210887.82644345,13482.23011823367,1495.462840686907,551511.6770147937,0.0009087514048602864,85995149.75657876,40000000,6.064552456132864,-35983.338627554476,-9947.108949745925,1011150.5851880669,-308554.6777352877,-0.0077138669433821925,-268107.53585685114,48544316.37375562,-20245290.943668347,-15777881.335483944,12521144.094603328,0.2166440902657977,-0.032780881490264556,0.07859210830733128,0.10780460010741992,2021-11-25,2017-09-22,False,False,False,False,False,0.0,0,0,False,[],翰璜控股
2017-09-30,季报,2017-10-27,无保留意见,False,357508944.0013593,122909057.7093824,234599886.2919769,0.34379295895018247,951.2099749045426,0.006550382562348774,70211983.18885367,12167.403595945203,1543.3416213651574,611731.3825311161,0.0009038967652429391,83624136.71278784,40000000,5.864997157299422,3625337.5567334825,3513381.353396033,9344547.129674993,5230458.421944339,0.13076146054860846,5033326.3747796845,57216625.75129251,-18272040.056795992,-15791999.106791118,23152586.587705404,-0.03290519791475105,0.3318474220019245,0.010771455385597747,0.033168548605821246,2021-11-25,2017-12-21,False,False,False,False,False,0.0,0,0,False,[],翰璜控股
2017-12-31,年报,2018-03-30,无保留意见,False,367406938.95944995,128694238.70552893,238712700.253921,0.35027710437372195,1026.7700645486627,0.007894608562024676,96169509.11311936,13648.454760824858,1705.8400800751199,625877.6144642283,0.0010972550696534218,96080546.21521068,40000000,5.967817506348025,12047617.650820412,11485729.573212583,12935071.00448165,12031828.705838472,0.3007957176459618,11389068.885452215,43672997.16368854,-20079472.415719092,-16610595.043425277,6982929.704544172,0.017531184805543304,0.30594826947789344,0.006484145423539511,0.03401471912232157,2021-11-25,2018-04-17,False,False,False,False,False,0.0,0,0,False,[],翰璜控股
2018-03-31,季报,2018-04-30,无保留意见,True,404898684.93678117,148060073.27354598,256838611.66323516,0.36567190455721865,1065.9957962808464,0.008103469281701362,90813560.94311959,14042.013049631552,1572.529656079406,623080.9993242996,0.0010562678221653654,94302996.2297063,40000000,6.420965291580879,14744767.3740529,13840191.142004305,3778716.779303404,3853071.0331892706,0.09632677582973177,3363516.5268453173,50606612.5151714,-21006696.088354494,-16753673.514790207,12846242.9120267,0.07593191057716421,-0.2817169305977753,0.015394800183496673,0.08294208742448696,2021-11-25,2018-06-19,False,False,False,False,False,0.0,0,0,False,[],翰璜控股
2018-06-30,半年报,2018-08-27,无保留意见,False,479979522.155867,206676510.51068288,273303011.6451841,0.4305944336591248,1388.1441945836598,0.00989599440668706,127255591.7598337,18886.885837055288,2368.3850854385237,850355.4597946543,0.0013236121521984312,124454483.69925365,40000000,6.8325752911296025,9691601.26929967,9244344.46614001,5798630.773435146,-7218808.721076045,-0.18047021802690114,-6565495.251234709,7429028.443813171,-25914084.243562505,-21255585.197933238,-39740640.99768257,0.06410406860295963,-0.5309472037304993,0.06492252910190617,0.09164267085809719,2021-11-25,2018-10-09,False,False,False,False,False,0.0,0,0,False,[],翰璜控股
2018-09-30,季报,2018-10-27,无保留意见,False,464363857.3000754,194570908.82886472,269792948.47121066,0.41900528167749185,1333.5506879522368,0.009562857031022623,108811113.77306525,16404.57445562049,2074.721326276762,794655.83516083,0.0013029639701094974,116215218.1986353,40000000,6.744823711780266,5761466.804969567,5828737.785203134,25896666.87191499,-5614477.806185862,-0.14036194515464656,-4879438.115624108,74675173.25237143,-25124936.379626166,-19784876.155317623,29765360.717427637,-0.012843119264746381,0.16402203669681026,-0.011589151981632946,-0.16279136400344812,2021-11-25,2018-11-24,False,False,False,False,False,0.0,0,0,False,[],翰璜控股
2018-12-31,年报,2019-03-30,无保留意见,False,542354701.5612495,271888772.62898535,270465928.9322641,0.5013117280007211,1477.0162291015108,0.009777420196916206,131665978.92798369,19061.22611616336,2254.3107253039884,792238.0012812723,0.0012516687254314838,124324970.03320237,40000000,6.761648223306603,1888472.326112272,2455216.102515335,24782169.998785947,-5532849.2555104215,-0.13832123138776053,-4819316.6895539975,41994452.151939295,-27847408.901422698,-23809888.23734297,-9662844.986826371,0.0024944331008906395,0.007169504330665511,0.0823064463232292,-0.04196313020385324,2021-11-25,2019-04-19,False,False,False,False,False,0.0,0,0,False,[],翰璜控股
2019-03-31,季报,2019-04-30,无保留意见,True,522977572.3201002,214706952.62471905,308270619.69538116,0.41054715151972676,1497.8344539416285,0.011408841193067669,128687747.81670955,17295.22442418918,2550.1649823064063,881109.9586365635,0.0014108581492238447,132329642.2490806,40000000,7.7067654923845295,-5255637.482276359,-3758683.6947217677,28313272.724869978,-10205871.154840901,-0.25514677887102255,-8876999.71033872,8820250.62657824,-30226678.444312654,-22566884.01029825,-43973311.82803266,0.13977616667785486,-0.4075137759548554,-0.09076457648099427,0.05472566651278951,2021-11-25,2019-05-20,False,False,False,False,False,0.0,0,0,False,[],翰璜控股
2019-06-30,半年报,2019-08-27,保留意见,False,564863486.0284811,222041278.61467645,342822207.41380465,0.3930883905699666,1749.5156778872267,0.011576573780935826,142744665.4205939,21818.230901269966,2468.430261649197,945787.8411335956,0.0015632387866764263,143209296.2677349,40000000,8.570555185345116,-10775640.263654819,-8845896.335740233,30644336.019373,-7885718.259112086,-0.19714295647780217,-7267446.63002638,100760308.28200522,-30487480.740673043,-24630866.99164821,45641960.54968397,0.11208200039486658,0.3414938027532335,-0.017458760949760215,0.12456391198901047,2021-11-25,2019-09-12,False,False,False,False,False,0.0,0,0,False,[],翰璜控股
2019-09-30,季报,2019-10-27,无保留意见,True,640589818.9419765,292619036.9328218,347970782.0091547,0.45679626537949514,1997.7013843466368,0.01297983973258131,166604578.4396132,21873.46739561824,2758.9814059127093,1096539.3546626195,0.0016365888488572657,160224653.22354645,40000000,8.699269550228866,-11245005.889709724,-9279306.833049433,835926.6592521089,-670522.3229355793,-0.016763058073389483,-619157.853298857,68464513.60155606,-35670613.77531812,-29051653.730449032,3742246.0957889073,0.015018206183870281,0.7916362628783082,0.06370787480952855,-0.05239994152538632,2021-11-25,2019-11-11,False,False,False,False,False,0.0,0,0,False,[],翰璜控股
2019-12-31,年报,2020-03-30,非标准无保留意见,False,732000340.269984,391471292.4768491,340529047.79313487,0.5347965990459275,1889.5915208250035,0.013047127405893848,170126687.68834305,23269.649470202272,3052.287098978932,1187050.5314449482,0.0018328052721753587,167376038.83419377,40000000,8.513226194828372,-14697636.23714622,-12298247.677001704,2772484.7020085803,-4932329.067766424,-0.12330822669416061,-4312772.634217529,45789436.21586004,-40521447.028023206,-33350146.29855998,-28082157.110723145,-0.021386089294773113,-0.26098855267224935,0.07800033366643234,-0.16967722742310304,2021-11-25,2020-05-27,False,False,False,False,False,0.0,0,0,False,[],翰璜控股
2020-03-31,季报,2020-04-30,无保留意见,False,808596633.3833046,462877960.7851288,345718672.59817576,0.5724460647929851,2572.762853466984,0.01605892372194549,209282409.1220146,26649.790355420268,3558.9118287939423,1303535.7464158623,0.002209468899149463,203054004.38924688,40000000,8.642966814954393,-16924356.75187093,-14448928.864812536,10448000.103457453,-3181029.306749586,-0.07952573266873965,-3072401.696872618,11346971.409472223,-42775042.94739323,-33376161.225010514,-64804232.762931526,0.015239888751556675,0.14512326122010819,0.03764946574705763,-0.026599405490702888,2021-11-25,2020-06-03,False,False,False,False,False,0.0,0,0,False,[],翰璜控股
2020-06-30,半年报,2020-08-27,无保留意见,True,663080168.0778474,315777514.51201886,347302653.5658285,0.4762282597403,1925.6583334758593,0.012459169927303065,162397247.18652675,21024.49255647018,2955.09515141603,1009622.9888425905,0.0018263810753975042,163249621.02551964,40000000,8.682566339145712,-14518956.800102022,-12352836.149330193,6295686.010953986,3436285.645384155,0.08590714113460388,2994418.164974774,89672038.55042413,-36872474.642422564,-26731825.39861501,26067738.509386554,0.004581704990790997,0.47885729690170237,-0.09621780505268511,-0.04326756698055126,2021-11-25,2020-10-19,False,False,False,False,False,0.0,0,0,False,[],翰璜控股
2020-09-30,季报,2020-10-27,无保留意见,False,668930058.4169133,278871712.5080435,390058345.90886974,0.4168921832695335,1776.2911748725187,0.012862258276896457,143156469.30365342,23209.97687576323,3033.7161063345734,1162773.5240798914,0.0018272208156899872,166159711.71962014,40000000,9.751458647721744,-14772658.025673801,-12573370.048826266,1291986.104180131,-362430.32224539854,-0.009060758056134963,-315048.4278515316,80227700.64599073,-37768374.073570006,-28212261.761581,14247064.810839724,0.12310787695993591,-0.18588093910732512,-0.05933607647076649,0.05682623800166725,2021-11-25,2020-12-12,False,False,False,False,False,0.0,0,0,False,[],翰璜控股
2020-12-31,年报,2021-03-30,无保留意见,True,796101466.9830518,372671280.9629414,423430186.0201103,0.46812032940378345,2189.836242835537,0.014000522585640272,188108703.10617623,26891.72508313598,3273.079903799718,1298917.3792257041,0.0020885932302455775,186625471.3053256,40000000,10.585754650502757,-14723946.949777877,-12530336.609368386,270738.52491684456,69587.25127989054,0.0017396812819972635,61476.34208268701,16536238.563395573,-43082229.899651974,-35267712.20194247,-61813703.53819887,0.08555602119852414,0.025966387032050894,0.05122814613424996,0.02997478473210849,2021-11-25,2021-04-14,False,False,False,False,False,0.0,0,0,False,[],翰璜控股
2021-03-31,季报,2021-04-30,无保留意见,False,911899430.5298657,436047720.58186513,475851709.9480006,0.47817523071430856,2385.716457642176,0.01731702521309731,237880194.3528583,34120.23234949792,4118.036233850718,1523815.4148605177,0.0023480292081164045,228335798.41317657,40000000,11.896292748700015,-13164663.370592626,-11038031.698835406,0.0,2227547.970264647,0.05568869925661618,2131864.1579042557,136508694.04589885,-53570970.323022954,-41495173.374194026,41442550.34868187,0.12380204732357114,0.12642137664007969,0.010054901310525144,0.005485136218360254,2021-11-25,2021-05-28,False,False,False,False,False,0.0,0,0,False,[],翰璜控股
2021-06-30,半年报,2021-08-27,保留意见,False,1084626392.218082,552293228.4492091,532333163.768873,0.5092013548736894,2855.041092985397,0.02135505016760587,284568293.0175206,34071.45149098927,4755.697616178815,1725394.3956659986,0.002836505173472023,253855424.97393695,40000000,13.308329094221824,-4520831.901005289,-3350211.59408222,36850052.92773725,12348330.670839053,0.3087082667709763,10982600.14964741,144352366.22988918,-57452141.332416296,-46705823.51678391,40194401.38068898,0.1186954940795411,0.5263688701349839,0.031026124159380827,0.05093991863435893,2021-11-25,2021-10-25,False,False,False,False,False,0.0,0,0,False,[],翰璜控股
2021-09-30,季报,2021-10-27,无保留意见,False,992244468.6010463,472179486.58561,520064982.01543635,0.47587011218246467,2825.014535429704,0.018414260514215384,254031813.09912777,35205.0599457328,4330.69780423012,1711300.3786760028,0.0027820913685049405,249844569.58541965,40000000,13.001624550385909,11924498.587914035,12180286.260676185,65224324.95668693,23493329.26988475,0.5873332317471187,22186425.50679772,141076248.05315948,-55035406.57206336,-42816983.384071045,43223858.097025074,-0.02304605947632298,0.3797489787083372,-0.03333124269122474,0.1603306556305202,2021-11-25,2021-12-14,False,False,False,False,False,0.0,0,0,False,[],翰璜控股
2021-12-31,年报,2022-03-30,无保留意见,False,953290420.418992,429661021.99010754,523629398.42888457,0.4507136679305579,2858.2472252417783,0.019361289633625812,252434038.1336784,34511.24965426627,4568.51855073288,1819963.013836849,0.002782201265894001,251420475.1548383,40000000,13.090734960722115,39901551.18899924,36668130.58111015,96170752.48232697,39967218.0015503,0.9991804500387576,34982634.74347709,103692765.58266743,-50624742.42726775,-38155068.06722539,14912955.088174284,0.0068537904621741984,0.4068296934013112,-0.025156444251906773,-0.14432176864550644,2021-11-25,2022-05-03,False,True,False,True,False,0.0,2,0,True,['根据公司盈利能力、融资能力及其成本、偿债能力及现金流等情况披露现金分红方案的合理性，是否导致公司营运资金不足或者影响公司正常生产经营'],翰璜控股
2022-03-31,季报,2022-04-30,无保留意见,False,846596764.304836,335028876.3029084,511567888.0019277,0.3957360699080983,2655.3002592557723,0.01887753283518555,248690387.07537356,30425.52778084028,4514.95875436957,1458136.3365644685,0.002726602294017514,230948964.1099579,40000000,12.789197200048191,81546067.73194622,76447459.59657751,149762940.28872398,59492166.48992424,1.487304162248106,56827612.87923911,143985861.67049828,-47225245.23179495,-38976492.80322732,57784123.63547601,-0.023034440891108635,0.3427400735602461,-0.054977598022459606,-0.08361803170322465,2021-11-25,2022-06-01,False,False,False,False,False,0.0,0,0,False,[],翰璜控股
2022-06-30,半年报,2022-08-27,非标准无保留意见,False,869937525.835302,311445940.31329596,558491585.522006,0.35800954788592415,2869.735360517448,0.019090703826097493,225699561.71201256,35030.509744924624,4065.8740512165527,1466560.2555910135,0.0026918744104656622,238238518.1400332,40000000,13.962289638050152,137431684.39554703,128869816.65298223,0.0,79836595.23371546,1.9959148808428866,74889081.50914961,153751726.64225793,-49032623.77463058,-36048436.85467302,68670666.01295432,0.09172525997155942,0.26596747977416807,-0.03772652202217416,0.01158392640028327,2021-11-25,2022-09-11,True,False,False,False,False,94954720.71321459,0,0,True,"['公司为增强投资者回报水平拟采取的措施', '是否影响偿债能力、过去十二个月内是否使用过募集资金补充流动资金以及未来十二个月内是否计划使用募集资金补充流动资金等内容', '上市公司控股子公司向母公司实施利润分配的情况']",翰璜控股
2022-09-30,季报,2022-10-27,无保留意见,True,834393518.948798,308477260.7485637,525916258.2002343,0.3697023691377608,2416.750072178422,0.017920375100981552,239418816.23758468,34008.62236420443,3983.905790537648,1452784.788084622,0.0023609056746077307,222946134.4459362,40000000,13.147906455005858,178036547.81438586,165236409.39043292,228016339.32837743,58006947.74119833,1.4501736935299583,51952275.33921526,123751257.53087428,-44168453.78940801,-34851254.155319594,44731549.586146675,-0.058327337718659604,-0.22542766440549866,0.011692821251836677,0.1265749472453123,2021-11-25,2022-11-27,False,False,True,False,False,0.0,0,2,True,"['充分披露高送转的主要考虑及其合理性且送转股后每股收益不低于0.5元', '公司为增强投资者回报水平拟采取的措施', '根据公司盈利能力、融资能力及其成本、偿债能力及现金流等情况披露现金分红方案的合理性，是否导致公司营运资金不足或者影响公司正常生产经营', '公司在相应期间是否按照中国证券监督管理委员会相关规定为中小股东参与现金分红决策提供了便利']",翰璜控股
2022-12-31,年报,2023-03-30,无保留意见,False,793534977.63299,238298562.4097725,555236415.2232175,0.30030001087108427,2163.592327318918,0.01544977502900187,195413718.73485896,27428.070172320764,3134.4777870475255,1279994.065744072,0.0020348789735535775,188724316.44856676,40000000,13.880910380580437,238357208.4992631,218563961.880551,326636469.1092197,86172372.40696754,2.1543093101741886,76182217.84302586,27518482.384932633,-43510510.85944899,-36628722.85040972,-52620751.32492608,0.05575061916382144,0.3755042101293111,-0.06940235826667653,0.1280066121940879,2021-11-25,2023-05-23,True,False,False,False,False,99462490.15441795,0,0,True,"['留存未分配利润的预计用途以及收益情况', '公司为增强投资者回报水平拟采取的措施', '是否影响偿债能力、过去十二个月内是否使用过募集资金补充流动资金以及未来十二个月内是否计划使用募集资金补充流动资金等内容']",翰璜控股
2023-03-31,季报,2023-04-30,无保留意见,False,981034898.532788,375651671.1454039,605383227.387384,0.3829136677066427,2698.0393280779394,0.021042891786424812,256867335.46237534,40170.47192535704,4700.282514125796,1570315.7622139952,0.002700788223751894,248669614.8673885,40000000,15.134580684684602,266555954.26958913,242478336.27984267,39801459.25507295,40283922.529037185,1.0070980632259297,34163391.99898809,59918921.23645431,-56665854.0493184,-38650330.61898489,-35397263.43184899,0.09031614423921826,-0.44477459233874667,0.0826136568355584,0.016240078565447725,2021-11-25,2023-05-13,False,True,False,True,True,0.0,3,0,True,"['公司为增强投资者回报水平拟采取的措施', '是否影响偿债能力、过去十二个月内是否使用过募集资金补充流动资金以及未来十二个月内是否计划使用募集资金补充流动资金等内容']",翰璜控股
2023-06-30,半年报,2023-08-27,无保留意见,False,1142145778.7122633,488042078.88023347,654103699.8320299,0.4273027909191127,3083.313422383112,0.020833302534920953,272178290.24665874,38977.22580299381,5385.531684993619,2033754.1833619871,0.003065498631414404,274880082.097627,40000000,16.35259249580075,288188448.7263096,262320176.0015577,126892887.24361852,30903563.50960066,0.7725890877400166,28345485.316735733,88647089.56904206,-69320360.63534483,-47109546.48196553,-27782817.548268303,0.08047872858140774,-0.16375203731346477,0.04438912321247006,-0.015406567885149595,2021-11-25,2023-10-01,False,False,False,False,True,0.0,0,0,False,[],翰璜控股
2023-09-30,季报,2023-10-27,非标准无保留意见,True,1031570865.0271478,357778058.3493999,673792806.6777478,0.3468283861816748,2889.293967685248,0.020882389817522024,255776557.78721353,37720.17993304674,4611.226621960659,1687793.5567887495,0.002623754033222368,253436588.97839442,40000000,16.844820166943695,334662679.8120583,304232977.7498135,0.0,66391758.6939268,1.6597939673481699,59875431.06893689,189046496.64568454,-58878997.455070265,-45878800.865743496,84288698.3248708,0.030100895088613532,0.740825787985767,-0.08047440473743792,0.018846553277379323,2021-11-25,2023-11-12,False,False,False,True,False,0.0,0,0,False,[],翰璜控股
2023-12-31,年报,2024-03-30,无保留意见,False,1078585366.577491,368439447.9478707,710145918.6296204,0.3415950738484269,2973.2585700319255,0.020944269617833872,260173806.61122966,39077.93884503624,4941.418834408663,1769279.2017479988,0.0028320200130046973,268425385.9602801,40000000,17.753647965740512,375830335.9425676,341405644.6958147,102302408.33763489,58810937.32929894,1.4702734332324736,53103809.92285889,67715894.7012733,-59964458.90397814,-43055405.05789889,-35303969.26060372,0.05395295347707541,-0.09090612170024832,-0.005233312333247862,0.09598003255423741,2021-11-25,2024-04-18,False,False,False,True,False,0.0,0,0,False,[],翰璜控股
2024-03-31,季报,2024-04-30,无保留意见,False,1096453729.305875,360011983.7755851,736441745.53029,0.32834215813511397,2796.9682907834267,0.01750158234425728,261290607.56488195,38385.48953167912,4684.0446100960935,1801505.9320097237,0.002743214626269452,258398547.29389155,40000000,18.41104363825725,406108771.8076881,369000940.6775023,176092009.34071422,43254908.37874362,1.0813727094685905,39421851.402410805,143655353.23897308,-63527242.823992826,-46962254.978051506,33165855.436928757,0.037028765794236876,-0.2051950483475071,-0.013252915713312975,0.10787949446747418,2021-11-25,2024-06-07,False,False,False,False,True,0.0,0,0,False,[],翰璜控股
2024-06-30,半年报,2024-08-27,无保留意见,True,1500464321.808178,820167470.0480236,680296851.7601542,0.5466091116779486,4697.576628993457,0.029997128317845036,368848394.3117588,56032.78005852403,6849.3752519892005,2764226.9221294504,0.004481121588624962,403796121.929334,40000000,17.007421294003855,439874769.0773156,396183382.1919729,102396551.60109112,48237138.95661066,1.2059284739152665,38832059.30638663,123061061.7267678,-84765176.13832994,-61201719.97016674,-22905834.381728888,-0.07623806514350627,0.08268588753882566,0.21826695354283454,0.040538302640310254,2021-11-25,2024-09-23,True,False,False,True,False,12115657.761906639,0,0,True,"['结合前述财务报表列报项目的具体情况说明现金分红方案确定的依据及未来增强投资者回报的规划', '公司在相应期间是否按照中国证券监督管理委员会相关规定为中小股东参与现金分红决策提供了便利']",翰璜控股
2024-09-30,季报,2024-10-27,无保留意见,False,1549454542.5919771,803700577.2518606,745753965.3401165,0.5186990357957869,4218.203785771599,0.03170925882192193,360351186.4148584,55020.49388296723,6526.346999766705,2579939.723927856,0.004351192151539198,374736911.0546026,40000000,18.64384913350291,479884481.71549094,431665733.5901242,170075510.89085868,57156732.34025043,1.428918308506261,50689073.4259304,268428864.82218948,-84364635.21807022,-67950326.74750343,116113902.85661581,0.09621845729640355,0.13672569837209136,-0.027910075882161628,0.1274041679303757,2021-11-25,2024-12-12,False,False,True,False,False,0.0,0,5,True,['是否影响偿债能力、过去十二个月内是否使用过募集资金补充流动资金以及未来十二个月内是否计划使用募集资金补充流动资金等内容'],翰璜控股
2024-12-31,年报,2025-03-30,无保留意见,False,1875112789.5186815,960939002.5090268,914173787.0096546,0.5124699740092371,5222.915771800907,0.036422467861136884,464521823.8412506,70036.03227684439,7901.777151952195,3145709.887833748,0.005491712652926465,477577288.5924811,40000000,22.854344675241364,518900923.6837767,465373129.49504435,89542845.3086334,55737774.2404082,1.393444356010205,48153422.721314505,249727244.9125024,-98188610.11629663,-80267575.77843574,71271059.01777002,0.22583831866415466,-0.019134582323984874,-0.006229061786549776,0.08759882135754284,2021-11-25,2025-04-25,False,False,False,False,False,0.0,0,0,False,[],翰璜控股
2017-03-31,季报,2017-04-30,保留意见,False,290964208.274637,78676839.43345979,212287368.84117717,0.2704004038847206,21215341.409043487,447654.76908594277,110.28166518439436,1699.424451796771,9594998.46740608,6399406.312255893,174554973.47409457,220261347.61190313,40000000,5.307184221029429,857276.3341009952,858337.4915749425,0.0,1224680.477287136,0.0306170119321784,1226196.4165356322,-46185731.5148981,-52976103.496572755,-8938811.917515626,-108100646.92898647,0.1793742713398732,0.012482248738174197,-0.029599596115279382,0.1429278221833888,2021-05-18,2017-06-21,False,False,False,False,False,0.0,0,0,False,[],裴瀚集团
2017-06-30,半年报,2017-08-27,无保留意见,False,286993886.41798866,66741476.2125222,220252410.20546648,0.2325536513879512,19463457.42011623,394278.3555961022,96.75435300935645,1324.6393657278238,9138648.489162598,5483685.879644407,170722665.03159505,199097133.36937293,40000000,5.506310255136662,12719828.214927226,11942092.560368856,76716827.24903505,16946502.686894618,0.42366256717236545,15833935.812562738,-5634276.447120931,-50518928.46224846,-8969105.002833951,-65122309.91220334,0.037520090845576205,0.8626665487606826,-0.03784675249676942,-0.07079685311958969,2021-05-18,2017-09-30,False,False,False,False,False,0.0,0,0,False,[],裴瀚集团
2017-09-30,季报,2017-10-27,无保留意见,False,310373427.05935144,72429310.99395081,237944116.0654006,0.2333618302320078,18707397.05371151,441195.3620644213,91.63592042335377,1333.865121785409,9957099.349503528,6538872.672576381,162064599.47265357,207349418.91284597,40000000,5.948602901635015,32194791.30811298,30082853.464707717,128340891.8299161,27821375.84740822,0.6955343961852055,25915372.720484085,-26243501.229378887,-51740374.960815154,-9411974.457720742,-87395850.64791478,0.08032468676928493,0.32035327058041707,0.0008081788440565943,-0.015219924499670825,2021-05-18,2017-11-10,False,False,False,False,False,0.0,0,0,False,[],裴瀚集团
2017-12-31,年报,2018-03-30,非标准无保留意见,True,319570754.98473006,93505487.3379264,226065267.64680368,0.29259713499877155,20428449.76152305,436622.3323746521,92.90061197124261,1329.1717473695794,9175345.947475584,6602210.69495454,169892709.22444496,209687677.90566713,40000000,5.651631691170092,54694088.97554368,51408496.445450984,102711007.73247725,32141853.810615286,0.8035463452653822,30465204.258204672,-34324138.90335981,-57798551.43962692,-10056584.21072756,-102179274.55371429,-0.04992285001631207,0.09639324722908726,0.05923530476676378,0.11254967139445932,2021-05-18,2018-05-09,False,False,False,False,False,0.0,0,0,False,[],裴瀚集团
2018-03-31,季报,2018-04-30,无保留意见,True,335731355.4408945,87302528.20580672,248428827.23508778,0.2600368621845222,24588227.70525785,492103.6608221797,114.45324470040795,1773.8147668813715,11659006.129098417,7505452.242686866,211867082.05144057,253770224.40880346,40000000,6.210720680877195,57882998.1949078,54242531.9483876,4084578.0119642396,4555584.599091612,0.11388961497729029,4048622.147052305,-52204582.44827087,-53546801.584543325,-10086921.236050248,-115838305.26886445,0.09892523438507211,-0.5613599624840502,-0.03256027281424933,-0.01946834932352517,2021-05-18,2018-06-04,False,False,False,False,False,0.0,0,0,False,[],裴瀚集团
2018-06-30,半年报,2018-08-27,无保留意见,False,416859319.2026694,129064251.15314835,287795068.049521,0.30961104911846693,28289235.56585579,573273.5872932624,124.43836486137268,2011.0987569938707,13180535.250653924,8203276.522002455,271650116.6434786,292401771.6958868,40000000,7.194876701238026,61881767.30232461,57950866.01749834,18003266.099802878,5712527.296309728,0.1428131824077432,5297620.098729632,-46571073.07919263,-75185635.16026211,-12468071.234241558,-134224779.4736963,0.15846084068649982,0.053672527038161305,0.04957418693394471,-0.1405985239107535,2021-05-18,2018-10-12,False,False,False,False,False,0.0,0,0,False,[],裴瀚集团
2018-09-30,季报,2018-10-27,无保留意见,False,355772550.3197398,82808670.75072028,272963879.56901956,0.2327573352027819,24193804.010928914,487977.0517386242,116.94851815915709,1709.4384484335476,12341267.319923896,7224059.699761849,214766613.81501758,261225501.22784865,40000000,6.824096989225489,63580838.34906448,59469818.75572885,9216000.299343523,2427244.3524855264,0.06068110881213816,2169932.4831864587,-23199067.08143659,-69617277.39340316,-11441315.884483358,-104257660.3593231,-0.05153385212963224,-0.14464629589495254,-0.07685371391568503,0.03581036377532863,2021-05-18,2018-11-26,False,False,False,False,False,0.0,0,0,False,[],裴瀚集团
2018-12-31,年报,2019-03-30,无保留意见,False,375973802.91333747,99923412.98799554,276050389.92534196,0.2657722751258497,25712697.89921674,597033.1923164515,116.30170376845668,1843.4384402464402,12983363.18468875,6734871.135978505,212026823.0354216,268743314.95082134,40000000,6.901259748133549,67895898.59427574,63253115.270553134,7597959.398959193,6164371.778873254,0.15410929447183133,5404709.306891826,-34991278.55016811,-72921460.46062234,-10738654.550115036,-118651393.56090549,0.011307394814272405,0.19236528653172563,0.0330149399230678,0.16269290659445385,2021-05-18,2019-04-27,False,False,False,False,False,0.0,0,0,False,[],裴瀚集团
2019-03-31,季报,2019-04-30,无保留意见,False,404481211.553279,134818326.03121454,269662885.52206445,0.33331171431545226,25237936.123661164,447509.02098149946,118.29565211884712,1704.7878329557018,11068291.853569387,7407146.0189273935,202893196.11994776,249476702.62251565,40000000,6.741572138051612,70142701.6078145,65351920.57886388,4359582.183663956,3209718.5907696523,0.08024296476924131,2998293.2975867796,-4259193.440867363,-68403669.6679247,-14246962.21048993,-86909825.319282,-0.023138907374863942,-0.1275516217883513,0.06753943918960256,0.1702415796016879,2021-05-18,2019-06-20,False,False,False,False,False,0.0,0,0,False,[],裴瀚集团
2019-06-30,半年报,2019-08-27,保留意见,False,393979818.37698203,115813069.54325847,278166748.83372355,0.2939568580450535,24522148.300452255,555156.6229490581,128.4421054818456,1807.4048185822364,10663706.07976771,7847978.202819021,223252178.24361262,272890085.01672524,40000000,6.9541687208430885,72310982.18839823,67334688.18914677,6514581.214334335,3097543.6865481734,0.07743859216370434,2832525.157547003,-31492301.55506061,-68268775.02928305,-12500189.95599691,-112261266.54034057,0.03153516397036128,-0.005550542612340581,-0.039354856270398794,0.05493984771557841,2021-05-18,2019-09-12,False,False,False,False,False,0.0,0,0,False,[],裴瀚集团
2019-09-30,季报,2019-10-27,无保留意见,False,373804016.600462,105340955.28707404,268463061.313388,0.2818079812118954,24326707.586975392,466561.5130636017,122.96280939226583,1695.404950022512,10544287.617115391,6994895.110352337,208338035.61851284,250287958.64571488,40000000,6.7115765328347,66955711.485418946,62351326.225745894,11152062.653257877,-7650386.718541833,-0.19125966796354582,-7119088.519144119,-11909119.589731874,-61206140.81915886,-11371771.312948138,-84487031.72183888,-0.03488442655716564,-0.5347882593375769,-0.01214887683315813,0.12391853859081664,2021-05-18,2019-12-06,False,False,False,False,False,0.0,0,0,False,[],裴瀚集团
2019-12-31,年报,2020-03-30,保留意见,False,393342628.27681404,107288455.73161642,286054172.5451976,0.2727608146659161,23743258.85433407,574167.6248989046,126.87320314249484,1831.4828965033241,11686046.178372404,7418350.959659004,239076114.8753634,259451177.13107803,40000000,7.15135431362994,68254469.51946987,63649342.58498947,1813524.7291131215,1855368.6200727485,0.04638421550181871,1854309.084633678,-54634436.89339759,-69994498.2318452,-12714097.877436165,-137343033.00267896,0.06552525753729235,1.0167003759894615,-0.009047166545979212,0.07769126390616876,2021-05-18,2020-04-10,False,False,False,False,False,0.0,0,0,False,[],裴瀚集团
2020-03-31,季报,2020-04-30,无保留意见,False,431437519.92106265,108811867.63363886,322625652.2874238,0.2522077070477029,26013816.498184692,593975.078447601,141.60447721269725,1999.7220533460302,14014243.902766967,8075628.088117032,255870608.23350447,296844921.2331834,40000000,8.065641307185595,68460085.0784175,63816820.81734698,810609.3216974454,293736.5127823204,0.00734341281955801,239254.6176535872,-34774051.95859279,-73858395.2099388,-13804649.480301479,-122437096.64883307,0.12784809050966645,-0.08282161641899544,-0.020553107618213228,-0.04781562797462487,2021-05-18,2020-05-29,False,False,False,False,False,0.0,0,0,False,[],裴瀚集团
2020-06-30,半年报,2020-08-27,非标准无保留意见,False,480988227.9783356,138005965.6662549,342982262.31208074,0.28692171167330704,31849514.60472373,715367.8051970126,171.12248946399458,2512.3093952532017,15221328.201285217,9079656.01460893,322648797.2546765,353396682.43428266,40000000,8.574556557802019,72464986.47890903,67549291.41302499,16574947.043538706,5721287.714987904,0.1430321928746976,5332100.850968562,-6614879.694053969,-83586512.00837606,-15677997.118025104,-105879388.82045513,0.06309668769463336,0.3138449113176854,0.03471400462560411,0.01808394141495633,2021-05-18,2020-09-21,False,False,False,False,False,0.0,0,0,False,[],裴瀚集团
2020-09-30,季报,2020-10-27,无保留意见,False,468787898.5882929,133350246.03000517,335437652.55828774,0.2844575263814955,29075340.933558118,723079.1668731289,164.42728429331336,2030.6562934043109,13664326.037161347,9784253.402538422,283912802.07570755,322905940.02707416,40000000,8.385941313957193,73954495.53642811,68889650.02033004,6221479.572029559,2127870.0821701363,0.05319675205425341,1914798.0104357998,-52324889.35760604,-91931440.56729719,-13954101.365037315,-158210431.28994054,-0.02199708434755178,-0.15815202368338477,-0.0024641852918115058,-0.10174174192079635,2021-05-18,2020-11-28,False,False,False,False,False,0.0,0,0,False,[],裴瀚集团
2020-12-31,年报,2021-03-30,无保留意见,False,483332414.18414533,152513404.4249161,330819009.75922924,0.31554557474146533,32355858.88068103,670022.3392860224,155.57661113413528,2175.5217535629813,14797214.226837743,9185285.490453467,274313381.508744,340549728.6142928,40000000,8.270475243980732,79235987.81800084,73395405.18963765,5582662.915698297,7544988.973675303,0.18862472434188257,6436793.099010852,-47402517.48230541,-84504955.40074128,-17015592.591109008,-148923065.4741557,-0.01376900524980853,0.28320554605578807,0.03108804835996982,0.029311949579172984,2021-05-18,2021-05-06,False,False,False,False,False,0.0,0,0,False,[],裴瀚集团
2021-03-31,季报,2021-04-30,无保留意见,False,542582155.3226491,176090070.45587766,366492084.86677146,0.3245408436832296,30574482.515875522,765520.6188489944,172.07085463601484,2555.9817910433553,16925614.515933283,10410378.176201869,287295945.561709,366012871.69227666,40000000,9.162302121669287,83992881.50604233,77486872.45050758,21056058.130048595,6795562.411487859,0.16988906028719647,5844953.229814203,-33037234.547073603,-102635875.79692642,-17530780.45544657,-153203890.7994466,0.10783260349369037,-0.030532772411965926,0.00899526894176428,-0.11711701606790934,2021-05-18,2021-06-14,False,False,False,False,False,0.0,0,0,False,[],裴瀚集团
2021-06-30,半年报,2021-08-27,无保留意见,False,542756368.0132409,168305201.8503814,374451166.16285956,0.3100934632355626,32975212.760730274,746562.8820581341,160.457407355982,2440.733384042778,17103905.078464795,10487624.016201027,316296292.0094649,369706907.6368649,40000000,9.36127915407149,93537989.05696863,86009396.1638065,54467901.939418204,13635867.929894697,0.3408966982473674,12175033.876141315,-75766032.51378979,-90067666.93776742,-16051239.94782266,-181884939.39937988,0.021716925480072705,0.2874613930160574,-0.014447380447667031,-0.0007872386088340751,2021-05-18,2021-09-13,True,True,True,False,False,10820809.773770038,1,9,True,['充分披露高送转的主要考虑及其合理性且送转股后每股收益不低于0.5元'],裴瀚集团
2021-09-30,季报,2021-10-27,无保留意见,False,619829065.1447308,230463628.13120243,389365437.01352835,0.3718180399904108,41113690.10324424,848445.1785706845,183.83890786624315,2746.0872735463063,19098445.299167253,11213855.187707786,350237297.3409496,402417972.1452968,40000000,9.734135925338208,98730591.63928016,90989917.48225276,8314769.8187341215,7418003.689016454,0.18545009222541134,7115030.454923223,-30983834.11772643,-112245730.52099107,-19299124.30934415,-162528688.94806165,0.039829681940908024,-0.2029602769899267,0.06172457675484821,0.08427760123481695,2021-05-18,2021-11-18,False,False,False,True,True,0.0,0,0,False,[],裴瀚集团
2021-12-31,年报,2022-03-30,无保留意见,False,634547220.2793955,228661825.55740482,405885394.72199064,0.3603543097339918,41479357.784488,953447.9675394365,208.45103104296345,2980.5263349000807,21263153.61140163,12425143.70381137,397948936.9768816,440061941.9753557,40000000,10.147134868049767,96644131.0041486,88978861.72792433,12015191.909627695,-2980658.050187923,-0.07451645125469808,-2872936.7918977533,-121676535.064238,-104572391.7498798,-19615897.755473454,-245864824.56959125,0.042427899700528106,-0.42586043771800375,-0.011463730256418996,-0.05098848538297189,2021-05-18,2022-05-19,False,False,True,True,False,0.0,0,0,True,"['公司在相应期间是否按照中国证券监督管理委员会相关规定为中小股东参与现金分红决策提供了便利', '充分披露高送转的主要考虑及其合理性且送转股后每股收益不低于0.5元']",裴瀚集团
2022-03-31,季报,2022-04-30,无保留意见,True,595093124.762077,187998987.85853034,407094136.90354663,0.31591524088552336,38479491.16751313,882508.2231704277,200.37550308457776,2848.987710358073,19157336.23608883,12824924.324279543,392614812.2999771,436562014.3561551,40000000,10.177353422588666,91517860.37385748,84016696.57564992,23508633.78756461,-7323243.757558744,-0.1830810939389686,-7088807.360392023,-21085220.309361074,-113406527.76732112,-19783735.33397418,-154275483.4106564,0.0029780381291716917,-0.3097567434275352,-0.04443906884846847,-0.11038426940780932,2021-05-18,2022-06-18,False,False,False,False,False,0.0,0,0,False,[],裴瀚集团
2022-06-30,半年报,2022-08-27,无保留意见,False,620297732.8844129,182893180.58045506,437404552.3039578,0.2948474109843887,45085989.17725187,875297.4114697243,196.5985029020103,2834.9294754524226,19130327.02419879,13426378.981315155,357469889.8047118,442525320.03716576,40000000,10.935113807598945,89767489.52384378,82431586.40542458,9070773.141852355,-2500529.7857338674,-0.06251324464334669,-2264443.100321909,-90145450.17375147,-103361165.68274692,-20153700.52314102,-213660316.37963942,0.07445554394607443,0.4983812603104489,-0.02106782990113462,-0.002170333782258702,2021-05-18,2022-10-14,False,False,False,False,False,0.0,0,0,False,[],裴瀚集团
2022-09-30,季报,2022-10-27,无保留意见,False,621208638.90481,213123448.50668272,408085190.39812726,0.3430786939512288,41035874.16176498,863786.6812061917,210.02956626196013,2820.74050516776,19021256.14754227,12638912.969897132,359799933.3237267,435810682.39821845,40000000,10.20212975995318,85604111.15583615,78799942.03832799,21024363.707283612,-5947683.382868057,-0.14869208457170144,-5188063.381566574,-49084255.84139168,-115760016.92509355,-21205115.72182887,-186049388.4883141,-0.06703030810126591,-0.2377434172555154,0.048231282966840115,-0.06180299790183373,2021-05-18,2022-11-28,False,False,False,False,False,0.0,0,0,False,[],裴瀚集团
2022-12-31,年报,2023-03-30,无保留意见,False,640004841.0390851,198104595.0344545,441900246.0046306,0.30953608837211316,39535180.95811849,870401.1997370897,207.3360051601151,2806.399544955185,17800353.169460364,12473885.69315114,350195213.8133241,436736135.4350632,40000000,11.047506150115765,78355918.38648231,72731486.062505,50692811.21905403,-10354561.099076891,-0.2588640274769223,-8669222.82260426,-19309760.28248421,-111014034.79043469,-19957114.283257473,-150280909.35617638,0.08286273651223033,-0.39872887005225977,-0.03354260557911569,-0.12652705468018352,2021-05-18,2023-05-28,False,False,False,False,False,0.0,0,0,False,[],裴瀚集团
2023-03-31,季报,2023-04-30,保留意见,False,586196937.0984675,215072205.1831028,371124731.9153647,0.36689411283460127,39842387.55584207,800438.0174672523,195.47381541988975,2863.486941973649,17497294.560478568,11399476.144235311,334141178.52882385,422031187.5626549,40000000,9.278118297884117,71485293.0785053,66669636.69839698,15450265.878612407,-9815179.01139573,-0.24537947528489326,-8659784.805868605,-78515257.20866151,-105218871.51221474,-18560022.6047139,-202294151.32559013,-0.1601617440342503,0.08116575830773748,0.057358024462488125,-0.0366350935314307,2021-05-18,2023-05-14,False,False,True,False,False,0.0,0,1,True,"['充分披露高送转的主要考虑及其合理性且送转股后每股收益不低于0.5元', '是否影响偿债能力、过去十二个月内是否使用过募集资金补充流动资金以及未来十二个月内是否计划使用募集资金补充流动资金等内容', '公司为增强投资者回报水平拟采取的措施', '结合所处行业特点、发展阶段和自身经营模式、盈利水平、偿债能力、资金需求等因素，未进行现金分红或现金分红水平较低原因的说明']",裴瀚集团
2023-06-30,半年报,2023-08-27,无保留意见,False,703471847.0109931,267305857.61615542,436165989.3948377,0.37998088871917324,42771663.95607008,946927.7746124811,210.31843203405012,3009.2872049853513,21632148.743448675,13852144.687988654,386979430.7116173,470906913.44611406,40000000,10.904149734870941,66189002.35222295,61852844.12757031,27081584.376296133,-7566129.608974798,-0.18915324022436994,-6881132.244038107,-140245389.76794034,-108123936.98892182,-22513468.55567989,-270882795.3125421,0.17525444112494673,0.3130278967267402,0.013086775884571978,0.042224817767557675,2021-05-18,2023-10-09,False,False,False,True,True,0.0,0,0,False,[],裴瀚集团
2023-09-30,季报,2023-10-27,无保留意见,False,823369715.1994059,359192964.4009311,464176750.7984748,0.4362474812593038,55303435.22365147,1058120.9358288872,255.04953255182744,4027.3802895991726,21204430.727430847,16444442.261833012,462546151.3320587,561654704.474509,40000000,11.60441876996187,62516837.76714639,58686368.577240944,8710473.104871847,-5245949.407252222,-0.13114873518130557,-4523536.500470512,-137102023.7114038,-156746104.21716532,-26485474.758688584,-320333602.68725765,0.06422041627432017,0.2459414964964804,0.05626659254013051,-0.08743544913495296,2021-05-18,2023-11-15,False,False,False,False,True,0.0,0,0,False,[],裴瀚集团
2023-12-31,年报,2024-03-30,无保留意见,False,872897774.653074,386605137.0046002,486292637.6484738,0.44289852515462447,56746122.78306492,1177269.2367044834,274.66179371599566,3933.178535791535,24897790.250382304,18107980.79482438,499442009.529629,591675624.9029503,40000000,12.157315941211845,55871385.98660237,53128251.459484786,0.0,-9493502.543634329,-0.23733756359085822,-7940167.31108023,-119956390.2479013,-144360732.6883037,-29375645.622109283,-293692768.5583143,0.047645399757647,-0.36136930863670413,0.006651043895320661,0.12825266379508327,2021-05-18,2024-05-28,False,False,False,False,True,0.0,0,0,False,[],裴瀚集团
2024-03-31,季报,2024-04-30,保留意见,False,838578305.8032677,317751111.43464994,520827194.3686177,0.3789164461275666,52197405.828551695,1077230.1403134577,275.67685768630156,3716.5108166185687,24465466.94741024,17380400.097827993,463915191.66277224,537707731.9696645,40000000,13.020679859215443,50168202.092277244,48042484.62700984,17503609.28339079,-8147405.563321605,-0.20368513908304015,-7265381.18924991,-98609779.79405522,-155210409.54571286,-27763166.780477654,-281583356.12024575,0.07101599746017123,0.17932424384840173,-0.06398207902705788,0.0043476433146435265,2021-05-18,2024-05-13,False,False,False,False,False,0.0,0,0,False,[],裴瀚集团
2024-06-30,半年报,2024-08-27,保留意见,False,869096290.2188987,280004511.61509264,589091778.603806,0.32217892857944214,60904912.20464796,1114836.0833894066,305.04257795773236,4190.940032336313,25648594.158717494,18297075.130746037,546778510.3729045,624477951.2359154,40000000,14.72729446509515,49055641.39404541,47128285.02706648,1994163.7706173442,-1589372.42604547,-0.03973431065113675,-1305999.4284905193,-21070426.610107414,-151873523.7845606,-26483884.917279955,-199427835.31194797,0.1310695466236998,0.7408035219714403,-0.05673751754812444,0.07501956879847858,2021-05-18,2024-09-12,False,False,False,True,False,0.0,0,0,False,[],裴瀚集团
2024-09-30,季报,2024-10-27,无保留意见,False,1123506011.8530705,476136516.30937785,647369495.5436927,0.4237952545746109,80197247.82347026,1688317.9889553422,349.4201209779998,5018.294577556094,37977290.93288825,24916214.873754457,745048933.8954394,810053177.8135338,40000000,16.18423738859232,46742254.49555191,45165884.33718972,14375298.5091639,-3304838.4264192972,-0.08262096066048243,-2803429.556966801,-19772217.341867145,-177964665.99879152,-36045311.47797283,-233782194.8186315,0.09892807718011198,-0.11131707596860836,0.1016163259951688,-0.09113098841587684,2021-05-18,2024-12-04,False,False,False,False,False,0.0,0,0,False,[],裴瀚集团
2024-12-31,年报,2025-03-30,无保留意见,False,1030061368.5795596,419739359.1008535,610322009.4787061,0.4074896621738841,64569032.24423484,1456825.6139957507,344.96601075078604,4498.577565117145,29826117.27111014,19691476.91486707,640125170.188102,707164278.1047708,40000000,15.258050236967653,42285902.615103565,41184268.04542485,0.0,-6366216.972069064,-0.1591554243017266,-5688023.2739498075,-168476400.83528134,-185669926.82589972,-35105200.29498228,-389251527.95616335,-0.057227729017216594,-0.2235372346066704,-0.016305592400726838,-0.042264025590028696,2021-05-18,2025-04-22,False,False,False,True,False,0.0,0,0,False,[],裴瀚集团
2017-03-31,季报,2017-04-30,无保留意见,False,302118699.1450815,111540727.62832749,190577971.51675406,0.3691950479859709,4289831.139995764,500536.6528251263,61016646.06571845,5505476.538258292,22161316.821949545,7777235.408670753,5850532.950276498,114497539.04219763,40000000,4.764449287918851,-2322714.386121126,-1953029.9246440085,7476506.780465826,-3318163.4087444656,-0.08295408521861164,-2790042.749491441,-59666789.52133944,-9947789.510990936,28911694.307008,-40702884.72532238,0.058766508426411415,-0.23989796715247033,0.0691950479859709,-0.04271642949554945,2021-08-18,2017-06-10,False,False,False,False,False,0.0,0,0,False,[],淼瑗食品
2017-06-30,半年报,2017-08-27,无保留意见,False,365803679.49985504,164547390.68907383,201256288.8107812,0.4498243180988534,4815699.574801294,537323.1157820635,76144010.24127208,6569069.676241794,24303051.137876496,10276331.589368876,6755101.358133251,131834191.48458388,40000000,5.03140722026953,-5330923.970762113,-4719574.583317909,3004178.3365693353,-4297442.26377284,-0.107436056594321,-3952206.655248431,-57433119.96602704,-10976513.63652263,37604628.79324444,-30805004.809305236,0.056031225482365825,-0.07157510239921006,0.08062927011288253,0.06370439513540525,2021-08-18,2017-10-21,False,False,False,False,False,0.0,0,0,False,[],淼瑗食品
2017-09-30,季报,2017-10-27,无保留意见,False,487247159.40496004,239427400.88297603,247819758.52198398,0.4913879871057053,7410765.168589793,885044.2703592505,128738043.36246069,10088944.15683611,38542514.28203668,15081904.699771695,9964233.912254266,199956966.0708946,40000000,6.195493963049599,-3059334.138785084,-2735033.136553411,3366705.076337678,3245128.3313957565,0.08112820828489391,2835059.2096635704,-92898577.49718228,-14292055.854785418,42843696.058297105,-64346937.29367059,0.23136404823096576,0.5937836104973965,0.04156366900685189,0.021619692246013542,2021-08-18,2017-11-10,False,False,False,False,False,0.0,0,0,False,[],淼瑗食品
2017-12-31,年报,2018-03-30,无保留意见,False,612424204.800183,336450078.32151747,275974126.4786656,0.5493742338797529,8625499.78814284,1090153.6641088522,133598798.37136091,12390410.416139314,44470272.65803673,17035068.489416968,10870183.967358362,228913825.83608538,40000000,6.89935316196664,1198808.4682739275,930209.6039034863,20548074.678982664,6083060.867227159,0.15207652168067898,5236061.057795567,-88998570.63611913,-17669805.18371858,59188271.04015132,-47480104.779686384,0.11360824546273632,0.14017854020862838,0.05798624677404756,0.06163936704481552,2021-08-18,2018-05-09,False,False,False,False,False,0.0,0,0,False,[],淼瑗食品
2018-03-31,季报,2018-04-30,保留意见,False,691441144.4021112,429348976.03356856,262092168.36854258,0.6209479715078663,9149422.858296534,1241078.866466553,155226984.82511458,14168886.146441067,53607879.25370219,19449822.917186502,11813031.63437163,273316517.71644473,40000000,6.552304209213564,2365737.9627350685,2001315.0089985183,7962337.588965286,1667042.1349444874,0.04167605337361219,1530150.5787071886,-50607067.26977036,-22852053.971204646,65465353.18497357,-7993768.05600144,-0.05030166518597955,-0.19130992885577172,0.07157373762811338,0.0005121040770506396,2021-08-18,2018-06-10,False,False,False,False,False,0.0,0,0,False,[],淼瑗食品
2018-06-30,半年报,2018-08-27,无保留意见,False,761367592.8489424,457454469.4181688,303913123.4307736,0.6008325987535552,11255503.538513413,1362885.606956124,166937769.32658777,14996961.80504047,58048682.70347919,22240636.206591673,15818428.734895622,292314289.3815273,40000000,7.597828085769341,4665784.322887274,4168024.44385858,4676776.878128304,3285780.514503151,0.08214451286257878,3095299.1926572314,-16574140.050794706,-23572683.024302773,75150538.57793425,35003715.50283677,0.15956583259452553,0.08671638323076414,-0.020115372754311,-0.15067770052371254,2021-08-18,2018-10-03,False,False,False,False,False,0.0,0,0,False,[],淼瑗食品
2018-09-30,季报,2018-10-27,无保留意见,False,911562030.0156118,631080213.1781461,280481816.83746564,0.6923063844238203,11683621.786373137,1533946.9025819607,210893345.3151193,18806670.63195294,65947653.76469654,24662564.430571973,15007511.230070114,332328886.0525516,40000000,7.012045420936641,13315565.346216526,12071577.690417029,37226465.2928989,12356830.033327501,0.30892075083318754,11290790.352226354,-64425313.73598979,-27249032.61554686,83505144.68589449,-8169201.665642157,-0.07709869955202903,0.44716295300242836,0.09147378567026511,0.013409621913883027,2021-08-18,2018-11-21,False,False,False,False,False,0.0,0,0,False,[],淼瑗食品
2018-12-31,年报,2019-03-30,无保留意见,False,592921257.0217724,391469846.31662893,201451410.70514342,0.6602391829953467,8472920.434331318,985103.3151751582,128241388.81217536,11926976.772691445,43215335.82878724,15758164.866314657,11955595.151356332,221346295.9666026,40000000,5.036285267628585,22859033.589399815,20719639.40173085,29458379.93231612,13633526.061690412,0.3408381515422603,12354373.873305459,-38749965.9921361,-18490893.075795617,53675805.64640401,-3565053.4215276986,-0.28176659372582075,0.04348889259887849,-0.03206720142847357,0.0276020949899219,2021-08-18,2019-05-08,False,False,False,False,False,0.0,0,0,False,[],淼瑗食品
2019-03-31,季报,2019-04-30,无保留意见,False,570384195.6370007,369748602.452927,200635593.18407372,0.6482448238945235,8402829.074460275,1104927.0272546257,127559235.66814241,11648637.460167684,42939751.34873772,14813453.209449291,12144455.540676972,226932368.36600515,40000000,5.015889829601843,24791054.90271567,22482186.995057963,7474510.69211534,2760030.44759408,0.069000761189852,2517925.133324448,-27887130.533077445,-17769981.142791923,57460258.56102983,11803146.885160461,-0.004049698724938574,-0.35495409807539186,-0.011994359100823136,0.006663827322468985,2021-08-18,2019-06-20,False,False,False,False,False,0.0,0,0,False,[],淼瑗食品
2019-06-30,半年报,2019-08-27,无保留意见,False,717571998.0106187,517542974.54426765,200029023.46635103,0.7212418767442051,10706446.165936677,1235033.1397376347,177040065.77738625,14393650.777463365,57588742.33493873,21307220.17480049,14073058.229205523,281713286.470827,40000000,5.000725586658776,36561234.558905564,32644828.048256274,59481133.210327804,16814542.365985565,0.42036355914963913,14518058.647426154,-114401136.15576394,-22514137.109044656,71634421.2325889,-65280852.03221969,-0.003023240832279467,0.7112596286562258,0.07299705284968154,-0.1818108577165551,2021-08-18,2019-09-30,False,False,False,False,False,0.0,0,0,False,[],淼瑗食品
2019-09-30,季报,2019-10-27,无保留意见,False,1035057591.023408,848522986.5949265,186534604.42848158,0.8197833569395434,15547216.214994177,1858324.7703344284,256999500.47526482,21348280.94742567,77113001.40381801,31657435.325059954,19234720.389161456,410591133.22254515,40000000,4.663365110712039,38888735.725490175,34802686.58051644,6095504.820389908,3325001.6665494367,0.08312504166373592,3082655.0460859514,-59373073.47561035,-31231222.18304462,97373132.37025782,6768836.711602852,-0.06746230523961677,-0.3989271998252861,0.0985414801953382,0.11471108314277688,2021-08-18,2019-11-25,False,False,False,False,False,0.0,0,0,False,[],淼瑗食品
2019-12-31,年报,2020-03-30,保留意见,False,933257011.3492239,759305694.6112891,173951316.73793465,0.8136083473014035,13370809.393921692,1546590.0939053423,223831072.18634784,18967044.986945797,70826376.7270356,28740004.73082311,17528359.14714137,378657522.3048885,40000000,4.348782918448366,33663834.19852098,29898779.06329922,11189627.683898875,-7464145.038527422,-0.18660362596318555,-7005582.16745317,-169629337.0888361,-26016654.285946712,92045010.75534022,-103600980.61944258,-0.06745819484325984,-0.5308312826775048,-0.00617500963813984,0.0037916668618478803,2021-08-18,2020-05-24,False,False,False,False,False,0.0,0,0,False,[],淼瑗食品
2020-03-31,季报,2020-04-30,无保留意见,False,847278001.0094137,692240707.8696887,155037293.139725,0.8170172092807559,13113930.050556824,1479876.9225912157,206253169.7808524,17258823.05205442,71490715.85639201,25537391.178982966,17511171.440295182,335736536.4628524,40000000,3.875932328493125,32969575.81356259,29296706.19851204,915335.7621895045,-991797.6927977,-0.0247949423199425,-860104.0925531177,-152723531.93029615,-25213780.82290452,84891204.94041279,-93046107.81278789,-0.1087317069677862,0.6787380231641261,0.0034088619793524156,0.031156337038807835,2021-08-18,2020-06-05,False,False,False,False,False,0.0,0,0,False,[],淼瑗食品
2020-06-30,半年报,2020-08-27,无保留意见,False,907411329.36145,750537562.7463611,156873766.61508882,0.8271194533955382,13574485.049174268,1616535.866648199,189015444.59164834,17843536.46276174,65402327.92082131,23156734.984197814,15941415.673360726,344444293.6032543,40000000,3.9218441653772205,29665663.22013033,26399864.08292201,13213696.01670495,-4719875.133474657,-0.11799687833686644,-4138345.8794143237,-169053905.0329029,-27812964.12552541,89980185.72841656,-106886683.43001175,0.011845365964360298,-0.2328854526657029,0.010102244114782272,0.0935863525414375,2021-08-18,2020-09-21,False,False,False,False,False,0.0,0,0,False,[],淼瑗食品
2020-09-30,季报,2020-10-27,无保留意见,False,777117738.9911475,618900828.3352427,158216910.65590483,0.7964054830850964,11315193.532978956,1464432.5524894139,190801109.47279826,15340135.548760464,58762182.440026894,24512989.717608146,15253180.02393803,316860394.51563925,40000000,3.955422766397621,28062857.589516778,24801438.07312476,9738073.769461963,-2289722.3294479363,-0.05724305823619841,-2283465.7282817853,-9565507.56459997,-23838805.81148542,71421732.14963576,38017418.77355037,0.008561941679590181,0.19789316724711215,-0.03071397031044177,-0.1350696745553458,2021-08-18,2020-11-29,False,False,False,False,False,0.0,0,0,False,[],淼瑗食品
2020-12-31,年报,2021-03-30,无保留意见,False,733328251.9551085,554651092.7843889,178677159.17071965,0.7563476400992968,10216026.800176712,1153903.9005787494,160227820.00287947,13936987.0838773,51044946.924311526,17822006.447648235,13447121.235358063,265897541.28253692,40000000,4.466928979267991,26083134.45522519,22954659.819934834,9687211.832327679,-2828175.906130843,-0.07070439765327108,-2638254.6474141767,-84645183.0832817,-20559401.999482486,73968829.22043063,-31235755.86233355,0.1293177096556538,-0.036603902981438396,-0.04005784298579949,0.14584590829518854,2021-08-18,2021-04-29,False,False,False,False,False,0.0,0,0,False,[],淼瑗食品
2021-03-31,季报,2021-04-30,无保留意见,False,683098168.1828363,511279526.4253168,171818641.75751945,0.7484715231859165,10084401.845766699,1255425.7879383785,175864093.7957839,14331863.832941303,52057391.633783184,19726142.566884004,13648202.571513074,272905512.3344017,40000000,4.295466043937986,32612168.43080659,29011160.332570963,39368148.65448638,9327191.393687721,0.23317978484219304,8652143.589480184,-50754691.445791185,-20315091.624113556,62959604.22879774,-8110178.841107003,-0.03838497010492053,0.8577136732227063,-0.007876116913380289,0.011901708334456668,2021-08-18,2021-06-24,False,False,False,False,False,0.0,0,0,False,[],淼瑗食品
2021-06-30,半年报,2021-08-27,无保留意见,False,688234036.9297203,492605116.00450224,195628920.92521802,0.7157523307072433,9574438.500288064,1357303.308562807,178412045.28813803,15406678.09342367,57224204.07101611,21197514.493927103,13862581.2320975,285413445.5005274,40000000,4.890723023130451,38235124.865560204,34714132.20358103,4744826.587177769,8032794.906790886,0.20081987266977216,8147102.672871517,-87861471.7075049,-21873251.999855008,70464162.92024136,-39270560.787118554,0.13857797340349728,-0.049165764305841755,-0.03271919247867323,0.11692450329672198,2021-08-18,2021-10-10,True,False,False,False,False,7873560.697790964,0,0,True,['上市公司控股子公司向母公司实施利润分配的情况'],淼瑗食品
2021-09-30,季报,2021-10-27,非标准无保留意见,False,797668305.9887605,593578262.2038699,204090043.78489053,0.7441417162339076,11157661.923871199,1292447.0997525589,189071922.99074274,16545175.980982717,61835977.01128582,22546547.504322447,15043970.520982383,307466758.1276298,40000000,5.102251094622264,51422154.609074004,46908377.69023223,9537431.328277715,18838613.91930543,0.47096534798263573,17420350.69521601,-105365706.94366321,-23084560.137013804,74340881.9201143,-54109385.160562724,0.04325087936720201,0.4316665019926774,0.028389385526664247,-0.04620429481587622,2021-08-18,2021-12-25,False,False,False,False,False,0.0,0,0,False,[],淼瑗食品
2021-12-31,年报,2022-03-30,无保留意见,False,867038631.3488982,632927394.6803925,234111236.6685056,0.7299875366518718,14313700.674942216,1662756.3729378185,225720622.06209385,18595150.191791516,72777295.23824723,26329760.162040856,20198855.28119311,383995278.22538245,40000000,5.85278091671264,56755373.1608037,51527017.415609755,33571155.81200316,7618883.645328138,0.19047209113320346,6598056.750539314,-65624506.879514955,-27332932.444684118,84306937.00829825,-8650502.315900832,0.14709778256139325,-0.31306261729986934,-0.014154179582035858,-0.0434578013698038,2021-08-18,2022-04-20,False,False,False,False,True,0.0,0,0,False,[],淼瑗食品
2022-03-31,季报,2022-04-30,非标准无保留意见,False,871872712.0539641,624137477.4636438,247735234.59032035,0.7158584835087867,11837911.794265553,1513430.6497213475,192324470.18501928,15791843.9675911,60955268.28839419,23318354.60794011,14726584.086166851,325868005.7721028,40000000,6.193380864758009,65204010.58526788,58959221.390968844,25321081.83915952,12069482.034948822,0.30173705087372055,10617434.250512991,-51225754.92606384,-26253087.217903588,88054160.87324044,10575318.729273006,0.05819454937614096,0.18077986206597393,-0.014129053143085081,0.17727737493071252,2021-08-18,2022-05-12,False,False,False,False,True,0.0,0,0,False,[],淼瑗食品
2022-06-30,半年报,2022-08-27,非标准无保留意见,False,1016882309.4377832,745900298.3081707,270982011.1296126,0.7335168400368437,15418105.828299776,1810496.9841576824,216386270.0241942,20831497.099232696,72016041.26639543,27986930.605358113,19191225.477159534,393621714.24023795,40000000,6.774550278240316,70127987.7730834,63634592.95682188,15420266.1866016,7034253.125450749,0.17585632813626872,6679102.236932896,-60877402.47815215,-32609082.271091342,105934108.77830796,12447624.029064462,0.09383718298180489,-0.17321357509722612,0.017658356528057015,-0.0396111549715308,2021-08-18,2022-09-24,False,False,False,False,False,0.0,0,0,False,[],淼瑗食品
2022-09-30,季报,2022-10-27,无保留意见,False,1028351428.7111436,751479393.8089039,276872034.9022397,0.7307612678194557,14480464.053780118,1937173.1218656162,216158760.22137105,20992132.25534463,74068503.75719,29142898.722306374,18269538.061876193,399242778.26810545,40000000,6.921800872555992,71321975.09769815,64751783.26299234,1054253.5019804395,1705696.1780210696,0.04264240445052674,1595986.1516720755,-184079682.9627356,-32420531.63873401,101924494.79849388,-114575719.80297573,0.0217358478818352,-0.22170678321545503,-0.002755572217387973,-0.10931646723622944,2021-08-18,2022-11-17,False,False,False,True,False,0.0,0,0,False,[],淼瑗食品
2022-12-31,年报,2023-03-30,无保留意见,False,1163102478.2765584,892584190.2448242,270518288.03173435,0.7674166351768262,15972041.369621638,2191732.685596125,243483174.56296232,21613048.741470605,85157453.53673196,35226561.56837686,21729333.598588597,435743332.3596418,40000000,6.762957200793359,68996264.8090472,62695250.872291245,0.0,-3322443.2695013434,-0.08306108173753358,-2937903.415287267,-78331673.5030093,-34537289.019227244,113933468.77968693,1064506.257450372,-0.022948315718302,-0.2688025828961344,0.036655367357370586,0.07610601045146032,2021-08-18,2023-04-20,False,False,False,False,True,0.0,0,0,False,[],淼瑗食品
2023-03-31,季报,2023-04-30,无保留意见,False,1994667919.4723215,1652192535.1647758,342475384.3075457,0.8283045608924489,27570238.828582346,3330006.2679110593,450684330.37714195,39700303.18943838,141924287.19781417,52004302.95537867,37697381.77773368,744740477.0866824,40000000,8.561884607688643,69890188.58629224,63487499.525478296,2809499.4999861075,1277033.9674928933,0.03192584918732233,1131783.7902672146,-118533921.49936344,-60309066.548590295,174296280.9627417,-4546707.085212022,0.26599715974607274,0.3362791562573582,0.06088792571562261,0.1343429904989482,2021-08-18,2023-06-13,False,False,False,False,False,0.0,0,0,False,[],淼瑗食品
2023-06-30,半年报,2023-08-27,无保留意见,False,2814526104.1246457,2457935580.4146113,356590523.71003443,0.873303529433443,49868672.874836475,5058879.390284019,650848189.7511476,58922091.876856,232052711.39405778,82965044.99271408,54881768.42560082,1145999854.8060646,40000000,8.91476309275086,72989372.91127686,66239076.76494926,14786295.701424994,4427406.178549472,0.1106851544637368,3930824.627815667,-394036285.8728909,-84615214.03754243,291311465.0429483,-187340034.867485,0.04121504799834961,0.17236780413385205,0.0449989685409942,-0.06560005143550612,2021-08-18,2023-09-23,False,False,False,True,False,0.0,0,0,False,[],淼瑗食品
2023-09-30,季报,2023-10-27,无保留意见,False,3696203064.092971,3326582757.683674,369620306.409297,0.9,55073275.47541838,6663137.216435072,830325142.6580187,75763547.95902663,275506910.4067668,114521182.21663482,68537198.61982852,1489717580.8404481,40000000,9.240507660232424,71083073.54803436,64432677.846751325,5366578.808644661,-2723284.804632157,-0.06808212011580393,-2580569.8831399092,-192008279.09088522,-114320200.79914427,341284867.05806106,34956387.16803157,0.03653990174415826,-0.3337170595263199,0.028564265226278873,0.01670619336275127,2021-08-18,2023-11-12,False,False,False,False,True,0.0,0,0,False,[],淼瑗食品
2023-12-31,年报,2024-03-30,无保留意见,False,1728788782.630828,1430600652.5217633,298188130.1090645,0.8275161586510937,24204393.011722554,3041655.386354049,391142391.0964345,36089859.248406895,126258614.49274601,51919643.27553844,34362324.22106341,669357823.8856249,40000000,7.454703252726613,68418714.89594434,62316311.13004557,3339388.3004711964,-3806226.645842882,-0.09515566614607204,-3023381.023865364,-45605094.71958333,-48118230.55237001,168734596.35650733,75011271.08455399,-0.19325825735648958,-0.07585371189320156,-0.07435163600862811,0.11541484834443957,2021-08-18,2024-05-25,False,False,False,True,False,0.0,0,0,False,[],淼瑗食品
2024-03-31,季报,2024-04-30,无保留意见,False,1820269696.1219687,1547225621.0603876,273044075.06158113,0.8499980109303069,26665702.52739675,3061315.7982797427,403165403.3619678,39179051.92636694,138886610.52542767,58158841.53917406,31072176.862832706,697273037.0907999,40000000,6.8261018765395285,65158522.75632269,59350389.34575011,13946352.178134138,-4657417.342316639,-0.11643543355791597,-4237031.120422089,-163651127.28306234,-54677647.32518641,176708476.93201107,-41620297.67623767,-0.08432278990544266,-0.06451457620390022,0.02248185227921326,-0.014761864646324672,2021-08-18,2024-06-22,False,False,False,False,False,0.0,0,0,False,[],淼瑗食品
2024-06-30,半年报,2024-08-27,无保留意见,False,2451409857.77775,2186712902.477638,264696955.30011228,0.8920225622572697,36452576.86043454,3899096.6724987254,559968558.9925534,51539244.137084074,185713202.620472,73729796.33006032,49384995.38837498,964438491.4229103,40000000,6.617423882502807,67865689.45350754,61928838.49451568,13206302.689294575,3867380.9959783778,0.09668452489945945,3683498.783950827,-445225895.1950661,-73458415.36345081,249024054.97529116,-269660255.5832257,-0.030570594727559124,0.6906818916856321,0.0420245513269627,0.15859779901421095,2021-08-18,2024-10-02,True,False,False,False,False,2648000.6874062,0,0,True,"['留存未分配利润的预计用途以及收益情况', '上市公司控股子公司向母公司实施利润分配的情况']",淼瑗食品
2024-09-30,季报,2024-10-27,无保留意见,False,2379082395.2367597,2093378386.8048816,285704008.431878,0.8799099984918994,35691462.24298554,4428648.136868433,654293833.629131,55343026.18109571,210828194.75902566,68707049.87933652,50299871.45011979,1009341652.7005615,40000000,7.1426002107969495,64967620.140091896,59163545.66786058,13989207.663335217,-4140099.0191652197,-0.1035024754791305,-3950418.32379299,-32748788.931731466,-76159946.86258683,231540358.75477847,122631622.96046019,0.07936265495743229,-0.3837319123414109,-0.012112563765370293,0.03505896144777774,2021-08-18,2024-12-16,False,False,False,True,False,0.0,0,0,False,[],淼瑗食品
2024-12-31,年报,2025-03-30,非标准无保留意见,False,2357932986.5039964,2122139687.8535967,235793298.65039957,0.9,31492883.936768685,3482246.386764056,456372502.12793887,43786481.68159803,152366850.4174595,60152507.3092131,38076276.815967634,826259200.7464051,40000000,5.894832466259989,59379837.1111075,54274341.00931748,8500362.34972127,-7982547.184263423,-0.19956367960658558,-6984578.083633006,-252779259.50242755,-74686604.49109747,228093346.78318015,-99372517.21034488,-0.17469376805533637,-0.2987929822184973,0.039590542829488574,0.019415542924081902,2021-08-18,2025-05-27,False,True,False,True,False,0.0,3,0,True,"['结合前述财务报表列报项目的具体情况说明现金分红方案确定的依据及未来增强投资者回报的规划', '上市公司控股子公司向母公司实施利润分配的情况', '公司在相应期间是否按照中国证券监督管理委员会相关规定为中小股东参与现金分红决策提供了便利']",淼瑗食品
2017-03-31,季报,2017-04-30,无保留意见,False,268256887.17179456,59890183.45405512,208366703.71773943,0.22325683446740668,45154661.98966517,2.441197537814417,140993.82059825186,228686.6733975069,41580427.87762818,27483116.737692203,24580108.821594175,132918093.96832022,40000000,5.209167592943486,10393059.641979108,9942572.395390667,63460025.44668502,14847228.059970155,0.37118070149925386,14203674.850558097,28978195.92987698,-39276161.74092206,53032804.283790685,42734838.4727456,0.15759279843188578,0.7692904477761198,-0.07674316553259329,0.04001571404634777,2021-10-06,2017-06-09,False,False,False,False,False,0.0,0,0,False,[],玥璨机械
2017-06-30,半年报,2017-08-27,无保留意见,False,317408090.5874195,84826385.74072525,232581704.84669423,0.2672470811432031,56933779.70027202,3.3049924327960882,184986.12868743823,249588.15891057526,52041068.535785496,32249836.403652158,32858115.574331824,172631787.35721788,40000000,5.814542621167356,16087557.608742096,15382871.277285995,39603701.358322114,8134997.095375698,0.20337492738439245,7771855.545564754,58929128.62772094,-47791656.27219759,64423110.20687589,75560582.56239924,0.11621339060849788,-0.21076342820024846,0.04399024667579641,0.033027713068507984,2021-10-06,2017-09-07,False,False,False,False,False,0.0,0,0,False,[],玥璨机械
2017-09-30,季报,2017-10-27,无保留意见,False,324224085.7111226,88075809.67505817,236148276.0360644,0.27165103876191365,57857640.02506508,3.7049992011905233,206883.79320522447,294340.3792517804,55300489.07025516,37627903.40922098,33002765.017787687,189585072.9317663,40000000,5.90370690090161,20189853.33617786,19164170.378225867,16486856.882340487,5860422.467765376,0.1465105616941344,5401855.858485533,19168270.12398102,-47394444.22468785,65657419.98501024,37431245.884303406,0.015334702236020925,-0.09049432625670746,0.00440395761871052,-0.033629621152316366,2021-10-06,2017-12-14,False,False,False,False,False,0.0,0,0,False,[],玥璨机械
2017-12-31,年报,2018-03-30,无保留意见,False,346292932.14557743,90955339.62170428,255337592.52387315,0.2626543344623266,67061941.69729393,3.6681765496648926,183762.90465162302,286140.57722549594,58624585.40044792,36748330.04766193,36529859.66178088,185113120.58452407,40000000,6.383439813096829,15373935.711406602,14946197.522842064,21059323.35748714,-6879882.321101796,-0.1719970580275449,-6025675.507691148,54273545.45763817,-51111118.07425636,64426909.05242812,67589336.43580993,0.08125960862351676,-0.5573083702557028,-0.008996704299587023,-0.021102684517692528,2021-10-06,2018-04-26,False,False,False,False,False,0.0,0,0,False,[],玥璨机械
2018-03-31,季报,2018-04-30,无保留意见,False,379982188.8521161,151260177.8740504,228722010.97806567,0.39807175786578464,64489750.743443094,4.17428008557115,210094.11433911376,305641.1388603012,67575749.40510152,35379420.851580545,39198905.43377613,203215783.70590347,40000000,5.718050274451642,10014777.412596686,10288704.30324275,8866008.742704807,-7655940.426871311,-0.19139851067178276,-6653561.742284735,17418979.99637855,-56468832.58115957,76104948.04967059,37055095.46488957,-0.10423683125828416,-0.07668469185765486,0.13541742340345803,0.056432005361492,2021-10-06,2018-06-27,False,False,False,False,False,0.0,0,0,False,[],玥璨机械
2018-06-30,半年报,2018-08-27,无保留意见,False,413030279.9328611,184732044.84613046,228298235.08673066,0.4472602949986113,64336507.71801291,4.212456137071068,243407.06130488054,369174.623229535,65714647.00519871,44513253.42983862,43100121.57196385,230475708.47236475,40000000,5.707455877168266,1903135.451399398,3431707.26726008,13986358.192976022,-11588059.944567554,-0.28970149861418887,-9795710.051403817,52327632.087316416,-66002278.77913599,86870125.49098228,73195478.79916272,-0.001852798904324176,-0.4208149024439112,0.04918853713282669,0.11945309610021397,2021-10-06,2018-10-03,False,False,False,False,False,0.0,0,0,False,[],玥璨机械
2018-09-30,季报,2018-10-27,无保留意见,False,404485042.2725737,185464750.85639548,219020291.41617823,0.45852066571948735,80050833.68286106,4.486158343455396,243119.5811410523,383358.3222438235,71167947.2687477,49753522.34686492,44340724.68503306,237277090.08973998,40000000,5.475507285404456,-4676004.67727805,-2465560.808793175,14333474.789501663,-9398771.612396356,-0.2349692903099089,-8424668.68007608,59957340.7419206,-62887788.418254755,79064566.67204933,76134118.99571517,-0.04063957685449356,0.40452930183024033,0.011260370720876045,0.069123517647632,2021-10-06,2018-11-28,False,False,False,False,False,0.0,0,0,False,[],玥璨机械
2018-12-31,年报,2019-03-30,无保留意见,False,430957693.40122867,206308572.0178109,224649121.3834178,0.4787211718848101,86493780.27100448,5.372647901954431,284207.82061147096,413445.116864564,76302154.02474219,45779309.326366186,47521854.92875808,261439547.87486595,40000000,5.616228034585444,-10658548.5097131,-8250648.754311276,24945097.70922881,-8546491.189192928,-0.2136622797298232,-8264411.350740143,55982724.57621284,-67412306.2320746,95069718.65133639,83640136.99547462,0.025700038708028766,0.11212403834534904,0.020200506165322703,-0.0832010155019861,2021-10-06,2019-05-08,False,False,False,False,False,0.0,0,0,False,[],玥璨机械
2019-03-31,季报,2019-04-30,非标准无保留意见,False,503582417.8775631,275705379.22690666,227877038.6506565,0.5474880961668908,87877743.47443397,5.321892098801973,285071.7790262008,436137.2745326971,84805054.6447521,53368340.54003323,51453204.38887402,272831591.16542923,40000000,5.696925966266412,-14059840.975652497,-11230171.401904784,4279533.504247463,-4858989.237056281,-0.12147473092640704,-4256460.925133584,20462515.217468634,-76451632.43869892,105484406.39823721,49495289.17700693,0.014368706395826452,0.43620963018604764,0.0687669242820807,0.08730791844925627,2021-10-06,2019-06-24,False,False,False,False,False,0.0,0,0,False,[],玥璨机械
2019-06-30,半年报,2019-08-27,无保留意见,False,428570853.94067466,227329127.16999274,201241726.77068195,0.5304353412737232,68215380.78017037,4.172949665556028,231330.18588974167,322153.6599171833,65776427.14362466,46145776.03976955,39522527.91470378,220755834.71724662,40000000,5.031043169267049,-11759736.159139026,-9132528.754589183,15340707.483302148,3285864.0235906728,0.08214660058976682,2996632.3533080006,80923468.83916967,-66829834.42629148,84626800.97889048,98720435.39176866,-0.11688457967372232,0.6708546281423563,-0.017052754893167647,0.10543325507794359,2021-10-06,2019-09-15,False,False,False,False,False,0.0,0,0,False,[],玥璨机械
2019-09-30,季报,2019-10-27,无保留意见,False,426745183.907717,225184157.13505098,201561026.77266604,0.5276782624071669,78451453.56906836,5.084179859044133,262578.0346156156,435339.31040162017,66816717.86634223,50194860.06653253,44346228.29055466,253676981.93655813,40000000,5.039025669316651,-4707391.800332566,-2934781.0547846667,7772161.570454328,10074777.655437801,0.251869441385945,8853925.285435025,63869681.4805596,-66267669.48351241,90745716.84211597,88347728.83916315,0.0015866490866874388,0.3346622862083774,-0.0027570788665562296,0.10136565658270896,2021-10-06,2019-11-10,False,False,False,False,False,0.0,0,0,False,[],玥璨机械
2019-12-31,年报,2020-03-30,无保留意见,False,427443707.07389826,232400717.40010408,195042989.67379418,0.5436990030594266,74290777.5954184,4.542370478949423,246099.93862800134,374065.33629116084,65502942.71323475,43624474.61770602,38894499.4819528,226984493.40726623,40000000,4.876074741844855,4985958.753842791,5670098.555992662,67838118.70962656,13847643.648821939,0.3461910912205485,12292685.158253327,55848909.87367209,-66223218.00675437,84732736.47499104,74358428.34190875,-0.03233778475549922,0.13934984218148813,0.0160207406522598,0.1259621811734819,2021-10-06,2020-05-08,False,False,False,False,False,0.0,0,0,False,[],玥璨机械
2020-03-31,季报,2020-04-30,无保留意见,True,435898221.8095974,238946915.76428053,196951306.04531687,0.5481713478259009,77350327.64393969,4.364390834636966,255183.57687962978,347360.3579481352,66507497.133873135,44447849.80927005,41124570.97838247,232142605.17726356,40000000,4.923782651132922,18210993.75339325,17339761.957867235,63423269.28347152,18892907.142214946,0.4723226785553737,16670947.71696368,7747317.023216704,-67751021.30902329,96778834.5544305,36775130.26862391,0.009784080805540841,0.16355425882215435,0.004472344766474243,0.0694963789074583,2021-10-06,2020-06-07,False,False,False,False,False,0.0,0,0,False,[],玥璨机械
2020-06-30,半年报,2020-08-27,无保留意见,False,413517881.6078154,214254939.7788483,199262941.82896706,0.518127387734226,65727620.03527038,4.214966501548845,235475.48339519335,345531.38316537923,63200072.27245276,39652250.00626521,37954103.0025987,212085844.8999623,40000000,4.981573545724177,30615171.429113757,27934233.06243787,78976059.03060752,17720253.822457865,0.44300634556144664,15134958.720815185,41449444.06874224,-57742812.21390683,83000994.1599322,66707626.0147676,0.011737092939705242,-0.03267089275078194,-0.03004396009167496,0.0023272731690243535,2021-10-06,2020-09-23,False,False,False,False,False,0.0,0,0,False,[],玥璨机械
2020-09-30,季报,2020-10-27,非标准无保留意见,False,420362898.16312885,208853652.75845513,211509245.40467376,0.49684130942832627,78506728.60591264,4.4759302829676235,226927.54089499894,347757.84760033776,62819344.81328676,41942881.10924809,40484236.43618628,222580843.41878968,40000000,5.287731135116844,28726869.14402134,26226028.019351993,9376128.238088362,-2697574.6929891706,-0.06743936732472926,-2440292.9186941055,62173742.95709787,-63522488.77734518,89156864.03617072,87808118.21592341,0.06145800851529169,-0.5880667987006567,-0.021286078305899674,-0.007371955945031174,2021-10-06,2020-12-02,False,False,False,False,False,0.0,0,0,False,[],玥璨机械
2020-12-31,年报,2021-03-30,非标准无保留意见,False,526129608.8813182,295905585.3899373,230224023.49138093,0.5624195642953944,94797412.26380979,6.017466813738033,345542.82266913244,472357.7490097155,85982243.11205907,60930121.8138801,57582342.368809335,293024284.8872116,40000000,5.7556005872845235,26060033.152592734,23999974.142833933,5328861.578905154,-3809765.702040866,-0.09524414255102165,-3180076.9664543713,37985297.66950464,-79142804.5724044,99550308.06405777,58392801.16115801,0.08848208053932004,-0.07776240638757377,0.06557825486706811,0.1459743973269346,2021-10-06,2021-05-17,False,False,False,False,False,0.0,0,0,False,[],玥璨机械
2021-03-31,季报,2021-04-30,无保留意见,False,570990060.4020146,326438922.6187095,244551137.7833051,0.571706839150361,95381760.95459579,5.890383124200731,337086.83435988746,466754.9800971931,92874665.5459738,61934688.83937268,50072242.503939845,299495696.5661087,40000000,6.1137784445826275,18601896.75847574,17602512.7202603,30620915.859737966,-10654480.563024275,-0.2663620140756069,-9139230.603676615,72328885.54937586,-83332214.74389766,107389435.06933135,96386105.87480955,0.06223118714828877,-0.5189229172405573,0.009287274854966688,0.0580880902790606,2021-10-06,2021-05-18,False,False,False,False,False,0.0,0,0,False,[],玥璨机械
2021-06-30,半年报,2021-08-27,无保留意见,False,646760829.1597893,396669495.9236445,250091333.23614484,0.6133171305982771,129932476.03303558,7.399117748641034,425920.3686447168,626137.6044217052,115399011.73433338,77502255.6523134,72239999.94632009,388914933.0277306,40000000,6.252283330903621,11693802.84597264,11228615.981323604,48311219.65398687,-9868705.589290142,-0.24671763973225355,-9105566.769909566,34376593.089731716,-94764174.0047417,127363911.8980023,66976330.982992314,0.022654547850637363,0.12383146589314249,0.041610291447916004,0.1891356694125091,2021-10-06,2021-10-23,False,False,False,False,True,0.0,0,0,False,[],玥璨机械
2021-09-30,季报,2021-10-27,无保留意见,False,640982787.0552919,385587028.22502786,255395758.83026406,0.6015559793679244,111525981.69785812,6.365529459755827,355840.6591297515,529291.619968456,103429507.54762311,70805424.12044986,60638772.39145511,336965250.8045983,40000000,6.384893970756601,6413006.474943328,6857533.204332424,0.0,-7543994.815756163,-0.18859987039390408,-6244403.967130258,94947736.89696816,-88241750.14885564,125774437.47168718,132480424.2197997,0.02120995368164405,0.32598721068684294,-0.011761151230352703,0.07386323971573927,2021-10-06,2021-11-19,False,False,False,False,False,0.0,0,0,False,[],玥璨机械
2021-12-31,年报,2022-03-30,非标准无保留意见,False,745489357.8823158,493886841.1540507,251602516.72826508,0.6625001898846912,127415869.35074201,8.386686382546218,392039.7237839152,622137.1255358281,112175781.53539228,68855350.95283179,59463494.91584798,384496668.1876482,40000000,6.290062918206627,4539960.498748317,5196251.299473839,9182308.043663781,-2675779.9659928717,-0.06689449914982179,-2373259.8640836943,48365858.856398486,-111928217.00316726,162328783.12293923,98766424.97617045,-0.01485240835389127,0.5148278532963373,0.06094421051676673,0.02891948996896046,2021-10-06,2022-05-26,False,False,False,False,False,0.0,0,0,False,[],玥璨机械
2022-03-31,季报,2022-04-30,无保留意见,False,1190792325.5051873,884207529.3472626,306584796.1579246,0.742537141371097,201812242.91159087,11.723637634463818,644283.5868817285,1021139.0603354671,181219903.19507352,129641041.12703852,122839286.55975734,636495181.2305958,40000000,7.664619903948115,3306623.0763871074,4133645.794432014,8587042.449421545,-1761910.6033731569,-0.04404776508432892,-1518007.8643454642,65393964.887813374,-184171605.12403947,248013589.88051862,129235949.64429252,0.2185283364595328,0.06379889169882158,0.0800369514864059,0.051506989509133565,2021-10-06,2022-05-23,False,True,False,True,False,0.0,2,0,True,['结合所处行业特点、发展阶段和自身经营模式、盈利水平、偿债能力、资金需求等因素，未进行现金分红或现金分红水平较低原因的说明'],玥璨机械
2022-06-30,半年报,2022-08-27,无保留意见,False,1030691789.503826,728857843.0922707,301833946.4115553,0.7071540207409066,190107213.8413,10.767277667238261,584418.8398780987,923978.8885552814,158625939.33648533,99323695.69947332,94283497.28300671,536480653.8163703,40000000,7.545848660288883,10924873.374671297,11105091.276220882,45644431.2013188,10883214.711834557,0.2720803677958639,9959207.831126954,75201011.86816019,-167472781.5611669,187322939.45045793,95051169.7574512,-0.015496038309486385,0.8298366669253747,-0.03538312063019043,-0.022253603649032245,2021-10-06,2022-10-08,False,False,True,True,False,0.0,0,5,True,['是否影响偿债能力、过去十二个月内是否使用过募集资金补充流动资金以及未来十二个月内是否计划使用募集资金补充流动资金等内容'],玥璨机械
2022-09-30,季报,2022-10-27,非标准无保留意见,False,1067361908.6743522,739732156.0278155,327629752.64653665,0.6930471754857281,195759623.73444003,12.230858493609418,626902.03583327,894250.1804157224,173247840.73428062,117890540.68874066,108415210.0716971,602613506.1462293,40000000,8.190743816163415,17351553.09794061,16756918.864524798,33614674.47384422,9180971.033241875,0.2295242758310469,8074039.411862738,14591881.786103405,-154344788.09743267,206557955.31731585,66805049.00598657,0.08546356876574908,-0.061049046753931,-0.014106845255178378,0.09227818836695062,2021-10-06,2022-11-20,False,True,False,False,False,0.0,0,0,True,"['充分披露高送转的主要考虑及其合理性且送转股后每股收益不低于0.5元', '留存未分配利润的预计用途以及收益情况', '结合所处行业特点、发展阶段和自身经营模式、盈利水平、偿债能力、资金需求等因素，未进行现金分红或现金分红水平较低原因的说明']",玥璨机械
2022-12-31,年报,2023-03-30,无保留意见,False,1068966299.6225768,750055118.3399817,318911181.28259516,0.7016639519925052,200133586.9754959,11.677628793247523,620764.0738252504,938990.5115366479,181066388.34583858,109893190.0753574,109931921.06363223,602590393.1787363,40000000,7.972779532064879,24724474.75285073,23753702.285499774,31777339.00030447,10532745.221300177,0.2633186305325044,9995404.887107104,184198176.72163308,-168489699.35532132,208517027.62149826,224225504.98781002,-0.02661104888525669,0.05163193474917183,0.008616776506776974,-0.0021099589471550322,2021-10-06,2023-05-16,False,False,True,True,False,0.0,0,8,True,['结合前述财务报表列报项目的具体情况说明现金分红方案确定的依据及未来增强投资者回报的规划'],玥璨机械
2023-03-31,季报,2023-04-30,保留意见,False,1653186825.9486098,1327752861.6022317,325433964.34637797,0.803147497162251,283814000.39626276,17.08077197293793,879999.3434269989,1236392.7664391086,257680269.12129796,139579502.27450818,154631201.08746544,831545480.3400184,40000000,8.13584910865945,53086695.99147236,50441405.1743453,163942591.85542265,40517458.91231663,1.0129364728079158,38125289.841207884,226491929.46314397,-255262199.92513686,340524784.08280164,311754513.6208087,0.020453290591911834,1.0890564471507678,0.10148354516974578,0.018249433837513596,2021-10-06,2023-05-26,True,False,False,False,False,22417695.1126034,0,0,True,"['留存未分配利润的预计用途以及收益情况', '公司在相应期间是否按照中国证券监督管理委员会相关规定为中小股东参与现金分红决策提供了便利']",玥璨机械
2023-06-30,半年报,2023-08-27,无保留意见,False,1702886358.249064,1342335655.9699345,360550702.27912945,0.7882708376090031,299359806.8996912,19.026533927031107,1034643.189022064,1535109.9622403989,274214323.1505108,182434471.89864606,168441627.25581813,945999588.086306,40000000,9.013767556978236,68438286.35920858,64820702.956727274,50169570.677445255,21930843.38248031,0.5482710845620077,20541853.97483141,107489725.48740593,-239006821.30268067,323346006.0268324,191828910.21155766,0.10790741526712536,-0.32314736918699705,-0.014876659553247852,0.10722415411391319,2021-10-06,2023-10-10,True,False,False,False,False,15557614.512011606,0,0,True,"['结合所处行业特点、发展阶段和自身经营模式、盈利水平、偿债能力、资金需求等因素，未进行现金分红或现金分红水平较低原因的说明', '是否影响偿债能力、过去十二个月内是否使用过募集资金补充流动资金以及未来十二个月内是否计划使用募集资金补充流动资金等内容', '充分披露高送转的主要考虑及其合理性且送转股后每股收益不低于0.5元', '根据公司盈利能力、融资能力及其成本、偿债能力及现金流等情况披露现金分红方案的合理性，是否导致公司营运资金不足或者影响公司正常生产经营']",玥璨机械
2023-09-30,季报,2023-10-27,无保留意见,False,3010554638.8067923,2657327095.4414134,353227543.3653791,0.8826702764958361,491728738.8100507,29.409162235994557,1716315.9457106662,2598493.4299626243,427462324.5855988,299065358.8978148,268649986.3674774,1536680258.9677541,40000000,8.830688584134478,71135243.0387385,67168872.20380661,16930232.597432196,3852795.2564713173,0.09631988141178294,3354527.4958276157,205834622.01558244,-461992969.6963402,631964855.4204228,375806507.73966503,-0.02031103771940767,-0.46436312587423906,0.09439943888683307,0.07906658804115836,2021-10-06,2023-12-21,False,False,False,True,False,0.0,0,0,False,[],玥璨机械
2023-12-31,年报,2024-03-30,无保留意见,False,4005943415.8354692,3605349074.2519226,400594341.5835469,0.9,659233055.8492701,42.925369014170094,2376152.6604379793,3371837.3985006446,674865300.5115635,374874433.3173249,386281216.65540105,2085817564.0828054,40000000,10.014858539588673,78339486.06326745,73329748.95181854,42177604.84432818,10291775.749327078,0.257294393733177,8801252.497159895,721150243.2047932,-602582265.8880762,759421312.6928285,877989290.0095456,0.13409712551541167,0.30878260749515246,0.07657798176669943,0.11952787069290706,2021-10-06,2024-05-13,False,False,False,False,False,0.0,0,0,False,[],玥璨机械
2024-03-31,季报,2024-04-30,无保留意见,False,4063651923.547857,3657286731.1930714,406365192.3547856,0.9,630687778.0345931,41.70517159581722,2191549.0424279026,3186197.2116391505,665219299.2058554,417846757.4081526,402776146.5558354,2128519363.9559274,40000000,10.15912980886964,79129509.70113994,74029231.76149638,5592641.78306189,1128605.1969607063,0.028215129924017656,999261.1566826355,425635835.36181724,-609936552.122538,835639738.0980005,651339021.3372798,0.01440572212884131,-0.33574841873718325,-0.039680407485644734,-0.0019743012931163467,2021-10-06,2024-05-10,False,True,False,False,False,0.0,1,0,True,"['结合所处行业特点、发展阶段和自身经营模式、盈利水平、偿债能力、资金需求等因素，未进行现金分红或现金分红水平较低原因的说明', '是否影响偿债能力、过去十二个月内是否使用过募集资金补充流动资金以及未来十二个月内是否计划使用募集资金补充流动资金等内容', '公司在相应期间是否按照中国证券监督管理委员会相关规定为中小股东参与现金分红决策提供了便利']",玥璨机械
2024-06-30,半年报,2024-08-27,无保留意见,True,4165445674.3942256,3748901106.954803,416544567.4394225,0.9,694380903.1102008,42.668386485695024,2194644.9114152584,3710371.662402004,660322325.4843482,420644900.7431861,419416995.7376147,2252524567.2801366,40000000,10.413614185985562,82235174.20530151,76813817.7481553,9803511.405924758,4436663.577373657,0.11091658943434143,3977979.9809412993,89345808.96717341,-602667976.0228853,909808876.5597309,396486709.50401896,0.02504982039837121,0.18247726973322564,0.05078470085713983,0.05574022525218634,2021-10-06,2024-09-27,True,True,False,False,False,1963975.9634433582,0,0,True,"['充分披露高送转的主要考虑及其合理性且送转股后每股收益不低于0.5元', '结合前述财务报表列报项目的具体情况说明现金分红方案确定的依据及未来增强投资者回报的规划', '公司在相应期间是否按照中国证券监督管理委员会相关规定为中小股东参与现金分红决策提供了便利']",玥璨机械
2024-09-30,季报,2024-10-27,保留意见,False,3965018523.1632233,3568516670.846901,396501852.31632227,0.9,761499102.9496547,41.30338952303879,2452084.442550041,3250888.077467573,682764987.7717373,414490714.5571686,395661273.8933174,2231645698.486682,40000000,9.912546307908057,79783170.19177909,74641359.7524313,7747608.841708504,-3502862.8764605876,-0.08757157191151468,-3103511.4224628303,119281742.14324532,-620561302.3687758,795010090.9086642,293730530.6831337,-0.0481166162994431,-0.3703713698345481,0.043180201182460146,0.054522411075588376,2021-10-06,2024-12-06,False,False,False,False,False,0.0,0,0,False,[],玥璨机械
2024-12-31,年报,2025-03-30,保留意见,False,4424517189.871835,3982065470.884651,442451718.9871834,0.9,772001990.7584164,44.17932277028567,2383373.275699612,3707266.820368683,612208335.335312,426248970.1742007,364609199.76452106,2279211793.634075,40000000,11.061292974679585,83393695.88846031,78047865.10896523,6577246.825585077,5157893.852401722,0.12894734631004307,4866436.223619891,370968832.736396,-644628917.9131511,891170403.3267641,617510318.1500089,0.11588815134765902,0.641673611936393,-0.03138050694277052,-0.0020299177145814058,2021-10-06,2025-04-26,False,True,False,False,True,0.0,2,0,True,"['充分披露高送转的主要考虑及其合理性且送转股后每股收益不低于0.5元', '结合所处行业特点、发展阶段和自身经营模式、盈利水平、偿债能力、资金需求等因素，未进行现金分红或现金分红水平较低原因的说明']",玥璨机械
2017-03-31,季报,2017-04-30,保留意见,False,283084920.7310741,88103676.18857664,194981244.54249743,0.31122701965560945,15720113.372980945,1.4808821346377453e-10,9695766.21492841,21907235.180444643,38286702.821318574,8935523.469618447,35933822.01187067,131581233.13044512,40000000,4.874531113562436,-5965796.553347759,-5536926.956522778,27839683.702716358,-8522566.504782513,-0.21306416261956282,-7909895.652175398,-53826663.85577724,11297385.410679083,82745627.46952057,40216349.02442241,0.08322913634720794,-0.5290314724879174,0.011227019655609464,0.006998481033771785,2021-10-26,2017-06-10,False,False,False,False,False,0.0,0,0,False,[],沅璐交通
2017-06-30,半年报,2017-08-27,无保留意见,False,315394756.4924462,110010392.02477545,205384364.46767074,0.3488022224853007,19454793.364559926,1.9889904628847196e-10,14498113.814059155,25987875.97931059,43643663.48479424,10364429.707529854,52961832.89305045,173197769.21444857,40000000,5.134609111691768,-9050664.288275218,-8407339.574781632,5406700.950242382,-4406953.907039229,-0.11017384767598072,-4100589.454655506,-31832877.061857756,12143108.755523099,98634553.65382992,78944785.34749526,0.053354464679836844,0.4854786062391514,0.03757520282969126,0.042209052066571266,2021-10-26,2017-09-08,False,False,False,False,False,0.0,0,0,False,[],沅璐交通
2017-09-30,季报,2017-10-27,无保留意见,False,322400532.0424643,121321246.51114868,201079285.53131562,0.3763059748771417,17333334.21742305,1.8434708568957165e-10,13210566.255525446,28921457.003762856,45259667.86166007,11016433.642118832,45219201.040437914,153312836.12376937,40000000,5.02698213828289,-13204776.731262652,-11809764.840667514,6071312.706410724,-5934446.347124904,-0.1483611586781226,-4860607.522694116,-61702591.35007953,12481762.525660746,87521404.3625579,38300575.53813912,-0.020961084099626114,-0.12129650195908599,0.027503752391840934,-0.021540496049834428,2021-10-26,2017-12-16,False,False,False,False,False,0.0,0,0,False,[],沅璐交通
2017-12-31,年报,2018-03-30,无保留意见,False,388519219.2288477,171147162.87091762,217372056.35793006,0.4405114455100035,21284966.497464307,1.8258940481560567e-10,15562743.611200854,30795685.03737632,55641430.781543106,13000623.90726254,52011078.543712415,185239109.55362862,40000000,5.434301408948252,-13840947.914905356,-12387507.156779708,1263857.0302448648,-908815.9766324367,-0.02272039941581092,-825346.1658745616,-10308776.015428698,16244470.494776089,110764727.84161362,116700422.32096101,0.0810265999481931,0.45416890362161766,0.06420547063286185,-0.04299480770354389,2021-10-26,2018-05-03,False,False,False,False,False,0.0,0,0,False,[],沅璐交通
2018-03-31,季报,2018-04-30,非标准无保留意见,False,401225677.7974203,191379757.24818668,209845920.54923365,0.47698780970049165,22974472.984885123,2.1308382553719917e-10,14988768.06252353,31639095.092094947,51690667.074654505,11990546.413228417,53013459.802748576,186657205.66948375,40000000,5.246148013730841,-12648814.34888901,-11284824.971138548,0.0,1703047.9514519237,0.04257619878629809,1575260.265201659,-33001804.626561604,15420993.826196212,119073639.18765108,101492828.3872857,-0.03462329029221549,0.16231645379801887,0.03647636419048817,0.006010975750521078,2021-10-26,2018-06-07,False,False,False,False,False,0.0,0,0,False,[],沅璐交通
2018-06-30,半年报,2018-08-27,保留意见,False,409793724.25994253,222508148.81165817,187285575.44828436,0.5429759794723348,23951717.710409146,2.5301400577536234e-10,15973130.771041527,33977656.842641816,59300364.23267933,13985751.244070116,56031663.5734264,204909307.67254436,40000000,4.682139386207109,-14244740.571786836,-12922743.986065,2322012.22726013,-2279894.6041397527,-0.05699736510349382,-2339884.3070377903,-47120741.481824175,16232981.177110989,117922272.60757184,87034512.30285865,-0.10750909544441793,-0.21295687023475107,0.06598816977184306,-0.1513006143701307,2021-10-26,2018-09-19,False,False,False,False,False,0.0,0,0,False,[],沅璐交通
2018-09-30,季报,2018-10-27,无保留意见,False,363314810.35437715,185739463.03785563,177575347.31652153,0.5112355944330632,21552803.61002487,2.0125417827606434e-10,15384035.626560641,30911866.561635215,54692564.62404412,12537574.344205309,53204196.77502458,182473969.79751042,40000000,4.439383682913038,-10887215.360011114,-10044922.560977992,12438966.343216838,4796464.588251032,0.1199116147062758,4111173.4644100117,-66228690.6947407,13939777.157896278,108043610.2451487,55754696.708304286,-0.05184717567554537,0.48072748136578386,-0.03174038503927152,0.17755485279990757,2021-10-26,2018-12-22,False,False,False,False,False,0.0,0,0,False,[],沅璐交通
2018-12-31,年报,2019-03-30,无保留意见,False,338055979.0555268,172010157.44890153,166045821.60662526,0.5088215210080586,20202287.923433214,2.1547465799685208e-10,12055542.400970437,29124158.70098009,51878780.51654926,10855888.78535707,52424517.202966854,177277301.62644604,40000000,4.151145540165632,-9381294.375352781,-8731138.567179115,2461431.935735409,2151315.6923690476,0.05378289230922619,1876834.276855538,-6064007.958143765,14389193.59460281,103466360.86061174,111791546.49707079,-0.06492751321694058,-0.1213567863344131,-0.0024140734250046978,0.00187855070347484,2021-10-26,2019-05-10,False,False,False,False,False,0.0,0,0,False,[],沅璐交通
2019-03-31,季报,2019-04-30,无保留意见,True,434753590.9566188,258157286.01608488,176596304.9405339,0.59380138861658,24096018.62692726,2.2824141571032432e-10,17100368.128769327,29498336.361285113,61200728.21759638,12503321.738136029,59446174.30804303,197929122.95575947,40000000,4.414907623513348,-2952333.307644226,-3051802.967527256,37701023.7325048,9184230.096726507,0.22960575241816267,8113336.57093123,-55263909.02697346,15674036.303152848,127304433.17690958,87714560.45308897,0.063539589444795,0.3672287856003421,0.08497986760852151,0.09176446232538081,2021-10-26,2019-05-29,False,False,False,False,False,0.0,0,0,False,[],沅璐交通
2019-06-30,半年报,2019-08-27,无保留意见,False,483745908.28517973,311881032.82027024,171864875.4649095,0.6447207665814694,26807466.305505197,2.452223862054532e-10,18522056.960852735,37612282.46682201,63341159.76959235,15057521.399347264,64996113.28238825,221108818.48038232,40000000,4.296621886622737,-3005854.6926209736,-3096006.029399066,162948.7509116357,-76459.12139535323,-0.0019114780348838307,-63147.23124544333,-40567247.36709157,18064605.07173285,130665914.58519901,108163272.2898403,-0.026792346970213453,-0.3536742987634994,0.05091937796488929,-0.10080784845656161,2021-10-26,2019-09-25,False,False,False,False,False,0.0,0,0,False,[],沅璐交通
2019-09-30,季报,2019-10-27,无保留意见,False,668431179.6969768,478273222.66441244,190157957.03256434,0.71551602796451,39936506.335850604,3.3749429920128114e-10,24219216.146974802,50056705.16605435,88710405.18078703,20209975.373934843,85816205.33556633,316392298.50447553,40000000,4.753948925814108,-2769044.2338545825,-2894838.565376251,840334.4812537585,338300.6553805582,0.008457516384513955,287382.09146116447,-61967776.57157593,27754822.676753856,193761555.0277922,159548601.1329701,0.10643874449721305,0.024507860367463954,0.07079526138304064,0.08064580078796714,2021-10-26,2019-11-06,False,False,False,False,False,0.0,0,0,False,[],沅璐交通
2019-12-31,年报,2020-03-30,无保留意见,False,633926919.0353401,444762525.29297495,189164393.74236506,0.7015990517799425,39144692.5077764,3.5937066942887724e-10,26611067.8609518,54690808.1640023,89836173.33244914,21741945.124262225,89552202.72703691,324810738.8885477,40000000,4.729109843559127,156189.04694969542,-475943.3557313828,16468190.87837794,4178904.6868632548,0.10447261717158136,3455564.5852069547,-122914521.75895526,27055085.432541072,193258264.4962273,97398828.16981311,-0.005224936708954775,0.22150983004732094,-0.013916976184567463,0.08242647000691396,2021-10-26,2020-05-10,False,False,False,False,False,0.0,0,0,False,[],沅璐交通
2020-03-31,季报,2020-04-30,无保留意见,False,433009847.7903632,257939866.162065,175069981.62829816,0.5956905310083009,23387329.40292564,2.4082795060864446e-10,16889092.922458455,36486760.21765461,63922461.77168013,12593225.950477693,60276756.59549815,206679148.14257854,40000000,4.376749540707454,4675608.896728661,3502528.077052365,20131767.6521103,6456314.071112808,0.1614078517778202,5683530.618262498,-67865991.70957582,17450370.297538254,130863484.53097077,80447863.1189332,-0.07450880070624165,0.10753197192781055,-0.10590852077164156,-0.15829022505875665,2021-10-26,2020-05-12,False,False,False,False,False,0.0,0,0,False,[],沅璐交通
2020-06-30,半年报,2020-08-27,保留意见,False,567491631.5001526,354303564.5621188,213188066.93803382,0.62433266835235,33408192.881708317,3.397405025704164e-10,24086115.650110118,51062705.772068255,84175835.56320947,19909152.34639482,82246105.843209,286783261.13344264,40000000,5.329701673450845,9926341.653879182,8271943.703095116,31855115.913376432,7501046.795929316,0.1875261698982329,6813450.894346787,-45521642.379278906,23071546.402337562,160055622.8739558,137605526.89701444,0.21773056097456212,0.04453950956016264,0.0286421373440491,-0.04667630832569598,2021-10-26,2020-10-22,False,False,False,False,False,0.0,0,0,False,[],沅璐交通
2020-09-30,季报,2020-10-27,无保留意见,False,500889012.9377386,313998440.2965088,186890572.6412298,0.6268822677001689,30024436.160953414,2.8267587881507106e-10,20126102.56017398,40966697.70180405,70539194.47510415,17104848.84281353,70200297.26893629,246212379.35658234,40000000,4.672264316030745,24828556.858219273,21435742.952680286,63763933.79619859,21288878.863342986,0.5322219715835746,18805427.49940739,-71926286.74145366,19158894.91497285,130796777.61013858,78029385.78365776,-0.12335350038352653,0.5627446117814208,0.0025495993478188254,0.06653161068196417,2021-10-26,2020-12-17,False,False,False,False,False,0.0,0,0,False,[],沅璐交通
2020-12-31,年报,2021-03-30,无保留意见,False,572633825.6328034,347509243.84327847,225124581.78952494,0.6068611882283668,27597321.609468356,2.943091885791471e-10,19637244.733313315,43338867.728125215,66902064.33184151,16457780.729733234,76288293.88751301,253668393.8648954,40000000,5.628114544738124,41564946.33243324,37417285.1028345,42725213.79259968,23909127.820305668,0.5977281955076417,22830774.500220302,-10656628.604975563,21016619.505203713,171947690.92405787,182307681.824286,0.20457965646930823,0.06843368191360824,-0.02002107947180221,-0.014095482704005484,2021-10-26,2021-04-12,False,False,False,False,False,0.0,0,0,False,[],沅璐交通
2021-03-31,季报,2021-04-30,无保留意见,False,641778756.673902,384062755.0526898,257716001.6212122,0.5984348205028516,34188850.488942,3.4719585682634075e-10,24015844.969423812,50322862.85962688,81708850.12508678,20156847.32507847,90616763.51069815,299469266.1608179,40000000,6.442900040530305,80992056.81728894,73682769.3986416,40839319.21612851,56324443.54979384,1.408111088744846,51807834.70829586,-42533452.67959992,26180069.015960023,179802649.90169173,163449266.23805183,0.14477059578574988,0.79237366956033,-0.008426367725515128,0.04492321136138265,2021-10-26,2021-06-14,False,False,False,False,False,0.0,0,0,False,[],沅璐交通
2021-06-30,半年报,2021-08-27,非标准无保留意见,False,558179784.7660196,317918127.33739036,240261657.42862916,0.5695622378561359,29634082.09649384,3.010359484579302e-10,20303097.967226874,41504947.06564868,76712001.08981632,16062567.67485493,75904663.07041286,257122117.34149238,40000000,6.006541435715729,99161147.66861773,89460148.41829486,106319362.70565553,25955844.073326863,0.6488961018331716,22539112.885218948,-92772305.2171588,21359976.50591095,147213731.16707668,75801402.45582883,-0.06772704870005415,-0.4141674727588487,-0.02887258264671564,0.17924144247355653,2021-10-26,2021-09-12,False,False,False,False,False,0.0,0,0,False,[],沅璐交通
2021-09-30,季报,2021-10-27,非标准无保留意见,False,656171278.8921181,397814073.57472795,258357205.3173901,0.6062655991990363,35827569.77988343,3.638084767085862e-10,26996840.29250928,48282491.518342964,89916530.84394802,20743854.293357145,85168707.82586837,312536738.1049821,40000000,6.458930132934753,110588311.53695868,99509145.65306565,70411321.3888802,16324519.811915647,0.4081129952978912,14355710.335386837,-55613808.828563355,24503899.053588472,184700958.66458735,153591048.88961247,0.07531600373703541,-0.2242145270145378,0.03670336134290043,-0.019244692830404225,2021-10-26,2021-11-23,False,False,False,False,False,0.0,0,0,False,[],沅璐交通
2021-12-31,年报,2022-03-30,无保留意见,False,557562448.6519909,315910917.67778647,241651530.97420436,0.5665928873824966,33793141.46917315,3.3922317665230255e-10,21767308.455689486,47862888.51314189,76646043.22219542,17657005.43979567,79440206.94563387,279546866.2592385,40000000,6.041288274355109,135855915.1549779,121249783.06916651,49046762.51795887,36096576.59717033,0.9024144149292582,31058053.451572645,-36021603.405305766,19686220.28332242,157357802.49324733,141022419.37126398,-0.0646611513027591,0.5933185803381001,-0.03967271181653971,0.003926352134748073,2021-10-26,2022-05-12,False,False,False,True,False,0.0,0,0,False,[],沅璐交通
2022-03-31,季报,2022-04-30,无保留意见,False,576209972.4928844,342690812.00866854,233519160.48421586,0.59473252523914,27342194.179175362,3.1081033906512605e-10,20792565.956291277,43474306.91352322,66163845.367596805,16640705.342736186,71406366.57325716,248953399.24545673,40000000,5.8379790121053965,155849602.4328178,139879705.14158013,65548030.575240314,28562410.39691411,0.7140602599228527,26614174.389162343,-90807745.62293829,22822912.38891713,157903561.05960384,89918727.82558268,-0.03365329595555766,-0.1418955172461672,0.028139637856643362,0.17523312583445533,2021-10-26,2022-06-07,False,False,False,False,False,0.0,0,0,False,[],沅璐交通
2022-06-30,半年报,2022-08-27,无保留意见,False,662688761.6225864,409534229.2935752,253154532.32901114,0.6179887950579319,41615459.49007564,3.8164357460910225e-10,27972307.27762561,50026634.23786596,86808208.2602733,21982048.60091038,93800619.21281211,321741083.59645414,40000000,6.328863308225278,171899989.7637161,153672954.4914816,106845698.81344752,22929124.75842619,0.5732281189606547,19704641.92843063,-27182664.48249801,24156461.697973642,205743796.49354815,202717593.70902377,0.08408462844796191,-0.1236388854192284,0.023256269818791902,0.1047686875348804,2021-10-26,2022-10-14,False,True,False,False,False,0.0,2,0,True,"['上市公司控股子公司向母公司实施利润分配的情况', '充分披露高送转的主要考虑及其合理性且送转股后每股收益不低于0.5元', '留存未分配利润的预计用途以及收益情况']",沅璐交通
2022-09-30,季报,2022-10-27,无保留意见,False,721982028.4586277,430997267.12093043,290984761.33769727,0.596963982664602,41423790.942024946,4.717767876022006e-10,27924263.38756132,63417336.8549891,87774567.00388907,24086074.352401856,96927832.08021392,354946888.1366789,40000000,7.274619033442431,201915028.62728646,180883756.64581344,54033690.6925831,42878626.94795765,1.0719656736989411,38872574.50618834,-58233082.504911885,28214859.06703337,222537266.53704536,192519043.09916684,0.14943532181963962,0.4996228269521873,-0.021024812393329862,0.07283518128485256,2021-10-26,2022-12-17,False,False,False,False,False,0.0,0,0,False,[],沅璐交通
2022-12-31,年报,2023-03-30,无保留意见,False,911199831.7565024,596629999.1192497,314569832.6372526,0.65477404442573,55150903.129634716,5.577239281550022e-10,40738205.12349653,80116478.30611579,127051894.08118701,30077197.821551826,127703219.30119278,469248066.7242335,40000000,7.864245815931316,251501259.51353234,225330098.59789798,173065849.07867077,70837472.694637,1.770936817365925,63494774.21726366,-42144156.22209426,35230495.273893505,270465329.3399565,263551668.39175576,0.08105259942524638,0.46692529825340245,0.05781006176112784,-0.032206117185333935,2021-10-26,2023-04-13,True,False,False,True,False,99482290.71508697,0,0,True,"['上市公司控股子公司向母公司实施利润分配的情况', '结合所处行业特点、发展阶段和自身经营模式、盈利水平、偿债能力、资金需求等因素，未进行现金分红或现金分红水平较低原因的说明', '根据公司盈利能力、融资能力及其成本、偿债能力及现金流等情况披露现金分红方案的合理性，是否导致公司营运资金不足或者影响公司正常生产经营']",沅璐交通
2023-03-31,季报,2023-04-30,无保留意见,False,1062035727.4860823,736475756.0025368,325559971.4835455,0.6934566671743048,65760177.73330792,6.806609425511286e-10,50883627.58717117,92010504.88198473,160371547.6504995,35997413.10189876,152875339.8518619,554784997.7894211,40000000,8.138999287088637,284646071.3543002,253564127.40543273,211275714.17236286,47349731.20109698,1.1837432800274246,40334326.86790683,-194413093.264228,36960175.714795396,298383875.79587615,140930958.24644357,0.03493704006565119,-0.26740001474307085,0.038682622748574834,-0.06212309883896211,2021-10-26,2023-06-04,True,True,True,False,False,14473219.513534248,2,6,True,"['结合所处行业特点、发展阶段和自身经营模式、盈利水平、偿债能力、资金需求等因素，未进行现金分红或现金分红水平较低原因的说明', '结合前述财务报表列报项目的具体情况说明现金分红方案确定的依据及未来增强投资者回报的规划', '充分披露高送转的主要考虑及其合理性且送转股后每股收益不低于0.5元', '是否影响偿债能力、过去十二个月内是否使用过募集资金补充流动资金以及未来十二个月内是否计划使用募集资金补充流动资金等内容']",沅璐交通
2023-06-30,半年报,2023-08-27,保留意见,False,970544782.9910548,642786847.2070022,327757935.78405255,0.6622948868222669,59131809.321197055,5.646189300680021e-10,37908522.670586385,75385503.47563124,134177189.37537634,34266793.50965077,139295487.6172557,480333187.53893447,40000000,8.193948394601314,311156787.60177773,278674670.942682,58500334.43741313,37872451.78211077,0.9468112945527694,35872205.05321333,-48393644.3746411,42065043.7068527,314215441.5102427,307886840.8424543,0.006751334602012581,-0.14727768464749463,-0.031161780352037836,0.13629546332899323,2021-10-26,2023-09-24,False,False,False,False,False,0.0,0,0,False,[],沅璐交通
2023-09-30,季报,2023-10-27,保留意见,False,1013235064.792721,677431431.341522,335803633.451199,0.6685826960401386,56316573.41704344,5.980439656776109e-10,41807629.66636131,78863517.61383149,139871968.71639344,33095319.510977402,142080374.77805045,494578646.4282009,40000000,8.395090836279975,323484638.57564926,289893944.71729827,17982478.658485685,17611215.676959276,0.4402803919239819,16027533.963737432,-48218929.969325185,39090406.27046073,275193450.1220205,266064926.42315602,0.024547682264045693,-0.3692424057449709,0.006287809217871708,0.0307548267235779,2021-10-26,2023-12-08,False,False,False,False,False,0.0,0,0,False,[],沅璐交通
2023-12-31,年报,2024-03-30,非标准无保留意见,False,1023788381.1251237,712075777.3745737,311712603.75055,0.6955302389660021,59639940.45859754,6.472944584938448e-10,46550764.642204076,91282529.51679839,156597881.06269938,34805145.9078592,145733487.49279258,518666523.1364214,40000000,7.79281509376375,329301531.1792222,295109085.7836649,0.0,8309846.576532859,0.20774616441332147,7450201.523380928,-40676483.84613304,39180154.94717135,287055072.3145242,285558743.4155625,-0.07174142058278253,-0.2687385842566156,0.0269475429258635,-0.03319268893720081,2021-10-26,2024-04-22,True,False,False,False,False,6364255.428114822,0,0,True,['上市公司控股子公司向母公司实施利润分配的情况'],沅璐交通
2024-03-31,季报,2024-04-30,无保留意见,False,1296751983.398363,987600962.948136,309151020.450227,0.7615958761520123,63393789.77294884,6.373913724275087e-10,43491559.27148814,88465510.86743085,155990172.20829093,35927724.12510568,153047877.71739152,532812386.9627462,40000000,7.728775511255676,340545424.2641459,306660828.0588606,12101868.452340635,16062704.407033864,0.40156761017584663,16502488.964565262,-24722513.312921006,45441652.99375101,360646742.8776007,381365882.55843073,-0.008217772619720278,0.3063178517126771,0.06606563718601027,0.09333095609657623,2021-10-26,2024-06-13,False,False,True,True,False,0.0,0,8,True,['结合所处行业特点、发展阶段和自身经营模式、盈利水平、偿债能力、资金需求等因素，未进行现金分红或现金分红水平较低原因的说明'],沅璐交通
2024-06-30,半年报,2024-08-27,无保留意见,False,1443725404.8511252,1139183251.5250418,304542153.32608354,0.7890581184602155,85488798.26676963,7.885157006225755e-10,58277192.86352978,116524037.37501818,215220596.65175268,45156536.66828345,198003968.16066265,707282295.0536401,40000000,7.613553833152088,361440260.38581306,324536696.18292564,25751583.451315522,29849765.888095923,0.7462441472023981,25536954.462950137,-96727590.96461731,53032955.046752915,411367674.59531283,367673038.67744845,-0.014908141391321992,0.41699739111870593,0.02746224230820304,-0.007259262233137493,2021-10-26,2024-09-23,True,True,True,False,False,7888641.099942494,1,3,True,"['根据公司盈利能力、融资能力及其成本、偿债能力及现金流等情况披露现金分红方案的合理性，是否导致公司营运资金不足或者影响公司正常生产经营', '是否影响偿债能力、过去十二个月内是否使用过募集资金补充流动资金以及未来十二个月内是否计划使用募集资金补充流动资金等内容', '公司为增强投资者回报水平拟采取的措施', '结合所处行业特点、发展阶段和自身经营模式、盈利水平、偿债能力、资金需求等因素，未进行现金分红或现金分红水平较低原因的说明']",沅璐交通
2024-09-30,季报,2024-10-27,无保留意见,False,2822968899.3380585,2540672009.4042525,282296889.93380576,0.9,152926747.26301634,1.6584704743169572e-09,99927472.11965771,215092669.62335187,386073179.72622555,83561496.88064557,371244957.8939089,1334931471.487595,40000000,7.057422248345144,372564955.6395236,334556947.4222341,33223330.451315586,15892421.791015092,0.3973105447753773,14314644.627583494,-344641384.0232774,117660170.01616648,858424495.506148,631443281.499037,-0.07304494024661021,-0.2979170510780985,0.11463673083103738,0.11820421558751862,2021-10-26,2024-11-18,False,False,False,False,False,0.0,0,0,False,[],沅璐交通
2024-12-31,年报,2025-03-30,无保留意见,False,2411249482.9316683,2170124534.6385016,241124948.2931668,0.9,122568230.62348096,1.2065101933914385e-09,88700825.95787859,151695766.54287368,309694176.6680498,67927442.56427047,294881186.83578765,1066612148.3636706,40000000,6.028123707329169,400499033.73490655,359219343.1999609,199400472.67234737,39905825.85054708,0.997645646263677,35231993.9681811,-293629904.900542,93128365.35256457,680857019.9041873,480355480.3562099,-0.14584624595153398,0.7300588631662112,0.0673074798567157,0.03538914776200936,2021-10-26,2025-04-18,True,True,True,False,False,36435482.03888386,4,3,True,"['上市公司控股子公司向母公司实施利润分配的情况', '公司为增强投资者回报水平拟采取的措施', '是否影响偿债能力、过去十二个月内是否使用过募集资金补充流动资金以及未来十二个月内是否计划使用募集资金补充流动资金等内容']",沅璐交通
2017-03-31,季报,2017-04-30,无保留意见,False,234791899.4287395,67244000.38883568,167547899.0399038,0.28639829803516953,760824.3870437675,14109678.404286755,13301438.920356492,2202035.0171388886,49220939.10336283,18818994.88659695,2490421.2116480717,102574217.2404868,40000000,4.188697475997595,1113055.7504689973,995898.4376308565,2104830.469222264,1590079.643527139,0.03975199108817847,1422712.0537583665,-43399665.208620705,5887998.373170198,47495299.32303807,9983632.487587564,-0.06917833866720118,0.032782202418174394,-0.01360170196483045,0.01867889380710033,2021-04-28,2017-06-12,False,False,False,False,False,0.0,0,0,False,[],珏琛农业
2017-06-30,半年报,2017-08-27,无保留意见,False,243312548.90995497,73908755.14016615,169403793.76978883,0.30376055600616914,1018237.594321376,15798208.963313257,14357940.350520575,2558049.9742043754,61521638.18280158,23077475.910434444,3014871.450934634,116310130.79568842,40000000,4.2350948442447205,-607346.0995388497,-617720.3460354927,6605583.822922892,-2457716.9285826385,-0.061442923214565966,-2305169.6909519276,-10837750.904171083,6122608.941118909,47343622.79655145,42628480.833499275,0.011076800965692937,-0.21773960358040612,0.017362257970999617,0.0230740616727311,2021-04-28,2017-10-08,False,False,False,False,False,0.0,0,0,False,[],珏琛农业
2017-09-30,季报,2017-10-27,无保留意见,False,263206979.44191596,88569325.63277337,174637653.8091426,0.3365006726666938,933776.3984546865,17280265.657154772,15461962.827646423,2652326.953072825,54191553.013725266,22968159.48265311,2706783.074428361,118714212.7466592,40000000,4.365941345228565,-6824090.440207637,-6033572.38286324,14358858.32347686,-8881063.343812553,-0.22202658359531383,-7736931.481182496,-47310001.40960438,6591697.405381735,49403207.713601746,8684903.7093791,0.030895766398634013,-0.4417013741023172,0.032740116660524635,0.018396304469820084,2021-04-28,2017-11-24,False,False,False,False,False,0.0,0,0,False,[],珏琛农业
2017-12-31,年报,2018-03-30,无保留意见,False,323090996.7471155,123127121.04655164,199963875.70056388,0.38109115477124755,1136706.895506157,20495767.104693875,17954835.037985273,3299846.2593316827,65802564.72042406,29125109.922744494,3222491.507791228,142139387.71179605,40000000,4.999096892514097,-10074341.62512537,-9061837.666499257,21804723.840590023,-4643215.978453906,-0.11608039946134766,-4326093.262337167,-51790264.98569036,7698131.618236966,68978510.13563253,24886376.768179134,0.14502154225628625,0.5219707388810555,0.044590482104553734,-0.03889674161350058,2021-04-28,2018-05-03,False,False,False,False,False,0.0,0,0,False,[],珏琛农业
2018-03-31,季报,2018-04-30,无保留意见,False,355099601.0118114,146834530.65552658,208265070.35628477,0.41350238140831524,1187585.2868327864,23199190.74605238,18551206.733439494,3637545.611118825,74932206.58106662,29102724.459145404,3944612.7952944594,153207281.27676183,40000000,5.206626758907119,-12472745.07138459,-10969704.13377552,10189731.71980704,-3426290.6375131737,-0.08565726593782934,-2725523.5246803756,-46565900.82061643,7951753.340337054,78679546.32521833,40065398.844938956,0.04151347150398063,0.09848236716113376,0.03241122663706772,0.0600680401746197,2021-04-28,2018-06-06,False,False,False,False,False,0.0,0,0,False,[],珏琛农业
2018-06-30,半年报,2018-08-27,非标准无保留意见,False,389708545.03084683,167573717.31853545,222134827.7123114,0.42999754420389064,1532820.6812683113,24762491.49068227,20712258.28743804,3840336.3015905702,80892173.7841742,31516873.06876751,4605949.326074727,173524110.41028774,40000000,5.553370692807785,-12643476.49258283,-11130031.362280328,1171002.3398418257,-243902.0302831959,-0.006097550757079897,-229038.89786401246,-8902659.099737301,9456855.76642789,78982832.41142575,79537029.07811634,0.06659665652189901,0.2344523904442091,0.0164951627955754,0.028765886831604276,2021-04-28,2018-09-08,False,False,False,False,False,0.0,0,0,False,[],珏琛农业
2018-09-30,季报,2018-10-27,无保留意见,False,418978644.02617246,208966763.7499446,210011880.27622786,0.4987527806713008,1471986.8958299502,28234353.182400104,22380577.52287456,4316658.991265762,90859015.74797602,36092293.76262935,4802111.772194544,186599409.05833027,40000000,5.250297006905696,-9947407.479513353,-8772752.53565175,8789650.581867224,3851527.1615278237,0.09628817903819559,3367541.180897969,-82668334.42026837,10456075.760332543,81029628.72592318,8817370.065987349,-0.05457472635396029,0.24441425439339529,0.06875523646741019,0.022546864618612432,2021-04-28,2018-12-08,False,False,False,False,False,0.0,0,0,False,[],珏琛农业
2018-12-31,年报,2019-03-30,非标准无保留意见,False,437167817.2198094,222647347.26021338,214520469.95959604,0.5092949171696817,1741901.3950099666,28016315.80335876,22425109.322720256,4652780.85702955,90497763.79793757,37554131.87316724,4590512.951601563,197180368.28526112,40000000,5.3630117489899005,-11213883.667870598,-9942432.906960506,5142749.488578138,-1809251.697653206,-0.04523129244133015,-1670971.9590125072,-41950667.71479173,10382399.32092671,84864873.46770653,53296605.07384151,0.021468260164320373,-0.27148030047532773,0.01054213649838089,-0.0050505874950012835,2021-04-28,2019-05-18,False,False,False,False,False,0.0,0,0,False,[],珏琛农业
2019-03-31,季报,2019-04-30,保留意见,False,402399059.1062524,204695364.99162123,197703694.11463115,0.5086874841264775,1501723.3893294327,24178819.5276444,23416806.66695145,4089695.4662353597,86100187.48187664,33347154.206731163,4716732.704714434,177477130.4325404,40000000,4.942592352865779,-10978487.27552615,-9718795.779043995,184741.34133677403,336280.56049206853,0.008407014012301713,319481.61130929866,-5104590.677687975,10477873.933726056,85765979.45150033,91139262.70753841,-0.07839240631969639,0.14123940542243166,-0.0006074330432042539,0.050695562777215084,2021-04-28,2019-05-10,False,False,False,False,False,0.0,0,0,False,[],珏琛农业
2019-06-30,半年报,2019-08-27,无保留意见,False,408280217.0978936,192837025.32161787,215443191.77627572,0.4723153786199277,1519345.175718859,25557381.09358838,22444121.37799247,4366356.277765073,88278151.04684374,35733738.15540649,4800391.116858127,182134272.9831079,40000000,5.386079794406893,-8526230.326820817,-7579317.417255062,7433747.578880888,3503224.212436188,0.0875806053109047,3056397.6596984765,-31925193.157995585,10234922.405158522,83769995.66571184,62079724.91287477,0.08972769953078853,0.1826772265765771,-0.036372105506549776,0.039691244815418594,2021-04-28,2019-10-01,False,False,False,False,False,0.0,0,0,False,[],珏琛农业
2019-09-30,季报,2019-10-27,非标准无保留意见,False,409987957.92980886,194963329.7215763,215024628.20823255,0.47553428326535047,1433570.003426501,25423883.236975387,22613114.96326595,4248222.362096425,90423354.15508716,32787663.4494579,4561949.303430718,182817765.7308206,40000000,5.3756157052058136,-7315881.962704275,-6537619.618727772,960099.7398670008,1729069.0915950611,0.043226727289876525,1488139.7121818443,-24898915.362390023,10164453.98310259,83943679.3727454,69209217.99345796,-0.0019428024835328355,-0.08653054282872326,0.003218904645422791,0.09710844198387689,2021-04-28,2019-11-06,False,False,False,False,False,0.0,0,0,False,[],珏琛农业
2019-12-31,年报,2020-03-30,无保留意见,False,351555900.5090152,150760774.51893577,200795125.9900794,0.42883869763144455,1395517.577371038,23406199.717904493,18827385.993880108,3606415.0339703728,83720250.63266823,28590682.245311305,3962161.115905738,161559567.35547355,40000000,5.019878149751985,-4910343.217180283,-4410126.595498296,16862164.207659785,3436483.922177132,0.0859120980544283,3039275.747470679,-48247165.91099238,8705603.068237469,68348227.17288272,28806664.330127813,-0.06617615078200766,0.09116389192820575,-0.04669558563390591,0.12388741431339134,2021-04-28,2020-04-11,False,False,False,False,False,0.0,0,0,False,[],珏琛农业
2020-03-31,季报,2020-04-30,无保留意见,False,412123220.0457014,187217353.64490283,224905866.40079856,0.454275188920784,1623385.792747059,27157838.660635397,23247362.97985648,4224298.045848013,78680301.25728028,33893557.13281941,4536360.125177425,183537755.37929004,40000000,5.622646660019964,479733.6349823048,255713.2062329416,27132084.19354653,7700109.788803697,0.1925027447200924,6665485.431044626,-23424621.662426874,10002566.044218037,79475032.73374216,66052977.11553332,0.12007632302743451,0.2086281516361917,0.025436491289339412,-0.10329075648506574,2021-04-28,2020-06-08,False,False,False,False,False,0.0,0,0,False,[],珏琛农业
2020-06-30,半年报,2020-08-27,无保留意见,False,337787619.13786185,159079885.5969661,178707733.54089576,0.4709464663121372,1265634.3280787454,22208651.50044623,17315332.109655738,3609759.295681001,74411779.1045601,26026165.780356932,4313266.96088942,151110667.4214849,40000000,4.467693338522394,12807851.31717541,12278813.778863963,82850008.51760057,17611596.688847296,0.4402899172211824,17175857.960901458,-66940692.31845954,8300283.353208187,65569777.07741379,6929368.112162434,-0.2054109730404915,0.401272989666482,0.016671277391353267,-0.06009285634076467,2021-04-28,2020-09-30,False,False,False,False,False,0.0,0,0,False,[],珏琛农业
2020-09-30,季报,2020-10-27,非标准无保留意见,False,400702655.95780957,191062347.58488244,209640308.37292713,0.4768182709649911,1351503.5230093475,25734834.504167028,22318885.951525237,4412518.395593696,97496881.66244632,36861036.32561851,4956884.357786334,186760054.72760287,40000000,5.241007709323179,21276473.662711605,20109521.528841197,47938489.263132855,12098031.922194567,0.3024507980548642,11186725.357110338,-46788691.80321711,10319727.314505883,72833495.73425739,36364531.245546155,0.17309029787987715,-0.1592981917655747,0.005871804652853799,-0.07053030478209239,2021-04-28,2020-12-03,False,False,False,False,False,0.0,0,0,False,[],珏琛农业
2020-12-31,年报,2021-03-30,无保留意见,False,389962400.4696418,181735186.24730486,208227214.22233698,0.46603258680435977,1457880.3928357707,24504909.04907055,21516089.718626793,3974878.120565825,85202796.14188384,36284537.42198353,4610681.028944111,176535740.348087,40000000,5.205680355558425,31355691.11090114,28940556.179300282,40482411.38579349,14398882.068842188,0.3599720517210547,12615763.78637012,-32599231.57237418,9610562.007864479,82416939.0928294,59428269.5283197,-0.006740565121075894,0.07907236313438235,-0.010785684160631236,-0.05362933750854845,2021-04-28,2021-05-10,False,False,False,False,False,0.0,0,0,False,[],珏琛农业
2021-03-31,季报,2021-04-30,无保留意见,False,376980635.4324585,151644884.29058182,225335751.14187673,0.4022617345228364,1333415.0958106935,25305529.131165106,22111830.519437116,3854863.09141509,85013402.7640819,34357355.70280228,4072655.2288319273,171204543.4604444,40000000,5.633393778546918,45173261.33470493,42016542.78104818,75107442.69274817,19739386.03400542,0.4934846508501355,18679980.859639857,-61686349.287078544,9255457.616076805,77326385.9774511,24895494.30644936,0.0821628286361835,0.17008579966172532,-0.06377085228152339,-0.033950014373804085,2021-04-28,2021-05-14,False,False,True,False,False,0.0,0,8,True,"['上市公司控股子公司向母公司实施利润分配的情况', '根据公司盈利能力、融资能力及其成本、偿债能力及现金流等情况披露现金分红方案的合理性，是否导致公司营运资金不足或者影响公司正常生产经营', '公司在相应期间是否按照中国证券监督管理委员会相关规定为中小股东参与现金分红决策提供了便利', '留存未分配利润的预计用途以及收益情况']",珏琛农业
2021-06-30,半年报,2021-08-27,无保留意见,False,363409567.1010655,166284507.48831946,197125059.61274603,0.45756777625525513,1343001.1729702735,23811938.824361503,21073712.44759357,3641397.582604311,73699316.08496262,31402713.817259487,4311490.36574264,166955488.90004593,40000000,4.92812649031865,70738681.36685488,65389509.35164921,133947363.66836205,36522028.61735705,0.9130507154339264,33389952.243715767,-52194940.49621267,8862968.52177508,73544845.6621472,30212873.687709607,-0.12519403328666037,0.45680247807673996,0.05530604173241871,-0.058811764606351055,2021-04-28,2021-09-20,True,False,False,True,False,43018919.187912434,0,0,True,"['结合所处行业特点、发展阶段和自身经营模式、盈利水平、偿债能力、资金需求等因素，未进行现金分红或现金分红水平较低原因的说明', '公司在相应期间是否按照中国证券监督管理委员会相关规定为中小股东参与现金分红决策提供了便利']",珏琛农业
2021-09-30,季报,2021-10-27,无保留意见,False,414103444.6787687,222535312.12546173,191568132.55330697,0.5373906326668894,1457293.5194163523,25588781.978940357,21455680.768049512,4279367.335640398,83205796.28791685,31892549.76651231,4897271.459129087,178750184.04453284,40000000,4.789203313832674,105726412.30249469,96507542.77394961,70027622.7545145,49982472.76519974,1.2495618191299935,44454333.46042915,-80853274.81414092,10349221.31578521,84175370.4478596,13671316.949503899,-0.02818985607591275,0.25149353444868294,0.07982285641163428,0.00494297195983778,2021-04-28,2021-11-21,False,False,False,False,True,0.0,0,0,False,[],珏琛农业
2021-12-31,年报,2022-03-30,非标准无保留意见,False,558537258.5856719,348854157.6489819,209683100.93668994,0.624585293615596,2031339.0305060726,38169389.74436056,32512537.84465545,5624105.700426817,126158115.59375553,48905672.34511941,6791965.271818856,257661798.66775542,40000000,5.242077523417248,103537232.55665869,94607461.81425723,10868857.681046763,-3127399.636908604,-0.0781849909227151,-2714401.3709891154,-49934863.692590415,13045385.87582925,113130101.38870412,76240623.57194296,0.09456149173632632,-0.7928920836989642,0.08719466094870668,-0.04336772111411241,2021-04-28,2022-05-06,False,False,False,False,False,0.0,0,0,False,[],珏琛农业
2022-03-31,季报,2022-04-30,无保留意见,False,647715280.1482087,433623237.8461717,214092042.30203703,0.6694658148977912,2478456.182149563,40509076.13682681,40705468.1450726,7407585.820476738,141904070.7129795,60716752.83199624,7549389.401184716,298531235.8607757,40000000,5.352301057550926,104046863.52235894,95048543.51194741,740792.1415734346,728044.2367146648,0.01820110591786662,630116.7109859603,-10586782.67499615,15202582.625128366,130152100.66695166,134767900.61708388,0.02102668906388546,0.27791789374116416,0.04488052128219511,0.11588057956575976,2021-04-28,2022-05-30,False,False,False,False,False,0.0,0,0,False,[],珏琛农业
2022-06-30,半年报,2022-08-27,非标准无保留意见,False,701687375.8134505,522442884.2429797,179244491.57047072,0.7445522069387716,2432865.1699253106,43266642.5681886,40493681.76558586,7027713.662120833,150470570.78694373,57819959.7263058,7537679.360962906,303202641.7376343,40000000,4.481112289261768,111780016.91412169,101214583.3789105,5657258.297156656,11047361.988232497,0.27618404970581245,8808628.381375842,-52799583.13141097,16490219.436577497,139946853.22632977,103637489.5314963,-0.16276901447090705,0.5820900271755071,0.0750863920409804,0.14574882762378538,2021-04-28,2022-10-18,False,False,False,False,False,0.0,0,0,False,[],珏琛农业
2022-09-30,季报,2022-10-27,保留意见,False,665913948.9893541,509328549.65821224,156585399.33114195,0.7648564058933007,2566222.6837534015,43329196.75695629,37584508.74731181,6827349.651880894,152199137.93372437,54206288.76864151,7538491.007486204,303084556.9040592,40000000,3.9146349832785488,100747413.91882795,91620618.3023184,26314658.988911513,-15760861.421848197,-0.3940215355462049,-13705664.395131573,-117808486.42435715,14226859.432104254,129952846.4298344,26371219.43758151,-0.12641444119592513,-0.9558197816011469,0.020304198954529163,-0.08183600460351848,2021-04-28,2022-12-14,False,False,True,False,False,0.0,0,9,True,"['充分披露高送转的主要考虑及其合理性且送转股后每股收益不低于0.5元', '是否影响偿债能力、过去十二个月内是否使用过募集资金补充流动资金以及未来十二个月内是否计划使用募集资金补充流动资金等内容', '上市公司控股子公司向母公司实施利润分配的情况', '根据公司盈利能力、融资能力及其成本、偿债能力及现金流等情况披露现金分红方案的合理性，是否导致公司营运资金不足或者影响公司正常生产经营']",珏琛农业
2022-12-31,年报,2023-03-30,无保留意见,False,612449757.350486,475220594.61108214,137229162.73940384,0.7759340074962723,1988777.181469658,34183868.015965424,30574924.226619676,5835218.466937117,128083386.61397563,47230063.297504246,6243064.598164237,258981477.5885311,40000000,3.430729068485096,89645622.05236195,81369645.7361252,13131717.66312158,-15859702.666379994,-0.39649256665949983,-14644246.523133138,-78230767.95794007,14819568.592290008,121976801.5795841,58565602.21393404,-0.12361456862784585,-0.07976609418392953,0.011077601602971558,-0.028969882201568594,2021-04-28,2023-05-15,False,False,False,False,False,0.0,0,0,False,[],珏琛农业
2023-03-31,季报,2023-04-30,无保留意见,False,700407918.7174622,552262493.3287134,148145425.38874876,0.7884869353561532,2576111.5407246975,43726348.97497194,37685195.545437165,7176338.607810308,155920272.06747925,61701724.60572424,7429522.232051611,303645889.59319955,40000000,3.703635634718719,78833795.69253415,71789129.28665167,0.0,-15445466.228325432,-0.3861366557081358,-13686452.070676465,-72844517.94794285,17235479.78653467,146155412.4247515,90546374.2633433,0.07954768819856987,0.36327054869059505,0.012552927859880906,0.10790332843504397,2021-04-28,2023-06-08,False,False,True,False,False,0.0,0,0,True,"['结合所处行业特点、发展阶段和自身经营模式、盈利水平、偿债能力、资金需求等因素，未进行现金分红或现金分红水平较低原因的说明', '根据公司盈利能力、融资能力及其成本、偿债能力及现金流等情况披露现金分红方案的合理性，是否导致公司营运资金不足或者影响公司正常生产经营']",珏琛农业
2023-06-30,半年报,2023-08-27,无保留意见,False,607022841.6419257,433808566.4535086,173214275.18841705,0.7146494937160969,2385389.613954234,36646430.38727242,28276154.87436579,6118195.2003279,142121608.50933543,51381452.615323514,6243748.442764383,270921056.3492229,40000000,4.330356879710426,68247273.32224603,61187204.85053886,8567005.169786196,-15123603.3861259,-0.3780900846531475,-15145606.33730403,-64774571.8722119,13951397.343294447,130689646.74421133,79866472.21529388,0.1692178461392587,0.20704782878587233,-0.07383744164005628,0.0025509602246870716,2021-04-28,2023-10-19,False,True,False,False,False,0.0,3,0,True,['结合前述财务报表列报项目的具体情况说明现金分红方案确定的依据及未来增强投资者回报的规划'],珏琛农业
2023-09-30,季报,2023-10-27,无保留意见,True,675903908.5858078,514205634.0679177,161698274.51789016,0.7607673628397695,2412467.043431581,44665193.1847408,36296339.12614693,6614521.152850448,152679814.25718307,59247179.40203443,7872253.085726209,304536498.66050357,40000000,4.042456862947254,58895621.508931145,51924695.15688266,21043316.21928292,-13359502.590449842,-0.333987564761246,-13232156.70522314,-50140307.03335247,16601367.319914518,140370818.84026292,106831879.12682498,-0.06648413162252467,0.9401534742880451,0.0461178691236727,-0.004253501733526798,2021-04-28,2023-12-15,False,False,True,False,False,0.0,0,4,True,"['结合前述财务报表列报项目的具体情况说明现金分红方案确定的依据及未来增强投资者回报的规划', '上市公司控股子公司向母公司实施利润分配的情况', '结合所处行业特点、发展阶段和自身经营模式、盈利水平、偿债能力、资金需求等因素，未进行现金分红或现金分红水平较低原因的说明']",珏琛农业
2023-12-31,年报,2024-03-30,无保留意见,False,726866926.2061051,560743288.4668372,166123637.73926798,0.7714524739674795,2554251.6541808704,46451606.12026291,40486700.187850386,7167633.649486145,149423130.12479964,61279654.401139654,8476408.076136963,334509260.1919424,40000000,4.1530909434817,48948949.96942671,43277733.0297678,40771568.689678535,-14209530.77072063,-0.35523826926801577,-12352803.038735516,-128249528.99937148,19494956.412493095,141235330.09572098,32480757.508842587,0.027368029959331484,-0.23349231839607973,0.010685111127709887,0.08526494517775902,2021-04-28,2024-04-25,False,True,False,True,True,0.0,0,0,True,"['留存未分配利润的预计用途以及收益情况', '是否影响偿债能力、过去十二个月内是否使用过募集资金补充流动资金以及未来十二个月内是否计划使用募集资金补充流动资金等内容', '根据公司盈利能力、融资能力及其成本、偿债能力及现金流等情况披露现金分红方案的合理性，是否导致公司营运资金不足或者影响公司正常生产经营', '公司在相应期间是否按照中国证券监督管理委员会相关规定为中小股东参与现金分红决策提供了便利']",珏琛农业
2024-03-31,季报,2024-04-30,非标准无保留意见,False,946233761.9620564,761586330.1526365,184647431.8094198,0.8048606599847532,3453700.891602962,61790768.29153909,52752732.47248843,9598558.88277524,214754356.18557978,78385250.66509289,11023728.34138901,430694696.75750244,40000000,4.616185795235495,37375645.58885497,33178667.394786645,79838100.65920493,-16533291.972245336,-0.4133322993061334,-14427236.621401643,-109483772.84408696,24651137.8857658,190363330.2435068,105530695.28518564,0.11150607055225366,-0.8327492656583817,0.03340818601727373,0.2259273323294481,2021-04-28,2024-05-11,False,False,False,False,True,0.0,0,0,False,[],珏琛农业
2024-06-30,半年报,2024-08-27,无保留意见,True,1197575755.4349902,1034852567.3942446,162723188.04074568,0.8641228437514248,4331214.712741651,75846460.28335512,64087891.48255932,12057839.458371643,243076123.48263067,100362650.63762043,12457403.504935374,522731033.7564143,40000000,4.068079701018642,26082411.540631913,23420402.45132876,9084147.573055143,-16133191.497461516,-0.4033297874365379,-13940378.490654128,-81250976.90718426,30396000.15311764,226408800.5950621,175553823.8409955,-0.11873570920446275,0.8572821785575573,0.059262183766671625,0.17497106588641106,2021-04-28,2024-09-08,False,False,True,False,False,0.0,0,4,True,"['上市公司控股子公司向母公司实施利润分配的情况', '根据公司盈利能力、融资能力及其成本、偿债能力及现金流等情况披露现金分红方案的合理性，是否导致公司营运资金不足或者影响公司正常生产经营', '充分披露高送转的主要考虑及其合理性且送转股后每股收益不低于0.5元', '留存未分配利润的预计用途以及收益情况']",珏琛农业
2024-09-30,季报,2024-10-27,无保留意见,False,1276678531.5113778,1100040435.8414373,176638095.66994044,0.861642464167679,4444123.937353259,75189124.2402,67467991.3221043,12057558.011264425,255432742.04447734,98384580.8342712,13184037.360171653,532095348.5958269,40000000,4.415952391748511,14716303.885010866,13847213.925429944,26024003.02213959,-16237296.650887206,-0.40593241627218013,-13675983.608426878,-131574184.68746646,31203683.547232147,267905747.00954208,167535245.86930776,0.08551275203451937,-0.12010167542290279,-0.002480379583745755,-0.036199351928473865,2021-04-28,2024-12-03,False,False,False,False,False,0.0,0,0,False,[],珏琛农业
2024-12-31,年报,2025-03-30,无保留意见,False,1092005940.4694011,914042478.372401,177963462.09700006,0.8370306831659706,4016764.334829712,73929702.78256011,66947755.84616907,11458396.295384329,246369090.34464094,97964439.21340954,11510189.041792888,500689344.6539625,40000000,4.449086552425001,3357443.3528916184,3989578.0946932947,51823623.841357045,-16226943.617313214,-0.40567359043283036,-14082336.901052358,-181451084.16366443,27312362.067577604,208235837.88857642,54097115.79248959,0.007503287566778289,0.013574128900883676,-0.02461178100170822,-0.002301871169330007,2021-04-28,2025-05-19,False,False,False,False,True,0.0,0,0,False,[],珏琛农业
2017-03-31,季报,2017-04-30,无保留意见,False,301994155.1863855,115465026.84974656,186529128.33663893,0.3823419257186735,130175036.27607428,1559.6777645125687,19009.56732937613,7423496.534841695,20894235.514003307,32823691.195353355,7924300.744358315,198177039.0483943,40000000,4.6632282084159735,-2788271.562510904,-2371067.308605534,16984582.972625803,-3983245.089301292,-0.09958112723253229,-3387239.0122936205,20150539.302965578,661853.1959562743,-36686985.896781646,-15874593.397859793,0.03627293520354957,-0.27684694940562743,0.08234192571867349,-0.014429984547573238,2021-03-09,2017-06-01,False,False,False,False,False,0.0,0,0,False,[],祎璱科技
2017-06-30,半年报,2017-08-27,无保留意见,False,366225566.4304029,161832751.96396008,204392814.46644276,0.441893649155471,158907746.74690545,1698.3495031877271,23926.717183410856,8616142.222964939,25541729.39355858,41185813.991760224,9242146.38496885,234004088.41733542,40000000,5.109820361661069,-6340648.317332904,-5568280.513139167,20541920.283690665,-5074823.935459999,-0.12687059838649997,-4567447.435048047,26082049.851678014,831142.9609649066,-45838211.97567129,-18925019.16302837,0.09576888226038537,-0.08385952210420107,0.05955172343679753,-0.009227298697799926,2021-03-09,2017-09-13,False,False,False,False,False,0.0,0,0,False,[],祎璱科技
2017-09-30,季报,2017-10-27,无保留意见,False,443224690.0443798,213630085.2105572,229594604.83382258,0.4819904892689227,192719608.1258608,2199.4759322348673,32494.281597449386,11395026.524787083,33145246.252819568,55187691.6501407,11333616.536079813,298252893.1589238,40000000,5.739865120845565,-6185492.8289520135,-5432598.647311514,524033.4351577171,221650.69768698514,0.005541267442174628,193831.2368966473,58769331.210861675,949123.7640025903,-58432938.78574318,1285516.1891210899,0.123300764917631,0.4441422587374846,0.040096840113451666,-0.04043274320900488,2021-03-09,2017-12-07,False,False,False,False,False,0.0,0,0,False,[],祎璱科技
2017-12-31,年报,2018-03-30,无保留意见,False,496535236.2040168,287433864.8042732,209101371.39974365,0.5788790882227985,209423883.10013878,2892.149325138785,36362.78688812684,13006185.780057685,41119814.2946927,65941447.24276658,14193132.296361027,346918882.53667337,40000000,5.227534284993591,-6497349.857139475,-5703047.340529846,795373.42002758,-445510.0402678009,-0.011137751006695023,-386355.27602618927,79517795.2504061,1165826.8259856405,-65523761.5248681,15159860.55152364,-0.089258340582139,-0.038739651016402914,0.09688859895387589,-0.06076116356667322,2021-03-09,2018-04-09,False,False,False,False,False,0.0,0,0,False,[],祎璱科技
2018-03-31,季报,2018-04-30,无保留意见,False,423492115.46498966,224229114.39017284,199263001.07481685,0.5294764794947168,169653276.08465466,2526.031490347208,32806.12613096147,11223781.406419635,32752505.484184947,51365101.31196799,11554750.596699683,294151555.8469979,40000000,4.981575026870422,-5349531.42657517,-4629297.463033444,2272771.1829877887,1639740.615091864,0.0409935153772966,1533928.3964234313,36422067.84516833,972713.6668639537,-57886315.68388049,-20491534.171848208,-0.04705072118402599,0.1259628451514913,-0.0494026087280818,-0.0001375663899014263,2021-03-09,2018-06-04,False,False,False,False,False,0.0,0,0,False,[],祎璱科技
2018-06-30,半年报,2018-08-27,无保留意见,False,479375041.5346806,272502632.16598994,206872409.3686907,0.5684539422277695,183510368.62834862,2139.3808820670274,31601.84214697462,11068929.870315649,32837850.678014793,51630379.554884925,11426658.277734382,282808343.250051,40000000,5.171810234217268,-896372.3032413237,-680412.4589011222,16171456.077017937,6361655.890476923,0.1590413972619231,5641264.291617604,69802727.34030221,1110276.2408351323,-64551618.355654776,6361385.225482568,0.038187763171431674,0.25332516009165434,0.03897746273305271,-0.03831802358614567,2021-03-09,2018-10-10,False,False,False,False,False,0.0,0,0,False,[],祎璱科技
2018-09-30,季报,2018-10-27,无保留意见,False,463596541.4083837,264590252.98449802,199006288.42388573,0.5707338803276782,191496782.2876799,2182.105426805893,32408.583717731213,11453215.43999814,32469957.472358618,52085506.3478071,12112101.255977642,296385289.2397492,40000000,4.9751572105971436,-5198154.303549672,-4412107.884991317,9519034.837045483,-6145402.857583355,-0.15363507143958388,-5330993.4658431355,72692638.9833521,988041.795481269,-58055965.66557011,15624715.11326325,-0.03802402151553163,-0.5353669622862058,0.0022799380999086773,0.11525497033127716,2021-03-09,2018-11-11,False,False,False,False,False,0.0,0,0,False,[],祎璱科技
2018-12-31,年报,2019-03-30,无保留意见,False,471089776.07413733,260831858.95800906,210257917.11612827,0.5536776050027477,190428501.2485123,2474.3910110980482,35484.44235738113,12072706.850772113,35108702.663792275,53454010.555921994,13035183.930284047,310823156.5805844,40000000,5.256447927903206,-5449621.59483769,-4642243.022918323,276186.5591757943,-359238.98755431175,-0.008980974688857795,-328764.482752866,16404132.24489354,1065432.6580565074,-60641727.73308953,-43172162.83013948,0.056539061058595394,0.53306113475353,-0.017056275324930512,0.03939220807169067,2021-03-09,2019-05-07,False,False,False,False,False,0.0,0,0,False,[],祎璱科技
2019-03-31,季报,2019-04-30,保留意见,False,623488534.5608201,349727551.28523535,273760983.2755848,0.5609205813729684,245009475.0790786,3250.268107887042,38618.52835033784,14129239.769189898,47241475.67077267,74329068.59045273,16085019.320040593,391055252.8483249,40000000,6.84402458188962,-3709902.56095334,-2950019.3658694495,0.0,2485312.9055490717,0.06213282263872679,2417462.367212676,49427216.152839206,1400603.0217563505,-73073179.79416898,-22245360.61957342,0.302024613533972,0.17093881048925202,0.007242976370220728,0.11524004411381539,2021-03-09,2019-05-31,False,False,False,False,False,0.0,0,0,False,[],祎璱科技
2019-06-30,半年报,2019-08-27,无保留意见,False,867091992.8072655,587479789.9922701,279612202.81499535,0.6775287914841273,378160891.02989435,4437.359248307327,59523.094685018594,22115427.30922258,70287405.23329388,112312432.3740063,21268865.520000707,585718305.3739351,40000000,6.990305070374884,-3560061.2697560466,-2814435.066571418,278536.57952689385,214058.98742470518,0.00535147468561763,193691.8561400452,35296864.30065017,1874284.125118379,-116885573.5829867,-79714425.15721814,0.021373460415724615,-0.11656235284153714,0.11660821011115889,-0.010019770590321492,2021-03-09,2019-10-15,False,False,False,False,False,0.0,0,0,False,[],祎璱科技
2019-09-30,季报,2019-10-27,无保留意见,False,931363360.3286383,653216336.3513552,278147023.9772831,0.7013549857929381,390431535.7561955,5463.339309798225,71575.34793124563,23508071.383193474,76302325.94560695,116753068.60490087,26572162.037656438,637408630.6728289,40000000,6.953675599432078,-3475433.111308772,-2740522.8465732313,388716.37179033563,120897.36921039224,0.003022434230259806,105588.8857116955,117057825.48624858,2046017.9669588394,-110598015.15198447,8505828.30122295,-0.005240038964542926,-0.005411949516518355,0.023826194308810764,-0.05476348491189523,2021-03-09,2019-11-27,False,False,False,False,False,0.0,0,0,False,[],祎璱科技
2019-12-31,年报,2020-03-30,无保留意见,True,1029252690.6345214,720835643.4086334,308417047.225888,0.7003485635429791,342571380.8753134,4908.652407173779,65437.15112866532,24310939.502933234,78158671.29890002,107425562.7111625,24193192.00297026,616738080.9300544,40000000,7.7104261806472,-3700452.99027667,-2944185.829531531,982017.6437606057,-321456.9699541405,-0.008036424248853513,-290947.11851185694,144065061.6250035,2256984.423505321,-128899112.53978536,17422933.508723468,0.10882742089333709,-0.025837100102010215,-0.0010064222499589863,0.04616791971155699,2021-03-09,2020-05-18,False,False,False,False,False,0.0,0,0,False,[],祎璱科技
2020-03-31,季报,2020-04-30,无保留意见,False,1290585862.1923225,977695096.8502457,312890765.3420768,0.7575591252715506,541815491.1000304,6143.925585968876,91629.40257322637,28449742.484767612,97493387.38090563,153441171.72521088,32635149.72323392,844282458.2590598,40000000,7.822269133551919,-1977327.8129594738,-1337339.0444213147,10820538.882084105,2461607.3961674236,0.06154018490418559,2295495.407300309,16067817.135921715,2812752.684884539,-167477513.47708967,-148596943.6562834,0.014505417766068686,0.16686495703539359,0.057210561728571405,0.11682093943473237,2021-03-09,2020-06-26,False,False,False,False,False,0.0,0,0,False,[],祎璱科技
2020-06-30,半年报,2020-08-27,无保留意见,False,1229118247.6210794,907764189.8226953,321354057.7983841,0.7385491115925136,487811752.2432476,6028.456016615972,79023.98899149455,29846484.28598959,93575512.44767086,143384534.42247716,33279392.842691578,786246872.2823701,40000000,8.033851444959602,585235.0904435545,949771.6805259523,17607552.784876283,3660804.147718612,0.0915201036929653,3267301.035638953,36102381.69949167,2504635.811582701,-170923318.50957265,-132316300.99849829,0.02704871282172404,0.06161858715674992,-0.019010013679037013,0.06708604519830193,2021-03-09,2020-10-13,False,False,False,False,False,0.0,0,0,False,[],祎璱科技
2020-09-30,季报,2020-10-27,无保留意见,False,1032664020.2839301,715795368.3979676,316868651.88596255,0.6931541666389812,394125129.8249431,4960.758798838321,70970.53230129628,24982780.689080223,71770177.2345275,117122036.54702698,27213741.71201861,629463314.6903752,40000000,7.921716297149064,-1821197.676994434,-1316961.4189628253,8328659.55352062,-3437761.096339984,-0.0859440274084996,-3238190.142126825,194919957.43888775,2472779.906277024,-138093667.46671817,59299069.87844661,-0.013957831879115944,-0.3435764258402512,-0.0453949449535323,0.028222367146181395,2021-03-09,2020-12-03,False,False,False,False,False,0.0,0,0,False,[],祎璱科技
2020-12-31,年报,2021-03-30,保留意见,False,1346937459.872799,1002545954.6535584,344391505.2192404,0.7443151478972425,581207539.0499591,6924.697103706462,85450.65081636039,35472713.80171231,109132575.78613041,172211537.75528094,36513357.12624864,922379069.2918352,40000000,8.60978763048101,-6808991.519497384,-5803817.653207053,10582298.75510893,-7125419.775004216,-0.1781354943751054,-6409794.620348897,108934812.03024694,3063311.3635837096,-187630010.57637388,-75631887.18254322,0.08685887092164318,-0.27190633529313885,0.05116098125826136,0.15770495502405912,2021-03-09,2021-05-08,False,True,False,True,False,0.0,2,0,True,"['上市公司控股子公司向母公司实施利润分配的情况', '留存未分配利润的预计用途以及收益情况', '根据公司盈利能力、融资能力及其成本、偿债能力及现金流等情况披露现金分红方案的合理性，是否导致公司营运资金不足或者影响公司正常生产经营']",祎璱科技
2021-03-31,季报,2021-04-30,无保留意见,False,1365270672.7594423,1090743059.2069519,274527613.55249053,0.7989207422161761,500019030.0065915,6734.968678825453,89665.76187895672,31350923.062415898,99587151.02313069,132591030.66306241,34610589.19777327,846091758.8940035,40000000,6.863190338812263,-8826947.153216965,-7661784.068183158,3744079.094652931,-2882793.7624565437,-0.07206984406141359,-2654237.7356801503,107552698.92864092,2671519.380380712,-192290456.34063923,-82066238.03161761,-0.2028618319789113,0.4296512779154097,0.05460559431893351,-0.03132437743221732,2021-03-09,2021-05-12,False,False,False,True,False,0.0,0,0,False,[],祎璱科技
2021-06-30,半年报,2021-08-27,无保留意见,False,1388719610.4474652,1116955860.6006637,271763749.8468015,0.8043062488624069,562569935.3159567,8514.383778733363,105471.01399295598,34047663.72599209,120210497.12586895,174096805.05488807,39043817.1694159,979660020.6924262,40000000,6.794093746170038,-11879011.211998427,-10468878.790685058,19522814.79728187,-4360091.512544945,-0.10900228781362362,-4010135.317859859,15073481.514563836,2845304.096889714,-190930276.2011677,-173011490.58971417,-0.010067707470019494,-0.10464519149402657,0.0053855066462308795,0.16370824762540748,2021-03-09,2021-09-29,False,False,True,False,False,0.0,0,0,True,"['是否影响偿债能力、过去十二个月内是否使用过募集资金补充流动资金以及未来十二个月内是否计划使用募集资金补充流动资金等内容', '公司在相应期间是否按照中国证券监督管理委员会相关规定为中小股东参与现金分红决策提供了便利']",祎璱科技
2021-09-30,季报,2021-10-27,保留意见,False,1881927199.5649192,1591120685.9538505,290806513.6110688,0.8454740897106434,744289648.6946276,10499.165488117756,129183.08210840658,45604741.886022285,144179079.9825725,209984880.3302284,48435666.20088868,1213553602.0900743,40000000,7.270162840276719,-11718326.029213706,-10334927.338410752,973052.5405521297,229550.2611210309,0.005738756528025773,191359.21753472474,44633322.3894437,4016398.1277461653,-237700461.64596462,-189050741.12877476,0.07007102225739129,0.3631071995672387,0.041167840848236506,-0.06094628073051166,2021-03-09,2021-12-12,True,False,False,True,False,60419.59033018862,0,0,True,"['结合所处行业特点、发展阶段和自身经营模式、盈利水平、偿债能力、资金需求等因素，未进行现金分红或现金分红水平较低原因的说明', '根据公司盈利能力、融资能力及其成本、偿债能力及现金流等情况披露现金分红方案的合理性，是否导致公司营运资金不足或者影响公司正常生产经营', '公司在相应期间是否按照中国证券监督管理委员会相关规定为中小股东参与现金分红决策提供了便利']",祎璱科技
2021-12-31,年报,2022-03-30,无保留意见,False,1371781835.3962893,1055592580.0979437,316189255.2983457,0.7695047075710819,632985028.5492879,7677.859977844341,101175.72704236077,33823392.28808277,122257473.10591234,163124611.9108877,37630282.70739817,943431693.1631129,40000000,7.9047313824586425,-11372631.014525864,-10021129.34673784,2070928.9247639133,493850.02098263055,0.012346250524565764,448282.84524701757,270215831.0340063,2974016.454168565,-176868253.32124612,96321594.16692874,0.08728395169725915,0.015339910552279302,-0.07596938213956148,0.06105555857648105,2021-03-09,2022-05-26,False,False,False,True,False,0.0,0,0,False,[],祎璱科技
2022-03-31,季报,2022-04-30,无保留意见,False,1756567465.327528,1414221671.2951536,342345794.0323743,0.8051052403110854,712655859.4129962,9020.435039465312,117371.14648478712,41106411.84230715,123378399.51249503,200491678.6950993,47765456.26645688,1116323828.676101,40000000,8.558644850809358,-12470210.485199133,-10976424.391993161,7179690.6784159085,-1567970.6723903846,-0.03919926680975962,-1364707.2075076029,37235196.9414437,3518331.5366832013,-250240064.06522033,-209486535.5870934,0.08272431240381067,-0.11785974447591624,0.03560053274000339,0.09283955863258557,2021-03-09,2022-05-26,False,True,False,False,True,0.0,3,0,True,"['结合前述财务报表列报项目的具体情况说明现金分红方案确定的依据及未来增强投资者回报的规划', '结合所处行业特点、发展阶段和自身经营模式、盈利水平、偿债能力、资金需求等因素，未进行现金分红或现金分红水平较低原因的说明']",祎璱科技
2022-06-30,半年报,2022-08-27,无保留意见,False,1448145547.8570583,1120162258.2867293,327983289.570329,0.7735149688125802,592261980.7885963,7139.291817559127,97948.23035864596,37280523.21557406,109770629.90360004,176955395.45755023,39808297.24887295,957715757.9780757,40000000,8.199582239258225,-6132917.789254869,-5273673.8995759105,34818431.288531795,9053275.279920377,0.2263318819980094,8146786.41773893,267882931.20525426,3078126.408678084,-172838895.50165924,98122162.11227307,-0.041953208458834115,0.6882598345836585,-0.03159027149850519,-0.15220941534685437,2021-03-09,2022-09-20,False,False,False,False,False,0.0,0,0,False,[],祎璱科技
2022-09-30,季报,2022-10-27,非标准无保留意见,False,1730201979.8167667,1406121845.6611366,324080134.1556301,0.8126923111081221,731239710.4085193,9465.691506162619,118532.36454390685,40225826.55567538,126113207.3664194,189994600.2208836,46693053.96240911,1107612175.3448234,40000000,8.102003353890753,4972901.5158749325,5378001.348551696,73865692.71705298,15865456.150185432,0.3966364037546358,15216678.925896581,31836130.992034025,3591950.9790853676,-222285106.78670678,-186857024.81558737,-0.011900470355706823,0.2614711892103369,0.03917734229554198,0.0018859371860764345,2021-03-09,2022-12-17,True,False,False,False,False,17566342.093657415,0,0,True,"['公司在相应期间是否按照中国证券监督管理委员会相关规定为中小股东参与现金分红决策提供了便利', '根据公司盈利能力、融资能力及其成本、偿债能力及现金流等情况披露现金分红方案的合理性，是否导致公司营运资金不足或者影响公司正常生产经营', '结合所处行业特点、发展阶段和自身经营模式、盈利水平、偿债能力、资金需求等因素，未进行现金分红或现金分红水平较低原因的说明']",祎璱科技
2022-12-31,年报,2023-03-30,非标准无保留意见,False,2458698100.675774,2156293787.980316,302404312.6954581,0.8770063259851455,1024432166.5332432,14416.673144668444,170602.46592229986,65838390.14950791,184800085.3811072,275124517.8196382,65323802.37338436,1617717143.1920686,40000000,7.560107817386453,28633643.91448878,29056521.69535569,55808215.278051116,33801060.56944835,0.8450265142362088,33826457.638291426,88876367.16083102,5368526.998613188,-335910034.8071728,-241665140.64772856,-0.06688414122219158,0.5457281449952347,0.0643140148770233,0.015626016445910388,2021-03-09,2023-04-19,True,False,False,False,False,28360704.58524378,0,0,True,['结合前述财务报表列报项目的具体情况说明现金分红方案确定的依据及未来增强投资者回报的规划'],祎璱科技
2023-03-31,季报,2023-04-30,非标准无保留意见,False,3008448706.995646,2707603836.2960815,300844870.6995645,0.9,1144236651.2642322,16288.26613182326,202482.81461126544,78873949.93324377,227429350.92443496,379481075.2690626,76984669.1122233,2025651360.9914649,40000000,7.521121767489113,41048415.4401041,40750540.5255274,9027190.440693734,17735387.89373617,0.44338469734340424,16705741.185959594,307378255.683414,6564997.268031707,-391996014.4963401,-78052761.5448944,-0.005156811362885865,-0.3162467967327054,0.05353367247672022,0.023625223507315347,2021-03-09,2023-06-16,True,False,False,False,False,23061900.0125158,0,0,True,['结合所处行业特点、发展阶段和自身经营模式、盈利水平、偿债能力、资金需求等因素，未进行现金分红或现金分红水平较低原因的说明'],祎璱科技
2023-06-30,半年报,2023-08-27,非标准无保留意见,False,3232920815.562639,2909628734.0063753,323292081.5562638,0.9,1304317901.1086073,16953.62858829591,237466.3093641654,81211843.68698128,256330974.8329432,404159241.26142824,72606502.37554671,2146393869.4632525,40000000,8.082302038906596,59730504.03371698,57807718.708009556,56409753.64483198,26688697.990875535,0.6672174497718883,24367397.403545935,294881752.2116669,6295895.467511427,-403406764.27385277,-102229116.59467447,0.0746139058462324,0.2577575965044548,0.011312931698951837,-0.009602610789694965,2021-03-09,2023-10-18,True,False,True,False,False,25756269.10697274,0,0,True,"['结合所处行业特点、发展阶段和自身经营模式、盈利水平、偿债能力、资金需求等因素，未进行现金分红或现金分红水平较低原因的说明', '公司为增强投资者回报水平拟采取的措施', '上市公司控股子公司向母公司实施利润分配的情况']",祎璱科技
2023-09-30,季报,2023-10-27,无保留意见,False,3087376470.5076284,2745423385.079034,341953085.4285948,0.8892415328369816,1253029419.160543,17769.72287539731,209489.1684371217,78275825.33259627,241460527.20485032,386582776.76203674,74985789.90983841,2065791883.1369016,40000000,8.548827135714872,74270734.70279506,69852788.0183594,37146794.56926103,20771758.09868297,0.5192939524670742,17207241.871928353,601096381.3426869,6561637.1975934245,-424805892.22031903,182852126.3199613,0.05772180927692594,-0.1354341091471376,-0.05261139732383607,-0.10194887710777321,2021-03-09,2023-12-03,False,False,False,False,False,0.0,0,0,False,[],祎璱科技
2023-12-31,年报,2024-03-30,无保留意见,False,2508656043.540837,2197318320.2338405,311337723.30699635,0.8758946153225695,934578809.6744616,14586.38942934145,161151.70413901296,56819721.35631342,175881289.56266063,292253314.2939147,53246775.12141061,1556811934.1440976,40000000,7.783443082674909,73697039.21226421,69298424.59744117,1852583.4856751368,-819564.9864726383,-0.020489124661815957,-791947.7441689034,306396312.6232582,4837352.61300226,-338418378.635115,-27184713.398854613,-0.08953088428263778,-0.5716261082882572,-0.013346917514412098,0.12917956092153432,2021-03-09,2024-05-01,False,False,True,False,False,0.0,0,4,True,['公司为增强投资者回报水平拟采取的措施'],祎璱科技
2024-03-31,季报,2024-04-30,保留意见,False,3231265543.745641,2888136587.4703794,343128956.2752617,0.8938097313173738,1177656309.5698853,15812.188089871392,200975.6513808012,74885045.33149946,235210573.86565298,393186392.63501483,80829502.54420221,1985827356.137706,40000000,8.578223906881542,63810577.2094588,60458017.53444421,0.0,-14123517.146864882,-0.35308792867162203,-12629152.94713851,34396168.97887934,7312476.548680157,-446700901.04488695,-404992255.5173274,0.10211172815996157,-0.8222246280319233,0.017915115994804293,0.02673309602635591,2021-03-09,2024-05-26,False,False,False,False,False,0.0,0,0,False,[],祎璱科技
2024-06-30,半年报,2024-08-27,无保留意见,False,3452435705.811815,3107192135.2306333,345243570.58118135,0.9,1610359580.119246,18811.90644140069,279331.68546379026,95488892.90349722,313030990.95734483,462090383.56852686,97108007.10592352,2534078869.5111623,40000000,8.631089264529534,56159838.47272573,53562466.12455965,52049341.32943504,-10929626.766761519,-0.273240669169038,-9850787.728406517,398455557.7230578,7338310.763402144,-451727226.84192467,-45933358.3554647,0.006162739306161398,1.1103457045197738,0.011553193412757859,0.02075947498756274,2021-03-09,2024-09-25,False,False,False,False,False,0.0,0,0,False,[],祎璱科技
2024-09-30,季报,2024-10-27,无保留意见,False,3512744394.908866,3121727334.69314,391017060.2157258,0.8886861620838569,1529117220.441078,20550.901692742093,253448.24601456494,96124065.6569459,276592086.3963023,417373031.93633133,86279967.26997729,2400897003.793008,40000000,9.775426505393144,48969626.78463535,46831729.6509267,29749997.346838333,-10271730.982986256,-0.2567932745746564,-9615337.819475645,641308309.7503227,7787775.726267354,-499002085.7758265,150093999.70076352,0.13258317760266905,0.10837814389615062,-0.016676762646274677,0.013947939339186094,2021-03-09,2024-11-09,False,False,False,True,False,0.0,0,0,False,[],祎璱科技
2024-12-31,年报,2025-03-30,无保留意见,False,2779765339.665316,2415137870.685901,364627468.97941494,0.8688279676789854,1052336299.6159817,14010.361193119637,190594.6593354837,61961934.85667099,203821053.32905242,361880363.54388374,73062725.29540038,1787156822.9091563,40000000,9.115686724485373,42031880.17142071,40794437.564927936,5665960.432394708,-9911066.590306634,-0.24777666475766585,-8624702.979998242,514349036.23180056,5262549.465307533,-364433885.56375825,155177700.13334984,-0.06748961598184884,0.053604335939543016,-0.019858194404871538,0.08419827939955656,2021-03-09,2025-05-27,False,False,False,True,False,0.0,0,0,False,[],祎璱科技
2017-03-31,季报,2017-04-30,无保留意见,False,315548436.13315946,120501778.13506077,195046657.9980987,0.38188044793291187,107169432.46662049,15060.198877865276,2407281.651707827,12298848.187637364,4780365.852126147,11764517.953371694,2325867.0012722593,130304013.23032285,40000000,4.876166449952468,8681043.206569366,7766059.484155437,0.0,12401490.295099095,0.31003725737747734,11094370.691650625,-13390860.692202438,9000109.887522113,12837905.715170432,8447154.910490107,0.0835925444338817,0.6334161275055051,0.08188044793291191,-0.0027884707119235157,2021-04-22,2017-06-15,False,False,False,False,False,0.0,0,0,False,[],蔚翊能源
2017-06-30,半年报,2017-08-27,保留意见,False,307085368.28776574,125966682.3245402,181118685.96322554,0.41020086051934085,83034800.4670753,14056.237676420313,2144165.646237556,10039938.060789336,4571684.929661974,9214544.483614111,1913302.0761042195,111149018.53084199,40000000,4.527967149080639,21092876.484210268,19150777.9521385,54607436.50203037,17731190.396629862,0.4432797599157466,16263883.525690088,-4882943.956678724,9166110.432214238,11411114.436307319,15694280.911842832,-0.0714084115966187,0.18127312758765723,0.02832041258642895,0.107713461281863,2021-04-22,2017-10-10,False,False,False,False,False,0.0,0,0,False,[],蔚翊能源
2017-09-30,季报,2017-10-27,无保留意见,False,373035267.8545424,165689739.21709898,207345528.6374434,0.44416641935771706,108646515.15609716,16661.30286140275,2475408.034421298,12843470.189964939,5160181.067120684,11080085.537365455,2655422.939467109,139690779.05783647,40000000,5.183638215936085,46955911.87800813,43279015.344683446,42428162.59905124,36947193.419711225,0.9236798354927807,34468910.5607785,-43073929.36897588,11542144.117113028,13471472.366566237,-18060312.885296613,0.14480473140989425,0.553277984533061,0.033965558838376236,-0.04773825380484776,2021-04-22,2017-11-22,False,False,False,False,False,0.0,0,0,False,[],蔚翊能源
2017-12-31,年报,2018-03-30,无保留意见,False,386964411.7722533,156145538.0300808,230818873.74217245,0.40351394929304196,115495960.80359732,21038.97082910027,2759871.325864484,15428821.745287893,5448290.5302823875,14126332.611063922,3066188.471546264,161234234.7884485,40000000,5.770471843554311,38731841.66899159,36130408.769381724,40273452.29144433,-11748671.727166481,-0.29371679317916205,-10212295.107573891,-76888665.62267287,11312016.235249648,13563982.79755287,-52012666.589870356,0.11320883193856399,-0.9026579894160947,-0.040652470064675136,0.007795184778306086,2021-04-22,2018-05-18,False,False,False,False,False,0.0,0,0,False,[],蔚翊能源
2018-03-31,季报,2018-04-30,无保留意见,False,329009735.56975853,117506077.14333473,211503658.42642382,0.3571507601130557,100209071.41612746,17942.943635971737,2074939.1199555637,13501154.93415007,5255720.550685398,11862630.094437025,2151227.5239210064,132991854.6567625,40000000,5.287591460660596,32389773.480459634,30428078.541298565,42848646.534191675,-9060097.412188511,-0.22650243530471278,-8146186.040118798,-19021021.38709912,9354416.98112491,13097716.454708982,3431112.048734771,-0.08368126489224607,0.5119798601977824,-0.046363189179986254,-0.059982572870730916,2021-04-22,2018-06-06,False,False,False,False,False,0.0,0,0,False,[],蔚翊能源
2018-06-30,半年报,2018-08-27,无保留意见,False,298128886.8721946,94065024.41838877,204063862.45380583,0.31551798084804067,90775516.26001155,16133.937776520203,2265574.2988461857,10487132.767110487,4580844.527064921,10514059.266825737,2390058.9901859774,123442600.42845659,40000000,5.101596561345146,26069328.210856695,24575278.330978222,32370833.35069541,-9029207.528004203,-0.22573018820010507,-8361143.157600493,-42158546.17996307,8697105.689890414,10604676.680560421,-22856763.80951223,-0.035175731842984066,0.003890461355499336,-0.041632779265015005,0.01860530713050499,2021-04-22,2018-10-19,False,False,False,False,False,0.0,0,0,False,[],蔚翊能源
2018-09-30,季报,2018-10-27,无保留意见,False,322367391.8590833,117890385.35541375,204477006.50366953,0.3657019547651621,97773227.4674999,16433.989407736517,2149413.041755991,11292011.274243237,4988225.046449247,10024237.521836437,2118946.8243998704,125067793.20957978,40000000,5.111925162591739,23391735.451027445,22508024.880620357,2261286.2678307896,-3825132.5140417796,-0.09562831285104449,-2953219.2147969515,-58968335.13306283,10145651.609110665,11583875.39661652,-37238808.12733565,0.002024582132749007,0.6528930507532561,0.050183973917121434,-0.18491540785941593,2021-04-22,2018-12-16,False,False,False,False,False,0.0,0,0,False,[],蔚翊能源
2018-12-31,年报,2019-03-30,无保留意见,False,277575431.76547563,93529092.91045769,184046338.85501793,0.3369501843717953,78322989.50932515,13929.890684277008,1736016.884903324,9185688.327970069,3878977.97610987,9009920.01137222,2118346.7449620236,107997715.1973679,40000000,4.601158471375448,15739402.187493773,15350947.936551759,5512626.666854886,-10931904.662190963,-0.2732976165547741,-10224395.634383708,-29126517.876874283,7679573.708077695,10490119.236811435,-10956824.931985153,-0.09991669967197492,-0.5394188712504003,-0.02875177039336684,0.0240065113117613,2021-04-22,2019-05-23,False,False,False,False,False,0.0,0,0,False,[],蔚翊能源
2019-03-31,季报,2019-04-30,无保留意见,False,312992007.7879601,109059370.40059514,203932637.38736495,0.34844139047307116,91451192.36358209,15437.643415231123,1863248.6930142096,11384125.640379293,4648147.816193288,10443638.789129209,2395873.6504186043,122540144.01992768,40000000,5.098315934684124,9591505.797543019,9786134.268754188,23630740.76642609,-8782709.128501078,-0.21956772821252696,-7949733.811139388,-47522337.68446547,8732375.848519737,11831369.681137342,-26958592.15480839,0.10805049780431891,0.35417959244949504,0.011491206101275856,-0.03684139372193235,2021-04-22,2019-05-20,False,False,False,False,False,0.0,0,0,False,[],蔚翊能源
2019-06-30,半年报,2019-08-27,无保留意见,False,410192440.1387716,185443396.62751073,224749043.51126087,0.4520887721986628,115835519.38083595,20091.728595658846,2956410.8329476765,14975849.214919746,5483280.326544436,14496958.114614395,2886664.599566145,156081342.38947773,40000000,5.618726087781521,5252224.991375323,5869072.00250697,6304872.463881957,-6198972.580239566,-0.15497431450598914,-5595803.237496027,-22662534.084840007,12512790.723810675,15651164.880970847,5501421.519941514,0.10207491253278732,0.31442680911089754,0.10364738172559163,0.02201392044742184,2021-04-22,2019-10-12,False,False,False,False,False,0.0,0,0,False,[],蔚翊能源
2019-09-30,季报,2019-10-27,无保留意见,False,460369462.4721657,233144168.0650226,227225294.4071431,0.5064283951699309,118870850.03153405,23115.619984601242,3193483.101363114,16203039.26740459,7395647.22170547,15986194.477358332,3356306.528665443,183027447.7351379,40000000,5.680632360178577,-1005970.9323150921,-81240.39584249658,16385565.979812024,-8940279.890986308,-0.2235069972746577,-8500446.283356382,-21862610.396235023,13479180.850937337,17932321.018545818,9548891.473248132,0.011017848428610241,-0.25380060657299425,0.05433962297126811,-0.05545726304295727,2021-04-22,2019-11-29,False,False,False,False,False,0.0,0,0,False,[],蔚翊能源
2019-12-31,年报,2020-03-30,无保留意见,False,410785334.82525015,172268859.97468433,238516474.8505658,0.41936467875117367,110722250.9359599,17928.470672690175,2428560.808998327,13941044.96153964,4965395.595753523,12157996.895804238,2575751.990511233,145998762.10188475,40000000,5.9629118712641445,-8188099.751301158,-6371040.889309087,35090196.7576753,-10260184.027122952,-0.2565046006780738,-8985429.276380843,-36059967.90623382,13218768.126422577,16116418.90641215,-6724780.87339909,0.049691564809642666,-0.16376550528851627,-0.0870637164187572,-0.026881252952178514,2021-04-22,2020-05-24,False,False,False,False,False,0.0,0,0,False,[],蔚翊能源
2020-03-31,季报,2020-04-30,保留意见,False,451333161.1362686,205863741.92745885,245469419.2088098,0.4561236790338645,127330119.26262139,21704.9524468856,2923653.9417446903,14744486.587272469,6389701.763614032,13771847.102612393,3005016.401660767,167797958.74707446,40000000,6.136735480220245,-15984085.457347238,-13790815.899861561,13702916.022193996,-11137122.437208686,-0.27842806093021716,-10599678.586503536,-15527866.530349975,13421006.279152434,15742521.459137766,13635661.207940225,0.029150792885900615,-0.1301131089654059,0.036759000282690836,0.11356633774473344,2021-04-22,2020-05-17,False,False,False,False,False,0.0,0,0,False,[],蔚翊能源
2020-06-30,半年报,2020-08-27,非标准无保留意见,False,509811952.6537255,229162513.35979447,280649439.293931,0.4495040027346049,134999432.50054482,21757.48994261685,3138973.8654609523,17678045.82113397,6666040.802224143,15368897.343922248,3272174.764312948,184661034.6797335,40000000,7.016235982348276,-22482033.577583384,-19568101.722401362,7962944.774204326,-9282783.02890878,-0.2320695757227195,-8253265.460771143,-20650501.089820087,16109193.087953866,18852673.85072724,14311365.84886102,0.14331732318637702,0.3162848598559266,-0.006619676299259606,0.12624704267836118,2021-04-22,2020-10-08,False,False,False,False,False,0.0,0,0,False,[],蔚翊能源
2020-09-30,季报,2020-10-27,无保留意见,True,594013349.0957994,309260464.9584825,284752884.1373169,0.5206288131895275,164974587.98323587,28389.224588968496,3494814.073607705,19254129.924662136,7805728.992199893,16977011.24546764,3928998.2728218446,207700906.64597735,40000000,7.118822103432922,-26503250.33009475,-23196994.839607637,23843713.728234597,-5744595.3607305195,-0.143614884018263,-5184133.024580393,-35633767.56405471,18581178.640308566,24949210.556547917,7896621.632801771,0.01462124725319054,0.45847974489150056,0.07112481045492257,-0.051631101763537066,2021-04-22,2020-12-02,False,False,False,False,False,0.0,0,0,False,[],蔚翊能源
2020-12-31,年报,2021-03-30,无保留意见,False,714209370.0710912,373200461.34598553,341008908.7251056,0.5225364955780933,182739375.93355763,36916.3182072204,4882899.412121426,24767424.458389383,10644234.689469788,22555669.269985348,4761423.250312759,270629804.2667606,40000000,8.52522271812764,-31381143.06659298,-27703573.997407272,24544901.90960523,-6968418.194997476,-0.17421045487493692,-6437970.22542805,-25218670.776357513,19958214.799645267,28038629.44184072,22778173.465128474,0.19756085968442838,-0.10873201572843577,0.00190768238856591,0.06881513334975761,2021-04-22,2021-05-27,False,False,False,False,False,0.0,0,0,False,[],蔚翊能源
2021-03-31,季报,2021-04-30,非标准无保留意见,True,847438842.710861,471966145.57034206,375472697.14051884,0.5569323965143913,256233759.90632936,40991.988559818565,5812109.791626821,30322890.536203954,12785541.20753303,27691596.25543563,5945119.434036558,337694966.27028507,40000000,9.386817428512972,-33466732.187091287,-29760161.557732724,4157286.012613616,-2979413.029283289,-0.07448532573208222,-2937982.2290363647,-70844882.24399719,27111195.59367457,33416995.490393307,-10316691.159929309,0.10106418786611579,0.3976446828878933,0.034395900936297887,0.1516167427933881,2021-04-22,2021-06-07,False,False,False,False,False,0.0,0,0,False,[],蔚翊能源
2021-06-30,半年报,2021-08-27,无保留意见,False,862834967.8196433,496825435.2580963,366009532.561547,0.5758058653018647,242780177.37991318,40797.766647178665,5626120.096911995,28879993.324139375,12739091.546224521,28976852.443685405,5592566.8251229,315154399.0015736,40000000,9.150238314038674,-33592005.19742692,-29871649.513809454,379516.8871158498,-178961.44333662093,-0.004474036083415523,-159268.5086810457,-138544766.94107044,27578076.28549438,32205725.32915408,-78760965.32642198,-0.02520333609085382,0.19973854103224564,0.0188734687874735,0.10178927004410311,2021-04-22,2021-10-06,False,True,False,True,False,0.0,3,0,True,"['结合前述财务报表列报项目的具体情况说明现金分红方案确定的依据及未来增强投资者回报的规划', '上市公司控股子公司向母公司实施利润分配的情况']",蔚翊能源
2021-09-30,季报,2021-10-27,无保留意见,False,801471748.1621132,480395833.9659848,321075914.1961283,0.5993920996811175,208361305.5031603,35833.620352855236,4643000.549552823,25560127.04603643,11146207.331250027,24859801.963255398,5313929.875264644,283634797.28489816,40000000,8.026897854903208,-34352858.096067354,-30546975.47631482,5113730.18735475,-1086932.7123434767,-0.02717331780858692,-964751.37500767,-35080279.16301025,25274649.30329227,31164274.317342937,21358644.45762496,-0.12276625160811294,-0.053978312096976816,0.023586234379252707,0.13929272726542652,2021-04-22,2021-11-20,False,False,True,True,True,0.0,0,2,True,['公司在相应期间是否按照中国证券监督管理委员会相关规定为中小股东参与现金分红决策提供了便利'],蔚翊能源
2021-12-31,年报,2022-03-30,无保留意见,False,772678101.7470523,459317700.7037881,313360401.0432642,0.5944489686782305,200990006.79105544,35905.8373511736,5391013.500344034,27583551.182081502,11257404.396326892,23789499.762829524,4995984.813056067,288311184.57124734,40000000,7.8340100260816055,-28357149.91810058,-24677590.816322938,36496649.39959979,8565297.397095386,0.21413243492738465,8384835.228559836,-116096750.46707034,23986485.57672559,30212009.711300064,-61898255.17904469,-0.024030183553884137,0.6065600009701411,-0.004943131002886995,0.10757480738767741,2021-04-22,2022-04-12,True,False,False,False,False,8780884.641016504,0,0,True,"['留存未分配利润的预计用途以及收益情况', '充分披露高送转的主要考虑及其合理性且送转股后每股收益不低于0.5元']",蔚翊能源
2022-03-31,季报,2022-04-30,无保留意见,False,632656519.0410414,365425218.346968,267231300.69407332,0.5776044462497072,195839887.04839686,29611.284498281286,4349687.625413127,22968364.66312181,8070500.912486663,20028181.571371324,4540945.472064743,250263211.6016138,40000000,6.680782517351833,-20390815.607274923,-17713554.68854018,56122335.36653226,11380477.5868938,0.284511939672345,9948623.039689656,-54856765.62777634,18401602.297243588,25672704.438850924,-10782458.891681828,-0.14720781628953197,0.11011724784857235,-0.016844522428523294,-0.01426363801041732,2021-04-22,2022-05-26,False,False,False,True,True,0.0,0,0,False,[],蔚翊能源
2022-06-30,半年报,2022-08-27,无保留意见,False,719752984.8324444,415660772.86108476,304092211.9713597,0.5775047573548429,194136106.45885402,35072.836412167366,4800205.920877856,24240127.855380915,9512429.420586856,23447139.79903473,4661826.79680353,260100095.5251304,40000000,7.6023052992839935,-17790027.240932066,-15329422.843276834,13203990.229231063,3715411.9519183636,0.09288529879795909,3405902.6360904896,-109933957.93926205,23684770.802687667,27899853.933209356,-58349333.20336503,0.13793635394337608,-0.2700823342914846,-9.968889486433687e-05,-0.01452867017683816,2021-04-22,2022-09-23,False,False,False,False,False,0.0,0,0,False,[],蔚翊能源
2022-09-30,季报,2022-10-27,无保留意见,False,867520424.5644872,552975589.1125454,314544835.4519418,0.6374208300515234,209193820.0317892,35486.15074382267,5331204.678712117,25737555.44976952,10553517.098273609,24360154.19629811,5041108.33642868,288391271.1304205,40000000,7.863620886298545,-18232422.062028233,-15722950.90926508,2701980.0163471485,-631992.6015659552,-0.01579981503914888,-562182.9514117785,-130318162.09728214,27124188.669940908,34534717.586023405,-68659255.84131783,0.03437320348594292,-0.20986329229536388,0.05991607269668062,0.07366808158803212,2021-04-22,2022-12-18,False,False,False,False,True,0.0,0,0,False,[],蔚翊能源
2022-12-31,年报,2023-03-30,无保留意见,False,737334743.7767425,441851284.31767505,295483459.45906746,0.599254664244417,213429946.4874684,34668.24200534423,4691321.983678359,28741423.14038526,10249121.83666959,22625156.620234273,5049663.846385355,278358918.244876,40000000,7.3870864864766865,-18332169.60694199,-15809987.31617071,451030.95322559803,-142496.49273393676,-0.003562412318348419,-124337.72415089908,-124805455.64714168,23250633.2353333,26092431.127662186,-75462391.28414619,-0.06059986954001877,0.02990566273075171,-0.038166165807106404,-0.019804331128521167,2021-04-22,2023-04-14,False,False,False,False,False,0.0,0,0,False,[],蔚翊能源
2023-03-31,季报,2023-04-30,无保留意见,True,835280740.6918987,502202550.86759764,333078189.82430106,0.6012380345937365,228756895.03690293,36389.17158874873,5206337.644117012,28769167.36100445,11740273.768302001,23673967.761520695,5109156.725204489,288028691.246482,40000000,8.326954745607527,-25754768.926532034,-22373509.76689224,28698057.803989332,-10603713.313700061,-0.2650928328425015,-9376460.643887898,-95606869.93359892,24975083.858040124,31603847.10378875,-39027938.97177005,0.1272312515700783,-0.620567382142738,0.0019833703493194665,-0.049195491910863115,2021-04-22,2023-05-11,False,False,False,True,False,0.0,0,0,False,[],蔚翊能源
2023-06-30,半年报,2023-08-27,无保留意见,False,729368877.6406251,383621518.28321224,345747359.3574129,0.5259636516492967,207066580.30619228,34066.302880802774,4958894.182262794,24330106.68545347,10425685.56504731,22546447.25072314,4691442.659418467,271777805.6894372,40000000,8.643683983935322,-33022454.852151956,-28471097.359020602,33837259.37717838,-10382408.46517132,-0.259560211629283,-8710839.417326234,-138803115.57837337,21494957.686923336,28183441.158721782,-89124716.73272824,0.03803662299172084,0.03459895707969892,-0.07527438294443975,0.03763865759432017,2021-04-22,2023-09-08,False,False,False,False,False,0.0,0,0,False,[],蔚翊能源
2023-09-30,季报,2023-10-27,无保留意见,False,888515843.2866795,503308311.78327125,385207531.5034083,0.5664595804183976,216377306.90548348,42164.474190950714,6278804.452777735,30771622.72143789,12118361.621943587,28282618.531217854,6082055.499945356,333364004.13043135,40000000,9.630188287585208,-38461037.99210133,-33851137.16372896,27597004.803209618,-7769404.485641953,-0.19423511214104883,-7685771.149583359,-34206620.12406601,25347236.22489751,32518987.70741864,23659603.80825014,0.11413007526459201,0.39485724765226304,0.04049592876910089,0.024563278335180804,2021-04-22,2023-12-10,False,False,False,False,True,0.0,0,0,False,[],蔚翊能源
2023-12-31,年报,2024-03-30,保留意见,False,1036721375.2170653,633235630.1170223,403485745.1000431,0.6108059940255764,324343546.41360384,48115.26874695632,7570790.517883015,34697524.61728581,15265388.792267159,36612005.57186918,7617532.451431212,417763311.57488173,40000000,10.087143627501078,-46088423.15742358,-40968795.134979725,36111589.9920194,-10896264.521888934,-0.27240661304722336,-10168082.816072524,-173077705.91189972,31927051.88764978,45243351.26636718,-95907302.75788276,0.047450301725144445,-0.33874954561525317,0.044346413607178836,0.035694147330983556,2021-04-22,2024-05-10,False,False,True,True,True,0.0,0,5,True,"['结合所处行业特点、发展阶段和自身经营模式、盈利水平、偿债能力、资金需求等因素，未进行现金分红或现金分红水平较低原因的说明', '充分披露高送转的主要考虑及其合理性且送转股后每股收益不低于0.5元']",蔚翊能源
2024-03-31,季报,2024-04-30,保留意见,False,1133472174.6290321,693614430.011662,439857744.6173701,0.6119377656876943,273900995.6446534,54617.357468754024,7120403.221879659,40671451.14145621,15025688.479588611,34460819.5901306,7596049.95320466,423529074.4734514,40000000,10.996443615434254,-53016072.80375711,-47206350.86585994,49138043.18936896,-9896642.351905035,-0.24741605879762588,-8910793.901257461,-185607538.8192512,31852037.443122137,39488812.9084853,-114266688.46764377,0.09014444737894955,0.16377219713545899,0.0011317716621178828,0.04076155879796687,2021-04-22,2024-06-07,False,False,False,True,False,0.0,0,0,False,[],蔚翊能源
2024-06-30,半年报,2024-08-27,无保留意见,True,1210889818.7329614,732950679.8975385,477939138.8354228,0.6052992341321988,358850879.10623264,59427.46940484613,8412227.778246434,51071526.70865044,18596573.293150757,44771870.137390785,9180541.328356372,475927150.35394394,40000000,11.94847847088557,-57888036.28386087,-51675422.1417033,22835726.434084635,-6959947.828719661,-0.1739986957179915,-6384387.5369190825,-36841727.21517593,34809187.21465987,45459419.50796579,43426879.50744973,0.08657661410777134,0.4134234356020297,-0.006638531555495615,-0.01042072945221521,2021-04-22,2024-10-17,False,False,True,True,False,0.0,0,1,True,"['公司为增强投资者回报水平拟采取的措施', '上市公司控股子公司向母公司实施利润分配的情况', '公司在相应期间是否按照中国证券监督管理委员会相关规定为中小股东参与现金分红决策提供了便利']",蔚翊能源
2024-09-30,季报,2024-10-27,保留意见,False,1290709952.0185297,831815065.3365252,458894886.68200445,0.6444631995249259,341871395.5740986,66687.78214544721,9586415.967995051,49862504.91239407,21945638.70947324,39702168.708683275,9021005.555421181,522913954.7060864,40000000,11.47237216705011,-63219586.1838604,-56277423.76496886,16181281.482577855,-7616499.857142182,-0.19041249642855454,-6574288.033236498,-164634618.73091117,37541141.220457114,49884307.13300063,-77209170.37745343,-0.039846605155256405,-0.06539328852300119,0.03916396539272725,0.042184300983674324,2021-04-22,2024-11-19,False,False,False,False,False,0.0,0,0,False,[],蔚翊能源
2024-12-31,年报,2025-03-30,无保留意见,False,1273561411.4743369,778455445.9682063,495105965.5061305,0.6112429592751466,366350079.28270316,59780.636654234346,8429280.371875681,45991685.03401809,17199316.45316185,41843830.74833062,8215632.038526,477524032.07548505,40000000,12.377649137653263,-67532940.98022747,-60133634.85973849,25612978.850741494,-6161935.423381535,-0.15404838558453837,-5508872.992528051,-132352043.13154043,40598090.52439147,46549472.98015917,-45204479.62698979,0.07890930989871522,0.15501299212616076,-0.03322024024977937,-0.05878582963492015,2021-04-22,2025-05-24,False,True,False,True,False,0.0,3,0,True,"['是否影响偿债能力、过去十二个月内是否使用过募集资金补充流动资金以及未来十二个月内是否计划使用募集资金补充流动资金等内容', '结合所处行业特点、发展阶段和自身经营模式、盈利水平、偿债能力、资金需求等因素，未进行现金分红或现金分红水平较低原因的说明']",蔚翊能源
2017-03-31,季报,2017-04-30,保留意见,False,286305651.4907204,97071814.07208501,189233837.4186354,0.3390495911158472,16791646.51196608,321362.50043786585,49670787.294849604,3381641.3209617883,6674171.739491755,2174241.5976518076,37100858.95633414,118724561.66128623,40000000,4.730845935465885,2504132.5853525503,2332664.93633622,6664731.372200239,3577332.264789358,0.08943330661973395,3332378.480480314,-7167108.68521883,-30077560.388510633,15417625.821033437,-21827043.252696026,0.0512990967701968,0.143185125821631,0.03904959111584721,0.05881276239233936,2021-03-12,2017-06-02,False,False,False,False,False,0.0,0,0,False,[],筠瑾化工
2017-06-30,半年报,2017-08-27,保留意见,False,255517051.77374396,69046934.73453924,186470117.03920472,0.27022437154479667,14257152.8015078,299895.7261140099,41952366.2396607,2814440.739417683,5884297.868653307,1819065.3449713122,32882418.43952257,102371664.27854592,40000000,4.661752925980118,9244967.774730127,8592909.59716423,8028100.255595637,9629764.556253683,0.24074411390634207,8943206.65832573,-30172029.26755238,-29236161.976350084,15010587.716815526,-44397603.527086936,-0.014604789593293647,0.29413104738658785,-0.06882521957105055,0.018552324993723387,2021-03-12,2017-10-21,False,False,False,False,False,0.0,0,0,False,[],筠瑾化工
2017-09-30,季报,2017-10-27,无保留意见,False,317981537.814077,100989055.06604902,216992482.748028,0.31759408348134055,18982223.36857814,381226.0798533882,57716121.97293214,3493104.13450978,8843695.932523478,2343380.2745717675,46265699.38726787,134706977.73957127,40000000,5.4248120687007,15767146.367783211,14332243.418217223,39563803.432885766,9317397.990075834,0.23293494975189585,8199048.315789989,-48704901.19260751,-35015975.30173282,17946581.932051383,-65774294.56228895,0.16368502467559495,-0.011729978517759433,0.04736971193654387,-0.04438427586176791,2021-03-12,2017-11-12,False,False,False,False,False,0.0,0,0,False,[],筠瑾化工
2017-12-31,年报,2018-03-30,无保留意见,False,322768068.761733,118674613.24363656,204093455.51809642,0.36767767548667285,20527054.936074145,387078.54793420644,57417678.08415053,3871617.5261469116,8734921.987411892,2175126.6885022293,45099490.69603374,137915360.26054686,40000000,5.102336387952411,23988597.74964427,21985906.254810005,6788498.734776022,11744930.545515794,0.29362326363789487,10933804.052275404,-25507023.31954465,-34159140.33173761,18282629.25416188,-41383534.39712038,-0.059444581059105,0.0922405990271291,0.050083592005332356,-0.06864473913201143,2021-03-12,2018-04-25,False,False,False,False,False,0.0,0,0,False,[],筠瑾化工
2018-03-31,季报,2018-04-30,无保留意见,False,440730317.36774385,209854831.4151676,230875485.95257625,0.47615247498407387,24478417.39386871,496755.2439560089,78599444.44766214,4497329.146575262,11484531.534006543,3177464.486585247,65270268.66760354,182285425.6215335,40000000,5.771887148814407,35833502.00116224,32411269.02550717,64379471.4640339,16921291.78788282,0.4230322946970705,14893375.386710234,-24945035.224968202,-50802461.85623838,26138018.89263033,-49609478.18857626,0.13122434703500402,0.1800791007016206,0.10847479949740102,-0.011950184587356224,2021-03-12,2018-05-19,False,False,False,False,False,0.0,0,0,False,[],筠瑾化工
2018-06-30,半年报,2018-08-27,非标准无保留意见,False,504786745.41943157,263934735.13630518,240852010.28312635,0.5228638381085058,30242991.358996283,577663.5798307052,92447449.41208129,5703763.854431166,12635949.067161664,3909645.8852798673,68386579.02615747,210398183.9555948,40000000,6.021300257078159,49551327.97197389,45404100.176568456,38748190.486140676,19596894.244016632,0.4899223561004158,18561187.35865898,-51543526.33759207,-54216466.809675,27733368.09007193,-78026625.05719514,0.04321170907074708,0.0788767854969951,0.04671136312443184,-0.13141869562615527,2021-03-12,2018-09-18,False,False,False,False,False,0.0,0,0,False,[],筠瑾化工
2018-09-30,季报,2018-10-27,无保留意见,False,536119365.8113389,283815087.4322924,252304278.37904647,0.5293878668284617,32650914.090171024,568173.6397335022,90841904.52555725,5624206.985751375,13349148.078262549,3767982.359329324,70336756.04003488,215566295.78401193,40000000,6.3076069594761615,52588243.43430201,48020234.178893484,16479667.550801909,4338450.660468742,0.10846126651171856,3737334.2890357473,-90175377.90987015,-56694292.71483682,32399704.826693866,-114469965.79801312,0.04754898280673579,-0.4169327452162843,0.006524028719955951,0.021064332254581906,2021-03-12,2018-11-21,False,False,False,False,False,0.0,0,0,False,[],筠瑾化工
2018-12-31,年报,2019-03-30,无保留意见,False,547177001.9594995,292482483.8042196,254694518.15527984,0.5345299286278635,32815033.400330238,619392.808560972,104595457.5522342,6165791.525760258,14757201.183258433,3687739.445313791,71896006.51565352,235088065.2293905,40000000,6.3673629538819965,50414637.048903495,46038033.71825292,12786810.603589613,-3105151.9791407287,-0.07762879947851822,-2831714.943772232,-35661403.771715604,-55470536.64254159,31253682.016323205,-59878258.39793399,0.009473639494303075,-0.3488351969901623,0.00514206179940186,0.14499723604157833,2021-03-12,2019-04-09,False,False,False,False,False,0.0,0,0,False,[],筠瑾化工
2019-03-31,季报,2019-04-30,无保留意见,False,568040495.3532858,288733274.9582151,279307220.3950707,0.5082969917112001,35639687.34410139,691103.80597414,106579163.21436736,6151183.671947432,13524521.486201804,4137864.1929187607,76302445.52795948,243152510.89744633,40000000,6.982680509876767,51894763.5102895,47295192.802463084,3110911.2204040145,2114466.373408571,0.05286165933521427,1795941.5488716515,-40277055.75927739,-65667872.09092523,31903167.189935986,-74041760.66026664,0.09663616797902634,0.3756513453557381,-0.02623293691666337,0.01605904620881565,2021-03-12,2019-05-28,False,False,False,False,False,0.0,0,0,False,[],筠瑾化工
2019-06-30,半年报,2019-08-27,保留意见,False,559017565.9059883,275194168.9796187,283823396.9263696,0.4922817917780762,33869281.43226317,655032.0148756334,98020981.25931068,6287580.228031996,14408260.624151003,3569145.16716206,79326447.75322896,229350142.52880654,40000000,7.09558492315924,56182734.71041249,50909481.68368597,4832944.6033991575,6125673.143032841,0.15314182857582104,5163269.830318414,-98327108.69049925,-57154642.670408666,33648509.75338827,-121833241.60751964,0.01616920796000539,0.20985188345119216,-0.016015199933124002,0.03859836044283021,2021-03-12,2019-10-24,False,False,False,False,False,0.0,0,0,False,[],筠瑾化工
2019-09-30,季报,2019-10-27,无保留意见,False,563933681.9227104,280420979.47607845,283512702.446632,0.49725878851568817,35916806.83815213,676897.104563944,103265506.1868248,6571231.886170329,15248393.140191484,3878389.8442725833,76787989.67312044,237800861.9425068,40000000,7.0878175611658,71835978.69393316,64749081.89384423,17842060.528818585,22361777.119315237,0.5590444279828809,19770857.44308322,-98963907.11898355,-64134339.80989622,31705469.432462573,-131392777.4964172,-0.0010946753618701294,0.7020813567614532,0.004976996737612035,-0.12564724666615346,2021-03-12,2019-11-07,False,False,False,False,False,0.0,0,0,False,[],筠瑾化工
2019-12-31,年报,2020-03-30,无保留意见,False,605687752.9413385,351160240.5898615,254527512.35147703,0.5797710765729677,38096111.481953435,776973.463341842,124235937.53782687,6567337.617211851,15597937.378946522,4871293.66393585,92617694.40105344,269805827.4355583,40000000,6.363187808786925,84166650.3038224,76468172.27301201,38733014.55892317,17615245.156984635,0.4403811289246159,16741557.684525395,-81213511.77453668,-65794035.7310851,34707640.538707584,-112299906.9669142,-0.1022359486718628,-0.12058733903051917,0.08251228805727949,0.021247745632806524,2021-03-12,2020-04-24,False,False,False,False,False,0.0,0,0,False,[],筠瑾化工
2020-03-31,季报,2020-04-30,无保留意见,False,560829386.5948615,318369378.8958112,242460007.69905037,0.567675992923314,33537378.51517528,653817.1286976134,88234666.58400747,6418289.593090032,14385683.30419569,4191570.8305168017,86225401.31533101,228730046.9060597,40000000,6.0615001924762595,102893224.88967654,93386324.88295312,57839510.561413325,26752249.408363074,0.6688062352090769,24168789.442773018,-32958288.844622154,-61266419.16531859,29451193.500388168,-64773514.509552576,-0.047411395887776,0.2639589640327819,-0.012095083649653612,-0.12850900264914522,2021-03-12,2020-06-27,False,False,False,False,False,0.0,0,0,False,[],筠瑾化工
2020-06-30,半年报,2020-08-27,无保留意见,False,713266856.6455293,431836518.2498603,281430338.395669,0.6054347180531748,44371038.919842236,846469.8525660908,126160127.6459202,8894952.166268997,19700614.48620849,5336942.716145792,106339576.10026827,315969349.4097743,40000000,7.035758459891724,136657309.34572572,126071872.38928254,63215007.98645559,48234406.36578453,1.2058601591446134,46693639.29475633,-42496814.41049576,-77629508.44847508,42274799.64664507,-77851523.21232577,0.16072890150605745,0.49099548589872566,0.03775872512986076,-0.0010883185116355972,2021-03-12,2020-10-04,False,False,False,False,False,0.0,0,0,False,[],筠瑾化工
2020-09-30,季报,2020-10-27,无保留意见,False,860672704.5310166,531546402.5357215,329126301.99529505,0.617594121130358,46354691.588968836,905532.1610278565,138442557.88947293,8734624.487939563,19308697.31140355,5676818.725205383,112233889.64634725,326499880.3706614,40000000,8.228157549882376,168315229.04049858,154003994.01805294,210518684.64398888,45225599.56396125,1.1306399890990313,39903030.89824344,-43704004.1594435,-91308151.48881453,44170215.49042998,-90841940.15782805,0.1694769791754622,-0.04612300424644322,0.012159403077183238,0.12663315987761367,2021-03-12,2020-11-22,False,False,False,False,False,0.0,0,0,False,[],筠瑾化工
2020-12-31,年报,2021-03-30,无保留意见,False,1142866473.2403307,782462842.5641824,360403630.67614836,0.6846493977075834,80750729.91556244,1419111.650996649,212697654.94996673,12789600.721699605,30312527.70424079,8291061.491135034,145450064.22770938,499056655.8411971,40000000,9.010090766903708,186996299.89893383,171251679.27609175,27284716.2143267,26687244.083478913,0.6671811020869728,24639550.36862687,-88085848.13756771,-120869129.07157633,66471033.34245653,-142483943.86668754,0.09503138610083002,-0.29792168513260997,0.06705527657722529,0.10364705336975395,2021-03-12,2021-04-27,True,False,False,True,False,5146442.081470377,0,0,True,['留存未分配利润的预计用途以及收益情况'],筠瑾化工
2021-03-31,季报,2021-04-30,无保留意见,False,1080472163.1348252,726559740.9060596,353912422.2287657,0.6724465152328009,66053772.52672896,1149826.4318249172,188108999.56349057,11995615.853247965,26399016.264083914,7456577.114730999,151663917.91099074,441826940.2052815,40000000,8.847810555719143,218015149.43509412,199803868.65092355,63083940.69108586,44312642.19451467,1.1078160548628668,40788841.96404544,-147498436.65941337,-112276649.78886141,58317284.66680337,-201457801.78147143,-0.01801094077549801,0.4034449524295148,-0.012202882474782439,-0.025143157786135045,2021-03-12,2021-05-10,False,False,False,False,False,0.0,0,0,False,[],筠瑾化工
2021-06-30,半年报,2021-08-27,无保留意见,False,1063470305.2281253,680333031.8944027,383137273.33372265,0.6397292228563582,63568680.248372525,1053388.5501110982,163561108.01155713,10363378.567902084,26185094.08728535,7354125.636406962,125067700.99156184,416304130.25816137,40000000,9.578431833343066,237313636.36593434,217482781.33065954,70594901.95502031,27569267.04405751,0.6892316761014378,25255589.542479966,-196040016.2396348,-109898215.10869573,61815193.40328087,-244123037.9450497,0.08257650556856193,-0.27308193793604113,-0.03271729237644268,-0.024730523724377326,2021-03-12,2021-09-09,False,False,False,True,False,0.0,0,0,False,[],筠瑾化工
2021-09-30,季报,2021-10-27,无保留意见,False,1055819956.8566234,681931075.2417079,373888881.61491555,0.645878182935608,58378987.14113799,1138497.6300885407,168990979.81589517,12295965.515669843,23843297.59617641,7035652.607067874,150007045.28310156,420482151.7044903,40000000,9.34722204037289,240923740.664736,220780257.89749464,15539333.053168649,5157291.855430953,0.12893229638577383,4710680.809764431,-141850616.1552588,-110175284.57246976,63556273.656183995,-188469627.07154456,-0.024138585208209475,-0.5028571631315346,0.006148960079249805,-0.045729571892743896,2021-03-12,2021-11-06,True,False,False,False,False,5077963.851851867,0,0,True,"['结合前述财务报表列报项目的具体情况说明现金分红方案确定的依据及未来增强投资者回报的规划', '公司为增强投资者回报水平拟采取的措施']",筠瑾化工
2021-12-31,年报,2022-03-30,无保留意见,True,963387364.8763585,569237572.8667784,394149792.00958014,0.59087091404799,50598727.518790714,966037.7395219341,155006236.24378008,8984875.957056746,23058469.76017204,6768782.321513704,116779871.97539337,368352788.1358207,40000000,9.853744800239504,247849188.43854743,226395769.61594734,7602269.009092157,9893496.819730561,0.24733742049326404,8022159.597789529,-28633682.559079893,-109775579.23925039,56886869.99708315,-81522391.80124712,0.05418965738470988,0.21375378341368556,-0.05500726888761799,0.1309503495072648,2021-03-12,2022-05-24,False,False,False,True,False,0.0,0,0,False,[],筠瑾化工
2022-03-31,季报,2022-04-30,无保留意见,False,996888825.8641055,588974145.6442891,407914680.2198163,0.5908122654838317,68512606.42315243,1261173.7072226866,185756765.09149167,11305029.21933942,24562757.2623015,7910002.313859434,138657720.84784365,436978126.51228166,40000000,10.197867005495409,246680213.4196227,225276313.85651898,5852632.356460943,-1669964.3127496112,-0.04174910781874028,-1599222.5134690353,-177972620.7847095,-104972290.79327506,56789299.36013198,-226155612.2178526,0.03492298737506779,-0.4299723910948083,-5.864856415835708e-05,-0.03678078659236952,2021-03-12,2022-05-29,False,False,False,False,False,0.0,0,0,False,[],筠瑾化工
2022-06-30,半年报,2022-08-27,无保留意见,False,1146201480.686519,758997388.6299397,387204092.0565793,0.6621849660980521,71682692.93341896,1436658.7962589774,209835944.8504299,13608235.064603865,32814812.347160313,7620573.262019477,157319373.28641704,487250148.39205205,40000000,9.680102301414482,247737077.81814066,226234753.0707313,1572175.4670019941,1509806.2835970856,0.037745157089927144,1369198.87744616,-96805476.72782531,-113695355.83099684,61368832.579740666,-149131999.97908148,-0.050771862763253656,0.2074209519936884,0.0713727006142204,0.11445187812913081,2021-03-12,2022-10-22,False,False,False,False,False,0.0,0,0,False,[],筠瑾化工
2022-09-30,季报,2022-10-27,非标准无保留意见,False,1074407574.6279047,723293695.6727679,351113878.9551367,0.6732023421588994,67006323.25492563,1145800.6609330948,192643934.21735826,11437427.425305555,25304297.312235188,7984653.286319347,142245372.17379662,449813464.8287468,40000000,8.777846973878418,259032402.87746087,236617329.40875405,38319962.265416905,16136178.65617175,0.4034044664042938,14832251.911461042,-188205268.43107894,-116053211.9377016,60368450.62812779,-243890029.74065277,-0.09320720994903367,0.7901958642071896,0.011017376060847324,0.030588861643341125,2021-03-12,2022-12-16,False,False,False,False,True,0.0,0,0,False,[],筠瑾化工
2022-12-31,年报,2023-03-30,无保留意见,False,1216708493.9834049,830420412.2603906,386288081.7230142,0.6825138612632362,76754753.93147482,1314945.554845263,230927834.51532555,13813441.382386709,31857820.39381943,9351504.932318117,172096455.14411914,522593214.97923136,40000000,9.657202043075355,271628764.48947227,248356613.06064543,0.0,17994802.302873366,0.4498700575718341,16770405.216987666,-230186468.5727576,-136122454.35406256,71713240.8105518,-294595682.11626834,0.10017890170719179,0.05609046432260949,0.009311519104336797,-0.04526760294941275,2021-03-12,2023-05-24,False,False,False,True,False,0.0,0,0,False,[],筠瑾化工
2023-03-31,季报,2023-04-30,无保留意见,False,1014759158.4351687,676048803.8569204,338710354.5782483,0.6662160161229154,63492052.62200562,1214439.695315845,173113539.93667346,11201200.65937116,25818794.613636367,7317457.889486783,133675523.6310105,427928991.72913337,40000000,8.467758864456208,277282815.0464483,253138635.09174785,12973386.525762612,8077215.081394386,0.20193037703485964,6831460.044432034,-194980934.96161628,-110743907.87559508,58217751.05222156,-247507091.7849898,-0.12316643819956416,-0.28340172165123684,-0.016297845140320788,-0.056367780460402646,2021-03-12,2023-05-31,True,False,False,False,False,1732875.221496036,0,0,True,"['上市公司控股子公司向母公司实施利润分配的情况', '公司在相应期间是否按照中国证券监督管理委员会相关规定为中小股东参与现金分红决策提供了便利', '根据公司盈利能力、融资能力及其成本、偿债能力及现金流等情况披露现金分红方案的合理性，是否导致公司营运资金不足或者影响公司正常生产经营', '公司为增强投资者回报水平拟采取的措施']",筠瑾化工
2023-06-30,半年报,2023-08-27,无保留意见,False,892715794.3089759,541116660.989669,351599133.319307,0.6061466196064458,49874065.31479827,1053454.8679758816,146567273.0708879,8788190.345592892,23799297.87378288,6534766.245714208,129080035.65422134,368644344.52941173,40000000,8.789978332982676,285841931.24679154,260038484.46613595,20541387.91939187,12227308.85763317,0.30568272144082925,9856927.677697297,-28579359.468657117,-102762788.8293101,56312754.41892066,-75029393.87904656,0.03805250877879845,0.1654926100353894,-0.06006939651646971,0.05584971403014126,2021-03-12,2023-09-21,True,False,False,False,True,3225975.496635303,0,0,True,"['根据公司盈利能力、融资能力及其成本、偿债能力及现金流等情况披露现金分红方案的合理性，是否导致公司营运资金不足或者影响公司正常生产经营', '公司为增强投资者回报水平拟采取的措施', '是否影响偿债能力、过去十二个月内是否使用过募集资金补充流动资金以及未来十二个月内是否计划使用募集资金补充流动资金等内容', '上市公司控股子公司向母公司实施利润分配的情况']",筠瑾化工
2023-09-30,季报,2023-10-27,非标准无保留意见,False,1043535414.9057083,640123156.1377763,403412258.7679321,0.6134177594687732,58403056.46781947,1288495.5944107736,169686892.85807878,11945364.187533583,26994122.756879255,6752640.2265418675,143965516.83121482,435164941.7260462,40000000,10.085306469198303,310347350.26973623,280937420.02163756,0.0,35007741.46134957,0.8751935365337392,29855622.22214512,-140591788.36182705,-111197738.55930278,58095996.74907613,-193693530.1720537,0.14736420126943445,0.7794228580770254,0.007271139862327476,0.035644402805262425,2021-03-12,2023-11-22,True,False,False,False,False,27820100.605456933,0,0,True,"['结合所处行业特点、发展阶段和自身经营模式、盈利水平、偿债能力、资金需求等因素，未进行现金分红或现金分红水平较低原因的说明', '公司为增强投资者回报水平拟采取的措施']",筠瑾化工
2023-12-31,年报,2024-03-30,无保留意见,False,997337852.9284253,580165667.005856,417172185.9225692,0.5817142759621018,56779388.55954095,1024333.6272520485,145003272.59290823,9003435.16182879,21128044.733182218,6154577.795248669,114032055.1408674,355432685.67272025,40000000,10.42930464806423,349866923.6328588,317773603.27085423,47240228.86145849,56456533.37588951,1.4114133343972377,52623118.92745239,-93068881.5289179,-108285889.19232103,54810237.81151278,-146544532.90972614,0.03410884735298208,0.4124153695557031,-0.03170348350667142,0.1185490887168374,2021-03-12,2024-05-28,False,False,False,False,False,0.0,0,0,False,[],筠瑾化工
2024-03-31,季报,2024-04-30,非标准无保留意见,False,1138898298.193831,600598302.0151395,538299996.1786916,0.5273502497699953,73389759.43641312,1439533.6636811334,211896252.95627838,13249664.695809167,32065674.2477999,8586987.91952861,161892148.25217614,511017752.98451966,40000000,13.45749990446729,338701908.4434386,308227811.34774405,40093646.07274923,-15950021.69917176,-0.398750542479294,-13636845.604443071,-98174435.66712134,-129578860.49463202,58107558.25736758,-169645737.90438578,0.29035447314937923,-0.9857061277932172,-0.054364026192106465,0.06106589803784312,2021-03-12,2024-06-20,False,True,False,False,False,0.0,0,0,True,"['充分披露高送转的主要考虑及其合理性且送转股后每股收益不低于0.5元', '结合前述财务报表列报项目的具体情况说明现金分红方案确定的依据及未来增强投资者回报的规划', '根据公司盈利能力、融资能力及其成本、偿债能力及现金流等情况披露现金分红方案的合理性，是否导致公司营运资金不足或者影响公司正常生产经营', '公司为增强投资者回报水平拟采取的措施']",筠瑾化工
2024-06-30,半年报,2024-08-27,无保留意见,False,1146760037.2076304,567830755.0275427,578929282.1800877,0.4951609199865518,72791619.2649613,1366382.1844488545,181694842.74346316,12690824.238822818,29145212.345137656,8340903.822010812,169375538.77576786,494180738.601945,40000000,14.473232054502192,327375599.1851757,297823223.8118542,49400396.878259264,-16180441.79751838,-0.4045110449379595,-14863696.479842687,-196046188.1567643,-132563898.74174723,63623660.301464565,-264986426.59704697,0.07547703193352599,-0.21945224788441947,-0.032189329783443535,0.09001993114888794,2021-03-12,2024-10-04,False,False,False,False,False,0.0,0,0,False,[],筠瑾化工
2024-09-30,季报,2024-10-27,无保留意见,False,1068355052.8495722,510131804.028441,558223248.8211311,0.47749276110764016,66039998.92654233,1230466.9867085202,189436103.1122396,12095928.438588586,25578770.525250826,8172282.893005551,143143156.1932115,463095761.40432245,40000000,13.955581220528277,315935036.1462153,287125557.8427718,62556583.87768781,-16343661.484229121,-0.40859153710572804,-15282379.955832,-35628524.992487565,-126229796.82187071,55593037.135382995,-106265284.6789753,-0.035766084038767916,-0.19915569902968763,-0.017668158878911665,0.014299538179358076,2021-03-12,2024-12-06,False,False,True,False,False,0.0,0,0,True,"['留存未分配利润的预计用途以及收益情况', '公司为增强投资者回报水平拟采取的措施', '根据公司盈利能力、融资能力及其成本、偿债能力及现金流等情况披露现金分红方案的合理性，是否导致公司营运资金不足或者影响公司正常生产经营', '是否影响偿债能力、过去十二个月内是否使用过募集资金补充流动资金以及未来十二个月内是否计划使用募集资金补充流动资金等内容']",筠瑾化工
2024-12-31,年报,2025-03-30,无保留意见,True,1102527693.1079016,548630650.0031551,553897043.1047465,0.4976116730969605,64759307.36130169,1177963.3708200424,192362914.87293923,11264890.585663438,26056193.808238737,7811266.3668194655,148651823.73933557,445349443.84234196,40000000,13.847426077618662,304592174.5697459,276894184.71918607,33164467.95611096,-16204087.96638487,-0.4051021991596217,-14616247.319408169,-84552473.8971559,-113967487.29915258,64730601.671729475,-133789359.52457902,-0.007749956178860119,0.21265477263713825,0.020118911989320337,0.01049274838448419,2021-03-12,2025-05-11,False,False,False,False,False,0.0,0,0,False,[],筠瑾化工
2017-03-31,季报,2017-04-30,无保留意见,False,207155697.9207328,41431139.58414656,165724558.33658624,0.2,18201268.07747385,2.337164163582629e-23,309.4002511476124,53680.17135997225,3042997.0371126756,15560510.977399878,16051401.946417114,51778045.968686804,40000000,4.143113958414656,5361589.375646271,4909250.787052088,35949286.5011487,7659413.393780388,0.1914853348445097,7013215.410074413,-29758538.083336677,5403420.082444303,102708462.84112872,78353344.84023635,-0.07930800924118764,0.3699674107655771,-0.10390408766769171,-0.028356084476633472,2021-08-02,2017-05-18,False,False,False,False,False,0.0,0,0,False,[],昱瀚电力
2017-06-30,半年报,2017-08-27,无保留意见,False,250874010.60673264,57941974.28802464,192932036.318708,0.2309604496212796,19510526.14174105,2.8407646274166737e-23,334.7658876427808,61065.47901480497,3310485.3573084176,18667669.737790354,17048753.630383506,57150906.28995046,40000000,4.8233009079677,5936941.674991486,5456652.39189498,3958323.148754657,821931.856207449,0.020548296405186225,782002.2926327016,-35817951.18945095,6733895.508817123,127298154.26015078,98214098.57951695,0.16417287971806457,-0.2772767311365765,0.03486453728897132,0.006961271896593811,2021-08-02,2017-10-13,False,False,False,False,False,0.0,0,0,False,[],昱瀚电力
2017-09-30,季报,2017-10-27,无保留意见,False,254064353.33370703,69037870.57565264,185026482.7580544,0.2717337937013665,20426107.617832858,2.683706426124973e-23,326.33840461745467,65719.07370271097,3436043.5158110564,18028730.476956293,16526188.193845067,60241291.683025606,40000000,4.62566206895136,6066254.765028698,5573507.775927647,153732.37648685672,184732.98576744646,0.004618324644186161,166936.26290381048,-10383216.471194124,6280225.758093059,111511191.0262717,107408200.31317064,-0.040975846787799704,-0.0357536363387039,0.04077334408008693,0.06666695415077561,2021-08-02,2017-11-25,False,False,False,False,False,0.0,0,0,False,[],昱瀚电力
2017-12-31,年报,2018-03-30,无保留意见,False,275145547.1411955,83816245.29025681,191329301.85093868,0.3046251199087918,19735378.289957736,2.6403491388112672e-23,384.08123478530723,68901.67683229012,3701116.2623352283,20631121.976369902,20103101.949272774,65474098.972409725,40000000,4.783232546273467,6095901.056190353,5602072.391320443,198585.17785241452,42351.84451664984,0.001058796112916246,40806.59341827945,-15996020.864939008,6370508.265015211,136964268.60053656,127338756.00061277,0.034064416071325467,-0.008285327526980912,0.032891326207425305,0.08913181700694679,2021-08-02,2018-05-23,False,False,False,False,False,0.0,0,0,False,[],昱瀚电力
2018-03-31,季报,2018-04-30,无保留意见,False,330096457.605389,121917242.92953797,208179214.67585102,0.36933823469042765,26723036.08690238,3.5652682227360326e-23,452.8704530028781,85290.25156714297,4433806.615136614,22568908.454097323,20906525.553886972,78001097.45197375,40000000,5.204480366896275,11430283.87423177,10435326.09640989,17027903.228755407,7620546.882916313,0.1905136720729078,6904648.150127783,-7849463.997196533,8650603.16714179,159556663.1269623,160357802.29690757,0.08806760209703678,0.44466838306931994,0.06471311478163581,0.02186462753726659,2021-08-02,2018-06-15,False,False,False,False,False,0.0,0,0,False,[],昱瀚电力
2018-06-30,半年报,2018-08-27,无保留意见,False,344341440.81582206,142850785.45342505,201490655.36239702,0.4148521453443986,30101560.61940762,4.206013824491394e-23,540.2766025048097,96800.9492491892,4751536.072777462,25470845.004143164,24434317.260194927,86292614.384282,40000000,5.037266384059925,22808339.072374854,19979926.806819547,49266987.70240756,16254364.568775833,0.4063591142193958,13635143.872013796,-22270934.86932963,9619395.833216704,165947159.1995109,153295620.16339797,-0.032128852651637445,0.3506753008744232,0.045513910653970986,-0.09426658309869063,2021-08-02,2018-09-19,False,False,False,False,False,0.0,0,0,False,[],昱瀚电力
2018-09-30,季报,2018-10-27,无保留意见,True,360296035.16819644,139378322.63994536,220917712.5282511,0.386843897893241,27926379.534020174,4.397967384095044e-23,508.59972361579145,97939.607863366,5066989.864548685,23673559.950959757,24479654.363044098,87054400.8958505,40000000,5.522942813206278,26842278.224694155,23348130.385214712,12494733.210412465,5762770.217599008,0.1440692554399752,4811719.397707381,-54967934.273408584,9867230.250856198,183281417.02148744,138180712.99893504,0.09641666573029406,-0.31549525865930694,-0.028008247451157653,0.14265687953496134,2021-08-02,2018-11-06,False,False,False,False,False,0.0,0,0,False,[],昱瀚电力
2018-12-31,年报,2019-03-30,无保留意见,False,345159475.5651419,138720867.78550503,206438607.77963692,0.4019036926579298,32060982.06837831,4.1470228618917606e-23,492.6278088080372,100168.454856666,5019793.186533793,25207049.139920197,29629172.537355643,88664333.95447786,40000000,5.160965194490923,31145045.73783044,27392687.287288815,18434341.99049782,6146810.733051833,0.15367026832629582,5777938.43153443,-46744448.15241552,9250021.13864247,162513171.15316117,125018744.13938811,-0.06554071460776414,0.016871431367167462,0.015059794764688796,0.0922014523264852,2021-08-02,2019-05-21,False,False,False,False,False,0.0,0,0,False,[],昱瀚电力
2019-03-31,季报,2019-04-30,无保留意见,False,360943508.03751564,174179755.14302883,186763752.8944868,0.4825679123308265,32903310.410878137,4.3813092717988994e-23,574.4156598854388,91682.74983087079,5390725.111647905,29771275.49308706,25355695.513829328,93858986.77191062,40000000,4.6690938223621705,31604643.95374672,27812942.236251518,1513187.2926310482,656568.8798803985,0.016414221997009964,600364.2128038637,-69764204.7303291,9540306.061182072,157890921.71244293,97667023.04329592,-0.09530608202004551,-0.23719215214957456,0.08066421967289676,-0.04552877821849392,2021-08-02,2019-05-26,False,False,False,False,False,0.0,0,0,False,[],昱瀚电力
2019-06-30,半年报,2019-08-27,无保留意见,False,322641773.5938369,119249536.16542248,203392237.4284144,0.369603522932346,30637326.919859175,3.877832291852548e-23,542.7698840112093,94221.59710496082,5506758.500066338,26666387.517267637,23570409.53247225,86056538.92308491,40000000,5.08480593571036,34116408.31625885,30083353.309918903,4358652.554499967,3588234.8035887517,0.0897058700897188,3243444.3909534044,-32719727.281528972,9389521.752747454,158167764.69751564,134837559.16873413,0.08903485968887115,0.16603825712984238,-0.1129643893984805,-0.04651390962802775,2021-08-02,2019-09-28,False,False,False,False,False,0.0,0,0,False,[],昱瀚电力
2019-09-30,季报,2019-10-27,保留意见,False,371854723.03357244,163364178.00153607,208490545.03203633,0.43932258455350304,32895281.86642656,4.368683176971259e-23,607.5872796933568,98396.8013011035,5417722.533857967,27256510.548388656,25502574.53464543,91777264.69268161,40000000,5.212263625800908,31442105.83107726,27619836.47030181,8186915.611758085,-3820432.121687982,-0.09551080304219955,-3519309.770881564,-33948590.1712927,10773782.92241895,190372618.81306124,167197811.5641875,0.02506638241499425,-0.3598495449442477,0.06971906162115704,0.03482738566627653,2021-08-02,2019-12-15,False,False,False,False,False,0.0,0,0,False,[],昱瀚电力
2019-12-31,年报,2020-03-30,保留意见,False,450493745.22235554,224825293.38324323,225668451.8391123,0.49906418405936703,38142988.15078523,5.045966587060303e-23,724.1044351563036,129994.2258183572,7425839.686333048,38211606.9274205,34400992.80198413,116379811.83671351,40000000,5.6417112959778075,31157703.958998956,27360150.949977305,433691.9066574117,-406288.3886832893,-0.010157209717082233,-370979.3147492956,-52406402.35905649,11976735.064028304,219277106.78080705,178847439.48577887,0.08239177850696498,0.25904823014895106,0.05974159950586399,-0.03788840442826916,2021-08-02,2020-04-19,False,False,False,False,False,0.0,0,0,False,[],昱瀚电力
2020-03-31,季报,2020-04-30,无保留意见,True,492369944.92025477,222095582.4085269,270274362.51172787,0.4510746131031575,39397354.24190829,6.147006541942276e-23,711.0556782037838,125331.80940644226,7374355.763996876,37448113.837279655,33752474.333805226,120900952.66557674,40000000,6.756859062793197,32006588.993214075,28191430.269098658,2744792.4199593216,1212692.9060215987,0.03031732265053997,1187541.8844590818,-51208165.342205115,14471567.50980151,230940001.90484363,194203404.07244003,0.1976612606197026,0.09756595345436528,-0.04798957095620956,0.023602975047478925,2021-08-02,2020-06-27,False,False,False,False,False,0.0,0,0,False,[],昱瀚电力
2020-06-30,半年报,2020-08-27,无保留意见,False,632834424.7570701,342869005.25656265,289965419.50050735,0.5417989158667875,58305747.25163499,6.956543521129202e-23,1036.6955921632918,167197.8829750063,8869096.32780401,43569299.91834862,44696119.048653945,156490323.87166408,40000000,7.249135487512683,35832688.8301267,32025223.027329497,24198960.28206981,5465856.909875181,0.13664642274687952,5476846.797472626,-97814322.86966982,18045523.20436862,301012802.746319,221244003.0810178,0.07285580772732377,0.23352746492790055,0.09072430276363001,0.14118863285603986,2021-08-02,2020-09-29,False,False,False,False,False,0.0,0,0,False,[],昱瀚电力
2020-09-30,季报,2020-10-27,无保留意见,False,646559657.8925366,330410664.6033826,316148993.28915405,0.5110288904822136,60793963.41226833,7.959074322751406e-23,932.8363553817238,195579.67764763473,10001950.138904978,52809801.5304537,47941175.440718204,166251254.96491846,40000000,7.903724832228852,41940982.78209687,37175609.667405695,41437526.83082893,8726134.21710024,0.218153355427506,7357695.200108852,-16502281.347166568,16813486.539765,308030571.5118949,308341776.7044933,0.09029895300532859,0.14512143117015755,-0.030770025384573955,-0.003379635938988168,2021-08-02,2020-12-04,False,False,False,False,False,0.0,0,0,False,[],昱瀚电力
2020-12-31,年报,2021-03-30,无保留意见,False,590896962.0142472,270048487.4164505,320848474.59779674,0.45701451314948427,50311126.18639558,6.785855017314879e-23,939.9102374360962,167231.42044897855,8578430.377649143,42983570.8269755,42394846.3413675,144431145.3202143,40000000,8.021211864944918,42553090.7482016,37710956.04895657,3367871.770868614,874439.9515781887,0.021860998789454716,764780.545072684,-68367073.05705233,16433382.35591679,277643528.4522757,225709837.75114015,0.014864767588693518,-0.3052030359191318,-0.054014377332729326,0.03481047451896167,2021-08-02,2021-05-11,False,False,False,False,False,0.0,0,0,False,[],昱瀚电力
2021-03-31,季报,2021-04-30,保留意见,False,548785096.0962261,241795369.28612062,306989726.81010544,0.4406011952695656,50715512.80891284,5.767870147174972e-23,767.0541316525021,141796.39164871426,6971061.215461462,38655738.32888794,36677198.71812313,127828888.43904424,40000000,7.674743170252636,47336819.08438076,42125829.44296031,27873750.441513557,6833897.623113077,0.17084744057782691,6306961.991433908,-28091114.16352199,14128102.644862847,250651296.4055248,236688284.88686565,-0.04319405851956786,0.3334066794640304,-0.016413317879918652,0.03897610012054679,2021-08-02,2021-06-15,False,False,False,False,False,0.0,0,0,False,[],昱瀚电力
2021-06-30,半年报,2021-08-27,无保留意见,False,686381934.0953326,314345481.4387095,372036452.6566231,0.4579745850289958,55773115.35772996,6.506992576496502e-23,941.8637848108832,164561.18627716094,9733560.587622631,45200132.02886398,43739903.75719997,156528926.37664756,40000000,9.300911316415577,52084015.7375904,46512923.12265678,12143718.091135044,6781709.50458521,0.16954273761463026,6267276.685280662,-35406685.37399263,18839452.375389848,323085893.6509942,306518660.6523914,0.21188567618340395,-0.0021896594234447897,0.017373389759430195,0.08199581486932436,2021-08-02,2021-10-03,False,False,True,False,True,0.0,0,0,True,"['是否影响偿债能力、过去十二个月内是否使用过募集资金补充流动资金以及未来十二个月内是否计划使用募集资金补充流动资金等内容', '留存未分配利润的预计用途以及收益情况', '充分披露高送转的主要考虑及其合理性且送转股后每股收益不低于0.5元', '根据公司盈利能力、融资能力及其成本、偿债能力及现金流等情况披露现金分红方案的合理性，是否导致公司营运资金不足或者影响公司正常生产经营']",昱瀚电力
2021-09-30,季报,2021-10-27,保留意见,False,717441895.8791707,338848492.9972533,378593402.88191736,0.47230095558054935,63283097.899609506,8.804564816078688e-23,1021.6062703802066,188661.98265080785,10747388.987547424,54895617.76195817,50814751.18805543,180500828.5076231,40000000,9.464835072047935,54331726.450755104,48613525.01507168,5767751.808547448,3211015.3045209944,0.08027538261302486,3000859.8463070095,-29785374.634154588,19513840.062244836,352396517.9368417,342124983.364932,0.017624483242092735,-0.15014455539353766,0.014326370551553556,0.09613112496617587,2021-08-02,2021-11-07,False,False,False,False,True,0.0,0,0,False,[],昱瀚电力
2021-12-31,年报,2022-03-30,无保留意见,False,818160674.8532823,375389370.2517233,442771304.60155904,0.4588210870915306,72370978.81439374,1.037608979240447e-22,1240.9515601331655,237397.90200292534,12895173.794708185,70690517.96854423,55746617.00497561,209366920.39445648,40000000,11.069282615038976,63127371.34933488,56316278.46603569,10176747.184357602,12565206.997971114,0.31413017494927786,11003933.50137715,-61790893.54594723,21417227.967301708,386190758.9388797,345817093.3602342,0.16951669318881046,0.4628264118605503,-0.013479868489018745,0.11440759909833155,2021-08-02,2022-05-27,False,False,False,False,False,0.0,0,0,False,[],昱瀚电力
2022-03-31,季报,2022-04-30,无保留意见,False,895815024.2826831,479442208.2415657,416372816.04111737,0.5352022406919055,77258340.17848045,9.964890968252762e-23,1351.315329444893,234922.97664382926,13938148.848533962,69548123.5251752,66247490.25601099,232419058.13662267,40000000,10.409320401027934,67831224.32511127,60510139.89966651,24687258.25671683,6719789.96539484,0.167994749134871,5991230.619472605,-39515366.883508086,22036859.01141339,415214058.2419713,397735550.3698766,-0.059621046545004,-0.19771270442914235,0.0763811536003748,0.09406674971052793,2021-08-02,2022-05-15,False,False,False,False,False,0.0,0,0,False,[],昱瀚电力
2022-06-30,半年报,2022-08-27,无保留意见,False,1041872971.7207541,613096044.1009334,428776927.6198208,0.5884556570157933,84511771.73187903,1.0902761594034423e-22,1567.4195930228843,240990.06295834438,13496272.602330616,75719485.32231006,66582083.82632129,241966393.0854433,40000000,10.719423190495519,64348080.66933553,57396552.7611827,2607306.314778498,-4975919.508251049,-0.12439798770627622,-4447981.626405448,-151798422.30575484,29516710.58161871,501538232.59474784,379256520.8706117,0.029790877552098572,-0.49307812129487383,0.05325341632388792,0.1500168365728225,2021-08-02,2022-10-14,False,False,True,False,False,0.0,0,5,True,"['根据公司盈利能力、融资能力及其成本、偿债能力及现金流等情况披露现金分红方案的合理性，是否导致公司营运资金不足或者影响公司正常生产经营', '留存未分配利润的预计用途以及收益情况', '充分披露高送转的主要考虑及其合理性且送转股后每股收益不低于0.5元']",昱瀚电力
2022-09-30,季报,2022-10-27,无保留意见,True,969522510.5295014,570459458.5483487,399063051.9811527,0.5883921748622363,87076775.30728476,1.111146532629783e-22,1346.0537385582372,245574.93883176145,15014199.577145416,74374345.4185871,68380610.78070144,243405410.15599385,40000000,9.976576299528817,62217007.94817559,55618453.87513956,4494422.781575285,-3044389.601657059,-0.07610974004142648,-2540141.265775913,-107075526.67703609,24250731.84000477,465437476.00451744,382612681.16748613,-0.06929914770277498,0.16063847110133936,-6.348215355710903e-05,0.12092209101914202,2021-08-02,2022-12-09,False,False,False,False,False,0.0,0,0,False,[],昱瀚电力
2022-12-31,年报,2023-03-30,无保留意见,False,1030823896.8048906,638941147.2463037,391882749.55858696,0.6198354046959385,92427425.48241423,1.1710314373741467e-22,1599.4198139243724,284734.1992591386,14215676.769835709,76870855.65836938,73535333.31476548,258926538.97061178,40000000,9.797068738964674,60793986.69846457,54389622.20537358,7446501.119899356,-2032887.4995871633,-0.05082218748967908,-1755473.8139514034,-30371839.788481086,27598947.94520209,508633388.2391959,505860496.3959169,-0.017992902091333748,0.07247996133440328,0.0314432298337022,-0.020515414977338324,2021-08-02,2023-05-13,False,False,True,True,False,0.0,0,0,True,"['公司为增强投资者回报水平拟采取的措施', '上市公司控股子公司向母公司实施利润分配的情况']",昱瀚电力
2023-03-31,季报,2023-04-30,保留意见,False,1036653697.2105579,644292019.2423826,392361677.96817523,0.6215113310993368,89703022.58522314,1.1912941989394812e-22,1548.5856147798008,286287.4054664043,15213765.841074431,82300125.64142913,78898486.81434374,263646362.30226415,40000000,9.809041949204381,54844509.86555927,48562142.9454849,23904105.24383396,-8499252.618436137,-0.21248131546090343,-8324970.371269538,-186358982.08476982,25394193.464479018,493460652.4292556,332495863.80896485,0.0012221216936130052,-0.43203825177839833,0.0016759264033983166,0.0755235231479194,2021-08-02,2023-06-11,False,False,False,True,False,0.0,0,0,False,[],昱瀚电力
2023-06-30,半年报,2023-08-27,无保留意见,False,1134834810.3863473,689383410.0012,445451400.3851473,0.6074746770999242,88652290.41707873,1.2338772927216258e-22,1604.0520689322766,267564.26259389956,15903446.521680396,82751387.28211677,75118972.94793251,263392800.59961537,40000000,11.136285009628681,47326954.636371985,41992786.51634538,5854591.445984487,-10739364.6131247,-0.2684841153281175,-9384794.898770733,-136541390.3142547,33500713.169879418,573844399.6394207,470803722.4950455,0.13530812359630642,-0.26351941707464965,-0.014036653999412431,0.11365789402074648,2021-08-02,2023-10-13,False,False,False,False,False,0.0,0,0,False,[],昱瀚电力
2023-09-30,季报,2023-10-27,无保留意见,False,1134827287.2782216,671758689.6686,463068597.60962176,0.5919479529609752,102337299.79720894,1.3026885117701335e-22,1632.7344763071176,304263.30152134114,16826776.757687584,87303986.65563749,86715670.57843477,289555212.168609,40000000,11.576714940240544,38499742.91600357,34591571.90236291,39209234.07710248,-12610302.457669161,-0.315257561441729,-10573163.734260676,-153231680.86503467,30461300.624820437,540014356.1186222,417243975.87840796,0.039549089326562495,-0.2988415278849599,-0.015526724138949064,-0.08633594159574719,2021-08-02,2023-11-28,False,False,False,False,False,0.0,0,0,False,[],昱瀚电力
2023-12-31,年报,2024-03-30,无保留意见,False,1118540586.7136676,644923707.4731926,473616879.240475,0.5765760448335747,89180221.98687448,1.2430941805806618e-22,1605.7351064829782,266349.50471910444,14563528.581142478,79074523.23197529,78946761.51324238,270370311.9652975,40000000,11.840421981011875,30792656.615146317,27455990.72214171,43238910.87511929,-11010123.286938934,-0.27525308217347333,-10193687.400315998,-179230130.82190698,30577392.86595456,575465630.7548931,426812892.79894066,0.02277909079843437,0.3645306209139335,-0.015371908127400495,0.11990961216445939,2021-08-02,2024-04-19,False,True,False,False,False,0.0,4,0,True,"['根据公司盈利能力、融资能力及其成本、偿债能力及现金流等情况披露现金分红方案的合理性，是否导致公司营运资金不足或者影响公司正常生产经营', '充分披露高送转的主要考虑及其合理性且送转股后每股收益不低于0.5元', '公司在相应期间是否按照中国证券监督管理委员会相关规定为中小股东参与现金分红决策提供了便利']",昱瀚电力
2024-03-31,季报,2024-04-30,保留意见,False,896720646.2409165,461895571.9703073,434825074.27060914,0.5150941643939941,85048254.83997881,1.1115002751672601e-22,1249.7293365997873,235136.459861578,14075636.93591862,68157321.41577293,66692973.11506588,234311768.6958024,40000000,10.870626856765229,23008546.25614488,20772691.115112823,17933867.743838444,-11120157.655716337,-0.2780039413929084,-9547570.867184127,-121712160.87015434,24217136.96064887,441065757.4468929,343570733.53738743,-0.08190545284634948,-0.018370055687034627,-0.06148188043958055,-0.046748663378934144,2021-08-02,2024-06-04,False,False,False,False,True,0.0,0,0,False,[],昱瀚电力
2024-06-30,半年报,2024-08-27,无保留意见,False,1303723922.839076,777617401.9665825,526106520.8724935,0.5964586430792733,119096854.00236721,1.3576505490405183e-22,1827.3147331099797,353380.21544805384,19080884.21458722,105442773.81370072,85079195.2824937,312928181.965037,40000000,13.152663021812337,15701078.363688009,13741184.355752658,24030450.00778262,-10439239.846366966,-0.26098099615917414,-10045009.656228807,-98991496.33822045,34471692.159081556,634473036.6682582,569953232.4891193,0.20992682345884264,0.11580545352739856,0.0813644786852791,0.019987086226010062,2021-08-02,2024-10-04,False,False,False,False,False,0.0,0,0,False,[],昱瀚电力
2024-09-30,季报,2024-10-27,无保留意见,False,1874407844.1085396,1214749274.7590163,659658569.3495232,0.648070951355171,155335122.43397757,2.1893278125977496e-22,2682.4002846852186,533879.2552432017,26322863.95201639,137594076.0318386,132565548.19607024,459683025.0311368,40000000,16.49146423373808,8334949.448485599,7134891.296181388,41303972.168602325,-10523041.307432014,-0.2630760326858004,-9437561.513673244,-271801070.8775465,49369620.0408569,903678222.0441661,681246771.2074765,0.2538498254223259,-0.012773132853918102,0.05161230827589781,0.06411023656334719,2021-08-02,2024-12-10,False,False,False,False,False,0.0,0,0,False,[],昱瀚电力
2024-12-31,年报,2025-03-30,无保留意见,False,1941478958.263667,1290913936.0103858,650565022.2532814,0.6649126587315144,171588513.6584973,2.196555691513386e-22,2763.52658413263,479756.33404250786,27536671.138821326,128817332.92693253,128940766.1094329,464792525.6410232,40000000,16.264125556332033,-698765.3587432691,-332179.2597838271,52124448.72300148,-12905306.867469812,-0.3226326716867453,-10667243.65137888,-241937599.78287834,55900967.37041698,978156396.2798096,792119763.8673482,-0.013785233026243944,-0.3678061993465141,0.01684170737634339,0.1963685858239473,2021-08-02,2025-04-11,False,True,False,False,False,0.0,3,0,True,['结合所处行业特点、发展阶段和自身经营模式、盈利水平、偿债能力、资金需求等因素，未进行现金分红或现金分红水平较低原因的说明'],昱瀚电力
2017-03-31,季报,2017-04-30,无保留意见,False,278009038.80850434,99051622.81043993,178957415.9980644,0.35628921719580414,101594.79743076801,115294.69875408836,202708.84351898733,572.1714067514272,5388109.764838194,66135825.91102102,40953325.5308774,117107970.82699716,40000000,4.47393539995161,10068279.949042153,9821714.607223978,9800731.557993218,14383257.07006022,0.3595814267515055,14031020.867462827,-9916175.121174969,-27112378.40827745,121568851.3721425,84540297.84269008,-0.005792133344086661,0.7435142816700122,0.056289217195804174,-0.05933578626513468,2021-03-04,2017-06-03,False,False,False,False,False,0.0,0,0,False,[],澜琮地产
2017-06-30,半年报,2017-08-27,无保留意见,False,284750856.7544871,91593767.80498283,193157088.94950426,0.321662834833734,111221.53928282628,111961.79545922368,187966.8144714285,532.4340686125688,4839127.759388455,73550916.34061554,44321693.552105054,117519704.74176131,40000000,4.828927223737606,3852897.151814175,4042179.996890588,7935049.158681547,-8879118.281754255,-0.2219779570438564,-8256478.014761986,-37281325.75395553,-26703679.703275267,124599690.06726041,60614684.61002962,0.07934665837817788,-0.741235216596014,-0.034626382362070184,0.07287314182486598,2021-03-04,2017-10-05,False,False,False,False,False,0.0,0,0,False,[],澜琮地产
2017-09-30,季报,2017-10-27,无保留意见,False,336016902.7781202,118348288.83631863,217668613.9418016,0.35220933190514747,106899.06470285992,112865.12454340886,242665.9350774253,611.6719892009054,5844358.224236188,72060977.46606362,47785630.397214934,130207951.06385219,40000000,5.44171534854504,-725596.4978494379,-505827.22181228845,14876047.891978472,-6540705.213805161,-0.16351763034512903,-6497153.1695755385,-24786113.951956697,-32702430.70145254,145494380.4263588,88005835.77294955,0.1268994326100307,0.28795063751454714,0.03054649707141348,0.13467091718065827,2021-03-04,2017-11-26,False,False,False,False,False,0.0,0,0,False,[],澜琮地产
2017-12-31,年报,2018-03-30,无保留意见,False,439209644.07621396,191376016.66074255,247833627.4154714,0.43572817501141664,144126.19712259652,172837.952703315,328304.43774821353,892.7097598933778,7695379.165352488,105103105.73971498,59020680.893528454,185097333.50558072,40000000,6.195840685386785,-4336886.848586565,-3930165.4747808375,18262087.891567465,-5158986.215338754,-0.12897465538346883,-4891911.78995507,-47361102.77556719,-39362578.092599794,184985380.52429342,98261699.65612644,0.1385822830742839,0.13210441303271533,0.08351884310626917,-0.006453515589093943,2021-03-04,2018-04-17,False,False,False,False,False,0.0,0,0,False,[],澜琮地产
2018-03-31,季报,2018-04-30,无保留意见,False,388866176.46559495,158006229.71058542,230859946.75500953,0.4063254643196387,131056.92961399251,151574.83454647058,279272.77499297855,786.4930572358031,7366120.961270871,97481381.7911728,54486825.56773874,158280586.0651404,40000000,5.771498668875238,-7407795.421571997,-6561072.376594601,11947972.864275847,-4387012.247122046,-0.10967530617805114,-3758438.4311625194,-48779835.43596385,-36681825.500483036,162664698.69576818,77203037.7593213,-0.0684882065338414,0.06519492184163467,-0.029402710691777956,-0.03209620158635893,2021-03-04,2018-06-12,False,False,False,False,False,0.0,0,0,False,[],澜琮地产
2018-06-30,半年报,2018-08-27,无保留意见,False,490222364.3080522,210940623.93073758,279281740.37731457,0.43029579898599657,164232.02219391035,206905.23903387855,367775.4514377222,1019.6278765645616,8545427.916402081,117858679.78985608,72011121.14016314,202493106.63771287,40000000,6.982043509432864,-9934425.700003484,-8814753.011193955,17111480.489809744,-3609471.8263306953,-0.09023679565826738,-3219543.7637133636,-43434092.878129005,-39670600.06594455,202066230.18855917,118961537.24448562,0.2097453209312685,0.061646014094791896,0.023970334666357878,-0.021715993292974772,2021-03-04,2018-10-12,False,False,False,False,False,0.0,0,0,False,[],澜琮地产
2018-09-30,季报,2018-10-27,无保留意见,False,488240132.68322605,206299221.0283686,281940911.65485746,0.4225363857219355,171907.96373902666,173614.6358777091,346042.87078592984,903.0217023221184,8439820.452130549,116670748.0141516,73770681.53525673,188688104.22498477,40000000,7.048522791371436,-14938032.250335237,-12892349.22709707,9229604.844798671,-7148009.35761679,-0.17870023394041973,-5825137.451290164,-16676628.709659066,-43292052.58837457,213966169.5406536,153997488.24261993,0.009521464861792625,-0.26425675562552936,-0.007759413264061023,0.05473485926224033,2021-03-04,2018-11-16,False,False,False,False,False,0.0,0,0,False,[],澜琮地产
2018-12-31,年报,2019-03-30,无保留意见,False,507310554.8333249,221061011.16731364,286249543.6660113,0.435750861205603,168139.7233441161,161585.5736853528,353067.20193420985,979.2568156501032,7806472.874556217,121160284.75739244,66259108.20707682,188826788.20165133,40000000,7.156238591650282,-18807434.07805727,-16188206.742004408,6549447.259174455,-5527716.896745762,-0.13819292241864406,-4708367.878439055,-17134146.410213556,-44374602.149406634,200167547.3701009,138658798.8104807,0.01528203901258671,0.16446345918159308,0.013214475483667467,0.0599683119177581,2021-03-04,2019-04-27,False,False,False,False,False,0.0,0,0,False,[],澜琮地产
2019-03-31,季报,2019-04-30,无保留意见,False,473040091.8788834,172819702.9911546,300220388.8877288,0.3653383845431079,152979.3197647109,177670.12735516898,305821.951338849,842.7572731138869,8232969.150107247,107733125.12820615,62722799.13719589,184026021.99953577,40000000,7.50550972219322,-26194118.26315388,-23204112.15320526,25923804.094642196,-10552405.97870944,-0.263810149467736,-10022722.016001219,-53997274.48067859,-44249514.34088482,195549961.7076141,97303172.88605069,0.048806523995784404,-0.4379851017221123,-0.0704124766624951,0.20627043365348205,2021-03-04,2019-05-20,False,False,False,False,False,0.0,0,0,False,[],澜琮地产
2019-06-30,半年报,2019-08-27,无保留意见,False,572564731.3583595,240784122.56932542,331780608.78903407,0.42053607108856716,180483.34669248675,224989.56678776848,344515.0305869633,999.3468057258227,9285764.952592207,122982631.63472241,82180653.53308636,216884037.8815752,40000000,8.294515219725852,-29370637.678957175,-25992108.76859425,14765645.652630327,-4537884.879718985,-0.11344712199297463,-3982852.3076985553,-14471658.920751967,-54070722.061695985,248769228.4081129,180226847.42566496,0.10512350616236012,0.9328318562133321,0.05519768654545927,-0.011897429197177695,2021-03-04,2019-09-09,False,False,False,False,False,0.0,0,0,False,[],澜琮地产
2019-09-30,季报,2019-10-27,无保留意见,False,591839231.0167015,259498589.39868793,332340641.6180135,0.4384612844148633,200195.1383570039,205651.6169934653,363826.21075537626,1061.4093796477616,9312134.719323268,134914353.0647517,84279005.41582659,224306605.33367598,40000000,8.308516040450337,-31515186.660077848,-27973198.30509295,4048452.7487615086,-3063641.4016009644,-0.07659103504002411,-2830127.9092838527,-83762256.38512902,-50106348.219171,257727510.9507416,123858906.34644157,0.0016879613037766882,0.11829801473417757,0.01792521332629611,0.04945297642732046,2021-03-04,2019-12-19,False,False,False,False,False,0.0,0,0,False,[],澜琮地产
2019-12-31,年报,2020-03-30,无保留意见,False,539121515.7196273,211082035.7447669,328039479.97486037,0.39152960805693593,188598.85358714566,214195.4230514537,397299.53337960126,1095.7226720238082,9046135.746462347,140749892.7140328,86846331.53675,220828399.06309086,40000000,8.200986999371509,-31748388.047040615,-28189079.061225466,1114262.5740192134,-333144.83851823583,-0.008328620962955896,-308401.0801893094,-50438254.499997534,-51246648.33519762,236743945.77356732,135059042.93837216,-0.012942027259178111,0.19592611253533598,-0.0469316763579274,0.0048485469348189605,2021-03-04,2020-04-27,False,False,False,False,False,0.0,0,0,False,[],澜琮地产
2020-03-31,季报,2020-04-30,无保留意见,False,660682829.0518255,284738367.77862227,375944461.2732033,0.4309758862467526,205915.3546297897,240412.11184256832,453604.6244670682,1150.6508739538865,11331148.2381121,152275346.33372244,98414006.83782236,258316323.0187123,40000000,9.398611531830083,-26057629.61133918,-22741595.00315758,9914301.753799943,8129654.908144906,0.20324137270362266,7782120.082954124,-11097031.57586882,-65066302.397890925,276018817.7593573,199855483.78559753,0.14603419473172605,0.5077622421667914,0.039446278189816684,-0.08130498551633077,2021-03-04,2020-06-11,False,False,False,False,False,0.0,0,0,False,[],澜琮地产
2020-06-30,半年报,2020-08-27,无保留意见,False,763460895.4755343,370387221.48109615,393073673.9944382,0.4851423611557659,256893.93883613613,280394.4914214022,545964.0557577808,1443.2723056253901,13300614.538229434,202956105.1402088,112523838.6265941,307373026.34797907,40000000,9.826841849860955,-17800409.053444073,-15986835.00080945,55200958.80897529,11796029.368421584,0.2949007342105396,9649657.146211613,-98753133.36410967,-68856581.68753232,335320531.24160486,167710816.18996286,0.0455631469159665,0.14589832107437128,0.054166474909013336,0.04536291358789175,2021-03-04,2020-09-10,False,False,False,False,False,0.0,0,0,False,[],澜琮地产
2020-09-30,季报,2020-10-27,无保留意见,False,774429450.7449632,430800357.8765548,343629092.86840844,0.5562809594368421,258793.73851572737,288167.2641366355,537672.0526139173,1620.0528390240434,12420444.656675681,193732897.44134223,108527405.80935298,299955381.11030066,40000000,8.590727321710212,-6820579.466712538,-6616079.014222271,24989577.676445436,15685470.83818791,0.3921367709546978,13386794.266553113,-54254719.55446073,-67337008.69833365,312490063.08656055,190898334.83376616,-0.12578960229915917,0.13506867283694265,0.07113859828107616,0.017831941806867535,2021-03-04,2020-12-19,False,False,False,False,False,0.0,0,0,False,[],澜琮地产
2020-12-31,年报,2021-03-30,保留意见,False,732655696.1459846,399096609.6490822,333559086.4969024,0.5447260039722132,254251.140039107,276724.4044085398,512402.12526976987,1401.8544379585292,12984960.711809533,166316140.98473042,102204297.40757959,289573551.27148575,40000000,8.33897716242256,17018405.82168779,14430380.35005745,60638651.65788638,34055693.26914333,0.8513923317285832,30066370.520399604,-137618483.92587513,-69310038.44204603,313726141.90498084,106797619.53705966,-0.029304871387482574,0.5620302219875828,-0.011554955464628942,-0.02144540606456598,2021-03-04,2021-05-07,False,False,False,False,False,0.0,0,0,False,[],澜琮地产
2021-03-31,季报,2021-04-30,无保留意见,False,687645687.2837048,379750345.20926684,307895342.074438,0.5522471124763874,210192.96995851398,240776.9981006869,452034.4036878474,1373.4665960196107,11607274.865297321,153558539.75611025,97929077.02201134,258466898.92840597,40000000,7.697383551860949,47952662.54108777,43627993.58438454,77023963.79967155,44191795.31342854,1.1047948828357137,41710876.0490387,-17448084.97250093,-64587947.6367566,285668098.2274057,203632065.6181482,-0.07693912551443194,0.19853029888071644,0.0075211085041742235,0.03552059194778897,2021-03-04,2021-06-14,False,False,False,False,False,0.0,0,0,False,[],澜琮地产
2021-06-30,半年报,2021-08-27,无保留意见,False,688142916.9272952,395416043.9505405,292726872.97675467,0.5746132587052664,244943.37019783992,270780.9127096281,486082.14275304915,1491.9408858808472,12884653.900426751,190924970.55170432,104120548.35869798,295505913.49031126,40000000,7.318171824418867,60535444.90104412,54594418.757071,54613819.69776949,17975403.371366225,0.44938508428415563,15666321.675266378,-77077942.34176113,-63625886.41627626,286490316.51304984,145786487.75501245,-0.049265016467888396,-0.4284298541623133,0.02236614622887905,0.07182204872612365,2021-03-04,2021-10-18,False,False,True,False,False,0.0,0,7,True,"['公司在相应期间是否按照中国证券监督管理委员会相关规定为中小股东参与现金分红决策提供了便利', '充分披露高送转的主要考虑及其合理性且送转股后每股收益不低于0.5元', '留存未分配利润的预计用途以及收益情况', '公司为增强投资者回报水平拟采取的措施']",澜琮地产
2021-09-30,季报,2021-10-27,无保留意见,False,796191203.7479124,491813200.94246066,304378002.8054518,0.6177074032309668,293939.9815149012,312502.9854451844,595581.9615387273,1655.9110364979774,13937713.579175463,191355220.21579695,124337339.29095076,329687927.4442453,40000000,7.609450070136295,70710017.55367275,62904920.35950112,20870089.557725076,14535103.78946947,0.36337759473673675,11872145.146328744,-54645779.762568735,-73491555.980871,316489884.56816375,188352548.82472402,0.03980205066318729,-0.09836339971173208,0.04309414452570041,0.0029371214343963618,2021-03-04,2021-12-04,False,False,False,False,False,0.0,0,0,False,[],澜琮地产
2021-12-31,年报,2022-03-30,非标准无保留意见,False,780261296.2773842,479790754.4725883,300470541.80479586,0.6149103598520949,255444.80089995405,270696.7311100164,538615.4989034787,1323.5807620704006,14265495.754390314,175954547.79870462,105257867.0084297,292028531.7645161,40000000,7.511763545119897,80713437.89454575,71918666.27624862,58543249.981988356,14290600.486961432,0.3572650121740358,12876779.881067848,-131036359.17294241,-77578322.64104213,319967405.1270125,111352723.31302795,-0.012837527563230299,-0.007753369202155136,-0.0027970433788720144,0.022389873175881078,2021-03-04,2022-05-17,False,False,False,True,False,0.0,0,0,False,[],澜琮地产
2022-03-31,季报,2022-04-30,无保留意见,False,892238626.3191339,583403062.6823895,308835563.6367444,0.6538643872538636,260028.66084371434,281820.26447211334,551710.5997685982,1633.409226830938,13167003.744630482,188014211.4121859,123336000.8671575,326256815.7190741,40000000,7.720889090918609,83726699.73972735,74703537.86306933,12591209.112009633,4304659.778830849,0.10761649447077122,3978387.9811724517,-113939529.42624775,-80255565.62928873,354334960.99383074,160139865.93829426,0.02783974023444521,-0.3191354768756085,0.038954027401768856,0.21567507681207143,2021-03-04,2022-06-17,False,True,False,True,False,0.0,3,0,True,"['留存未分配利润的预计用途以及收益情况', '公司为增强投资者回报水平拟采取的措施', '上市公司控股子公司向母公司实施利润分配的情况', '充分披露高送转的主要考虑及其合理性且送转股后每股收益不低于0.5元']",澜琮地产
2022-06-30,半年报,2022-08-27,非标准无保留意见,False,852387690.422797,552606319.3643392,299781371.0584578,0.6483039649367042,273232.13496294286,320904.8033580162,565870.1355602591,1554.0089410105986,13715053.769870967,171191777.71020386,111526571.60300177,322183678.81123966,40000000,7.494534276461445,82350596.81779778,73425064.80584417,2959010.1946760346,-1965861.3170422502,-0.04914653292605625,-1826390.081750235,-64132209.00280538,-79874649.75159407,376677690.7356732,232670831.98127374,-0.029317195441054128,-0.29432627232581926,-0.005560422317159482,0.0767230071328185,2021-03-04,2022-09-26,False,False,False,False,False,0.0,0,0,False,[],澜琮地产
2022-09-30,季报,2022-10-27,非标准无保留意见,False,891713321.4784964,572560968.7231778,319152352.75531864,0.6420908546861773,262272.23917153175,323505.6450798695,566069.5087034818,1672.8641219057015,15289687.646310708,206661661.26312104,134764454.61858267,343315954.58841133,40000000,7.978808818882966,85438769.1922921,76336313.81918857,18192967.511294436,4411674.820706155,0.11029187051765388,4158927.1619205605,-155408569.4716479,-86185012.35514842,369177724.97595525,127584143.14915895,0.06461702949875245,0.4242036256442007,-0.006213110250526889,0.028928120411111282,2021-03-04,2022-11-14,True,False,False,True,False,2578474.77400661,0,0,True,"['根据公司盈利能力、融资能力及其成本、偿债能力及现金流等情况披露现金分红方案的合理性，是否导致公司营运资金不足或者影响公司正常生产经营', '公司在相应期间是否按照中国证券监督管理委员会相关规定为中小股东参与现金分红决策提供了便利']",澜琮地产
2022-12-31,年报,2023-03-30,无保留意见,False,734740304.1448319,452605886.86283565,282134417.28199625,0.6160079749396979,237074.83632930455,274044.9457390553,520833.47590274055,1288.4902749778992,12628048.505174061,154579832.09185985,96938836.20239894,281905007.20707834,40000000,7.053360432049907,93405886.8253413,84370874.47008865,50380262.26611557,11381596.618641712,0.2845399154660428,11477943.787000101,-46832244.72830916,-66200962.024342924,303813801.09541655,190780594.34276447,-0.11598828946030854,0.32551969223796057,-0.02608287974647937,0.13740867269349752,2021-03-04,2023-05-25,False,False,True,False,True,0.0,0,9,True,"['留存未分配利润的预计用途以及收益情况', '结合前述财务报表列报项目的具体情况说明现金分红方案确定的依据及未来增强投资者回报的规划', '公司为增强投资者回报水平拟采取的措施']",澜琮地产
2023-03-31,季报,2023-04-30,无保留意见,False,870596390.2289243,550003438.2509838,320592951.9779404,0.6317547883541762,297712.0740843235,321040.02851927874,601708.4906973689,1568.2904964281113,13871183.67881837,199370252.58049694,126510607.15264232,334969192.309541,40000000,8.014823799448509,107299435.45408387,97362841.8034298,98554275.26577652,19847926.612489395,0.4961981653122349,18559953.3333445,-72979780.76644354,-82583654.30187538,360498414.9685018,204934979.9001829,0.13631280815167057,0.2983035136327318,0.015746813414478266,0.08632316906929484,2021-03-04,2023-05-12,False,False,False,False,False,0.0,0,0,False,[],澜琮地产
2023-06-30,半年报,2023-08-27,无保留意见,False,975043001.5996736,643797375.3412088,331245626.2584648,0.6602758794073522,326420.2066136375,381528.80781196925,660235.4185185838,1980.796760039489,17865739.76628951,233772141.96584234,149415821.69917452,400446599.66231227,40000000,8.28114065646162,119037525.19443372,108530633.26040052,63525797.11435017,16768699.62907122,0.4192174907267805,15953987.795672463,-138246991.76073056,-87350004.7966046,387148444.15773034,161551447.60039517,0.03322803640816612,-0.08356581404975137,0.028521091053175976,0.12300065434750099,2021-03-04,2023-10-20,False,False,False,False,False,0.0,0,0,False,[],澜琮地产
2023-09-30,季报,2023-10-27,非标准无保留意见,False,806955959.099035,489920678.2765492,317035280.8224858,0.6071219534998475,235151.7695428863,276978.47931934823,536689.7444062575,1636.322126362591,14197799.570781311,190793245.66566342,111306399.83967705,313927769.4857623,40000000,7.925882020562145,137485937.03619334,125141298.26377524,17571784.616600707,26354874.059656613,0.6588718514914154,23729521.433392454,-30714699.563869245,-75490795.13792065,302053731.9889135,195848237.2871236,-0.04289972247027025,0.2838775118936688,-0.05315392590750462,-0.12523270954902066,2021-03-04,2023-11-18,False,False,False,False,False,0.0,0,0,False,[],澜琮地产
2023-12-31,年报,2024-03-30,无保留意见,False,912759535.9911501,562964110.8117718,349795425.17937833,0.616771546736522,330551.57127537054,387052.6056702251,622362.1367810144,1983.9427984086353,16020251.35090818,226534657.84277388,140653482.16895318,379182980.9215682,40000000,8.744885629484457,174182045.42711723,157609167.37002358,131632487.30296487,52423011.98703411,1.3105752996758528,46382670.15178334,-13817552.459787352,-84098595.81143318,355049775.82131517,257133627.55009463,0.10333280344037049,0.6012735244371271,0.009649593236674511,0.001327806962502332,2021-03-04,2024-05-24,False,False,True,False,False,0.0,0,6,True,"['公司为增强投资者回报水平拟采取的措施', '公司在相应期间是否按照中国证券监督管理委员会相关规定为中小股东参与现金分红决策提供了便利', '留存未分配利润的预计用途以及收益情况']",澜琮地产
2024-03-31,季报,2024-04-30,无保留意见,False,1101489912.052058,755607230.2330787,345882681.8189793,0.6859865187738257,364273.9652992341,396849.3874437505,747143.5000448204,2137.429659627413,20428661.069144547,262828289.31998554,164943615.79314715,439826043.0526818,40000000,8.647067045474483,213778943.0712549,193520324.44803593,0.0,56566996.63448243,1.4141749158620607,51301652.96858904,-99230817.0865665,-102255573.6360386,466448018.2419548,264961627.5193497,-0.011185804841194183,0.05969180144794444,0.06921497203730365,-0.08222338641856411,2021-03-04,2024-05-28,True,False,False,False,False,71919553.05750833,0,0,True,"['上市公司控股子公司向母公司实施利润分配的情况', '是否影响偿债能力、过去十二个月内是否使用过募集资金补充流动资金以及未来十二个月内是否计划使用募集资金补充流动资金等内容']",澜琮地产
2024-06-30,半年报,2024-08-27,无保留意见,False,1247947256.9891367,853869218.1740642,394078038.8150726,0.6842189951474023,434905.88857605995,469167.8076327251,906618.6237797874,2397.109323253566,22937764.343752816,290832882.47685236,181373141.78963843,499090103.1242399,40000000,9.851950970376816,236437528.56429172,213391840.11549994,117241971.20916508,32369407.84719544,0.8092351961798859,28387879.524948597,-169858268.1596416,-110017111.11027277,536963756.8556575,257088377.58574307,0.13934018535601844,-0.32891907912882035,-0.0017675236264235237,0.03433596029932621,2021-03-04,2024-10-21,True,False,False,False,False,17031062.95519794,0,0,True,['充分披露高送转的主要考虑及其合理性且送转股后每股收益不低于0.5元'],澜琮地产
2024-09-30,季报,2024-10-27,无保留意见,False,1326009160.6125245,859238142.1424646,466771018.47005993,0.6479880891211611,485138.29072032945,564235.879530735,1000208.6484826102,2740.277811340341,24704506.55109307,341252421.1557227,212961621.88515443,565374218.6450126,40000000,11.669275461751498,264052052.02439687,239391849.73871046,173038204.46095195,39449319.22872165,0.9862329807180412,37142870.89030076,-242127943.22974196,-133995212.3718523,537401818.1077595,161278662.5061652,0.18446341205301134,0.14340685234547343,-0.03623090602624114,-0.04356633171254114,2021-03-04,2024-11-06,False,True,False,False,True,0.0,0,0,True,"['上市公司控股子公司向母公司实施利润分配的情况', '结合前述财务报表列报项目的具体情况说明现金分红方案确定的依据及未来增强投资者回报的规划', '公司为增强投资者回报水平拟采取的措施', '结合所处行业特点、发展阶段和自身经营模式、盈利水平、偿债能力、资金需求等因素，未进行现金分红或现金分红水平较低原因的说明']",澜琮地产
2024-12-31,年报,2025-03-30,非标准无保留意见,False,1137784516.7350554,662294246.1892699,475490270.54578555,0.5820911046405914,423341.80896380387,409099.30075323937,884845.8613891857,2035.4612631552984,21695956.40931283,260730628.2564449,176770037.39324027,460864750.344557,40000000,11.887256763644638,287669508.4270835,260797561.08496815,140539807.51646686,33739223.43240944,0.8434805858102361,30579587.637511015,-124591482.31342822,-99219514.69010139,473595021.06619114,249784024.06266153,0.01867993455185978,-0.1011543783756897,-0.06589698448056969,-0.00041323937516808137,2021-03-04,2025-04-21,False,False,False,False,False,0.0,0,0,False,[],澜琮地产
2017-03-31,季报,2017-04-30,无保留意见,False,289482590.7481859,87687131.61372687,201795459.134459,0.30290986199582504,90498353.71379879,2.2449055917451113e-08,12635823.844860904,13428526.59053237,229448.91514845006,0.17753875968469332,1177727.8829779231,128323248.3713324,40000000,5.044886478361475,-2132923.3535697064,-1978543.2099144661,11189069.697210852,-3047033.362242438,-0.07617583405606095,-2826490.299877809,-45470087.79611067,11859978.282375678,21668864.815393712,-11941244.698341276,0.12108588408032778,-0.22483518679124656,0.002909861995825045,0.016745981539982926,2021-09-20,2017-06-13,False,False,False,False,False,0.0,0,0,False,[],瑾祺医药
2017-06-30,半年报,2017-08-27,无保留意见,False,392907470.7049942,163895820.47160804,229011650.23338616,0.4171359230648622,147345157.41908893,3.336635960074276e-08,18368891.834880535,19636051.237886015,392515.2876280459,0.25955672354516324,1635842.36074631,184512590.3925601,40000000,5.725291255834654,-1324591.361510546,-1233525.4371969223,2540410.091487084,1154759.9886559434,0.028868999716398586,1064311.1038822054,-55950203.07699568,14891812.17743003,27785595.349216223,-13272795.55034943,0.13487018595791417,0.301139783386859,0.11422606106903714,0.13956594189925528,2021-09-20,2017-09-27,False,False,False,False,False,0.0,0,0,False,[],瑾祺医药
2017-09-30,季报,2017-10-27,无保留意见,False,365348846.6881899,151690169.232982,213658677.4552079,0.41519268668293696,138823877.32302928,2.9895522231311746e-08,17088676.462119628,20025578.31981076,314264.8289918311,0.22858366914487363,1450012.3714891532,169959272.37104458,40000000,5.341466936380198,-1328056.1635354212,-1236783.1919099034,5783.241223688985,-4949.717178393155,-0.00012374292945982888,-4653.935304258727,-19898043.683346763,14394231.808871785,27582817.801208124,22079005.926733144,-0.06704013862409176,-0.06387909873548235,-0.001943236381925192,0.245031140952665,2021-09-20,2017-11-24,False,False,False,False,False,0.0,0,0,False,[],瑾祺医药
2017-12-31,年报,2018-03-30,无保留意见,False,401478421.3965119,164460689.998165,237017731.39834687,0.4096376822099208,133268096.33762543,2.9938013458420915e-08,15309332.525689563,17707786.000960104,318082.26463060966,0.2246839342279894,1438877.4884215416,163679810.93289852,40000000,5.925443284958671,655792.2315850358,559632.8101135045,13316564.954115707,2834069.1358863674,0.07085172839715918,2566308.5743191545,-24670294.259969756,14917281.841548946,29454436.521524135,19701424.103103325,0.10932883335869198,0.16704974718047227,-0.005555004473016166,-0.0012718421971067357,2021-09-20,2018-05-22,False,False,False,False,False,0.0,0,0,False,[],瑾祺医药
2018-03-31,季报,2018-04-30,无保留意见,False,389946568.834894,169036364.72977722,220910204.10511678,0.4334859651024352,155636105.0126202,3.515107461837993e-08,19817645.596729506,22055035.238754008,378686.92286701145,0.28220713111321516,1686184.96209629,196753358.00554794,40000000,5.52275510262792,3448348.241274026,2991008.8751425436,17874136.961016364,3989365.7281271294,0.09973414320317824,3473394.378612913,-65901685.73101249,15690150.969418243,29602028.473479226,-20609506.288115025,-0.06795916574764095,0.05824808738568157,0.02384828289251437,0.041210121649450496,2021-09-20,2018-06-17,False,False,False,False,False,0.0,0,0,False,[],瑾祺医药
2018-06-30,半年报,2018-08-27,非标准无保留意见,True,492108138.48029816,228924486.7519085,263183651.72838968,0.4651914261342248,192551248.03637668,3.8907614256967855e-08,26069401.37886285,29466886.00817627,488467.45964285993,0.3171566605046671,2224342.87188467,241917571.7218121,40000000,6.5795912932097425,8323453.413580846,7525620.319388766,12414086.910663402,6964435.960438315,0.17411089901095786,6478016.348923176,-60113405.51754887,17951728.135274854,37999452.3504109,-4162225.0318631157,0.19136032124237082,0.1417417882391939,0.031705461031789645,0.0643914962128902,2021-09-20,2018-09-28,False,False,False,False,False,0.0,0,0,False,[],瑾祺医药
2018-09-30,季报,2018-10-27,无保留意见,False,614149857.4922655,293250036.15155,320899821.3407154,0.4774893823943339,198082183.81480655,5.0923163432268046e-08,27384094.43265165,31409221.353218257,475137.7588858225,0.38521056207823584,2329336.1913169175,280178188.94842494,40000000,8.022495533517885,11558945.429757016,10499915.918753985,11365176.707779033,4622131.451680243,0.11555328629200608,4248993.713378885,-114645429.63871714,24487427.087374207,47389859.85176266,-42768142.699580275,0.21929998019743985,-0.09774085701932918,0.012297956260109058,-0.03653577111353622,2021-09-20,2018-12-01,False,False,False,False,False,0.0,0,0,False,[],瑾祺医药
2018-12-31,年报,2019-03-30,无保留意见,False,672447588.654431,343761973.46602607,328685615.1884049,0.5112100619676464,247097646.36894602,5.705053198692051e-08,31314465.02694988,36277597.8543189,609502.7614977136,0.4144622705077826,2532247.435531417,319257945.21655715,40000000,8.217140379710123,18831535.446131364,16997548.0868568,8924409.089070728,10389414.309106212,0.2597353577276553,9282331.66871831,-47638335.66074813,26631922.11990551,52632957.39939715,31626543.858554527,0.02426238137235631,0.2667305427457198,0.03372067957331245,0.06871633336005907,2021-09-20,2019-05-11,False,False,False,False,False,0.0,0,0,False,[],瑾祺医药
2019-03-31,季报,2019-04-30,无保留意见,False,664337965.1439552,376324491.2989011,288013473.84505415,0.5664654303135535,242859636.97582358,5.4573620944540714e-08,30333191.31358508,36162662.83657789,594813.7054991048,0.42362418924932027,3031587.1391270044,314024009.9516082,40000000,7.200336846126354,17849368.61137158,16135623.687664242,5917246.630072893,-1403095.4782282598,-0.035077386955706495,-1231320.5702750839,-131771975.66362885,24763886.668944087,54206085.36728718,-52802003.627397574,-0.12374177470479554,-0.4305499071374372,0.055255368345907066,-0.01189560987366238,2021-09-20,2019-05-11,False,False,False,False,False,0.0,0,0,False,[],瑾祺医药
2019-06-30,半年报,2019-08-27,非标准无保留意见,False,540315101.1284912,255711600.50825506,284603500.62023616,0.4732638417363886,204062031.26406226,4.26063270286116e-08,24501883.021769043,28164144.82362375,448395.1690292004,0.32873262792920216,2268024.0465854337,250308443.81737164,40000000,7.115087515505904,15677828.741496418,14154395.604438026,6684192.516795854,-3102199.814107377,-0.07755499535268442,-2830325.8331803107,-74873364.55877723,20874287.802133456,43301547.6483361,-10697529.108307675,-0.011839630900922889,-0.10893856107840716,-0.09320158857716485,0.017167167242570315,2021-09-20,2019-10-20,False,False,False,False,False,0.0,0,0,False,[],瑾祺医药
2019-09-30,季报,2019-10-27,无保留意见,False,607142689.0200483,300553701.6680825,306588987.3519658,0.49502976335462057,216696522.27363795,4.083464279983288e-08,24874320.96173879,28073733.04417412,529405.9846129535,0.37141328191434836,2367797.0147261946,266556113.77885124,40000000,7.664724683799145,10994065.340908527,9746096.062893199,28740888.72133379,-6691090.572268415,-0.1672772643067104,-6297570.773635465,-19363424.637355927,23940855.016045377,47763728.29627369,52341158.67496315,0.07724953025460589,-0.2582344479095367,0.02176592161823194,0.09313765691969576,2021-09-20,2019-11-08,False,False,False,False,False,0.0,0,0,False,[],瑾祺医药
2019-12-31,年报,2020-03-30,无保留意见,False,675033774.2635593,326914670.05621403,348119104.20734525,0.48429379761459745,251131021.88801,5.930400276014439e-08,31231887.302075997,33982267.614358395,600036.3376538544,0.4552749945660657,2712077.0767978714,316229125.4329824,40000000,8.702977605183632,7326328.303507956,6388361.821257737,18068203.668824095,-5239624.339143675,-0.13099060847859187,-4796763.202336374,-10436503.069741903,26716166.096646793,55765198.8516228,72044861.87852769,0.13545860604478496,0.14079726311497218,-0.010735965740023055,-0.05175444007456781,2021-09-20,2020-05-06,False,False,False,False,False,0.0,0,0,False,[],瑾祺医药
2020-03-31,季报,2020-04-30,无保留意见,False,696763839.9872866,319599680.69916594,377164159.28812057,0.4586915427542817,264907166.8010576,6.16229893662154e-08,30369076.634278692,33569929.42350818,570593.5693120172,0.4425316351922727,2710423.4776016986,327132241.0373482,40000000,9.429103982203014,4839058.378000734,4131291.660429043,4878879.302657532,-3553242.7507246025,-0.08883106876811506,-3224385.944040992,-124469520.33671376,25485775.390203692,56283185.85098457,-42700559.0955255,0.08343424629599065,0.14339521432398522,-0.025602254860315785,0.04933769105325767,2021-09-20,2020-06-18,False,False,False,False,False,0.0,0,0,False,[],瑾祺医药
2020-06-30,半年报,2020-08-27,无保留意见,True,718988447.8473594,376915138.862392,342073308.9849674,0.5242297563902039,241268740.61544198,5.6425353900031436e-08,32095785.709346686,35041772.64915996,586608.0011087045,0.4630197401920226,2904233.8609075304,326619439.09316254,40000000,8.551832724624186,6965218.487827371,5997244.812124958,7073421.603045953,3037371.5854666233,0.07593428963666558,2665647.3595655942,-140149859.0089408,27702705.49151261,56028350.3874387,-56418803.129989475,-0.09303866615901546,0.49012666875847516,0.0655382136359221,0.042174132784990506,2021-09-20,2020-09-13,False,False,False,False,False,0.0,0,0,False,[],瑾祺医药
2020-09-30,季报,2020-10-27,无保留意见,False,806560873.8322318,427676950.9088507,378883922.92338103,0.530247579301509,302449809.1378994,7.064925604538567e-08,37380860.09501023,40246449.81370776,652991.8479751755,0.5637054330250203,3053163.76682286,380443164.3980881,40000000,9.472098073084526,16694668.852754015,14416613.002251565,48089741.6674753,13899214.807038065,0.3474803701759516,12027668.843038013,-85273019.90655923,32847670.362720322,66499847.1978886,14074497.654049695,0.1076103074152192,0.5420792430405235,0.006017822911305242,-0.044025553260778685,2021-09-20,2020-12-14,False,False,False,False,False,0.0,0,0,False,[],瑾祺医药
2020-12-31,年报,2021-03-30,无保留意见,False,1150527112.1135755,691046796.0231192,459480316.09045637,0.6006349513603655,391096721.3992688,9.491146187403554e-08,46354200.33268156,54750842.03335936,908800.4113849617,0.7448152671110859,4493538.721261046,521588135.58919996,40000000,11.487007902261409,22556223.78146596,19762007.25739669,30222495.05188525,8373649.898159917,0.20934124745399793,7636277.5073501775,-121844872.6945226,42862361.28915904,89066612.88762528,10084101.482261717,0.21272054128138293,-0.17882541492994714,0.07038737205885648,0.005938143012149876,2021-09-20,2021-05-13,False,False,False,False,False,0.0,0,0,False,[],瑾祺医药
2021-03-31,季报,2021-04-30,无保留意见,False,1071396634.5981257,608611824.8563994,462784809.74172634,0.5680546356062486,390738906.75493294,8.893182337132245e-08,46477036.83063975,53383239.1620054,834347.2373785763,0.6585583735494346,4355468.88035644,493867138.90521437,40000000,11.569620243543158,31540444.724838134,27748143.744438484,22433374.60138934,12834601.347674537,0.3208650336918634,11408766.410059707,-48174843.01308628,39520206.71613559,83946105.06156974,75291468.76461905,0.007191806777244869,0.17581039651052052,-0.03258031575411704,0.059599317996347885,2021-09-20,2021-06-23,False,False,False,False,False,0.0,0,0,False,[],瑾祺医药
2021-06-30,半年报,2021-08-27,无保留意见,False,1002883132.2314621,592137933.3240166,410745198.90744555,0.5904356293304902,365848178.3014446,8.435750178981106e-08,48316031.329566956,47406346.59105201,852702.2564223604,0.6161892657169478,4392961.529705753,476515551.7149726,40000000,10.268629972686139,47466542.88907781,41495618.50513745,58073030.25308424,22751568.806056686,0.5687892201514172,19639249.658141386,-53718207.69637213,41104020.78376972,79809925.00132255,67195738.08872014,-0.11244883094439379,0.33239818902943474,0.02238099372424169,0.04767044948861856,2021-09-20,2021-10-06,False,False,False,False,False,0.0,0,0,False,[],瑾祺医药
2021-09-30,季报,2021-10-27,无保留意见,False,1284467520.9975448,818915927.5161484,465551593.4813964,0.6375528490437508,482615301.1080871,1.1295036742523265e-07,58589143.76880997,61100204.49120021,1169313.812116298,0.8717664353801133,5025896.10285146,638197120.8264985,40000000,11.63878983703491,52538277.48151273,45432532.12248399,32317648.73729395,7245335.132049888,0.1811333783012472,5624162.310495056,-128378683.78635745,49521369.48667975,107191883.32299685,28334569.023319155,0.13343161336938852,-0.3900785337469301,0.047117219713260536,-0.020118398288275864,2021-09-20,2021-11-15,False,False,False,True,False,0.0,0,0,False,[],瑾祺医药
2021-12-31,年报,2022-03-30,无保留意见,False,1442477512.0626621,981697561.2749999,460779950.78766215,0.6805635117813569,526654533.3155907,1.05572429958532e-07,61969111.31760507,68926257.62727484,1078328.3133117948,0.8851377371834215,5492497.354690093,639304899.4685758,40000000,11.519498769691554,55870958.2846135,48245358.20326291,13797868.711777318,4760972.575858239,0.11902431439645597,4018322.9725413057,-70267414.4536982,60912411.45191632,117863943.40378416,108508940.40200227,-0.010249439075166344,-0.10246765172190075,0.04301066273760618,0.014742592224145366,2021-09-20,2022-05-22,False,False,False,False,False,0.0,0,0,False,[],瑾祺医药
2022-03-31,季报,2022-04-30,无保留意见,False,1730896335.6364353,1217778053.259244,513118282.3771913,0.7035534296232002,585848848.9309185,1.5947833465515623e-07,81431828.46096961,92212846.96269307,1594344.4365467727,1.1616572890910872,7782620.358456147,831133810.3579725,40000000,12.827957059429783,46811577.64326754,39391258.99619048,43800412.87562713,-12941972.344779942,-0.32354930861949854,-12648713.152960617,-269459831.65316564,69322660.25315668,142479716.18340433,-57657455.21660465,0.11358639085763492,-0.8135180934090207,0.022989917841843253,0.06500582840706527,2021-09-20,2022-06-16,False,False,False,True,False,0.0,0,0,False,[],瑾祺医药
2022-06-30,半年报,2022-08-27,无保留意见,False,1469082473.046989,992228322.6495079,476854150.3974811,0.6754068208243957,551122399.3802937,1.3596187769515212e-07,73286527.79275258,83008458.92107047,1322475.8919317008,0.9651953979809935,6186692.9618015895,701318591.8592597,40000000,11.921353759937027,37157397.37083908,30706763.830772668,9715545.464035628,-13791686.103469227,-0.3447921525867307,-12406421.664882595,-100150441.52926926,52557351.32278625,110936306.69812122,63343216.491638206,-0.07067402044554821,-0.20939082502216363,-0.0281466087988044,0.010985053506071004,2021-09-20,2022-10-18,False,False,False,False,False,0.0,0,0,False,[],瑾祺医药
2022-09-30,季报,2022-10-27,无保留意见,True,1558594911.3387792,1047816604.6090277,510778306.72975147,0.6722828343568692,572904639.8717871,1.2786141945214173e-07,75296598.71719795,78615792.58297732,1456964.009083027,1.022868894428899,5924352.141913063,756054847.1607307,40000000,12.769457668243787,26086684.329754885,20722336.49740363,45000210.270056486,-15815304.344406001,-0.39538260861015,-14263467.619098626,-201683780.38993174,57282946.52465311,121642694.40015562,-22758139.465123013,0.07114157715518017,-0.6307419741955307,-0.0031239864675265527,-0.017421467490969445,2021-09-20,2022-11-23,False,True,True,True,False,0.0,2,2,True,"['是否影响偿债能力、过去十二个月内是否使用过募集资金补充流动资金以及未来十二个月内是否计划使用募集资金补充流动资金等内容', '根据公司盈利能力、融资能力及其成本、偿债能力及现金流等情况披露现金分红方案的合理性，是否导致公司营运资金不足或者影响公司正常生产经营', '上市公司控股子公司向母公司实施利润分配的情况']",瑾祺医药
2022-12-31,年报,2023-03-30,无保留意见,True,1135957567.5481186,704549120.4531702,431408447.09494835,0.620224857495239,446106232.33545303,9.513792550499883e-08,53416911.583147965,58912980.4755052,1031997.1608947074,0.7947542901488306,4662111.737977213,539917755.2042301,40000000,10.785211177373709,15207473.419584053,10789363.71270902,9608478.26649166,-15541729.871672615,-0.3885432467918154,-14189961.1209923,-205247347.7854333,44841020.296833225,94929886.28615168,-65476441.2024484,-0.15539003632117257,0.2309238422894518,-0.05205797686163021,0.01193681675327752,2021-09-20,2023-05-04,False,False,False,False,False,0.0,0,0,False,[],瑾祺医药
2023-03-31,季报,2023-04-30,非标准无保留意见,False,1205470343.4947984,737541402.5723025,467928940.92249596,0.6118287409992056,481934573.35045934,1.0993376059134103e-07,59339952.25589754,73946975.70471828,1036225.9154420911,0.8822374186532864,5379126.925853759,599896278.448898,40000000,11.6982235230624,3786369.903125497,703342.8872116392,17648668.36643136,-16315862.166369367,-0.4078965541592342,-14408601.179281974,-95961337.29529724,52112469.56010261,96294690.1485436,52445822.41334897,0.08465410001466618,-0.5308565811360832,-0.00839611649603349,0.04465715102925234,2021-09-20,2023-05-27,False,True,False,False,False,0.0,0,0,True,"['公司在相应期间是否按照中国证券监督管理委员会相关规定为中小股东参与现金分红决策提供了便利', '公司为增强投资者回报水平拟采取的措施']",瑾祺医药
2023-06-30,半年报,2023-08-27,无保留意见,False,1162494948.5505188,658999225.0969212,503495723.4535976,0.5668835171444041,375314737.3229694,9.149552506602407e-08,50572435.69513218,55905643.102361985,851954.6247174797,0.6980047911263918,4422037.044755421,500187120.7163059,40000000,12.58739308633994,-7890559.755704872,-9521644.982494935,0.0,-16681328.084043385,-0.41703320210108463,-14607125.52815225,-197688307.23172817,46368064.364587456,84993769.59689702,-66326473.27024369,0.07600893943636759,-0.5341992500758743,-0.04494522385480143,0.1396614368884285,2021-09-20,2023-09-10,False,True,False,False,False,0.0,2,0,True,"['公司在相应期间是否按照中国证券监督管理委员会相关规定为中小股东参与现金分红决策提供了便利', '是否影响偿债能力、过去十二个月内是否使用过募集资金补充流动资金以及未来十二个月内是否计划使用募集资金补充流动资金等内容', '结合所处行业特点、发展阶段和自身经营模式、盈利水平、偿债能力、资金需求等因素，未进行现金分红或现金分红水平较低原因的说明', '上市公司控股子公司向母公司实施利润分配的情况']",瑾祺医药
2023-09-30,季报,2023-10-27,无保留意见,False,1115817591.221529,602444496.1674496,513373095.0540793,0.5399130654571687,434798009.06014866,9.090199885139966e-08,49345695.84284843,57066078.220635004,1053637.1197092894,0.7876396617026261,4849283.732755046,526138586.05834424,40000000,12.834327376351983,-19514951.315083537,-19267074.3361862,57555081.76808102,-16606273.656255238,-0.4151568414063809,-13922041.933844667,-46342205.94251267,43549707.972138554,86950987.09126355,84158489.12088943,0.019617587876874985,0.2355225673490622,-0.026970451687235452,-0.07060139388869503,2021-09-20,2023-12-03,False,True,False,False,False,0.0,4,0,True,"['结合前述财务报表列报项目的具体情况说明现金分红方案确定的依据及未来增强投资者回报的规划', '公司在相应期间是否按照中国证券监督管理委员会相关规定为中小股东参与现金分红决策提供了便利']",瑾祺医药
2023-12-31,年报,2024-03-30,无保留意见,False,1157787437.5635853,626171594.9841398,531615842.5794454,0.5408346771336865,409267722.24173546,1.0201195286840618e-07,52372289.94822596,63991326.403386004,1048407.6792121738,0.7924699350620599,4368055.993813074,543858825.7513614,40000000,13.290396064486135,-31193682.088273626,-29884044.687635556,0.0,-16683901.104557272,-0.4170975276139318,-15167100.50207051,-208353344.64048597,47771653.52860202,94329285.59044848,-66252405.521435454,0.03553506738300011,-0.19716092035832078,0.0009216116765177687,0.11221838067536304,2021-09-20,2024-04-11,False,True,False,False,False,0.0,3,0,True,['结合前述财务报表列报项目的具体情况说明现金分红方案确定的依据及未来增强投资者回报的规划'],瑾祺医药
2024-03-31,季报,2024-04-30,无保留意见,False,1364895272.7847347,770015454.1053151,594879818.6794196,0.5641571697543409,584517968.2833073,1.3505236188976597e-07,74317229.6657538,83497917.65313406,1388768.649708395,1.10335610792558,6263627.226569403,737507649.4368424,40000000,14.87199546698549,-43049069.29543725,-41079349.86385051,48958567.8186127,-16936267.438805178,-0.4234066859701294,-15993293.108878506,-205806908.38705736,51656303.21252552,110494621.31752943,-43655983.85700242,0.1190031805542364,-0.7983777795061267,0.02332249262065451,0.1420209146613707,2021-09-20,2024-05-19,False,True,False,False,False,0.0,4,0,True,"['是否影响偿债能力、过去十二个月内是否使用过募集资金补充流动资金以及未来十二个月内是否计划使用募集资金补充流动资金等内容', '上市公司控股子公司向母公司实施利润分配的情况']",瑾祺医药
2024-06-30,半年报,2024-08-27,非标准无保留意见,False,1614001898.8592532,956753286.8337365,657248612.0255166,0.5927832473493074,582388811.097139,1.4082657201653996e-07,73259489.50786276,84124599.57666825,1541885.9338908335,1.05523366411812,6794473.07873215,787358605.0044994,40000000,16.431215300637916,-54901967.53490022,-51641472.367610164,26501033.078758392,-16932711.77066138,-0.4233177942665345,-15088746.433942359,-280011136.865907,62388966.049311176,134123369.8136142,-83498801.00298165,0.10484267811362309,0.05579044804002609,0.02862607759496647,-0.09494109529313965,2021-09-20,2024-09-11,False,True,False,False,False,0.0,1,0,True,"['留存未分配利润的预计用途以及收益情况', '上市公司控股子公司向母公司实施利润分配的情况', '根据公司盈利能力、融资能力及其成本、偿债能力及现金流等情况披露现金分红方案的合理性，是否导致公司营运资金不足或者影响公司正常生产经营']",瑾祺医药
2024-09-30,季报,2024-10-27,无保留意见,False,1474720496.7319314,907645599.6075926,567074897.1243389,0.6154695765190688,523085474.4085219,1.2007692318216784e-07,63275671.93137193,74535269.48635161,1264100.4619094648,0.9194161750920509,5613624.312335943,651783454.8679562,40000000,14.17687242810847,-66751679.372570515,-62862271.344095916,18392601.006238107,-16928159.76810043,-0.42320399420251076,-16029712.82355108,-274444260.7084577,54931536.39609373,118516907.75719853,-100995816.55516545,-0.13719879091608775,0.06764931408795084,0.022686329169761286,-0.03937603191176902,2021-09-20,2024-12-05,False,False,False,False,False,0.0,0,0,False,[],瑾祺医药
2024-12-31,年报,2025-03-30,无保留意见,False,1767453871.3398721,1168407146.5610216,599046724.7788506,0.6610679721305965,688726866.1826322,1.4615603043711072e-07,91304961.0996087,89532361.94262964,1658410.5940002147,1.1799458946531007,8673991.165211549,894028098.0974299,40000000,14.976168119471264,-78632952.20822905,-73466746.2197033,67578080.90609446,-16973246.908083636,-0.4243311727020909,-15149249.822296279,-124651534.50782791,69220942.77968119,145368032.7332123,89937441.00506558,0.05638025561815936,-0.6276029293201313,0.045598395611527905,0.020984095868136394,2021-09-20,2025-05-18,False,False,False,False,False,0.0,0,0,False,[],瑾祺医药
2017-03-31,季报,2017-04-30,无保留意见,False,254713483.3274413,83692362.36922935,171021120.95821196,0.32857452725280534,2669413.3451282764,2.008354992300672e-06,67498.26875072597,9288688.034029875,35772980.99489265,1674541.231417292,51017525.49063521,101680835.43504182,40000000,4.275528023955299,1772834.7090953428,1534751.216847757,1356684.6371455607,2532621.012993347,0.06331552532483367,2192501.738353939,16192933.652982535,21283305.80381507,43180945.6048704,80657185.06166801,-0.04988266134326692,0.08514561183296367,0.028574527252805376,0.038877814855188486,2021-11-08,2017-06-13,False,False,False,False,False,0.0,0,0,False,[],琬珵集团
2017-06-30,半年报,2017-08-27,无保留意见,False,279924915.5022977,98740849.67363723,181184065.8286605,0.352740482198437,3668303.261923151,2.502538322849265e-06,92154.62734805053,10902075.230213491,42998790.03992759,2112984.943745067,64165834.23802091,121891694.26587008,40000000,4.529601645716512,6400681.959914793,5943412.146875651,10517436.735119354,6611210.358313501,0.16528025895783752,6298087.042896991,46931355.45829228,25109417.36905919,50961224.844734065,123001997.67208555,0.05942508629055128,0.208809116943754,0.024165954945631635,-0.055651390741718744,2021-11-08,2017-09-13,False,False,False,False,False,0.0,0,0,False,[],琬珵集团
2017-09-30,季报,2017-10-27,无保留意见,False,257430657.5004393,67013027.39374176,190417630.10669753,0.2603148670963069,3563976.3365501864,2.1325377927536224e-06,92271.15997303127,10685391.435734937,43223195.92970845,2104609.1019751965,57763366.19880594,120331146.91097534,40000000,4.760440752667439,16816817.074830327,15333748.641087862,44480036.52825416,14880193.021307908,0.3720048255326977,13414766.420303158,22167023.950898662,21127353.30905972,45265154.255234,88559531.51519239,0.05096234172583866,0.35021426422059304,-0.09242561510213007,0.13977404680031902,2021-11-08,2017-11-17,False,False,False,False,False,0.0,0,0,False,[],琬珵集团
2017-12-31,年报,2018-03-30,非标准无保留意见,False,317628329.3500214,87632618.80555516,229995710.54446626,0.2758967343526383,3784401.3612736687,2.297507715962036e-06,100463.36274571579,12095348.70523473,45888028.26004398,1852044.9384078658,67115373.496772,127063570.91028008,40000000,5.749892763611657,33431582.926561035,30429636.661266297,34875892.166138254,23735379.78818673,0.5933844947046683,21565554.31454062,30592732.37014143,25501442.96833306,47845666.889798015,103939842.22827251,0.20784882374385064,0.27776452799267065,0.015581867256331377,-0.06315726539881729,2021-11-08,2018-04-16,False,False,False,False,False,0.0,0,0,False,[],琬珵集团
2018-03-31,季报,2018-04-30,无保留意见,False,347968033.90558803,98433447.1472235,249534586.7583645,0.28288071764066364,4387920.052784727,2.8474847970200692e-06,113225.95925826971,12927025.45487345,51136611.726695046,2341577.483214932,73019977.95578726,141129534.3002687,40000000,6.238364668959113,38902672.2313143,35168543.00683266,11368168.668176226,7815841.863933239,0.19539604659833099,6769866.207951952,65179929.251824416,26697605.688124567,63691612.77750717,155569147.71745616,0.08495322007373135,-0.3908037192001377,0.006983983288025317,0.008119159167384062,2021-11-08,2018-06-24,False,False,False,False,False,0.0,0,0,False,[],琬珵集团
2018-06-30,半年报,2018-08-27,无保留意见,False,381536437.03673005,118169159.58677527,263367277.44995475,0.3097191987862467,4806637.004040141,3.0404517683464974e-06,117868.06215171899,16663494.748461349,55944339.53870017,2894958.3725132477,78429524.95694493,160885655.79051095,40000000,6.584181936248869,46531803.39284179,42277025.404626615,43556953.14537542,10898758.802182134,0.27246897005455334,10154974.853991363,75220232.86156785,29764842.506644115,63275484.19154765,168260559.55975962,0.05543396156535621,0.12423180946883511,0.02683848114558308,-0.027478385626699426,2021-11-08,2018-10-24,False,False,False,False,False,0.0,0,0,False,[],琬珵集团
2018-09-30,季报,2018-10-27,无保留意见,False,464957642.04622304,177300332.57494137,287657309.4712817,0.3813257736654543,6127146.90757418,3.848395840590142e-06,144776.02122010858,19349902.159012586,71921658.92382799,3658171.836653647,108513354.6781746,202725812.64423138,40000000,7.191432736782042,52323018.601666346,47727757.23147406,31979749.65611559,8273164.584035061,0.20682911460087652,7786759.7526392015,59617704.56512459,36562299.95746345,87473746.50121619,183653751.02380425,0.09222873948697966,-0.09411150642091329,0.07160657487920756,-0.06670614135102565,2021-11-08,2018-12-11,False,False,False,False,False,0.0,0,0,False,[],琬珵集团
2018-12-31,年报,2019-03-30,无保留意见,True,638123724.1268153,332548398.39428157,305575325.7325338,0.5211346731377655,9178916.337537352,5.666095727816675e-06,198480.73612168414,25955341.51881129,87565810.58368006,4951934.021128939,151093721.61938083,278854889.2389801,40000000,7.639383143313346,64902315.693284474,58493714.84791157,67400350.90835632,17970424.416597344,0.4492606104149336,15379939.452053584,121838190.55398154,52469543.837353475,113142331.74525039,287450066.1365854,0.062289452314581106,0.38369788636156765,0.13980889947231118,0.011982550613578129,2021-11-08,2019-04-09,False,False,False,False,False,0.0,0,0,False,[],琬珵集团
2019-03-31,季报,2019-04-30,无保留意见,False,724889142.1441815,412674650.3796547,312214491.7645267,0.5692934634928952,8631740.766371908,5.391277781232585e-06,232122.25691576587,29197685.121091295,104917540.44435658,5416513.628706412,144607562.67829984,309721811.25754905,40000000,7.805362294113168,84960883.74900715,75589816.03659011,33588846.035490915,28655097.222460963,0.716377430561524,24423001.6981122,31402928.146137994,57152405.51609976,129497474.98627271,218052808.64851046,0.02172677396670466,0.3055345476674442,0.04815879035512972,-0.001715313329727472,2021-11-08,2019-06-23,False,False,False,False,False,0.0,0,0,False,[],琬珵集团
2019-06-30,半年报,2019-08-27,无保留意见,False,920297844.0949789,577032059.2591766,343265784.8358023,0.627005770970408,13193447.630977634,7.345533608151621e-06,298434.7690489564,35004527.37488178,135653967.22227862,6880239.64016723,208595752.2551039,390903823.5317813,40000000,8.581644620895059,90485303.61914611,80575425.97069523,27229335.692889597,7892028.385912802,0.19730070964782004,7122299.905864452,132548717.97701076,72187874.65149617,151578456.17610577,356315048.8046127,0.09945500253939046,-0.45478095765248616,0.05771230747751284,-0.033998083606708605,2021-11-08,2019-09-27,False,False,False,False,False,0.0,0,0,False,[],琬珵集团
2019-09-30,季报,2019-10-27,无保留意见,False,904233612.4048488,565787346.1008575,338446266.3039913,0.6257092617870301,11990914.784791676,7.896381364607154e-06,292562.05032451043,37766463.00501037,153997645.58917895,7244086.709487068,201812777.88583538,404042763.6357263,40000000,8.461156657599783,98224700.35921383,87721104.06622738,36669517.009732306,11056281.057239585,0.27640702643098963,10208111.565045936,31410653.275100444,81138072.92428344,159770208.41673535,272318934.61611927,-0.01404019492975792,0.12711911710327034,-0.0012965091833778166,0.02402442380933396,2021-11-08,2019-11-09,False,False,False,False,False,0.0,0,0,False,[],琬珵集团
2019-12-31,年报,2020-03-30,无保留意见,False,1097379573.0689754,767058889.9263526,330320683.1426229,0.6989914052994126,15429109.774828816,9.639353719860457e-06,354274.50587054074,46404655.57152962,177997065.4867288,8774627.589871548,262075577.7254781,496420620.8565954,40000000,8.258017078565572,105589793.16963142,95085726.85956147,28922066.935798816,10521561.15773942,0.26303902894348546,10520889.704763003,60800173.75607888,85752412.21753283,181779578.6283149,328332164.6019266,-0.02400848811276317,-0.019058830299327492,0.0732821435123824,0.0061413226040643995,2021-11-08,2020-04-21,False,False,False,False,False,0.0,0,0,False,[],琬珵集团
2020-03-31,季报,2020-04-30,无保留意见,False,1175233525.7502491,827337599.7886277,347895925.96162146,0.7039771940308369,15069799.800590985,9.851134500641101e-06,375431.34801215265,43232934.40755216,181200968.8699383,8754717.435576947,272256080.5617221,504529875.33775055,40000000,8.697398149040536,112768348.08418143,102028822.43305221,8436585.815120885,10255078.449357156,0.2563769612339289,9918707.962129623,14848024.346809821,97250047.57152934,204117647.45046127,316215719.3688004,0.05320660714246022,-0.009682688669255514,0.0049857887314243765,-0.08553739428309748,2021-11-08,2020-06-03,False,False,False,False,False,0.0,0,0,False,[],琬珵集团
2020-06-30,半年报,2020-08-27,无保留意见,False,1318585514.081835,999985357.2696328,318600156.8122023,0.7583773267568075,17802965.194737807,1.0952374259391293e-05,421081.12142309087,55937783.25755862,199801145.9779012,9513132.7653729,282126808.23964083,577649110.0352978,40000000,7.965003920305056,119242079.63517793,107829789.08018093,36608275.80843601,9248187.929995012,0.2312046982498753,8287095.210183893,123645603.63957827,110510726.64844044,235812260.76362002,469968591.0516387,-0.08420842833511946,-0.03694322587377802,0.054400132725970586,0.09775144069984436,2021-11-08,2020-10-20,False,False,False,False,False,0.0,0,0,False,[],琬珵集团
2020-09-30,季报,2020-10-27,无保留意见,False,1979576846.3079462,1649143569.8276165,330433276.48032975,0.8330788334402821,26298663.829389203,1.7423033308479553e-05,632826.9480066029,85080648.25663118,316767457.4712841,13518490.422116986,476080887.2690783,860619553.8090923,40000000,8.260831912008245,129272996.90426864,116343420.53408237,70707023.06070387,14329881.812986743,0.35824704532466856,12162330.648430625,40039791.75663616,157938442.16444027,328708907.5135582,526687141.4346346,0.03714097251716841,0.1936017029649747,0.07470150668347462,0.16888045657902612,2021-11-08,2020-11-27,False,False,False,False,False,0.0,0,0,False,[],琬珵集团
2020-12-31,年报,2021-03-30,无保留意见,False,3233968036.410928,2892311505.6133513,341656530.79757637,0.8943537700586712,46846621.055063516,2.6578856187578567e-05,1134572.294324734,136449544.65660873,506723375.78320307,26460164.282440126,763873204.2690431,1450607237.6579325,40000000,8.54141326993941,123641830.12312238,111482972.57456607,16210546.066460162,-8044523.973066097,-0.20111309932665242,-6943497.085023285,290537664.6643543,251768247.30828422,563761201.4607912,1106067113.4334297,0.03396526656392829,-0.7141554481312562,0.06127493661838908,-0.061448710131956887,2021-11-08,2021-04-27,False,False,False,False,False,0.0,0,0,False,[],琬珵集团
2021-03-31,季报,2021-04-30,无保留意见,False,3085267943.6649723,2776741149.2984753,308526794.36649716,0.9,39582529.79735305,2.5726253154800912e-05,974706.1830596777,124658657.81197432,473976276.1209078,24149400.50625522,654679865.3383145,1303131376.0033612,40000000,7.713169859162429,121236316.43647267,109391886.5253943,2134201.5075803525,-3436448.123785287,-0.08591120309463218,-2987265.784531074,350569315.12129635,273000642.51305795,584835379.4914683,1208405337.1258225,-0.09696795888473099,0.5145539818790049,0.11659426443264509,-0.027065320623771448,2021-11-08,2021-06-25,False,False,False,False,False,0.0,0,0,False,[],琬珵集团
2021-06-30,半年报,2021-08-27,无保留意见,False,3571045755.9265475,3213941180.333893,357104575.59265465,0.9,46780989.10728093,2.8568459367039627e-05,1087780.2223029952,130367792.84687553,552880955.8770074,26316431.124720894,746603964.6278328,1467732151.3158123,40000000,8.927614389816366,119079687.55877247,107467639.79748209,14764645.418149495,-3080898.396714557,-0.07702245991786393,-2748923.89701744,282854000.89162546,305478659.97058994,672332714.7186682,1260665375.5808835,0.15745076963543148,0.026213615011435716,0.020715002900229307,-0.02705560174022054,2021-11-08,2021-10-12,False,False,False,False,False,0.0,0,0,False,[],琬珵集团
2021-09-30,季报,2021-10-27,无保留意见,False,3698708237.810773,3328837414.0296955,369870823.7810772,0.9,46570576.04774583,3.144148969427622e-05,1327534.7360820677,157183474.42525834,582247460.0999246,25977219.328049265,773104235.9847195,1644337542.9820435,40000000,9.24677059452693,118460651.86778206,106924487.24631263,2304518.558056584,-884336.7014148831,-0.02210841753537208,-775932.2159563714,699896461.385873,303660079.89390206,630281188.1521193,1633837729.4318943,0.035749326838603344,0.1578091573655301,-0.015831086986902453,-0.10677858807096302,2021-11-08,2021-12-18,False,False,False,False,False,0.0,0,0,False,[],琬珵集团
2021-12-31,年报,2022-03-30,无保留意见,False,3922750744.773464,3530475670.296118,392275074.4773463,0.9,44798925.62742157,2.7466249296964956e-05,1220046.5137152995,144392749.84182498,556440207.993156,25657043.48126762,793805784.6464615,1522624593.3965714,40000000,9.806876861933658,117791512.09447439,106289480.30726758,1553491.6944652426,-955913.9618681166,-0.023897849046702915,-907152.77006438,398057377.0007712,348061785.47811747,706808821.6531953,1452927984.132084,0.06057317651399824,-0.004441471575018408,0.08950400123456893,0.06894968424515625,2021-11-08,2022-05-04,False,False,False,False,False,0.0,0,0,False,[],琬珵集团
2022-03-31,季报,2022-04-30,非标准无保留意见,False,3605865913.6185374,3245279322.256684,360586591.36185366,0.9,52439605.393581256,2.9885232243607235e-05,1149990.675031753,146422541.61240715,551146146.8176136,24639265.844759308,855290887.9425205,1605769754.04854,40000000,9.014664784046342,127560089.96261613,115275921.75836414,34418726.0512504,13955111.240202498,0.34887778100506245,12837773.501566522,673479348.0987002,303822558.3048633,665149154.2322215,1642451060.635785,-0.08078128124177482,0.9293782872163407,0.015869927543445652,0.17038043091796715,2021-11-08,2022-05-23,False,False,False,False,False,0.0,0,0,False,[],琬珵集团
2022-06-30,半年报,2022-08-27,无保留意见,False,3865167484.437818,3478650735.994036,386516748.44378173,0.9,49790163.65325159,3.1929613362436706e-05,1243330.276740176,173584351.43194702,625183087.2947348,29182020.232501324,814050765.7973886,1676401200.3159728,40000000,9.662918711094543,133352158.23302639,120726885.89070247,16661856.909948094,8274383.243443225,0.2068595810860806,7787091.61762618,214707900.9389505,329572233.8001248,699203951.185041,1243484085.9241161,0.07191104079604242,-0.1835150244713548,0.05961063082692551,0.03198228435222673,2021-11-08,2022-10-07,True,True,False,False,False,6320535.128467409,4,0,True,"['结合所处行业特点、发展阶段和自身经营模式、盈利水平、偿债能力、资金需求等因素，未进行现金分红或现金分红水平较低原因的说明', '是否影响偿债能力、过去十二个月内是否使用过募集资金补充流动资金以及未来十二个月内是否计划使用募集资金补充流动资金等内容', '充分披露高送转的主要考虑及其合理性且送转股后每股收益不低于0.5元']",琬珵集团
2022-09-30,季报,2022-10-27,保留意见,False,3684654853.777354,3316189368.3996186,368465485.37773526,0.9,45884080.58218762,2.8571545162020322e-05,1100474.642378425,149305865.28028548,494936639.8518203,25820634.85515817,761824054.5123787,1509815685.755246,40000000,9.211637134443382,136939062.32869512,123686682.23409577,19871552.93463988,5124148.708098207,0.12810371770245516,4228280.490561852,200689371.49366707,310662388.04670244,668854783.0996019,1180206542.6399713,-0.046702408469298316,-0.12464140093951703,0.05238291754249238,0.007228117372357906,2021-11-08,2022-12-13,False,False,True,False,False,0.0,0,2,True,"['根据公司盈利能力、融资能力及其成本、偿债能力及现金流等情况披露现金分红方案的合理性，是否导致公司营运资金不足或者影响公司正常生产经营', '公司在相应期间是否按照中国证券监督管理委员会相关规定为中小股东参与现金分红决策提供了便利', '上市公司控股子公司向母公司实施利润分配的情况', '留存未分配利润的预计用途以及收益情况']",琬珵集团
2022-12-31,年报,2023-03-30,保留意见,False,4306157134.33617,3875541420.902553,430615713.4336169,0.9,65628923.097597964,4.172414656508518e-05,1511953.1407456282,180402938.58838448,719672427.2990091,35372122.87195126,963358527.5175254,2072197297.0321126,40000000,10.765392835840421,147320955.74209654,132338224.72586977,49325640.48556958,14831276.304859173,0.37078190762147933,12359346.416820027,721421705.9172058,366249336.8716615,828804336.4656966,1916475379.2545638,0.16867313363738204,0.43875711218700225,0.10606490130182067,0.010330112076295835,2021-11-08,2023-04-21,False,False,False,False,False,0.0,0,0,False,[],琬珵集团
2023-03-31,季报,2023-04-30,无保留意见,False,4981221201.493182,4483099081.343864,498122120.14931816,0.9,66685401.75947679,3.973358685294431e-05,1622090.022159327,211819825.77675936,753566852.9410342,38051901.815787055,1073077190.7566043,2192202993.764426,40000000,12.453053003732954,159215264.43509242,142745398.074512,37294139.31219533,16991869.561422676,0.4247967390355669,14867390.498060307,489421871.133199,406615246.6544707,911817147.5753362,1807854265.3630059,0.15676716991449974,0.06787642555927573,0.01895689555591161,0.0346296554307653,2021-11-08,2023-06-11,False,False,False,True,True,0.0,0,0,False,[],琬珵集团
2023-06-30,半年报,2023-08-27,无保留意见,False,4375960895.171909,3938364805.6547184,437596089.5171909,0.9,59451861.48796536,3.592003422162733e-05,1481194.2855984205,180256584.42744553,621394332.2045784,28201386.533941276,968152436.713899,1855359014.035543,40000000,10.939902237929772,175710319.60229167,157385408.24928913,60361827.59822777,23564364.52457036,0.5891091131142591,20914300.249681626,765949554.6093636,375011104.33812404,748051978.8010614,1889012637.748549,-0.12150841768276391,0.19335491245255884,0.0024512286211741804,0.08159345648615286,2021-11-08,2023-10-22,False,True,False,False,True,0.0,3,0,True,"['留存未分配利润的预计用途以及收益情况', '是否影响偿债能力、过去十二个月内是否使用过募集资金补充流动资金以及未来十二个月内是否计划使用募集资金补充流动资金等内容', '根据公司盈利能力、融资能力及其成本、偿债能力及现金流等情况披露现金分红方案的合理性，是否导致公司营运资金不足或者影响公司正常生产经营', '上市公司控股子公司向母公司实施利润分配的情况']",琬珵集团
2023-09-30,季报,2023-10-27,非标准无保留意见,False,4176418155.3420353,3758776339.807832,417641815.53420347,0.9,54072564.55040806,3.206980687527231e-05,1349400.4688691162,148011171.69257396,615010120.7956873,30151826.735961642,892692602.6583169,1680522697.6020968,40000000,10.441045388355088,204095519.28428686,180798690.0156498,0.0,40550285.259993136,1.0137571314998284,33447545.380515236,218178147.8234728,344395118.8647051,703147113.8228483,1265720380.5110261,-0.04559975388492036,0.4187399688003045,0.09218435036061175,0.02815045044330089,2021-11-08,2023-11-11,True,False,False,False,False,8809255.249736259,0,0,True,['留存未分配利润的预计用途以及收益情况'],琬珵集团
2023-12-31,年报,2024-03-30,无保留意见,False,4019542218.5557003,3617587996.7001305,401954221.85556996,0.9,55493986.68256801,3.335731058936605e-05,1516073.4018270653,170709285.37993464,642459712.666935,31501229.38071186,906438703.9833866,1801105621.5568824,40000000,10.048855546389248,216978100.4924107,192676495.6415945,42788084.10316046,18403687.440176927,0.46009218600442314,16968293.75134959,192644172.02141425,350218762.35658276,748439503.4597745,1291302437.8377714,-0.03756231558989737,-0.3848216862829647,-0.008000417149356674,0.11683424641395951,2021-11-08,2024-04-25,False,False,False,False,False,0.0,0,0,False,[],琬珵集团
2024-03-31,季报,2024-04-30,无保留意见,False,3869064672.445416,3482158205.2008743,386906467.2445415,0.9,51576624.88251467,3.268774322256758e-05,1240721.8716285601,164342200.9493616,638492440.4151824,29993070.199982047,892186397.416102,1735777645.9476495,40000000,9.672661681113539,216058921.5110011,191943401.2327371,4099952.984781142,-1313112.8305851128,-0.03282782076462782,-1047277.726939115,578363260.5206198,363888123.4384318,670254193.9243847,1612505577.8834362,-0.03743648851742964,-0.5569137481534467,0.06735762813502266,0.015252906227270728,2021-11-08,2024-06-23,False,False,False,False,False,0.0,0,0,False,[],琬珵集团
2024-06-30,半年报,2024-08-27,无保留意见,False,4044117627.6876607,3639705864.918895,404411762.768766,0.9,49926250.038671084,2.8782201423212226e-05,1258625.2776663576,148687356.15306208,563853487.6718891,26897874.35301525,909266865.4551436,1680754123.4391153,40000000,10.11029406921915,214921885.77505594,190854323.1738597,6350767.678921375,-1624336.765635945,-0.040608419140898626,-1555825.798396314,551571980.1142228,286638700.32304126,668453450.9975966,1506664131.4348607,0.04524425670341736,-0.019839750977340854,-0.0392842789965447,0.09527582224079638,2021-11-08,2024-10-06,False,False,False,True,True,0.0,0,0,False,[],琬珵集团
2024-09-30,季报,2024-10-27,无保留意见,True,4195911929.952569,3776320736.957312,419591192.9952568,0.9,60722995.865826495,3.4991367282205033e-05,1347737.5974558466,170062487.6460643,624174096.1721611,31879408.75695532,951359887.8876228,1822543365.9484367,40000000,10.489779824881419,211596691.474871,187677912.172292,13113946.380804107,-4750277.571692776,-0.1187569392923194,-4537730.002239574,650415496.5721598,342016990.554843,749270164.628085,1741702651.7550879,0.037534591285293795,-0.20330445317444684,-0.046742074949702964,0.04720927215215999,2021-11-08,2024-11-07,False,False,False,False,False,0.0,0,0,False,[],琬珵集团
2024-12-31,年报,2025-03-30,无保留意见,True,4527099879.584761,4074389891.626285,452709987.958476,0.9,54386315.87534723,3.482464409286237e-05,1382849.3593915221,170317798.52415898,643963490.5211133,30816320.218632452,882918513.9085096,1866205392.2294488,40000000,11.3177496989619,205944450.64847878,182714624.18388835,16774787.503624154,-8074629.751988875,-0.20186574379972186,-7090411.4120052,327516358.16093963,414881979.1283631,894306684.7487088,1636705022.0380116,0.07893110131030216,-0.2713818374050691,-0.014582582076387322,0.15433958440793435,2021-11-08,2025-04-11,False,False,True,True,True,0.0,0,8,True,"['留存未分配利润的预计用途以及收益情况', '充分披露高送转的主要考虑及其合理性且送转股后每股收益不低于0.5元', '根据公司盈利能力、融资能力及其成本、偿债能力及现金流等情况披露现金分红方案的合理性，是否导致公司营运资金不足或者影响公司正常生产经营']",琬珵集团
2017-03-31,季报,2017-04-30,无保留意见,False,207952530.20268232,48322124.684920035,159630405.51776227,0.23237093887639915,42107751.00902121,35919368.130386546,3491131.804530141,0.7262921313259822,8649.803018479806,7757.231155181447,4845.781604174851,79072775.04168163,40000000,3.990760137944057,7934099.159945915,6623849.259541515,34250241.02579707,11334427.37135131,0.28336068428378275,9462641.799345022,17658586.03570565,-16685045.326725764,22307052.349443987,23280593.05842387,-0.1131644137902096,0.5741348539639618,-0.06762906112360086,-0.01308522375130374,2021-07-06,2017-05-12,False,False,False,False,False,0.0,0,0,False,[],珏璞建筑
2017-06-30,半年报,2017-08-27,保留意见,False,197255795.80249095,39451159.16049819,157804636.64199275,0.2,35498158.711400256,33747551.44315655,3311232.0684790993,0.6747065349318877,7744.583211079347,7796.4582869335945,4269.057550291672,73413008.75735734,40000000,3.9451159160498186,19760171.563229796,17357755.82957828,44778058.9830742,16894389.1475484,0.42235972868871,15334152.242909668,21288041.83051115,-14502879.425543772,20536816.63230745,27321979.03727483,-0.011437475647873207,0.19622636813259609,-0.06573602610206261,0.00618560356585302,2021-07-06,2017-10-25,False,False,False,False,False,0.0,0,0,False,[],珏璞建筑
2017-09-30,季报,2017-10-27,无保留意见,False,204624785.86068016,41081639.9314309,163543145.92924926,0.20076570762743057,40706697.01123467,39800517.522742644,3642660.686754962,0.7294840683490124,9589.850459503847,8593.160078296962,5182.368230226898,82795433.6336416,40000000,4.088578648231231,38201818.57028362,34589045.73048409,54356543.877206154,26345210.010076895,0.6586302502519223,24616128.429865446,38153029.627526164,-16294909.743961977,20982767.526240394,42840887.40980458,0.03636464307620628,0.2788314260920108,0.03413079485309406,0.041354070186582575,2021-07-06,2017-12-22,False,False,False,False,False,0.0,0,0,False,[],珏璞建筑
2017-12-31,年报,2018-03-30,无保留意见,False,229861883.09292167,52732623.9713407,177129259.12158096,0.22941004076793167,45028765.121038914,40589308.38476677,3685246.258181099,0.827644024729678,10116.692855339898,9317.023159549219,5194.034640706003,89996529.52329478,40000000,4.428231478039524,53395756.99094005,49454072.10316454,68648239.28562061,21705626.315223463,0.5426406578805866,21235751.96097207,23868782.95488294,-17273546.732538275,23189383.89696574,29784620.1193104,0.08307357128992275,-0.10703797937015005,0.0286443331405011,0.02892728100993497,2021-07-06,2018-04-13,False,False,False,False,False,0.0,0,0,False,[],珏璞建筑
2018-03-31,季报,2018-04-30,非标准无保留意见,False,234955830.41386437,51369757.77051533,183586072.64334905,0.21863580776024905,46809762.153244734,43156277.66257725,3936591.849921258,0.8529428558221221,10675.988205931153,10398.207529947711,5657.815002418582,95126487.84781305,40000000,4.589651816083726,67695394.30885954,61965054.10539031,0.0,20428053.311313555,0.5107013327828389,17872831.4317511,21240459.587103583,-18128536.811447002,24169084.487415902,27281007.263072483,0.036452551960013395,-0.03300742361085142,-0.010774233007682616,0.03711051202110043,2021-07-06,2018-05-11,False,False,False,False,False,0.0,0,0,False,[],珏璞建筑
2018-06-30,半年报,2018-08-27,非标准无保留意见,False,298205281.6211582,70948554.28745565,227256727.33370253,0.23791850332680936,53887076.6297403,54732305.47527191,4943582.256164276,1.0911922233341784,13525.642048815562,13803.653250101917,7517.784094444877,119886821.11476533,40000000,5.681418183342563,77835929.22006142,71285263.77495715,13313843.366718618,14486478.444574118,0.36216196111435295,13314585.242238339,48453292.34746302,-20890476.08987738,28899462.550912615,56462278.808498256,0.23787564090001578,-0.15874656416991503,0.01928269556656031,0.11058047360297776,2021-07-06,2018-09-22,False,False,False,False,False,0.0,0,0,False,[],珏璞建筑
2018-09-30,季报,2018-10-27,保留意见,False,268199288.78233027,55192090.434032574,213007198.34829772,0.20578760922377504,53547174.32646073,51386524.69391444,4544757.985992863,1.0073885556939308,11197.16959231875,11507.539830517837,6537.315072974127,109716384.64165922,40000000,5.325179958707443,75133154.28937644,69112223.45034817,8526972.706680698,-3861107.0438356902,-0.09652767609589226,-3104343.3208699827,44615926.66914026,-22322881.32676595,28912487.525970593,51205532.8683449,-0.06270234176381886,-0.5827131643415506,-0.03213089410303433,0.03916937051820459,2021-07-06,2018-12-20,False,False,False,False,False,0.0,0,0,False,[],珏璞建筑
2018-12-31,年报,2019-03-30,无保留意见,False,349488354.5968474,98490365.65137985,250997988.9454676,0.28181301138057513,74934544.01142287,69446021.9028158,6258195.41530109,1.327025847919205,15541.989921144142,17758.770830455967,8908.77042815547,149874890.9422376,40000000,6.27494972363669,71829509.33173491,65914001.70435972,0.0,-4719492.796630761,-0.11798731991576901,-4568888.208554923,49174028.277189635,-28055805.201611258,36200179.46741856,57318402.542996936,0.17835449173435658,-0.06533166497808673,0.07602540215680009,-0.12666445945334057,2021-07-06,2019-04-24,False,False,False,False,False,0.0,0,0,False,[],珏璞建筑
2019-03-31,季报,2019-04-30,无保留意见,False,429379481.77266,139684368.23471326,289695113.53794676,0.3253168215165688,83913779.3375822,74127176.72183415,8235190.8854479175,1.4520963117093666,17978.206741685222,18114.070198499656,10208.192865448878,168211140.04307052,40000000,7.242377838448669,67680377.23850486,62208976.32369069,8345306.977151083,-5927331.561757224,-0.1481832890439306,-5292893.400955748,26689775.296295322,-32618673.223735075,44549594.47367403,38620696.54623428,0.15417304638598747,-0.0983541432877533,0.0435038101359937,-0.05609676107880088,2021-07-06,2019-06-20,False,False,False,False,False,0.0,0,0,False,[],珏璞建筑
2019-06-30,半年报,2019-08-27,非标准无保留意见,False,432646534.4328778,118481075.7853584,314165458.64751935,0.2738519006991837,86070675.00079627,81238637.61441004,7614305.025266287,1.6050862671599533,20070.635308924026,18322.35089452154,10677.415161353883,177275678.4173722,40000000,7.854136466187984,64111932.48360281,59080856.78682518,23004825.293790273,-5097778.221288642,-0.12744445553221606,-4468742.195522165,29678902.203702,-31827298.970257945,46219901.464850836,44071504.69829489,0.08446930571497979,0.07491900846624032,-0.05146492081738512,-0.08639917115926028,2021-07-06,2019-10-06,False,False,False,False,False,0.0,0,0,False,[],珏璞建筑
2019-09-30,季报,2019-10-27,无保留意见,False,428435884.19548756,117558716.81235303,310877167.38313454,0.2743904540888389,80312023.67919755,75939178.13434415,7625413.564568432,1.4996681242600802,19037.07635130266,18150.76441768243,9853.228052139226,170560474.03106606,40000000,7.771929184578363,66652610.16242983,61316498.881874196,5417201.61931605,3629539.5411814675,0.09073848852953668,3193774.421498598,9399875.294459239,-32409152.571483202,44176651.04093702,21167373.763913058,-0.010466749841121732,0.7332511462759022,0.0005385533896551684,-0.04617301846020847,2021-07-06,2019-12-08,False,False,False,False,False,0.0,0,0,False,[],珏璞建筑
2019-12-31,年报,2020-03-30,无保留意见,False,398978380.222113,95112222.3890033,303866157.83310974,0.23838941432378843,69443404.58907072,70273998.71111137,6210584.881438262,1.2186019022005226,16829.734695519342,14755.76346555184,8641.338605975707,144759431.3939036,40000000,7.596653945827743,74526474.4496249,68277443.79379031,23016810.72022976,11248377.553135794,0.28120943882839483,9944207.017023029,68351110.40840404,-28427116.93541145,39592578.79497309,79516572.26796567,-0.02255234634644039,0.3693169203677723,-0.03600103976505044,0.13429053487980372,2021-07-06,2020-05-25,False,False,False,False,False,0.0,0,0,False,[],珏璞建筑
2020-03-31,季报,2020-04-30,无保留意见,False,440426876.5899069,103852949.87778825,336573926.7121186,0.2358006638511493,76626262.28766881,72138826.46767807,7333193.30522946,1.5562281891996144,19346.68721562039,17437.90162142636,11031.394876339962,170180654.12486926,40000000,8.414348167802965,80735305.71330771,74035820.03651117,35020001.016583264,8869758.94811831,0.22174397370295776,8226251.775315504,52430957.72279281,-32889559.072995093,41928455.071514465,61469853.72131218,0.10763873513342273,-0.08420372464022928,-0.0025887504726391296,0.0775440470615487,2021-07-06,2020-06-22,False,False,False,False,False,0.0,0,0,False,[],珏璞建筑
2020-06-30,半年报,2020-08-27,无保留意见,False,601986578.7886076,195935279.588929,406051299.19967866,0.32548114275772455,116341835.56685363,105040390.98664816,9991690.021689858,2.0274809706225505,25214.297214752314,26283.087155198824,13759.487812182448,229365047.84884506,40000000,10.151282479991966,86501458.9245329,79259441.69531071,19114857.740046047,8237361.730321713,0.20593404325804282,7462316.655427917,111205847.97371899,-47091461.524836704,60463855.17852736,124578241.62740964,0.20642529611922666,-0.024445423672669955,0.08968047890657525,-0.042685452878378626,2021-07-06,2020-09-21,False,False,False,False,False,0.0,0,0,False,[],珏璞建筑
2020-09-30,季报,2020-10-27,无保留意见,False,779376660.85098,314766786.38912445,464609874.46185553,0.403869915793269,141862235.1605694,141828836.21601343,12995568.592064112,2.602234591294482,29473.84354837284,35296.169852913335,16841.50578070825,297298966.8742305,40000000,11.615246861546389,88275796.87553893,80720336.5764488,9387063.728331808,2534768.5014371723,0.06336921253592931,2086992.6873401038,38502576.82233452,-61342788.27675701,81605992.07424363,58765780.619821146,0.14421472207476005,-0.22595837432694457,0.07838877303554442,-0.05344175187027587,2021-07-06,2020-12-18,False,False,False,False,False,0.0,0,0,False,[],珏璞建筑
2020-12-31,年报,2021-03-30,非标准无保留意见,False,883006445.2180822,382980985.1115748,500025460.1065074,0.433723884107083,173801086.19114694,153643474.2764521,15879977.48776601,3.0917495368141825,35833.99404674441,36778.79783900866,20479.56562853228,341202294.40424985,40000000,12.500636502662685,93165446.38147387,85049350.50959487,21117509.822925705,6985213.579907063,0.1746303394976766,6184305.618780107,170144548.22004786,-67221454.02854799,83217934.1697268,186141028.36122668,0.07622650225777654,0.22782174655115417,0.029853968313814032,0.14327912669073486,2021-07-06,2021-05-05,False,False,False,False,False,0.0,0,0,False,[],珏璞建筑
2021-03-31,季报,2021-04-30,无保留意见,False,825747095.0211618,309713886.4124323,516033208.6087295,0.3750711183603923,159584603.87143153,146296644.44273818,12877065.310795298,2.914475183805458,30213.823573170866,33566.37791828098,16587.574632906388,300742259.18812424,40000000,12.900830215218237,98363098.98996867,89841245.6130207,21871184.754347827,7425218.012135427,0.18563045030338568,6845564.433465475,61855709.33816276,-63403254.34186226,78765073.90228304,77217528.89858353,0.03201386685152459,0.01834482026864098,-0.058652765746690684,0.18063073621958878,2021-07-06,2021-06-02,False,False,False,False,False,0.0,0,0,False,[],珏璞建筑
2021-06-30,半年报,2021-08-27,无保留意见,False,953390870.9932493,354951532.8612939,598439338.1319554,0.3723043125968921,180491932.06423596,182962483.36388448,16041315.157834612,3.6869742877770193,36410.56061167811,40500.042700259735,21730.77296990584,379220684.8783254,40000000,14.960983453298885,101498957.72137678,92746860.86119646,10806570.87820844,4479798.187725864,0.1119949546931466,4150878.9259653655,71208350.554398,-70781868.10078314,97262915.68014787,97689398.13376273,0.15969152401141007,-0.12058929516805783,-0.0027668057635002363,0.06551388440255022,2021-07-06,2021-10-16,False,False,False,False,False,0.0,0,0,False,[],珏璞建筑
2021-09-30,季报,2021-10-27,无保留意见,False,1000335261.4334782,419520535.1092278,580814726.3242505,0.41937993319165395,175017833.23895273,158389848.57192624,15200857.573409202,2.822681037276606,37343.46754823642,41330.88344417616,22905.781494613024,354911518.6207279,40000000,14.520368158106262,100253598.74561304,91600246.63353287,1090611.094401137,-1779084.2510910537,-0.04447710627727634,-1638020.3252337119,21339068.703197356,-81180554.439256,101007692.90788803,41166207.17182939,-0.029450957991365566,-0.29138460166694735,0.047075620594761856,-0.024722154970072952,2021-07-06,2021-11-30,False,False,False,False,True,0.0,0,0,False,[],珏璞建筑
2021-12-31,年报,2022-03-30,无保留意见,False,847570287.9458102,331385676.5318649,516184611.4139453,0.39098312109903993,150007533.0834448,147512945.60091308,13646484.919951716,2.508869438822147,32486.75499704582,33117.25903563454,18230.9571949269,294689644.7212664,40000000,12.904615285348633,102540721.65212879,93576393.08093323,10170311.206945026,3267318.4378796443,0.08168296094699111,2823066.3534290898,90112000.2527367,-65854015.429181516,86376927.0914562,110634911.91501139,-0.11127492465510294,0.3315439604435385,-0.02839681209261403,-0.04489180900720351,2021-07-06,2022-04-17,True,False,False,True,False,703619.3586064389,0,0,True,"['公司在相应期间是否按照中国证券监督管理委员会相关规定为中小股东参与现金分红决策提供了便利', '根据公司盈利能力、融资能力及其成本、偿债能力及现金流等情况披露现金分红方案的合理性，是否导致公司营运资金不足或者影响公司正常生产经营']",珏璞建筑
2022-03-31,季报,2022-04-30,无保留意见,False,834073846.2627414,308873737.3464006,525200108.9163408,0.37031941323946316,163997286.0214662,142926188.35783198,14432860.090413388,2.963214539431141,36208.12190738071,37586.028095402304,20139.67794162845,323882759.850068,40000000,13.13000272290852,104817382.04067895,95698680.68991725,6665319.793165107,3252371.9836430997,0.0813092995910775,3031839.4414057587,101628170.61933975,-69120295.30355713,86787675.68548524,119295551.00126787,0.017465645629574325,-0.0007374658015245839,-0.020663707859576778,0.1096007787461776,2021-07-06,2022-05-25,False,False,False,False,False,0.0,0,0,False,[],珏璞建筑
2022-06-30,半年报,2022-08-27,保留意见,False,741159258.8162227,231965724.84373796,509193533.9724847,0.3129768967795571,168291693.8937347,135920203.59843925,15044996.031710252,2.635066378433419,35142.44924728016,34581.03373846614,20148.81189797212,311605746.57410115,40000000,12.729838349312118,96306342.0717973,87183549.93855107,12821813.708909,-12158628.526973788,-0.3039657131743447,-12164472.501951706,8861258.394109331,-57642760.13625567,79208187.08547877,30426685.343332432,-0.03047709753313434,-0.7609479286210838,-0.05734251645990608,0.055853650168581064,2021-07-06,2022-09-06,False,True,False,False,True,0.0,0,0,True,"['充分披露高送转的主要考虑及其合理性且送转股后每股收益不低于0.5元', '留存未分配利润的预计用途以及收益情况', '根据公司盈利能力、融资能力及其成本、偿债能力及现金流等情况披露现金分红方案的合理性，是否导致公司营运资金不足或者影响公司正常生产经营', '结合所处行业特点、发展阶段和自身经营模式、盈利水平、偿债能力、资金需求等因素，未进行现金分红或现金分红水平较低原因的说明']",珏璞建筑
2022-09-30,季报,2022-10-27,无保留意见,False,681163342.7454911,152070681.8473836,529092660.8981076,0.22325141754465058,151991353.37691456,135488906.15833795,11977528.40720002,2.603481602548356,31280.92771728676,29810.889005080633,17156.140215459298,271086719.11020774,40000000,13.22731652245269,87279465.08504972,77945360.65373622,27722094.24393891,-12895538.552496554,-0.3223884638124139,-13197413.264021197,94169610.72037737,-53308194.01345922,68206233.02797812,109067649.73489627,0.03907969288293857,-0.1522110066596777,-0.08972547923490648,0.11975597213196414,2021-07-06,2022-11-17,False,False,False,False,False,0.0,0,0,False,[],珏璞建筑
2022-12-31,年报,2023-03-30,无保留意见,False,769903018.1911222,228909939.53483555,540993078.6562866,0.2973230837211896,155994175.5362812,156719062.22270313,13373877.951661022,3.1502110691059686,35367.18091500619,33635.82370260047,17385.11499027247,322266934.85405964,40000000,13.524826966407165,77962085.79416114,68957244.85288261,46517506.60660603,-13310541.844126523,-0.33276354610316305,-12840165.429790879,133147036.37335151,-57284666.730735816,79240125.14747101,155102494.79008672,0.022492124041143743,-0.10111029106690628,0.074071666176539,-0.03657161909631986,2021-07-06,2023-04-19,False,False,False,False,True,0.0,0,0,False,[],珏璞建筑
2023-03-31,季报,2023-04-30,无保留意见,False,834863980.0230465,304688950.31455815,530175029.7084883,0.364956397215924,160224689.98112696,138043175.18076518,13487327.610910265,2.8910623452238995,34351.654944178175,33870.24234871158,18659.879890210726,321709164.4973052,40000000,13.254375742712208,69543426.63822286,61402292.945926495,51585684.193987206,-12026655.937054694,-0.30066639842636733,-10792788.438508723,116537610.22484027,-67777442.68504655,85832323.40114006,134592490.94093376,-0.019996649448211175,0.3479876591168091,0.06763331349473442,-0.0014566400837667688,2021-07-06,2023-06-23,False,False,False,False,True,0.0,0,0,False,[],珏璞建筑
2023-06-30,半年报,2023-08-27,无保留意见,False,889492377.668436,306809383.191335,582682994.477101,0.3449263769921817,173143772.11576766,152838115.16758797,13885840.409622509,2.7723995889516084,36626.74553554282,35387.22447158695,19715.76363456193,322769468.87175006,40000000,14.567074861927525,61377239.27030123,53636112.15176605,34106635.731767766,-11665981.954173764,-0.29164954885434413,-11094543.9916578,163262212.19127384,-69569169.10193469,89028192.65875107,182721235.7480902,0.09903892455569557,0.07252142186746888,-0.020030020223742284,-0.027925678457320517,2021-07-06,2023-09-23,False,False,False,True,False,0.0,0,0,False,[],珏璞建筑
2023-09-30,季报,2023-10-27,无保留意见,False,704557352.2255902,184083833.82781005,520473518.3977801,0.2612758680983415,116336940.27624628,130266019.03552869,12018813.275945408,2.2430043638659183,27759.442136913374,27557.84864712553,17811.48450342649,266466031.21334222,40000000,13.011837959944502,50636366.15114084,44012061.55518399,33743915.66153276,-15344104.455943417,-0.3836026113985854,-13748643.709402932,127594662.22895405,-51942533.124162056,71841481.79183611,147493610.8966281,-0.10676384358041452,-0.6895594409635922,-0.08365050889384018,0.14569447815563977,2021-07-06,2023-11-22,False,False,False,True,True,0.0,0,0,False,[],珏璞建筑
2023-12-31,年报,2024-03-30,非标准无保留意见,False,791702771.4414119,258718939.3806472,532983832.0607647,0.3267879672943561,152613842.93357024,151051291.90486968,13420830.781999772,2.8914450387276007,38425.71581055633,35159.82991649619,17953.550752873773,318059024.85064495,40000000,13.324595801519116,39939854.2253915,34552528.439433575,50473702.40869766,-15280731.322499054,-0.3820182830624763,-13513618.736786302,79377974.70033313,-60184244.56379886,86346203.88626847,105539934.02280274,0.024036407657196793,0.038271214432470696,0.06551209919601457,-0.002915867865646786,2021-07-06,2024-05-24,False,False,False,True,True,0.0,0,0,False,[],珏璞建筑
2024-03-31,季报,2024-04-30,保留意见,False,845829402.9983099,323743768.15442413,522085634.8438858,0.38275303152954004,169046387.89292204,161044975.8142722,15988263.870554945,2.8436301957712042,42699.16085909325,37469.36608673126,20386.7574279836,343668781.91096735,40000000,13.052140871097144,28745553.269860275,24085050.901401985,77452206.00076956,-15991858.507901754,-0.3997964626975439,-14953539.34004513,162809189.22177884,-63940002.07032905,86546641.51914354,185415828.67059332,-0.020447519345458222,-0.413621904888283,0.05596506423518393,0.19602297201373037,2021-07-06,2024-05-21,False,False,False,True,False,0.0,0,0,False,[],珏璞建筑
2024-06-30,半年报,2024-08-27,无保留意见,False,851040235.4072347,316113938.33841246,534926297.0688222,0.3714441752417822,159544245.92595837,169902135.70280105,14895547.400351167,2.8926858267124884,33093.443375020506,36019.685019746066,20102.620878038895,333050335.9762318,40000000,13.373157426720555,17892732.557057712,13951853.681665787,57142586.65155673,-15504029.589717949,-0.38760073974294873,-14475996.028194569,142306423.3093041,-64985495.85751699,87882718.26521154,165203645.71699864,0.02459493494544444,0.48388933697043535,-0.011308856287757825,-0.08380835977061477,2021-07-06,2024-10-08,False,False,True,False,False,0.0,0,5,True,"['公司在相应期间是否按照中国证券监督管理委员会相关规定为中小股东参与现金分红决策提供了便利', '充分披露高送转的主要考虑及其合理性且送转股后每股收益不低于0.5元', '结合前述财务报表列报项目的具体情况说明现金分红方案确定的依据及未来增强投资者回报的规划', '留存未分配利润的预计用途以及收益情况']",珏璞建筑
2024-09-30,季报,2024-10-27,无保留意见,False,977173511.7502451,430158764.9887684,547014746.7614768,0.44020714828659036,186720846.07908463,188894666.8712501,16523865.28744654,3.24894628272363,41731.359782084204,43394.71097941993,21223.83317081335,377683309.14865756,40000000,13.675368669036919,6530567.453185593,3801089.1706573493,78660642.07878056,-16231664.434103027,-0.4057916108525757,-14501092.158583485,77784830.74328434,-76566063.51807845,100061173.53980006,101279940.76500596,0.02259834627479416,-0.4863965486108045,0.06876297304480813,0.22370626538562235,2021-07-06,2024-12-19,False,True,False,True,False,0.0,1,0,True,"['留存未分配利润的预计用途以及收益情况', '公司在相应期间是否按照中国证券监督管理委员会相关规定为中小股东参与现金分红决策提供了便利', '是否影响偿债能力、过去十二个月内是否使用过募集资金补充流动资金以及未来十二个月内是否计划使用募集资金补充流动资金等内容']",珏璞建筑
2024-12-31,年报,2025-03-30,无保留意见,True,995918112.7826228,477208018.282532,518710094.5000909,0.4791639113272069,190157037.08580598,156504520.49909657,15789501.914505405,3.510197819322152,46161.343704142564,43365.754970844784,23570.10151521915,374382344.1702654,40000000,12.967752362502273,-5062120.345600947,-5587224.137553915,33993033.05342591,-16560982.569695057,-0.41402456424237644,-13411876.154587522,16005541.192829723,-77679579.58316329,101928183.81565233,40254145.425318755,-0.05174385595445016,-0.42861238007064906,0.03895676304061656,0.0556332780633024,2021-07-06,2025-05-27,False,False,False,False,False,0.0,0,0,False,[],珏璞建筑
2017-03-31,季报,2017-04-30,无保留意见,False,250891096.1567526,59954498.264204875,190936597.8925477,0.23896622551621483,23028391.313434653,703302.0836159743,129242.74781559418,38585795.6899258,699970.9378263012,5547359.248328541,4773042.072524433,72501250.04817705,40000000,4.773414947313692,-2077414.1940394405,-1784953.2065994372,7484827.755360411,-2967734.5629134867,-0.07419336407283716,-2549933.1522849104,-43303915.08756911,3163093.142429443,45751187.10936012,5610365.164220452,0.060758877180820535,-0.2204296979396382,-0.06103377448378518,-0.0009586159981843573,2021-01-13,2017-06-09,False,False,False,False,False,0.0,0,0,False,[],淼璐能源
2017-06-30,半年报,2017-08-27,无保留意见,False,234506872.40747783,46901374.48149557,187605497.92598227,0.2,23316099.508206517,647004.7267527784,123313.26703740763,35389420.10140731,724514.5086586043,5101137.546935766,4882356.32179253,70357500.01524305,40000000,4.690137448149557,-6714184.514120283,-5952033.967330884,19458261.31353167,-6623957.600115489,-0.16559894000288722,-5952972.515330639,-33290144.280031558,2835073.292248697,40522541.026561484,10067470.038778622,-0.017446105164396247,-0.2605582864431002,-0.06325483875011256,0.09129639669139321,2021-01-13,2017-10-19,False,False,False,False,False,0.0,0,0,False,[],淼璐能源
2017-09-30,季报,2017-10-27,无保留意见,False,253330986.95263958,50666197.39052792,202664789.56211168,0.2,25741943.190898675,753133.1607423495,134159.70588540484,38562456.1153107,787564.4244524792,6326436.197216462,5497559.3374636695,77941796.75715102,40000000,5.066619739052792,-11562785.476952339,-10012322.030243352,5657082.86252175,-6926572.8040457945,-0.17316432010114485,-5800411.518446382,-14491419.573799057,3220051.778141244,45989397.200614765,34718029.40495695,0.08027105709914156,-0.029164800245387756,0.007990947363266915,-0.05317339115413875,2021-01-13,2017-11-06,False,False,False,False,False,0.0,0,0,False,[],淼璐能源
2017-12-31,年报,2018-03-30,无保留意见,False,291292609.8782053,62320504.8561302,228972105.02207512,0.2139446822292798,27092796.5942499,840285.579641307,146173.57407840778,45662877.38899438,923418.5051964116,6240806.045351676,5859133.124120996,86006160.80131035,40000000,5.724302625551878,-13560751.855026023,-11820670.32566136,0.0,-2854237.6829624064,-0.07135594207406017,-2583354.7077400093,-57955527.90433694,3412575.1648717313,46503695.885201,-8039256.854264207,0.1298070351381925,0.4042651067869891,0.03024234809991063,0.08273147396013596,2021-01-13,2018-04-11,False,False,False,False,False,0.0,0,0,False,[],淼璐能源
2018-03-31,季报,2018-04-30,无保留意见,False,297961589.24957806,62254077.45005177,235707511.79952627,0.20893323064506353,28340366.890577212,862418.0857519613,173606.418466072,49453919.706183426,895985.013252897,6879877.921735235,5834929.768064842,89271580.04758342,40000000,5.892687794988157,-13843839.941154907,-12073646.772668507,536878.5490974544,-404411.5516126882,-0.010110288790317206,-361394.9242959249,-5725879.990070643,3501817.9124443573,53223604.01647123,50999541.93884494,0.029415839876223412,0.17318445456976703,-0.0050114515842162545,-0.0684686577397626,2021-01-13,2018-05-10,False,False,False,False,False,0.0,0,0,False,[],淼璐能源
2018-06-30,半年报,2018-08-27,无保留意见,False,347526365.74953705,103866496.28723557,243659869.46230146,0.29887371584949723,33376425.295442317,1041323.7282157072,183945.66634429112,50534095.14743688,1064651.3115493562,8117368.955767113,7035234.72185277,104719458.59018594,40000000,6.091496736557537,-5734217.15337682,-4923568.920124427,13102261.363731606,11585175.411111552,0.2896293852777888,10214396.932205828,-50139226.39132278,4402901.9345386755,56830210.2258,11093885.7690159,0.03373824449658947,0.7224562720395333,0.0899404852044337,0.08156571410690382,2021-01-13,2018-10-17,False,False,False,False,False,0.0,0,0,False,[],淼璐能源
2018-09-30,季报,2018-10-27,无保留意见,False,365071344.2053935,104053597.60818484,261017746.59720865,0.2850226380672679,34956961.86865603,1086731.137131242,191863.63726900925,62327195.258786164,1036609.0025020649,9474262.075046284,7482426.203701905,112384744.69074678,40000000,6.525443664930216,9108245.223968195,7945353.828531936,56375028.9042999,21203517.681921452,0.5300879420480363,18384175.355223376,-41298478.24071874,4949058.885750712,66128107.74515953,29778688.390191503,0.07123814509632545,0.33648008565555587,-0.013851077782229314,0.10966866591715353,2021-01-13,2018-11-30,False,False,False,False,False,0.0,0,0,False,[],淼璐能源
2018-12-31,年报,2019-03-30,无保留意见,False,368473183.4819036,119202141.36628288,249271042.11562073,0.3235028944029983,35940044.33164656,1022886.6733469012,194960.9238700772,56433580.14125295,1098971.5882768019,8282930.692689354,7370583.443611567,110682145.57400498,40000000,6.231776052890519,18310811.00096584,17151010.35500873,14559822.013158182,13146522.538568068,0.3286630634642017,13150937.894966848,-47311185.84562541,4517264.448759605,68588517.87223293,25794596.47536713,-0.04500347058667595,-0.21089668261533126,0.038480256335730385,-0.08431041759821142,2021-01-13,2019-04-24,False,False,False,False,False,0.0,0,0,False,[],淼璐能源
2019-03-31,季报,2019-04-30,无保留意见,False,356694115.5376452,110311699.69214419,246382415.84550104,0.309261338740818,34416066.55425731,988230.4751714638,201167.4480428848,55389155.0564103,1110758.280243257,7770824.210278897,7167787.300632111,105973998.6871462,40000000,6.159560396137526,21163292.837245747,19633541.361476343,12093062.82548849,4074974.051828433,0.10187435129571082,3546472.8663823036,-38291940.5173785,4548984.895846799,66493549.2429814,32750593.621449694,-0.011588294595325947,-0.30091525399435093,-0.014241555662180293,-0.031432541842198784,2021-01-13,2019-05-12,False,False,False,False,False,0.0,0,0,False,[],淼璐能源
2019-06-30,半年报,2019-08-27,无保留意见,False,432482147.18974674,157659297.54858828,274822849.64115846,0.3645452155032356,38726079.918748364,1213231.063849637,220665.5157377107,73121381.09672359,1396709.9197741356,10015945.95108006,8808203.63644267,126917273.58154017,40000000,6.870571241028961,23866245.29484694,21942449.586789515,10189105.676000409,3861360.6537159905,0.09653401634289976,3298440.32187596,-74085974.25017224,5430201.868278439,77459775.10585482,8804002.723961025,0.11543207618149016,-0.010135879531197368,0.05528387676241757,-0.039240998060446314,2021-01-13,2019-10-10,False,False,False,False,False,0.0,0,0,False,[],淼璐能源
2019-09-30,季报,2019-10-27,无保留意见,False,463909550.1753453,176303219.49561998,287606330.6797253,0.38003791779880824,35205168.4743209,1177414.645171418,240849.3332290742,67377963.61922808,1242685.6090839421,10495687.489533195,8949821.090410117,127997464.12081161,40000000,7.190158266993132,31620470.47249392,28163407.685718253,52497502.27099106,11077464.539495684,0.2769366134873921,8887082.998469628,-89023414.8892296,5500425.852042368,80252215.48536794,-3270773.5518192947,0.04651534999822053,0.3459076330428285,0.015492702295572633,0.061621927908467704,2021-01-13,2019-11-29,False,False,False,False,False,0.0,0,0,False,[],淼璐能源
2019-12-31,年报,2020-03-30,无保留意见,False,406551088.81537354,151911313.0503183,254639775.7650552,0.373658605842046,37251516.105982915,1156775.537551648,221870.18801404527,61713843.82708639,1239990.412457397,9868623.569394916,8374652.280594231,123146733.28812192,40000000,6.36599439412638,43134333.62530107,38798135.644802675,33203174.98619368,16448375.932581637,0.41120939831454095,15192468.512977747,-77643614.90360506,4909015.841346992,69388959.73210137,-3345639.330156699,-0.11462388479682403,0.19128904554507972,-0.006379311956762161,-0.019836275133687176,2021-01-13,2020-05-14,False,False,False,False,False,0.0,0,0,False,[],淼璐能源
2020-03-31,季报,2020-04-30,无保留意见,False,457209329.18516195,212285297.41509134,244924031.7700706,0.4643065743943283,42694632.73838536,1254967.6424036308,229564.8650972729,65890778.47739683,1264873.0805317473,10198421.286172027,9090163.198382432,131777135.1385282,40000000,6.123100794251766,54595720.65645096,48635202.18000697,45840230.4809447,16373410.044499844,0.40933525111249613,14052952.193148999,-23295737.78591912,5542845.889845877,79688544.3089836,61935652.41291036,-0.03815485607381649,-0.002241241495039781,0.09064796855228224,-0.013377278306858075,2021-01-13,2020-06-01,False,False,False,False,False,0.0,0,0,False,[],淼璐能源
2020-06-30,半年报,2020-08-27,无保留意见,False,452111616.9423394,188560482.92627335,263551134.01606607,0.41706621962408374,36599419.80196479,1146478.9532041585,218649.28053054726,71181940.64200293,1294221.800635015,9450292.969846977,7869880.3652692335,123828384.7055802,40000000,6.588778350401652,57857278.58886766,51563712.661343426,11872291.307756484,4659368.474880997,0.11648421187202493,4183586.4019092172,-25489328.27587374,5503090.745811588,83188526.93866271,63202289.408600554,0.07605257071499706,-0.35099924023345025,-0.04724035477024453,0.1293984483251957,2021-01-13,2020-09-23,False,False,False,False,False,0.0,0,0,False,[],淼璐能源
2020-09-30,季报,2020-10-27,无保留意见,False,556011861.1034105,279738859.8976849,276273001.20572567,0.5031167129106573,41881786.50546425,1391295.4711904284,243590.15129741043,70828229.43296422,1446284.1024407255,9960393.867324114,10369595.618498176,145547757.00630105,40000000,6.906825030143142,52611045.1527325,46595052.360836245,35005612.24174681,-7494619.194478799,-0.18736547986196997,-7098086.1435816875,-14384218.43112259,6659153.810517435,92407261.93333484,84682197.31272969,0.04827096357279992,-0.561142292004272,0.08605049328657349,-0.03628945836771369,2021-01-13,2020-12-18,False,False,False,False,False,0.0,0,0,False,[],淼璐能源
2020-12-31,年报,2021-03-30,无保留意见,False,604959157.3023744,310326792.08741623,294632365.21495813,0.5129714764071367,55800496.10630964,1906537.5775912483,303304.5023523226,93315370.00154053,1767765.569409419,14035530.358474946,12281599.83178017,182618744.43520415,40000000,7.365809130373953,50669356.1271026,44775523.62417807,11253837.319574762,-2773841.465185564,-0.0693460366296391,-2599326.7666545436,-80741956.4479516,7782162.545582352,107556804.69184668,34597010.78947744,0.06645370314546666,0.4966426728060353,0.009854763496479457,0.05127700451155674,2021-01-13,2021-04-22,False,True,False,False,False,0.0,4,0,True,"['充分披露高送转的主要考虑及其合理性且送转股后每股收益不低于0.5元', '根据公司盈利能力、融资能力及其成本、偿债能力及现金流等情况披露现金分红方案的合理性，是否导致公司营运资金不足或者影响公司正常生产经营', '是否影响偿债能力、过去十二个月内是否使用过募集资金补充流动资金以及未来十二个月内是否计划使用募集资金补充流动资金等内容', '结合所处行业特点、发展阶段和自身经营模式、盈利水平、偿债能力、资金需求等因素，未进行现金分红或现金分红水平较低原因的说明']",淼璐能源
2021-03-31,季报,2021-04-30,无保留意见,False,649767606.6920984,349794123.56462854,299973483.1274699,0.5383372762231027,58838873.622986935,1715618.289408035,312245.3346734262,98542654.97166988,1687406.6254039225,13306109.11759578,12419756.24847374,180811448.77679476,40000000,7.499337078186747,50986211.35219759,45096118.483654015,756907.8190574255,452650.3215642795,0.011316258039106988,457992.6563942159,-47179082.00709458,7873274.749440678,118422878.47526547,79117071.21761158,0.018128076013017226,0.2267999318898305,0.025365799815965994,0.007283590922055304,2021-01-13,2021-06-27,False,False,False,False,False,0.0,0,0,False,[],淼璐能源
2021-06-30,半年报,2021-08-27,无保留意见,False,490740274.2484298,252222003.54949167,238518270.6989381,0.5139623071201369,45386281.62176232,1350982.9801362178,251568.35436069954,65701414.28238073,1422504.4380461413,10956990.134269323,10051651.547179934,142982134.36862457,40000000,5.962956767473453,50162331.12771377,44302509.3889461,1776066.4198616678,-1176971.7492626049,-0.02942429373156512,-1133727.2781541538,-83943128.92545323,5841817.275285834,87159166.58049613,9057854.930328742,-0.20486881636273566,-0.09337390257646659,-0.02437496910296576,0.11713667777870067,2021-01-13,2021-09-24,False,True,True,False,True,0.0,2,6,True,"['是否影响偿债能力、过去十二个月内是否使用过募集资金补充流动资金以及未来十二个月内是否计划使用募集资金补充流动资金等内容', '公司为增强投资者回报水平拟采取的措施', '上市公司控股子公司向母公司实施利润分配的情况']",淼璐能源
2021-09-30,季报,2021-10-27,保留意见,False,648163361.7755891,361726430.77331185,286436931.00227726,0.5580791079927638,65188571.9008757,1831595.063208852,333282.4740475116,105806447.48800895,2062363.6641337473,15330169.675503815,14101600.466503752,193543168.46257654,40000000,7.160923275056931,50107622.41435196,44255616.3322795,58701.18009493763,-78155.30480257794,-0.0019538826200644487,-66990.08095228732,-109819870.90828916,7382315.930633581,115307436.7201603,12869881.742504716,0.20090142429308047,0.06944413086090648,0.044116800872626906,-0.0812788327459594,2021-01-13,2021-11-17,False,False,True,False,False,0.0,0,7,True,"['根据公司盈利能力、融资能力及其成本、偿债能力及现金流等情况披露现金分红方案的合理性，是否导致公司营运资金不足或者影响公司正常生产经营', '是否影响偿债能力、过去十二个月内是否使用过募集资金补充流动资金以及未来十二个月内是否计划使用募集资金补充流动资金等内容', '公司为增强投资者回报水平拟采取的措施']",淼璐能源
2021-12-31,年报,2022-03-30,非标准无保留意见,False,708231923.4457101,452312272.2924298,255919651.15328026,0.6386499355914759,67927488.5335889,1821665.7023344757,372945.611206521,98185525.64422713,2102874.722983347,15656696.97611083,13473913.55824305,201409623.89726233,40000000,6.397991278832007,45331128.41720459,40092758.79968745,8344415.088983883,-6823562.8530676775,-0.17058907132669193,-5946939.332274357,-135787721.8402572,8357674.529353431,129856484.04790854,2426436.737004772,-0.10654100971621705,-0.3986212892131973,0.08057082759871198,0.053111851539737305,2021-01-13,2022-05-01,False,True,True,False,False,0.0,2,9,True,"['公司为增强投资者回报水平拟采取的措施', '充分披露高送转的主要考虑及其合理性且送转股后每股收益不低于0.5元', '上市公司控股子公司向母公司实施利润分配的情况', '留存未分配利润的预计用途以及收益情况']",淼璐能源
2022-03-31,季报,2022-04-30,无保留意见,False,732616734.677381,473030924.7575849,259585809.91979614,0.6456731089631624,63681323.31331919,1990870.7923297952,360332.442252974,119102623.33410665,2321727.683369214,17022203.344055586,15012355.485339826,216488705.3325976,40000000,6.489645247994903,46777796.90964061,41322491.77804576,1992515.5690458363,2066669.2749086097,0.05166673187271524,1756761.3976547224,-9164809.990005707,9587906.778822757,139904381.16610584,140327477.95492288,0.014325428899244909,0.8736094960952263,0.007023173371686693,0.018657804002688114,2021-01-13,2022-06-13,True,False,False,False,False,2936783.50813309,0,0,True,"['结合所处行业特点、发展阶段和自身经营模式、盈利水平、偿债能力、资金需求等因素，未进行现金分红或现金分红水平较低原因的说明', '留存未分配利润的预计用途以及收益情况']",淼璐能源
2022-06-30,半年报,2022-08-27,无保留意见,False,794745849.2103566,519382164.351261,275363684.8590956,0.6535198200371963,69844263.05797943,2048624.167256622,341732.55860145873,113119123.23697428,2125631.2870207406,15673647.610145172,13897653.031351298,213969582.5841204,40000000,6.884092121477389,51808920.11614748,45818761.93721372,21765421.518742483,7187318.866438374,0.17968297166095934,6423243.084525659,-58602398.89615146,9559393.798236445,148740682.47154546,99697677.37363043,0.06078096080896848,0.26856550127863416,0.00784671107403381,-0.04684436197278156,2021-01-13,2022-10-07,False,False,False,False,False,0.0,0,0,False,[],淼璐能源
2022-09-30,季报,2022-10-27,无保留意见,False,855332646.4431312,589441585.612542,265891060.83058923,0.6891372474366702,77772195.41354853,2427908.7713913606,479590.6720437735,123342790.89855082,2622031.9284076607,18583114.626594886,15876202.388127388,254093803.27653605,40000000,6.647276520764731,63044143.362670414,56008525.44292502,0.0,16050318.92360419,0.40125797309010475,14556805.008158993,-167779360.67104632,11031465.700157817,152261870.42712376,-4486024.54376474,-0.03440041134455889,0.3664316870384448,0.03561742739947384,0.23117903765819808,2021-01-13,2022-12-23,False,True,False,False,False,0.0,3,0,True,"['是否影响偿债能力、过去十二个月内是否使用过募集资金补充流动资金以及未来十二个月内是否计划使用募集资金补充流动资金等内容', '结合前述财务报表列报项目的具体情况说明现金分红方案确定的依据及未来增强投资者回报的规划', '上市公司控股子公司向母公司实施利润分配的情况']",淼璐能源
2022-12-31,年报,2023-03-30,无保留意见,False,1018355583.6834381,750134108.5917294,268221475.09170866,0.7366131443777826,99127184.193397,2786013.2149357335,493700.2619109502,148747074.44898546,3017456.6537169483,21983736.851909846,19318899.35123739,297789031.9041424,40000000,6.705536877292716,64252026.76341729,57037218.7010814,3031305.083376827,1725547.715352688,0.0431386928838172,1469561.7973662633,-139016976.46666983,12250134.176543921,187157837.59472513,60390995.304599226,0.008764545351166497,-0.43342308560964904,0.04747589694111245,-0.01793235901350136,2021-01-13,2023-05-18,False,False,False,False,False,0.0,0,0,False,[],淼璐能源
2023-03-31,季报,2023-04-30,无保留意见,False,1154263014.647841,899727705.1625092,254535309.48533165,0.7794824002370128,94266139.66637333,3135010.1048141792,591989.9920934412,159330052.60009807,3238676.9299207656,22089793.7206607,22189881.292889576,320151239.17296493,40000000,6.363382737133291,67004888.58936299,59564366.86287707,13980153.100556523,3932659.7513510063,0.09831649378377516,3610211.6597080985,-63954074.29265132,14061397.770927137,203010142.94118422,153117466.41946006,-0.05102561456608765,0.11786635400729838,0.04286925585923024,0.053166800697317905,2021-01-13,2023-05-28,False,True,False,False,False,0.0,3,0,True,"['结合所处行业特点、发展阶段和自身经营模式、盈利水平、偿债能力、资金需求等因素，未进行现金分红或现金分红水平较低原因的说明', '留存未分配利润的预计用途以及收益情况', '上市公司控股子公司向母公司实施利润分配的情况', '充分披露高送转的主要考虑及其合理性且送转股后每股收益不低于0.5元']",淼璐能源
2023-06-30,半年报,2023-08-27,保留意见,False,943449676.4623318,680456410.9873352,262993265.4749966,0.7212429321496546,85914396.40567377,2756272.9548119493,477282.31360207585,145528165.03098568,2904537.6384111596,21711338.937915772,18715053.862502307,271645632.5189549,40000000,6.574831636874915,63047516.16949674,55796954.32073783,13455736.909592839,-5653389.171237495,-0.14133472928093738,-5382017.9173417725,-182881538.70636168,11683414.920889653,167056133.2047921,-4141990.5806799233,0.03322900860696652,-0.457947008954264,-0.058239468087358116,-0.05699388724535581,2021-01-13,2023-10-06,False,False,False,False,False,0.0,0,0,False,[],淼璐能源
2023-09-30,季报,2023-10-27,无保留意见,False,1053621543.0754185,785452112.8032243,268169430.27219418,0.7454784101230184,86034347.68996762,3075398.146201128,537115.1518093373,167235270.17926857,3359178.7953123604,23309529.444095813,22769581.010431528,306814822.43996495,40000000,6.704235756804854,53579532.005635425,47545048.03541837,30224674.17473747,-13525691.662659025,-0.33814229156647563,-11788437.550456375,-119468378.86151382,13401907.41188899,178864655.87078044,72798184.4211556,0.019681738951941728,-0.6938021062171308,0.024235477973363794,-0.07950520395585572,2021-01-13,2023-11-20,False,True,False,False,True,0.0,1,0,True,"['根据公司盈利能力、融资能力及其成本、偿债能力及现金流等情况披露现金分红方案的合理性，是否导致公司营运资金不足或者影响公司正常生产经营', '公司为增强投资者回报水平拟采取的措施', '上市公司控股子公司向母公司实施利润分配的情况', '结合前述财务报表列报项目的具体情况说明现金分红方案确定的依据及未来增强投资者回报的规划']",淼璐能源
2023-12-31,年报,2024-03-30,无保留意见,True,1340526746.3443775,1094685369.8400013,245841376.5043762,0.816608376390261,116942058.7583338,3789824.8190823635,671722.7499075797,207330109.96369597,3675429.6572661325,28484041.126208004,25810777.468192585,368793806.66514075,40000000,6.146034412609405,44450682.280692644,38418879.15083057,39785772.38777338,-13041213.892775398,-0.32603034731938496,-13037384.120839711,-48558143.237427615,16347424.143598862,236224707.22927067,204013988.1354419,-0.0832609956517223,0.13944581851777058,0.07112996626724263,-0.01790347792840442,2021-01-13,2024-04-10,False,False,True,False,False,0.0,0,7,True,"['充分披露高送转的主要考虑及其合理性且送转股后每股收益不低于0.5元', '结合前述财务报表列报项目的具体情况说明现金分红方案确定的依据及未来增强投资者回报的规划']",淼璐能源
2024-03-31,季报,2024-04-30,无保留意见,False,1550672403.383512,1289851909.389045,260820493.9944671,0.8318016794357299,141017990.39137283,4338093.147702845,715172.1099748744,220474139.15898457,4590746.229585976,32144882.60616601,28614528.505567316,432027662.9559934,40000000,6.5205123498616775,34890340.807246536,29482635.66546534,53904074.723147154,-13657630.676351596,-0.3414407669087899,-12766062.121950332,-114497856.90076539,20021666.729806945,275800011.01382166,181323820.8428632,0.060930009842440916,-0.15570853460642053,0.015193303045468926,0.28154633074151647,2021-01-13,2024-05-10,False,False,False,False,True,0.0,0,0,False,[],淼璐能源
2024-06-30,半年报,2024-08-27,无保留意见,False,2164497644.0317717,1901636543.4768093,262861100.5549622,0.878557917917002,195080646.7880017,6146890.661873694,995495.7209360326,287804790.2923002,6692499.062228329,47564199.04383582,39755141.68140653,618506783.9688137,40000000,6.571527513874055,27463481.405094195,23482543.81749266,12920866.273427147,-10609799.14593191,-0.26524497864829777,-8571559.782818114,-58519784.71459418,26429442.28127637,384189828.6449173,352099486.2115995,0.007823796854469506,0.9118775441287226,0.04675623848127192,0.006856100550747731,2021-01-13,2024-10-14,False,False,False,False,False,0.0,0,0,False,[],淼璐能源
2024-09-30,季报,2024-10-27,无保留意见,False,2646881305.9693155,2382193175.372384,264688130.59693152,0.9,244175886.78960168,7057454.179431992,1228396.259545085,398561987.09638256,7469326.921605176,60837677.11649923,48532076.66692894,723106324.5023708,40000000,6.617203264923288,21287686.66518146,17832485.189685177,43668052.34521455,-8822563.914161049,-0.22056409785402623,-8071512.325439259,-48908021.29260356,31530158.67274015,481533862.0319573,464155999.41209394,0.006950553117642896,0.27968373335762736,0.025710721642868858,-0.06102156455444745,2021-01-13,2024-12-03,False,False,True,False,True,0.0,0,6,True,['公司为增强投资者回报水平拟采取的措施'],淼璐能源
2024-12-31,年报,2025-03-30,无保留意见,False,2664799550.8445234,2366667732.989877,298131817.8546461,0.8881222350250837,260585761.01819754,8175894.521148026,1483397.6574455043,439951137.18734133,8737521.044201305,63539362.8639124,57305327.18142751,853645281.2973832,40000000,7.453295446366152,17557336.138485644,14419049.55787458,0.0,-5329072.1809940245,-0.1332268045248506,-4876336.616872282,-26666329.84216193,34199258.3948402,459099622.1146918,466632550.6673701,0.12635129192341005,0.42721113274327904,-0.016146404534786944,-0.0838986944588776,2021-01-13,2025-04-09,False,False,False,False,False,0.0,0,0,False,[],淼璐能源
2017-03-31,季报,2017-04-30,无保留意见,False,247428105.3258868,72829690.54835193,174598414.77753487,0.294346878873878,76973108.60815029,3.0398191130354007e-13,11625626.008265372,0.19432149856521508,3119264.2227040287,1355585.9925130142,13259979.68017296,102841678.5141426,40000000,4.364960369438371,5010321.590025815,4514784.114749578,25436077.136987865,7157602.2714654505,0.17894005678663627,6449691.592499398,-5617812.766651264,9153845.73546134,38439738.78753181,41975771.75634188,-0.03000880679147303,0.3420890150814139,-0.005653121126121964,0.06613938154038908,2021-09-29,2017-05-27,False,False,False,False,False,0.0,0,0,False,[],颢琮交通
2017-06-30,半年报,2017-08-27,无保留意见,False,275709905.9028801,86823293.41666321,188886612.48621687,0.3149081391629326,79811481.40287353,3.2039099723527485e-13,10939319.01289045,0.18945381669287095,2843991.398305792,1279670.2113146195,14271904.519499084,103581631.36688414,40000000,4.722165312155422,14626385.291516863,12899881.609154282,47422441.54628861,13737233.859272927,0.34343084648182315,11978710.706292436,-43080565.7818009,11188341.877953604,41926826.213810086,10034602.309962787,0.0818346359380603,0.2723627748263422,0.020561260289054573,0.17018181839773724,2021-09-29,2017-10-20,False,False,False,False,False,0.0,0,0,False,[],颢琮交通
2017-09-30,季报,2017-10-27,保留意见,False,271514784.3784939,89183247.69566889,182331536.68282503,0.3284655305228119,74241552.60362355,3.2754693751396943e-13,11517312.944879385,0.21389838262259595,3109956.7576530967,1243634.4581991774,13767717.845731374,110061636.96297435,40000000,4.558288417070626,27196149.72437,22648262.791821405,62855212.17941973,17956806.33264734,0.4489201583161835,13926258.832381608,-26599613.902522534,11713833.675199533,38755966.53315299,23870186.305829987,-0.03470376072242905,0.13727886161432937,0.01355739135987931,-0.08265899129597834,2021-09-29,2017-12-15,False,False,False,False,False,0.0,0,0,False,[],颢琮交通
2017-12-31,年报,2018-03-30,无保留意见,False,297634025.0014715,136604200.603617,161029824.39785454,0.45896701696972186,93250408.79843742,3.9042507677958227e-13,16256906.543822655,0.22793615177355622,3723765.024299014,1623266.5520243743,16891002.708650887,131077882.78160101,40000000,4.025745609946363,41808203.4537592,34665961.6055738,17425842.63475361,20874362.470556006,0.5218590617639002,17168141.16250342,-27806157.053458612,11942486.690954518,47610987.23924517,31747316.876741074,-0.11682955495530045,0.08346174733885404,0.13050148644690993,-0.02862462323417285,2021-09-29,2018-04-20,False,False,False,False,False,0.0,0,0,False,[],颢琮交通
2018-03-31,季报,2018-04-30,无保留意见,False,319573008.7797136,150877952.67503962,168695056.10467395,0.47212357905683466,91699756.78965916,4.028298609981631e-13,14066929.135183956,0.23997978964384642,4046714.4830418522,1568301.0250276502,17260349.56442582,132346176.6043799,40000000,4.217376402616849,58613100.23090951,49915151.52610701,45356646.05957743,24006995.395929016,0.6001748848982255,21784557.02933316,-49945406.87977761,13570973.891691573,43724697.20171463,7350264.21362859,0.047601316932948994,0.0827111724404168,0.013156562087112834,0.08338534279062244,2021-09-29,2018-05-29,False,False,False,False,False,0.0,0,0,False,[],颢琮交通
2018-06-30,半年报,2018-08-27,非标准无保留意见,False,383826800.51618093,200071523.891876,183755276.62430492,0.5212547003565522,102975584.45517677,4.881604522349201e-13,17093959.014984544,0.2723588737752503,4752979.702762888,1632092.0765324533,20072218.224676527,153449143.5171391,40000000,4.593881915607623,79232486.27518633,70053532.9727975,26881798.703681186,29456265.777538314,0.7364066444384578,28769116.352414962,-38857949.47040621,14273838.575452331,60752805.72683729,36168694.831883416,0.08927481852394198,0.13288636070494156,0.04913112129971746,0.10468502170870266,2021-09-29,2018-09-19,False,False,False,False,False,0.0,0,0,False,[],颢琮交通
2018-09-30,季报,2018-10-27,无保留意见,False,450249884.7271136,236764588.38420704,213485296.3429066,0.5258515247098947,135994029.11034194,5.58871623723465e-13,20618813.750804152,0.33858071574183163,5123713.060875502,2203726.408651744,23053270.44431354,184618915.2624327,40000000,5.337132408572665,90003291.844478,80520945.99946137,50342836.18570249,15386865.0989881,0.3846716274747025,14953447.180948388,-79509492.87140165,17057611.972082403,64018422.92463582,1566542.0253165737,0.16179137962598975,-0.3028525957278467,0.004596824353342599,-0.014792245268791354,2021-09-29,2018-11-10,False,False,False,False,False,0.0,0,0,False,[],颢琮交通
2018-12-31,年报,2019-03-30,无保留意见,False,507221817.2211742,289972146.2041291,217249671.01704508,0.5716870535907699,147422038.20532584,7.034808685828729e-13,22421119.949628804,0.39509243972187585,6428519.426471098,2654364.2000691094,29128590.486688033,216773035.25580996,40000000,5.431241775426127,111915703.35295382,98884240.71445341,79419815.48678356,31303445.012108326,0.7825861253027081,26233278.16427436,-62557634.11569967,19280422.903276667,78312777.9988053,35035566.786382295,0.017632945868515697,0.4914517000787929,0.0458355288808752,-0.006392050472653722,2021-09-29,2019-05-18,False,False,False,False,False,0.0,0,0,False,[],颢琮交通
2019-03-31,季报,2019-04-30,保留意见,False,723319878.1827109,464490623.2274487,258829254.9552622,0.6421648806257723,189914519.76558417,8.218086904962812e-13,32167965.644207146,0.4806533287351242,7978329.148041127,3459351.8272925946,39639471.088054,279402187.73935944,40000000,6.470731373881556,128697409.31650633,113714255.40309584,35569040.75996877,23973865.662217848,0.5993466415554461,21185735.269489214,-58617513.05426579,27640919.82925919,111239748.71567212,80263155.49066553,0.19139077975844154,-0.15174030233357383,0.07047782703500234,0.05356193862355448,2021-09-29,2019-06-01,False,False,False,False,False,0.0,0,0,False,[],颢琮交通
2019-06-30,半年报,2019-08-27,无保留意见,False,667557108.2202127,412224447.21768254,255332661.0025301,0.617511883465255,167977783.1479564,7.434520297250942e-13,25937163.684418596,0.4402797307229078,7010237.263940532,2854478.7789706024,30511632.171531282,237801641.79503843,40000000,6.383316525063252,140903579.85896105,124528800.92363136,50748180.96795707,17437386.48922103,0.43593466223052574,15449350.743622143,-83575537.17742586,25787008.374306597,105700630.22294295,47912101.419823684,-0.013509268700466181,-0.15952800809380616,-0.02465299716051726,-0.02155931485396816,2021-09-29,2019-09-06,False,False,False,False,False,0.0,0,0,False,[],颢琮交通
2019-09-30,季报,2019-10-27,无保留意见,False,939307014.6661053,622130537.7365047,317176476.92960054,0.6623292789500278,242042027.72507635,1.0709613605040831e-12,38727565.62651217,0.58418352065643,10361060.856940443,4175857.11511252,46701781.12732684,353440922.44331926,40000000,7.929411923240013,170397347.865833,151406396.23661438,136524253.95685068,42133954.295531385,1.0533488573882845,38396564.73283291,-33306459.14490963,35408199.50543944,151312466.52954128,153414206.8900711,0.24220879414426982,0.7171440786901884,0.044817395484772836,0.12973962941538963,2021-09-29,2019-11-11,False,False,False,False,False,0.0,0,0,False,[],颢琮交通
2019-12-31,年报,2020-03-30,无保留意见,False,768009722.863538,457854228.339206,310155494.52433205,0.5961568124842069,203071030.30210954,9.85752283855999e-13,32683421.983903177,0.6080536941792681,9412911.62277011,3753109.976894257,45522186.454220235,309365456.0583965,40000000,7.753887363108301,205610769.79297215,188006497.58602938,182326207.92497638,50304888.4673416,1.25762221168354,52285859.070592836,-104163333.68560614,31948762.58237216,113131908.49853735,40917337.39530337,-0.0221358862209283,0.13817669170193939,-0.06617246646582092,0.12838781372965444,2021-09-29,2020-04-21,False,False,False,False,False,0.0,0,0,False,[],颢琮交通
2020-03-31,季报,2020-04-30,无保留意见,False,706056278.3344538,385962083.4044959,320094194.929958,0.5466449279580917,200650256.0641735,9.239326283937766e-13,29502620.508754347,0.41523034114422486,6747741.893644828,3244215.180990629,34146225.109448284,267513017.40439498,40000000,8.00235487324895,233133680.29421002,212796703.26688167,70258900.8535225,39318443.57319695,0.9829610893299237,35414579.544074714,-28732671.421264336,29088050.500746742,106367769.86349721,106723148.94297962,0.03204425064552976,-0.16323398113163226,-0.04951188452611516,-0.05553130478674964,2021-09-29,2020-06-18,False,False,False,False,False,0.0,0,0,False,[],颢琮交通
2020-06-30,半年报,2020-08-27,非标准无保留意见,False,927668725.2047851,547098251.1821958,380570474.0225894,0.5897560587282087,248337882.71455345,1.2724171397350938e-12,39373824.25329225,0.6743175036701627,11666727.366677226,4093239.743259084,47395207.20340907,367034982.18538445,40000000,9.514261850564735,263867059.35087904,238416687.64694762,202862049.7360717,43904827.223812856,1.0976206805953215,36599977.68580848,-134363677.26281786,35517412.48250645,139046981.40074202,40200716.62043062,0.18893275807724208,0.08143661933155161,0.04311113077011705,0.1192566418139096,2021-09-29,2020-10-01,False,False,False,False,False,0.0,0,0,False,[],颢琮交通
2020-09-30,季报,2020-10-27,无保留意见,False,972816551.213036,557489318.459425,415327232.75361097,0.5730672630561988,279616471.591714,1.2398286268709672e-12,44246637.26136046,0.6983576097260248,12033279.17246948,4780807.863690982,54838903.788917914,399845539.9232889,40000000,10.383180818840275,339115572.48352873,300600654.02576786,524894722.37362134,107497875.9037853,2.6874468975946324,88834237.68402894,-139906992.88654506,38924978.23405642,145381769.51488367,44399754.86239502,0.09132804855733109,1.044138068831242,-0.01668879567200997,0.02091819384819061,2021-09-29,2020-11-20,False,False,False,False,False,0.0,0,0,False,[],颢琮交通
2020-12-31,年报,2021-03-30,非标准无保留意见,False,813517029.3208337,448721516.5434598,364795512.77737385,0.5515822046381449,243041585.39179197,1.1339389148721568e-12,34526693.085407585,0.6123659576755447,9787320.957884194,4378650.50231639,42520881.41162188,331917678.55166084,40000000,9.119887819434346,390332388.11675936,343468466.74421984,132193819.71515785,73166879.47604372,1.829171986901093,61239732.45493145,-16296038.189734902,30701001.29416303,128329189.49713221,142734152.60156035,-0.12166724450311828,-0.27575567999467976,-0.021485058418053916,0.01732604103282674,2021-09-29,2021-04-16,False,False,False,False,False,0.0,0,0,False,[],颢琮交通
2021-03-31,季报,2021-04-30,无保留意见,False,953372275.5347791,547097772.3886052,406274503.1461738,0.5738553411171092,276237839.3103908,1.2720546359382136e-12,39212632.47784012,0.7282477356798204,11389178.195827542,4455505.781903657,50442230.56853351,392589140.0441418,40000000,10.156862578654344,469118216.32414556,414424106.0351163,458837049.6184026,112551183.15340886,2.8137795788352213,101365198.98699488,-11264169.109000033,36903055.368234485,147825248.429923,173464134.68915746,0.11370477134710161,0.43679346458728324,0.02227313647896446,-0.17135617080193286,2021-09-29,2021-06-04,False,False,False,False,False,0.0,0,0,False,[],颢琮交通
2021-06-30,半年报,2021-08-27,保留意见,False,918031705.9513557,509310858.76271254,408720847.1886432,0.5547856958109241,264191829.87264764,1.2194622792715308e-12,41289715.16355942,0.6519599406474436,10554863.586042568,4337181.658304738,57071790.72100808,388011239.5825961,40000000,10.21802117971608,503940077.0505822,446859597.5266188,134038459.08486621,49745515.32348081,1.2436378830870203,46336416.41643216,-82671788.21996443,36420744.849424526,128456326.29638308,82205282.92584318,0.0060214067669150835,-0.48479424348874006,-0.019069645306185243,-0.047183840971222524,2021-09-29,2021-09-23,False,False,False,False,False,0.0,0,0,False,[],颢琮交通
2021-09-30,季报,2021-10-27,无保留意见,False,874876529.3936164,493004470.41965073,381872058.97396564,0.563513197412389,246022051.06956464,1.2316230725193765e-12,42707193.33957859,0.6578002229368558,10881925.909701495,4236322.495832886,53104884.606882885,373295515.92916954,40000000,9.546801474349142,544538468.6337492,486118911.18699825,263807697.37857345,57997702.26166724,1.449942556541681,56084733.80054217,-53032527.28526616,36295921.72768733,137390252.94969854,120653647.3921197,-0.0656897939005435,0.12363657540424049,0.008727501601464956,0.03967156347887738,2021-09-29,2021-11-23,False,False,False,False,False,0.0,0,0,False,[],颢琮交通
2021-12-31,年报,2022-03-30,无保留意见,False,980297480.7042288,564746413.5335029,415551067.1707258,0.5760969753056989,277156424.81603545,1.3388530716953826e-12,46617601.651270084,0.7274680213996599,11233128.20117064,4307683.258270034,53024635.79747696,390052553.53727734,40000000,10.388776679268146,576170260.7004596,514650744.1222123,108128899.3357034,45188274.38101485,1.1297068595253714,40759761.33602004,-12785499.190287063,38111208.63160742,137326168.1250198,162651877.56634015,0.08819448138533817,-0.1707976043847349,0.012583777893309963,0.17458356165843925,2021-09-29,2022-04-23,False,False,False,False,False,0.0,0,0,False,[],颢琮交通
2022-03-31,季报,2022-04-30,无保留意见,False,1149430563.5665638,663710359.8401562,485720203.7264077,0.5774253625036138,342631990.741142,1.4443214873876693e-12,49917388.79979395,0.8925039491476564,13720826.664183505,5613415.574890134,63018288.39551989,450612927.63421047,40000000,12.143005093160193,638707411.3229959,572435585.7167466,211573512.66756108,89338786.60362332,2.233469665090583,82549773.70647748,-35023246.047952846,45400868.74212555,178523213.5151002,188900836.20927292,0.16885803478601932,0.7099491449482468,0.0013283871979148521,0.12446230772128238,2021-09-29,2022-06-14,False,True,False,False,False,0.0,1,0,True,"['根据公司盈利能力、融资能力及其成本、偿债能力及现金流等情况披露现金分红方案的合理性，是否导致公司营运资金不足或者影响公司正常生产经营', '留存未分配利润的预计用途以及收益情况']",颢琮交通
2022-06-30,半年报,2022-08-27,非标准无保留意见,False,1058189977.76686,616544624.5108446,441645353.2560154,0.5826407710002726,288814532.8417868,1.3599795218896668e-12,42542844.086854875,0.7006410653108663,11606005.052854022,4752371.672590172,50533705.140170805,395693709.45422864,40000000,11.041133831400385,667139207.1784776,595366944.9605733,184418492.50539273,40616851.22211669,1.0154212805529172,32759084.634038374,-206095697.05204064,42816830.09245169,160822416.16665044,-2456450.7929385006,-0.09074123359961858,-0.4581765218284568,0.00521540849665884,0.05736595626687206,2021-09-29,2022-10-02,False,False,False,False,False,0.0,0,0,False,[],颢琮交通
2022-09-30,季报,2022-10-27,非标准无保留意见,False,1224607913.796554,751207861.1370732,473400052.6594809,0.6134272469366652,327457554.25653905,1.574753074570509e-12,49739809.64760025,0.8592138581790882,13883357.156642728,5565298.3843657775,65648594.49547322,472852577.1340405,40000000,11.835001316487023,667992357.3601195,596160694.5788909,1588213.113199875,1218785.9737740532,0.03046964934435133,1133928.0261678454,-48473684.97379666,47590339.76830621,194440714.56575882,193557369.36026838,0.07190090231756088,-0.6837941403021235,0.03078647593639255,0.13385699191940317,2021-09-29,2022-12-17,False,False,False,False,False,0.0,0,0,False,[],颢琮交通
2022-12-31,年报,2023-03-30,保留意见,False,1384178158.7644136,864813915.8954626,519364242.8689509,0.6247851191839631,386969249.90555775,1.8403969568421702e-12,65687833.44168101,1.064825441167604,17767921.91376878,6842662.776776348,82569142.28013474,572063570.7677662,40000000,12.984106071723772,684096026.4821419,610986881.8058889,71227980.40993305,23005241.602889225,0.5751310400722306,21180267.467139978,-147636683.933972,55292532.12372032,223155754.0790876,130811602.2688359,0.09709375812539751,1.1958236767519406,0.01135787224729795,-0.16669978837136085,2021-09-29,2023-04-29,True,False,False,False,False,26159117.794887833,0,0,True,['结合所处行业特点、发展阶段和自身经营模式、盈利水平、偿债能力、资金需求等因素，未进行现金分红或现金分红水平较低原因的说明'],颢琮交通
2023-03-31,季报,2023-04-30,无保留意见,False,1656467161.0327168,1035010488.6627151,621456672.3700018,0.6248300678761676,400261035.8219424,2.14303490288067e-12,71241513.23906325,1.185743276639534,18756414.448692493,7657199.475428998,81724606.94165564,626740082.4495505,40000000,15.536416809250046,712486018.2629685,633653839.5497689,109186443.44827327,40557131.11546669,1.0139282778866674,32381368.20554296,-141018114.72324988,65334095.38580685,247454165.93916172,171770146.6017187,0.19657192597067452,0.43873974532651877,4.494869220448332e-05,0.08307282581499333,2021-09-29,2023-05-16,True,False,False,False,False,25385786.432697307,0,0,True,"['结合所处行业特点、发展阶段和自身经营模式、盈利水平、偿债能力、资金需求等因素，未进行现金分红或现金分红水平较低原因的说明', '根据公司盈利能力、融资能力及其成本、偿债能力及现金流等情况披露现金分红方案的合理性，是否导致公司营运资金不足或者影响公司正常生产经营', '上市公司控股子公司向母公司实施利润分配的情况', '公司为增强投资者回报水平拟采取的措施']",颢琮交通
2023-06-30,半年报,2023-08-27,无保留意见,False,1610959748.5271587,949353343.6165165,661606404.9106423,0.5893091646048111,495929170.66222084,2.257261630070065e-12,73124190.46339373,1.275386800411252,22220692.90562775,8257433.214443447,88109172.97510602,692310579.2510419,40000000,16.540160122766057,746631052.3778665,663584786.6968567,129730486.39058569,48778620.164140016,1.2194655041035003,42758495.92441121,-143416336.28988308,63969249.534389295,253969630.01181522,174522543.25632143,0.06460584353777159,0.1428404941201814,-0.03552090327135654,-0.06271836471628206,2021-09-29,2023-09-25,False,False,False,False,False,0.0,0,0,False,[],颢琮交通
2023-09-30,季报,2023-10-27,无保留意见,False,1842347403.2642112,1233405717.6661031,608941685.5981079,0.6694751030564567,487139421.1433471,2.175589843306271e-12,79115127.6356024,1.2423894218077824,21375802.9893734,8075140.746463531,87274537.95988701,693193938.3428874,40000000,15.223542139952698,782547591.3589234,696149601.1416373,254604679.4142941,51309341.40150976,1.282733535037744,46521163.49254366,-228454017.14054298,73710928.38087165,288085437.65197605,133342348.89230472,-0.07960128396829437,0.03847330988480362,0.08016593845164567,0.05379511619182537,2021-09-29,2023-11-18,False,True,False,False,True,0.0,4,0,True,"['留存未分配利润的预计用途以及收益情况', '上市公司控股子公司向母公司实施利润分配的情况']",颢琮交通
2023-12-31,年报,2024-03-30,无保留意见,False,1580949574.7260637,1022486106.1521819,558463468.5738817,0.6467544079192731,450856611.0940057,1.935622812785206e-12,67120712.06790765,1.1217738262028965,18199170.400678348,7569578.406131706,78714419.54622291,611376922.4226884,40000000,13.961586714347044,829672980.8576849,733250477.1257722,260968412.93393403,67321984.9982306,1.6830496249557652,53001251.405906975,-107414159.22501118,65508584.47700111,254558857.11398315,212653282.3659731,-0.08289499342559546,0.23441367268645533,-0.022720695137183642,0.007918463520426536,2021-09-29,2024-05-24,True,False,False,False,False,23171641.16703774,0,0,True,"['公司在相应期间是否按照中国证券监督管理委员会相关规定为中小股东参与现金分红决策提供了便利', '充分披露高送转的主要考虑及其合理性且送转股后每股收益不低于0.5元']",颢琮交通
2024-03-31,季报,2024-04-30,保留意见,False,1701375752.455453,1148420665.9326012,552955086.5228516,0.6749953173337413,502572563.43442464,2.220984030492066e-12,83648020.96867487,1.307021755382619,20858991.543256663,8977771.280403497,89057178.26087588,720213723.1650573,40000000,13.82387716307129,897071203.0132828,792657514.194757,377922429.49980664,96283174.50799704,2.407079362699926,84867195.81283548,-138378020.75543383,65851400.262165576,260669200.90772825,188142580.41446,-0.009863459941429387,0.3434595320588592,0.028240909414468225,0.031477360828963005,2021-09-29,2024-05-12,True,True,False,False,False,122386169.37587215,1,0,True,['充分披露高送转的主要考虑及其合理性且送转股后每股收益不低于0.5元'],颢琮交通
2024-06-30,半年报,2024-08-27,保留意见,False,1719197760.0919418,1186241767.1344433,532955992.95749843,0.6899972735370501,553562148.636873,2.448312487482233e-12,78113295.8216291,1.238746946640764,18820381.977562096,8876573.06545599,99105945.75959595,702771659.0257645,40000000,13.323899823937461,913857455.6097428,806926589.2821287,57180773.66482179,23980360.852085568,0.5995090213021392,20384392.981959537,-68362443.58491741,65449201.61094488,246886744.72090283,243973502.7469303,-0.0361676636182397,-0.6382484774983718,0.01500195620330873,0.017736850248858585,2021-09-29,2024-09-14,True,False,False,False,False,25303204.176594608,0,0,True,['公司为增强投资者回报水平拟采取的措施'],颢琮交通
2024-09-30,季报,2024-10-27,无保留意见,False,2081915092.6345887,1491561251.654611,590353840.9799776,0.7164371193289607,635502586.230533,2.6969624164343364e-12,93009659.97188872,1.6500827576697799,26641252.446458846,10665805.017986972,107194042.58072592,876650612.4580185,40000000,14.75884602449944,919619267.7978112,812117663.7102693,14127562.735128863,8231160.268669132,0.2057790067167283,7415820.611629482,-388530119.4973692,73916616.2503097,295502391.1900881,-19111112.05697143,0.10769716220651723,-0.3843109298198122,0.026439845791910634,0.0936528973164392,2021-09-29,2024-12-21,False,False,False,False,False,0.0,0,0,False,[],颢琮交通
2024-12-31,年报,2025-03-30,无保留意见,False,1613442078.5467987,1090494343.1498685,522947735.3969301,0.6758806886529569,457434396.5475876,1.9501821821800607e-12,72861641.83478314,1.11135245471233,16569881.224945733,7209044.201169191,82579059.50401512,619607163.4466172,40000000,13.073693384923253,911524711.3675449,804924166.5446163,20696584.845167585,-11563652.043237435,-0.2890913010809359,-10276424.522361401,-27315626.931245867,60401568.13521401,247643988.03316483,280729929.23713297,-0.11417915985971139,-0.784538328841216,-0.040556430676003695,0.09866541595317668,2021-09-29,2025-04-13,False,False,False,False,False,0.0,0,0,False,[],颢琮交通
2017-03-31,季报,2017-04-30,无保留意见,False,287656212.1920686,87058030.11162674,200598182.0804418,0.302646097743573,66227399.243894935,660945.0029427105,14517857.606414687,5157082.579569763,26828404.66622492,968221.4559796044,36514898.91056959,156168668.99068373,40000000,5.014954552011045,5671701.762518913,5104464.663802949,27044682.9418316,8102431.089312732,0.20256077723281832,7292092.376861355,-19394315.17795013,-45803499.58916437,135058372.63897726,69860557.87186277,0.11443434489134331,0.3945795049618184,0.002646097743573011,0.13189924337228048,2021-10-07,2017-06-01,False,False,False,False,False,0.0,0,0,False,[],淼瑾电力
2017-06-30,半年报,2017-08-27,无保留意见,False,276759236.6175674,88583932.15617126,188175304.46139613,0.32007579309296436,78082102.11032695,697276.0773412414,15375082.171792893,6064444.01671704,33075057.927848186,1207502.3138627065,44652165.75792635,176668313.31698075,40000000,4.7043826115349034,26510055.353893116,23509178.4764812,47501540.292372495,29769076.559106007,0.7442269139776502,26292448.30382607,-36592947.20592646,-42039280.91755222,130049154.70568322,51416926.582204536,-0.06192916351586867,0.8631293675383406,0.017429695349391365,0.06221031352166843,2021-10-07,2017-09-27,False,False,False,False,False,0.0,0,0,False,[],淼瑾电力
2017-09-30,季报,2017-10-27,无保留意见,False,294204295.3618943,98894776.33008623,195309519.03180808,0.3361432103105018,74369091.10058978,754721.5833313382,14175346.074756503,6255244.393702736,30028422.856006697,1107534.8617882421,39588079.262745745,166343684.55453873,40000000,4.882737975795202,39130541.66468693,35408298.006039076,19863032.780287303,18029266.15827688,0.45073165395692194,16998742.18508268,-41906446.590692945,-46919649.79553282,130894098.35907109,42068001.97284533,0.03791259746241306,-0.2510165105781497,0.016067417217537464,0.24624900274750613,2021-10-07,2017-11-26,False,False,False,False,False,0.0,0,0,False,[],淼瑾电力
2017-12-31,年报,2018-03-30,无保留意见,False,335968685.76959217,110657590.25672363,225311095.51286852,0.32936876245845353,90129624.40834112,775582.9621059767,16677474.195059378,7247455.275946026,37922075.10089754,1289775.210179297,50693746.48453459,201374905.8136993,40000000,5.632777387821713,44501397.15049683,40211031.61640408,19512356.432591897,7672650.694014147,0.19181626735035368,6861048.01480715,-20887306.48805156,-56779107.60177636,138445510.17974687,60779096.08991894,0.1536104160707825,-0.2956560784764148,-0.006774447852048286,0.08680214847194159,2021-10-07,2018-04-20,False,False,False,False,False,0.0,0,0,False,[],淼瑾电力
2018-03-31,季报,2018-04-30,非标准无保留意见,False,392722615.5993877,140548848.4875183,252173767.1118694,0.35788325628511997,116399021.03184247,1022994.3662293153,22745979.40273774,9235790.288386453,43996430.134577855,1552843.5376018009,59171265.92254832,245525507.0365921,40000000,6.304344177796735,53823201.84440746,48676005.13494729,16493179.98502605,13316863.84844375,0.33292159621109374,12092819.312204598,-38108469.620226815,-64060443.07226396,169637120.31830096,67468207.62581018,0.1192248057640223,0.22876395505404512,0.028514493826666435,0.16026907481104088,2021-10-07,2018-06-12,False,False,False,False,False,0.0,0,0,False,[],淼瑾电力
2018-06-30,半年报,2018-08-27,无保留意见,False,419239998.5583324,142498638.51076478,276741360.0475676,0.33989752647835136,123185363.96787718,1067896.8608191109,24230891.722918924,9027814.363878481,48001044.23075772,1722016.977823223,70710732.62761036,267707484.42519173,40000000,6.91853400118919,58783867.94144116,53246837.88419735,4596006.785625825,7086665.852905288,0.1771666463226322,6529761.070357216,-79535357.85263099,-64341742.51577521,206765970.7709904,62888870.402584195,0.0974232697439919,-0.20550272042265602,-0.017985729806768585,-0.025377337920590347,2021-10-07,2018-10-14,False,False,False,False,False,0.0,0,0,False,[],淼瑾电力
2018-09-30,季报,2018-10-27,非标准无保留意见,False,482721423.3888128,172014953.39877647,310706469.9900363,0.3563441460525884,120487666.33621016,978657.6696178738,23799965.265829608,8828792.170491144,50535797.46913298,1842784.4644920344,57870391.25875932,270394825.6550487,40000000,7.767661749750908,57932150.37892442,52457549.48632625,1677492.8761817447,-1216739.375023909,-0.030418484375597722,-1127554.8541015745,-81579889.27561279,-85279315.75903863,230418308.75967303,63559103.72502163,0.12273232283251995,-0.3447303698501574,0.016446619574236994,0.18683645996398915,2021-10-07,2018-12-01,False,False,False,False,False,0.0,0,0,False,[],淼瑾电力
2018-12-31,年报,2019-03-30,无保留意见,True,492261914.72379535,190728939.346743,301532975.37705237,0.38745418575345125,128130586.03855017,1147814.6004529407,26536426.106379405,10123062.708532162,52762273.427720904,1839776.8348112528,68957047.20970392,286308008.38349956,40000000,7.538324384426309,55975089.0646947,50627758.29963896,13461860.40796882,-2795801.877471024,-0.0698950469367756,-2613987.409553276,-81862674.99244486,-87556093.0548456,224320680.03991985,54901911.99262941,-0.029524633372707335,-0.10004665955704613,0.031110039700862898,-0.029742565874596772,2021-10-07,2019-04-20,False,False,False,False,False,0.0,0,0,False,[],淼瑾电力
2019-03-31,季报,2019-04-30,无保留意见,False,444032817.364143,146879864.49909934,297152952.86504364,0.3307860562446805,105807510.28881772,1020739.0977294999,23553677.728257585,9243908.964805027,45303346.447938375,1594474.881817785,60760067.56168685,265016670.43574527,40000000,7.428823821626091,50166930.59730959,45337335.65957033,32457120.12506221,-8297369.239121588,-0.2074342309780397,-7557746.628669474,-45770221.40273516,-75513811.64111115,211324202.60870603,90040169.56485972,-0.014525849143138335,-0.38731981307164703,-0.05666812950877076,0.07518055984021686,2021-10-07,2019-06-03,False,False,False,False,False,0.0,0,0,False,[],淼瑾电力
2019-06-30,半年报,2019-08-27,无保留意见,False,399629372.287079,122481929.00439653,277147443.2826824,0.3064888056236518,115082235.55436282,1060165.921690647,24019547.97131785,8782120.03478624,50695205.80370251,1793519.5652753846,66263702.45480473,265769927.6601744,40000000,6.928686082067061,47651606.60846034,43024407.40228434,5137963.314458522,-3593319.984070359,-0.08983299960175897,-3304183.224694267,-32295357.48093495,-65857727.76394951,181011794.0737138,82858708.82882935,-0.06732394677379172,0.5405318672369387,-0.024297250621028683,-0.0058733741640273895,2021-10-07,2019-10-19,False,False,False,False,False,0.0,0,0,False,[],淼瑾电力
2019-09-30,季报,2019-10-27,保留意见,False,371144305.8207414,78569306.37900077,292574999.44174063,0.2116947643996696,87167024.53975767,728506.2625039497,17648425.41347567,7201647.494962495,36197479.76192907,1245248.866480173,43867863.47329808,197590730.52683207,40000000,7.314374986043516,43214944.02393992,38727332.969308786,25043667.325639986,-6338089.406457739,-0.15845223516144347,-6138677.761393654,-72033122.9308244,-60402725.31795871,159616123.7675477,27180275.518764585,0.055665518600229516,-0.2047314785708379,-0.09479404122398224,-0.015584654407111922,2021-10-07,2019-11-07,False,False,False,False,False,0.0,0,0,False,[],淼瑾电力
2019-12-31,年报,2020-03-30,无保留意见,False,429700052.28862935,109390404.64369433,320309647.644935,0.2545738685882608,129885734.87839827,1130832.6030222457,24103068.222713415,9109255.409750104,47418259.01509222,1606872.305451955,61219368.74966205,261791389.93905905,40000000,8.007741191123376,36377877.65880534,32605053.199812036,46667757.135757245,-9767237.664477976,-0.2441809416119494,-8746113.956423925,-45051680.3803551,-69407739.34300078,197224888.0639728,82765468.34061691,0.09479500386606722,-0.32162605641217945,0.0428791041885912,-0.07579362837402968,2021-10-07,2020-04-19,False,False,False,False,False,0.0,0,0,False,[],淼瑾电力
2020-03-31,季报,2020-04-30,无保留意见,False,441797692.2758884,118460951.16663279,323336741.1092556,0.26813392925705404,135180130.15571478,1060703.5431060207,28313102.20571276,10373308.35069105,56796054.72389409,1977448.7663162323,71241425.03018315,301645623.77427095,40000000,8.083418527731391,30468813.172068253,27111677.453854214,18129881.378493324,-8441520.695338698,-0.21103801738346745,-7847679.637082606,-54163107.89147644,-77425807.31473385,201764394.0146141,70175478.80840382,0.009450522288595525,0.18329331279535166,0.013560060668793271,0.04052729184175178,2021-10-07,2020-05-10,False,False,False,False,False,0.0,0,0,False,[],淼瑾电力
2020-06-30,半年报,2020-08-27,无保留意见,False,543299500.6993102,168443956.25104854,374855544.4482616,0.31003885708386486,146180821.08655193,1345638.774158218,27853547.985360228,11185650.2883389,62052429.11786337,2137196.8655298254,77194386.3646902,322769962.31364536,40000000,9.371388611206541,26175512.787845593,23213905.903952643,25038897.87703713,-6133286.263175225,-0.15333215657938062,-5568245.071287958,-93831876.82674973,-99035194.16316132,249768112.35251424,56901041.36260319,0.1593348258606893,0.2697014679823218,0.041904927826810774,0.06074425695381802,2021-10-07,2020-10-22,False,False,False,False,False,0.0,0,0,False,[],淼瑾电力
2020-09-30,季报,2020-10-27,无保留意见,False,608395628.791387,242824887.23899972,365570741.55238724,0.3991233265784394,171878520.52261963,1645590.464523288,35744868.74001361,13614462.507060887,69545115.1967275,2242340.179181958,89571895.27942283,379414738.100921,40000000,9.13926853880968,22390957.176903475,19757221.94122966,10087484.717235168,-5406508.015631603,-0.13516270039079006,-4938119.946747119,-114496395.31053995,-104087210.71357359,291845466.0767904,73261860.05267686,-0.024769015780573497,0.06688114412002405,0.08908446949457453,0.15383117521116896,2021-10-07,2020-12-12,False,False,False,False,False,0.0,0,0,False,[],淼瑾电力
2020-12-31,年报,2021-03-30,无保留意见,False,599945831.1804153,226788234.61720285,373157596.5632124,0.3780145186957775,158720903.66901985,1350824.1606489532,29820702.959040694,13710802.536503913,66259279.779226996,2272298.5313589056,83305526.41077085,363560880.5568518,40000000,9.32893991408031,23506837.477181494,20637293.722084686,5340709.8350332165,1594114.7146828808,0.03985286786707202,1257245.401221466,-94070462.28148894,-101714666.72758895,275459292.3053967,79674163.29631877,0.02075345247436318,0.6038407357984532,-0.02110880788266184,0.16125342995872138,2021-10-07,2021-05-14,False,False,False,False,False,0.0,0,0,False,[],淼瑾电力
2021-03-31,季报,2021-04-30,保留意见,False,611713802.6626264,181658975.3953814,430054827.267245,0.296967265745302,154560283.18845373,1451578.1928502964,33274686.8996276,12044047.04405707,63514873.68548117,2213135.2383458614,85478497.2996567,355408271.3970735,40000000,10.751370681681125,25752615.45099184,22677235.879868817,11479713.978941962,3208254.248300489,0.08020635620751222,2914203.0825487613,-119681344.05065405,-98208995.13961706,261521462.80591607,43631123.61564496,0.1524750701260192,0.08680916291986755,-0.0810472529504755,0.021304227131736814,2021-10-07,2021-06-22,False,False,False,False,False,0.0,0,0,False,[],淼瑾电力
2021-06-30,半年报,2021-08-27,保留意见,False,597078748.499171,166119847.7561721,430958900.74299896,0.2782210021269962,149717134.1723732,1404469.6502585385,31415569.53365418,12525995.634422893,69341199.58644243,2400972.682518075,89401577.538972,359102139.23565847,40000000,10.773972518574974,27893406.1643776,24531001.017184522,2407761.7578106825,3058272.447693944,0.0764568111923486,2648235.9104510043,-93842329.93855122,-98600766.74656814,259491224.67949024,67048127.99437088,0.002102228410035154,-0.007421808868975433,-0.018746263618305864,-0.05991828224858044,2021-10-07,2021-10-22,False,False,False,False,False,0.0,0,0,False,[],淼瑾电力
2021-09-30,季报,2021-10-27,保留意见,False,772622900.1154618,312081079.3181733,460541820.7972886,0.4039241902764407,199038253.21220186,1753380.7736853901,42148482.75496307,16856901.397756185,82074862.58775517,3026471.0705700656,112288329.35981157,455147829.0650737,40000000,11.513545519932215,39364187.353568606,35251688.85293999,18776545.033298165,16386830.27027287,0.40967075675682174,15315268.336793534,-137766577.14122432,-124420553.0214328,351613537.881945,89426407.71928787,0.06864441134244333,0.6644918129084085,0.12570318814944456,-0.06419138316002958,2021-10-07,2021-12-23,False,False,False,False,False,0.0,0,0,False,[],淼瑾电力
2021-12-31,年报,2022-03-30,无保留意见,True,621933845.3541169,200735442.07399443,421198403.28012246,0.3227601192208789,162555298.08059195,1478561.5407383498,37958445.82890451,12683301.03436761,74056651.08988032,2454699.5112988725,89284168.3826274,381736661.4868096,40000000,10.529960082003061,48400319.61623421,43517399.31574104,50565087.35399229,12908760.375236586,0.32271900938091463,11808157.804001495,-54351035.074067295,-105297526.64626928,315553009.44345593,155904447.72311938,-0.08542854468472572,-0.10417490570026063,-0.08116407105556182,0.0748844713037248,2021-10-07,2022-04-26,True,False,False,False,False,4206874.2448464325,0,0,True,['结合所处行业特点、发展阶段和自身经营模式、盈利水平、偿债能力、资金需求等因素，未进行现金分红或现金分红水平较低原因的说明'],淼瑾电力
2022-03-31,季报,2022-04-30,无保留意见,False,617848650.6977816,205694402.37299567,412154248.3247858,0.3329203715840279,160080333.30753568,1364369.1427905138,28626700.421788882,11992560.286348043,64622557.00714647,2019609.117774503,80702553.31815591,337776177.86178243,40000000,10.303856208119646,53664892.23201908,48313797.59974126,32529103.606793568,7520818.0225498155,0.1880204505637454,6851997.548571737,-99101753.6504958,-107917791.5978996,292386938.4873249,85367393.23892951,-0.021472434094964375,-0.18014596008291273,0.01016025236314899,0.14024043503311362,2021-10-07,2022-06-25,False,False,False,True,False,0.0,0,0,False,[],淼瑾电力
2022-06-30,半年报,2022-08-27,非标准无保留意见,False,716147809.9858582,254089103.89731756,462058706.0885406,0.3547998057863712,175441193.62178114,1739693.0422870214,43437835.03409827,16183692.59270047,90443968.51503913,2802042.1931865457,101998160.9769738,457448356.6982193,40000000,11.551467652213516,63948006.277464144,57619125.67947873,34211369.585419744,14690162.922064383,0.36725407305160956,13293325.82819639,-61236449.897138596,-129002786.2336938,319628405.9669835,129389169.83615112,0.12108199288638455,0.29237788449477903,0.02187943420234331,-0.009487136905311593,2021-10-07,2022-10-13,False,True,False,True,False,0.0,1,0,True,"['公司为增强投资者回报水平拟采取的措施', '结合前述财务报表列报项目的具体情况说明现金分红方案确定的依据及未来增强投资者回报的规划']",淼瑾电力
2022-09-30,季报,2022-10-27,保留意见,False,697619772.1606336,242452286.20084092,455167485.9597926,0.3475421653401963,195630133.2829792,1656069.6090010065,39551834.38460148,15570152.315284308,85106635.52467607,2836884.257165996,105643148.65535726,436155746.13066334,40000000,11.379187148994815,67486389.44178072,60731038.644508086,6327664.316511499,5054833.091880828,0.1263708272970207,4445589.950041932,-137186892.9095955,-107197374.3102649,337117995.58643013,92733728.36656976,-0.014914165749811597,-0.3040479739368876,-0.007257640446174942,0.04978512181513376,2021-10-07,2022-12-25,False,True,False,False,True,0.0,2,0,True,['充分披露高送转的主要考虑及其合理性且送转股后每股收益不低于0.5元'],淼瑾电力
2022-12-31,年报,2023-03-30,保留意见,False,683582563.5368372,256843007.33130103,426739556.2055362,0.37573077640015046,186495831.62320992,1782459.2425195735,38349916.55166639,15236739.329343645,83960231.18704127,2739673.8905623187,93569242.02222653,429966226.82164544,40000000,10.668488905138405,62750927.186889865,56005425.24386042,27617428.014177848,-6764946.078415507,-0.1691236519603877,-6750876.286639519,-40770504.79528103,-122049221.01120155,299077131.43061376,136257405.62413117,-0.06245597638485016,-0.5359269381479753,0.02818861105995418,-0.1733870017892132,2021-10-07,2023-05-03,False,False,False,False,False,0.0,0,0,False,[],淼瑾电力
2023-03-31,季报,2023-04-30,无保留意见,False,649846477.3531481,208420520.76204658,441425956.5911015,0.3207227060935255,160115179.26128584,1246837.223769669,33412407.455860987,13070120.97081752,67507240.48606102,2399404.276697626,85333950.74302533,368432176.62885326,40000000,11.035648914777537,56564208.91426006,50601364.06415612,39154081.401547186,-8838168.960899718,-0.22095422402249296,-7720087.399577567,-93134383.53969996,-107308833.2215125,273116279.87510115,72673063.11388868,0.03441537155859963,-0.2025610122201735,-0.05500807030662498,0.05290806302187294,2021-10-07,2023-05-25,False,False,False,False,True,0.0,0,0,False,[],淼瑾电力
2023-06-30,半年报,2023-08-27,无保留意见,False,651215252.344193,212152635.4911281,439062616.8530649,0.3257795862849309,169441118.9701196,1476788.8601255852,38611625.41628493,14482878.470454987,77506560.65121996,2380265.316808251,103349490.57688063,405407972.31720805,40000000,10.976565421326622,49737154.03604151,43976008.87714147,42395427.94937584,-9752935.540312208,-0.24382338850780522,-9464793.124306653,-14612326.309406973,-109840702.62236379,321860974.4848536,197407945.55308285,-0.005353875780861351,-0.11207859793105045,0.0050568801914054485,0.13591328788905796,2021-10-07,2023-10-03,False,False,True,True,False,0.0,0,1,True,"['公司为增强投资者回报水平拟采取的措施', '公司在相应期间是否按照中国证券监督管理委员会相关规定为中小股东参与现金分红决策提供了便利', '上市公司控股子公司向母公司实施利润分配的情况']",淼瑾电力
2023-09-30,季报,2023-10-27,无保留意见,False,756771471.9861839,234793441.81065506,521978030.1755289,0.31025672941188986,198429779.6636758,1714535.7361988868,36732557.2970124,14392473.684040396,83220110.44393632,2818128.78151596,94378736.80927965,432797259.8000814,40000000,13.049450754388221,45324409.00450591,39984463.01630989,17866957.442389276,-6303921.473622296,-0.1575980368405574,-5702208.372616552,-31203748.36450839,-127874581.28871721,358849263.1378541,199770933.4846285,0.18884644271642057,0.47591877868276833,-0.01552285687304105,0.17324836717545636,2021-10-07,2023-11-08,False,False,False,False,False,0.0,0,0,False,[],淼瑾电力
2023-12-31,年报,2024-03-30,无保留意见,False,986321284.3353543,379164647.1381716,607156637.1971827,0.3844230608829219,259222278.2083529,2452689.1572734844,52059045.020034015,21100710.83499496,103952764.97812788,3674144.0541618066,143034167.38034478,581465085.4798784,40000000,15.178915929929566,43987789.46681337,38782655.42925933,9123595.403402781,-1909456.4824179076,-0.04773641206044769,-1716867.9815007958,-84444860.05733424,-169613108.57284752,454460521.8134874,200402553.18330565,0.16318427615240869,0.4108482356750798,0.07416633147103205,0.0279517047989579,2021-10-07,2024-05-19,False,False,False,False,True,0.0,0,0,False,[],淼瑾电力
2024-03-31,季报,2024-04-30,非标准无保留意见,False,923570269.8220024,368929051.88798517,554641217.9340172,0.39945964475349344,264292897.64272377,2046765.5107833669,50608664.012972616,20035456.770153597,99774777.7824239,3408206.375506,135655303.84014943,558251332.888275,40000000,13.866030448350429,41809403.93956688,36784511.323864646,15046689.122269351,-3111979.3246378414,-0.07779948311594603,-2854491.579135252,-98887774.63358113,-153651563.79246736,402944829.5662453,150405491.14019683,-0.08649402155198783,-0.07968717898191452,0.015036583870571524,-0.04590016090246207,2021-10-07,2024-06-21,False,False,False,False,False,0.0,0,0,False,[],淼瑾电力
2024-06-30,半年报,2024-08-27,无保留意见,False,991558172.2167401,411918360.5744346,579639811.6423056,0.41542530949399026,245739303.29489163,2371768.8817759724,51177546.42212034,19487271.943742953,105464909.47316794,3572315.258244095,141013242.498643,576784880.7811574,40000000,14.49099529105764,42273768.83515996,37167511.34707931,3161118.360610788,663378.4222758301,0.01658446055689575,547142.8903066536,-110568885.7247805,-159594926.5599639,483111052.4541539,212947240.1694095,0.04507164794099831,0.2718427510416435,0.015965664740496835,-0.019685310000008737,2021-10-07,2024-09-29,False,False,False,False,False,0.0,0,0,False,[],淼瑾电力
2024-09-30,季报,2024-10-27,无保留意见,False,805605968.4819554,353622654.3844882,451983314.0974672,0.43895237649596547,237126687.36220875,1989295.8127048595,48579111.21679542,17666038.12786262,95969469.65549672,3248854.2095279056,117721143.20148316,509531581.17938685,40000000,11.29958285243668,36351063.44428732,31861476.02828127,13146296.803681476,-8461007.701246625,-0.2115251925311656,-7580050.455425764,-56808401.20662812,-137030801.9559822,398291227.11757505,204452023.95496473,-0.22023417815823695,-0.5165708340379217,0.023527067001975193,0.2094712506155515,2021-10-07,2024-11-13,False,False,False,True,False,0.0,0,0,False,[],淼瑾电力
2024-12-31,年报,2025-03-30,无保留意见,False,900839141.2368242,427247947.9546448,473591193.28217936,0.4742777354989778,270093645.5676207,2280471.300471751,56803556.096060395,21293278.88882023,117498685.81286187,4014868.078161588,148750516.6008976,621798649.6160294,40000000,11.839779832054484,28691627.764293544,25306796.86459771,39811114.041100636,-10942050.971419685,-0.27355127428549214,-9363827.376690807,-70827408.12617822,-145353622.40723377,415021302.8736809,198840272.3402689,0.04780680726645702,-0.2905545740491266,0.03532535900301235,-0.03413982637423064,2021-10-07,2025-05-25,False,False,False,False,False,0.0,0,0,False,[],淼瑾电力
2017-03-31,季报,2017-04-30,无保留意见,False,278447466.78570485,82019953.32220009,196427513.4635048,0.29456167897308694,34612185.436424576,5.42997408014083e-53,11.98356746244734,17475941.26112316,416064.1630099909,16074572.438602779,69359385.22911315,142083826.01565182,40000000,4.91068783658762,6808997.1036642,6104792.819116542,11017562.189950537,9727138.719520286,0.24317846798800713,8721132.598737918,-29353441.424477175,-103555.12918076472,2287224.8418416157,-27169771.711816322,0.09126396368613769,0.4848410399733492,-0.005438321026913038,0.007628474045920901,2021-02-03,2017-05-26,False,False,False,False,False,0.0,0,0,False,[],祎祺电力
2017-06-30,半年报,2017-08-27,无保留意见,False,256852048.91751224,62004123.203236625,194847925.71427563,0.24140015025984543,31197152.397881743,4.520292779732349e-53,10.322535818803992,18509034.40080861,360091.87281320494,13672396.309609246,74009133.46643417,132677118.90626787,40000000,4.8711981428568905,21597125.4902844,20097013.663083937,98933750.13919733,21125897.695171714,0.5281474423792929,19988886.91995342,-20339211.02736196,-91913.35897965948,2176103.419552958,-18255020.96678866,-0.008041580944426259,0.4264863177189368,-0.053161528713241514,-0.061734961948756606,2021-02-03,2017-09-06,False,False,False,False,False,0.0,0,0,False,[],祎祺电力
2017-09-30,季报,2017-10-27,无保留意见,False,272732475.0477725,74577445.21408841,198155029.83368415,0.2734454164324407,33689124.550012134,5.095883685791696e-53,11.018725824641013,16682337.79074865,401081.88422789186,14368199.661400758,71249063.04316989,139869515.44105747,40000000,4.953875745842104,34039631.27847398,31161198.128098626,35232099.73455148,17775008.268842258,0.44437520672105646,15805977.807163846,-4966616.726360088,-105656.5546635355,2255106.4272121903,-2817166.853811433,0.016972744807445615,-0.08789011220459249,0.032045266172595274,0.03592132851956679,2021-02-03,2017-12-20,False,False,False,False,False,0.0,0,0,False,[],祎祺电力
2017-12-31,年报,2018-03-30,无保留意见,True,292355334.77359223,73289553.61287254,219065781.16071966,0.25068656150786484,28304897.388793368,4.314325273252477e-53,8.960863542213863,17711661.960699525,356340.1623620204,11865629.605992021,64319879.14483017,126560449.2376945,40000000,5.4766445290179915,52448962.49708338,46856099.156933784,104870643.50706102,26299044.59801343,0.6574761149503358,22421287.184050232,-55919360.094225176,-115462.90668258161,2479892.3440391053,-53554930.65686865,0.10552722958678541,0.2451196061054156,-0.022758854924575855,0.18270331361136843,2021-02-03,2018-05-04,False,False,False,False,False,0.0,0,0,False,[],祎祺电力
2018-03-31,季报,2018-04-30,无保留意见,False,324866655.68060446,88907851.49938393,235958804.1812205,0.2736749061337784,39305590.474437155,5.583848545172303e-53,12.932279708159122,22009631.23758984,478812.33871775016,18585190.07167603,82702948.94702418,170020845.16476023,40000000,5.8989701045305125,76654404.17181621,68143805.46721229,39063883.323483795,34579202.39247549,0.8644800598118874,30411009.01468358,-55840632.502165034,-125635.72581070407,2735224.146085761,-53231044.08188998,0.0771139286610312,0.19123188216587,0.022988344625913537,0.05769646126685931,2021-02-03,2018-05-13,False,False,False,False,False,0.0,0,0,False,[],祎祺电力
2018-06-30,半年报,2018-08-27,无保留意见,False,334683513.1463095,88658050.03072257,246025463.11558694,0.26490115750627075,39398413.86508365,5.745181719668881e-53,12.454897829035385,23591552.19883842,523184.70021885715,17044001.133017603,80741212.45430022,167725982.91154262,40000000,6.150636577889673,109275975.4439698,98836044.73189339,73902256.05647808,46602244.67450511,1.1650561168626277,43846056.09240158,-32775175.969901994,-118846.06294372672,2930747.0435045213,-29963274.9893412,0.04266278162113034,0.23309864682559656,-0.00877374862750762,-0.08803805089092898,2021-02-03,2018-09-25,False,False,False,False,False,0.0,0,0,False,[],祎祺电力
2018-09-30,季报,2018-10-27,非标准无保留意见,False,403201260.26576257,106155050.81307893,297046209.4526836,0.26328055309923587,45374239.3764477,6.970292978657427e-53,17.488326500613503,27149007.19399429,610806.5143859256,22156639.077149708,104035071.60962047,205369600.20491004,40000000,7.426155236317091,128182929.60803214,116248205.8619461,14168208.287720624,27009934.520089075,0.6752483630022269,24874515.9000753,-13847688.219959166,-156604.50267060386,3558405.720530382,-10445887.00209939,0.2073799422668955,-0.3080443191067058,-0.0016206044070349156,0.020484853965731475,2021-02-03,2018-12-01,False,False,False,False,False,0.0,0,0,False,[],祎祺电力
2018-12-31,年报,2019-03-30,保留意见,False,375445482.2756579,77059335.4410809,298386146.834577,0.20524773656619133,44758653.97777217,7.264594372007665e-53,14.4736829760987,28201268.39735026,578731.5795152487,23059316.333446,102451705.33112259,201582118.73070738,40000000,7.459653670864426,139422137.97595957,125715797.16094524,52735653.70999929,16056011.954182032,0.4014002988545508,13525130.427141603,-70329680.72596623,-139135.75290078804,3319420.992362788,-67149395.48650424,0.004510871841664988,-0.2488965885851736,-0.05803281653304453,0.08591607292881963,2021-02-03,2019-05-26,False,False,False,False,False,0.0,0,0,False,[],祎祺电力
2019-03-31,季报,2019-04-30,无保留意见,False,450248397.57377076,90049679.51475415,360198718.0590166,0.2,53630868.23538555,8.29814235659237e-53,16.882878584254325,32773174.235765796,691083.6326549075,23340659.624960255,112753026.86661822,225922906.5452874,40000000,9.004967951475415,146154568.0405031,131634952.56701425,33360846.86518649,9617757.2350622,0.24044393087655502,8455936.294384304,-20326312.04412264,-168441.71047891676,3598625.9609682662,-16896127.79363329,0.2071563036024858,-0.19476804183286564,-0.02623886395106684,0.060060822454892124,2021-02-03,2019-05-28,False,False,False,False,False,0.0,0,0,False,[],祎祺电力
2019-06-30,半年报,2019-08-27,无保留意见,False,419536707.36307305,95669978.20374924,323866729.1593238,0.22803720514723658,49021700.2387929,6.669117961893014e-53,16.008556265057774,31395401.954809915,631100.5924990956,21040864.953892868,111525124.31434248,212125600.42243528,40000000,8.096668228983095,154130498.24554804,139257511.015697,42942225.92308759,11394186.007207025,0.28485465018017564,10889369.212403968,-45757623.942579955,-157340.00767452578,3753887.8836162505,-42161076.066638224,-0.10086651361635326,0.06673848425534631,0.04902833253211209,0.11279304954174271,2021-02-03,2019-09-24,False,False,False,False,False,0.0,0,0,False,[],祎祺电力
2019-09-30,季报,2019-10-27,无保留意见,False,458335262.94191337,122471962.4155294,335863300.52638394,0.2672104293905284,50409679.725539654,8.0768028943509385e-53,17.54772087711225,28953030.073866937,591576.2436474487,24724679.533726867,112515662.43397273,224207438.72904184,40000000,8.396582513159599,176883509.25876126,161275925.8189494,108475633.47703922,32504301.44744748,0.812607536186187,31454878.290360555,-84626791.58013345,-175880.71472943467,3750212.6119920136,-81052459.68287086,0.037041691186372176,0.7434661248919858,0.03917322424329182,-0.020485196509640338,2021-02-03,2019-11-09,False,False,False,False,False,0.0,0,0,False,[],祎祺电力
2019-12-31,年报,2020-03-30,保留意见,True,464093310.86012137,151009439.4048927,313083871.4552286,0.32538594259206477,61004510.72208362,8.042503633738073e-53,18.173166284642264,33914204.772109576,781997.1542571735,24098343.05665713,133627416.2884293,254840543.10392332,40000000,7.827096786380715,233676574.49454254,209259228.57402393,385266820.4657111,81132950.33683044,2.0283237584207607,68547575.36439218,-85976914.21994938,-170066.28175695613,3665670.5032052873,-82481309.99850105,-0.06782351342184186,0.9823115864185239,0.058175513201536404,-0.08621017781528481,2021-02-03,2020-04-09,False,False,False,False,False,0.0,0,0,False,[],祎祺电力
2020-03-31,季报,2020-04-30,无保留意见,False,564385720.8045459,191889113.99305385,372496606.8114921,0.339996401254644,68741289.15300025,1.0688892739320358e-52,21.84762903452359,40457078.09974398,881098.7605761626,29421870.97617179,147300870.7796996,292420425.40859574,40000000,9.312415170287302,279616855.4033366,251535284.7334729,35204299.2438878,65628972.7268486,1.640724318171215,60394365.94207,-51488310.203531586,-210541.7794776803,4706462.61809628,-46992389.36491299,0.18976619613175927,-0.15798951887990886,0.014610458662579168,0.09539316144498343,2021-02-03,2020-06-27,False,False,False,False,False,0.0,0,0,False,[],祎祺电力
2020-06-30,半年报,2020-08-27,无保留意见,False,647275473.707437,254531994.13829124,392743479.56914586,0.3932359628588947,72514307.1635253,1.2679514713187026e-52,23.389836429889783,43334647.88764964,881232.3390916208,33418446.41568293,171991968.42439657,311681881.12946343,40000000,9.818586989228647,323228884.00953144,291005661.0764861,182002749.32076937,62302898.008849815,1.5575724502212454,56386251.918590225,-122749971.79201275,-244178.6359104592,5275580.230089367,-117718570.19783385,0.054354515953752264,-0.040253129238263664,0.05323956160425073,0.022303106615333454,2021-02-03,2020-09-25,False,False,False,False,False,0.0,0,0,False,[],祎祺电力
2020-09-30,季报,2020-10-27,无保留意见,False,553165347.4668205,190697558.03493047,362467789.43189,0.34473879990533707,64553152.318549156,1.005699664816597e-52,21.317247610587305,43814735.36134081,880790.8153494174,32368755.318909377,155018587.4555318,294353032.40670764,40000000,9.06169473579725,347669347.42975914,311886287.85059446,41062038.50662409,34914947.74318244,0.8728736935795611,29829466.82015484,-6005854.051825502,-215967.53628134253,4535906.290426932,-1685915.2976799123,-0.07708769645385173,-0.34535875678352895,-0.048497162953557625,0.023662531354689154,2021-02-03,2020-11-11,False,False,False,False,False,0.0,0,0,False,[],祎祺电力
2020-12-31,年报,2021-03-30,无保留意见,False,540399626.2562721,185568999.06983078,354830627.18644124,0.3433921676730194,65838303.39509005,9.502898614972143e-53,19.87063755207208,35477570.246600196,778497.0256955012,28504952.500409428,141512794.53714094,269399309.0834373,40000000,8.870765679661032,356557518.9691706,320502449.5233436,60978297.16216725,12697387.913444921,0.31743469783612305,12308802.389641663,-79867230.92187153,-206777.1438319036,4227946.025635438,-75846062.040068,-0.021069905983698112,-0.4279607472523204,-0.0013466322323177108,-0.007975338132513497,2021-02-03,2021-04-25,False,False,False,True,False,0.0,0,0,False,[],祎祺电力
2021-03-31,季报,2021-04-30,无保留意见,False,580431426.6149893,199061173.01253206,381370253.6024573,0.3429538165661263,70566054.86225915,1.0962811885993373e-52,21.803720767471496,40909380.21675237,866693.861649908,29739667.31821431,151719999.9477911,297858705.962013,40000000,9.534256340061432,382331788.831387,345197243.64232445,84109219.8270798,36820385.51745199,0.9205096379362997,35278277.31282971,-30327331.887990013,-199425.97246795343,4405204.591601968,-26121553.268856,0.07479519630663455,0.8122935819916285,-0.00043835110689310154,0.02697980221394735,2021-02-03,2021-05-20,True,True,False,False,False,43561262.10192858,0,0,True,"['是否影响偿债能力、过去十二个月内是否使用过募集资金补充流动资金以及未来十二个月内是否计划使用募集资金补充流动资金等内容', '充分披露高送转的主要考虑及其合理性且送转股后每股收益不低于0.5元', '留存未分配利润的预计用途以及收益情况']",祎祺电力
2021-06-30,半年报,2021-08-27,无保留意见,False,569726188.7148712,194473467.2633208,375252721.45155036,0.3413454938801282,62771904.87583294,9.93217907941846e-53,22.862454445243007,34545809.80990225,889100.603520104,29378907.861020356,148160730.1380021,291130999.7028489,40000000,9.381318036288759,419440287.09568197,374929436.94963896,264208365.10139778,53012140.377564326,1.3253035094391081,42474561.867592156,-104403135.50836955,-210121.50286265108,4622537.769112129,-99990719.24212007,-0.01604092635206925,0.30084799104350407,-0.0016083226859980604,-0.01821626561586304,2021-02-03,2021-10-05,True,False,False,False,False,8345688.017714552,0,0,True,"['公司在相应期间是否按照中国证券监督管理委员会相关规定为中小股东参与现金分红决策提供了便利', '留存未分配利润的预计用途以及收益情况', '结合所处行业特点、发展阶段和自身经营模式、盈利水平、偿债能力、资金需求等因素，未进行现金分红或现金分红水平较低原因的说明', '是否影响偿债能力、过去十二个月内是否使用过募集资金补充流动资金以及未来十二个月内是否计划使用募集资金补充流动资金等内容']",祎祺电力
2021-09-30,季报,2021-10-27,无保留意见,False,673257576.8651211,264773720.97989696,408483855.8852242,0.39327254542423234,69124101.69999383,1.1279866600307943e-52,26.495628835934493,45173571.59421997,1012685.7181032954,37654181.464166485,182251424.9337756,328156687.9702429,40000000,10.212096397130606,454658252.16009074,406604343.95373696,98511902.23531033,50311378.66344105,1.2577844665860263,45249867.14871145,-73424304.27964216,-276887.99239831284,5575736.007184814,-68125456.26485565,0.08855667803055361,-0.03857561987904519,0.05192705154410416,0.09335112552696338,2021-02-03,2021-12-18,True,False,False,True,False,57184948.80105192,0,0,True,"['结合所处行业特点、发展阶段和自身经营模式、盈利水平、偿债能力、资金需求等因素，未进行现金分红或现金分红水平较低原因的说明', '是否影响偿债能力、过去十二个月内是否使用过募集资金补充流动资金以及未来十二个月内是否计划使用募集资金补充流动资金等内容', '结合前述财务报表列报项目的具体情况说明现金分红方案确定的依据及未来增强投资者回报的规划']",祎祺电力
2021-12-31,年报,2022-03-30,保留意见,False,786539954.6457055,372223330.80310416,414316623.84260136,0.4732414782040806,88576780.51309285,1.4324985421843937e-52,28.822050870535854,53894574.97728631,1077279.3687382797,41854524.769915864,213235664.07082954,382157956.92902607,40000000,10.357915596065034,486660144.06281847,436456770.96816325,100905374.60555021,45716988.432468235,1.142924710811706,42646324.30632325,-154803585.69739807,-296090.80960289954,6412892.53747651,-148686783.96952444,0.014279066047144002,-0.06825577372207602,0.07996893277984825,0.02136388479177448,2021-02-03,2022-05-09,False,True,False,False,False,0.0,4,0,True,"['结合前述财务报表列报项目的具体情况说明现金分红方案确定的依据及未来增强投资者回报的规划', '上市公司控股子公司向母公司实施利润分配的情况']",祎祺电力
2022-03-31,季报,2022-04-30,无保留意见,False,740153835.6274,350219950.12066776,389933885.5067323,0.4731718370733021,85609458.45891225,1.2943184251551948e-52,27.92242102575467,52541103.33327471,1124755.370357412,37941549.51672471,204003674.55778524,366658710.13762385,40000000,9.748347137668308,491671474.0022218,440967397.2974371,14427569.440223148,7159042.770576242,0.17897606926440607,6443751.89896256,-59621735.12597137,-275967.90069131076,6564727.989020683,-53332975.037641995,-0.05885049484553646,-0.614792684176952,-6.964113077844815e-05,0.16196357830871458,2021-02-03,2022-06-23,False,True,False,True,False,0.0,3,0,True,"['公司为增强投资者回报水平拟采取的措施', '结合前述财务报表列报项目的具体情况说明现金分红方案确定的依据及未来增强投资者回报的规划', '留存未分配利润的预计用途以及收益情况', '根据公司盈利能力、融资能力及其成本、偿债能力及现金流等情况披露现金分红方案的合理性，是否导致公司营运资金不足或者影响公司正常生产经营']",祎祺电力
2022-06-30,半年报,2022-08-27,无保留意见,False,668456254.4526187,311975828.33988327,356480426.11273545,0.4667109122875245,85591250.07915746,1.1199298575580132e-52,23.245844203176077,45385156.74536775,878065.740958468,36663748.78266317,184814626.679484,336758301.29406655,40000000,8.912010652818386,496704940.2160066,445015058.3646755,14258909.853600044,7190666.019692495,0.17976665049231239,5782372.95319766,-64246230.782390125,-283535.77248097974,5878225.947642264,-58651540.60722884,-0.0857926449519074,0.0013089611793215994,-0.006460924785777676,-0.1093008937645723,2021-02-03,2022-10-04,True,True,False,False,False,7030137.637371219,4,0,True,"['结合前述财务报表列报项目的具体情况说明现金分红方案确定的依据及未来增强投资者回报的规划', '根据公司盈利能力、融资能力及其成本、偿债能力及现金流等情况披露现金分红方案的合理性，是否导致公司营运资金不足或者影响公司正常生产经营']",祎祺电力
2022-09-30,季报,2022-10-27,无保留意见,False,698418725.858727,367280248.6844938,331138477.17423326,0.525873999487788,86633977.84015954,1.4031566996246727e-52,30.152333258294796,59141474.23315559,1230334.7646154466,40619245.856320575,196147007.76830214,385263243.31724757,40000000,8.278461929355831,500213267.8150911,448145111.6925913,6543775.152824756,5011896.570120737,0.12529741425301844,4471504.754165443,-74532501.45242882,-287034.0244472091,5610342.4251139965,-69209193.05176203,-0.07108931397677332,-0.09006653424912432,0.059163087200263496,0.10411170606089402,2021-02-03,2022-12-07,True,False,False,True,False,7053401.969592959,0,0,True,"['留存未分配利润的预计用途以及收益情况', '充分披露高送转的主要考虑及其合理性且送转股后每股收益不低于0.5元', '根据公司盈利能力、融资能力及其成本、偿债能力及现金流等情况披露现金分红方案的合理性，是否导致公司营运资金不足或者影响公司正常生产经营']",祎祺电力
2022-12-31,年报,2023-03-30,无保留意见,False,599017065.2032343,290317091.64563847,308699973.55759585,0.48465579448415175,63652804.18588109,9.555183733664795e-53,23.050128501559218,40790677.856755674,822166.6040890933,28638622.32599568,142721041.3271017,293788143.8077948,40000000,7.717499338939896,498603130.5075427,446595559.03330374,6838903.181520001,-2300196.1536404714,-0.057504903841011784,-2213646.656125034,-58971731.77668821,-234935.79213372286,4736089.308368495,-54470578.26045344,-0.0677616923533506,-0.33218821924171427,-0.04121820500363621,0.04844577115802899,2021-02-03,2023-05-23,False,False,False,True,True,0.0,0,0,False,[],祎祺电力
2023-03-31,季报,2023-04-30,无保留意见,False,550565184.9814036,266562336.1442945,284002848.8371091,0.4841612644891416,68485224.82321648,1.0271016473803517e-52,20.83541901512765,41555203.45108915,815638.7975686861,29540457.86857597,157645285.10832754,299009130.042389,40000000,7.1000712209277275,501586287.1096578,448900104.14694905,15559693.341940038,4261652.288735889,0.10654130721839722,3292207.305207571,-29479295.76999356,-216881.48527698906,4484877.658358667,-25211299.59691188,-0.08000365026231156,0.4463902043156468,-0.0004945299950101826,0.03544258748045931,2021-02-03,2023-06-23,False,False,False,False,False,0.0,0,0,False,[],祎祺电力
2023-06-30,半年报,2023-08-27,无保留意见,False,903434828.5631886,573921509.1279981,329513319.4351904,0.6352660878048677,97288485.34453714,1.5821600382377156e-52,31.754292127876337,59777657.668018416,1248338.166523974,46549929.52796698,241725992.65173414,436135649.01007056,40000000,8.23783298587976,498298304.8067984,446200924.6736643,22894839.66618381,-4697117.575513493,-0.11742793938783733,-3855970.676121077,-43231215.5278921,-329630.9887280362,7718101.744105963,-35842744.77251417,0.16024652845712822,-0.42135812130629224,0.1511048233157261,0.029020457386745732,2021-02-03,2023-09-19,False,False,False,False,True,0.0,0,0,False,[],祎祺电力
2023-09-30,季报,2023-10-27,无保留意见,False,839810978.4115058,490637003.64518905,349173974.7663168,0.5842231362267067,96210483.5962061,1.442499260381092e-52,31.0587999176943,60623140.54530217,1183970.9822142837,44504717.37770984,216668338.66040176,427359557.0300142,40000000,8.72934936915792,496788062.72736335,444904534.5184508,9351099.87615826,-2157488.684907209,-0.05393721712268023,-1851985.9360192472,-10850592.649652967,-331726.1280106747,6771308.505074002,-4411010.272589641,0.05966573783671685,0.20642551907605353,-0.05104295157816096,-0.08215176585148685,2021-02-03,2023-12-14,False,False,False,False,True,0.0,0,0,False,[],祎祺电力
2023-12-31,年报,2024-03-30,无保留意见,True,1016481893.9078572,623523425.3903352,392958468.5175219,0.6134132138775281,115936268.19554809,1.769577460220399e-52,34.02774615655315,66140613.987205215,1294171.7095919491,47206845.23533757,250881945.7491125,472500369.22907645,40000000,9.823961712938049,491733095.45067465,440290674.1889873,0.0,-7221381.823841,-0.180534545596025,-6591229.042090638,-158326593.69586816,-387071.1456963418,8020510.554071538,-150693154.28749296,0.12539449362028696,-0.34117495560097755,0.029190077650821315,-0.06357198917690413,2021-02-03,2024-05-01,False,False,True,False,False,0.0,0,4,True,['是否影响偿债能力、过去十二个月内是否使用过募集资金补充流动资金以及未来十二个月内是否计划使用募集资金补充流动资金等内容'],祎祺电力
2024-03-31,季报,2024-04-30,无保留意见,False,1299002239.6666145,839779273.9678384,459222965.6987761,0.6464802356178889,167352980.58571067,2.504585496716497e-52,55.86807228396198,100395921.55491462,1903532.5843991928,69831424.26117267,362719060.98874944,702781815.8965242,40000000,11.480574142469402,487334012.2276688,436155104.88897485,9088493.363417096,-6284404.604294095,-0.15711011510735237,-5907956.1428750055,-177027214.2841498,-468852.4338465201,10698140.285242796,-166797926.43275353,0.16862977258447737,0.09581898001001043,0.03306702174036082,0.12325166117285388,2021-02-03,2024-06-03,False,True,True,False,False,0.0,1,9,True,['是否影响偿债能力、过去十二个月内是否使用过募集资金补充流动资金以及未来十二个月内是否计划使用募集资金补充流动资金等内容'],祎祺电力
2024-06-30,半年报,2024-08-27,无保留意见,False,1254756678.509962,738080335.512443,516676342.9975192,0.5882258673362247,149867442.55775523,2.451890401457596e-52,52.59900017182631,97613420.51923798,2293387.1392723112,77726845.58784148,378323533.13662595,693619844.7740989,40000000,12.91690857493798,484623031.2927085,433675161.4068454,14364085.805229366,-3872829.907086121,-0.09682074767715303,-3542776.4030421264,-179235085.7872569,-471659.4969205188,10773298.484253021,-168933446.7999244,0.12510998271029244,0.22505279530938338,-0.05825436828166416,-0.05489175206654677,2021-02-03,2024-09-15,False,False,False,True,False,0.0,0,0,False,[],祎祺电力
2024-09-30,季报,2024-10-27,无保留意见,False,1636840196.400559,1027544792.985376,609295403.4151828,0.6277612165469577,196577377.71763068,3.12659823159158e-52,65.69149774402997,116296371.78497899,2408832.957483323,100774337.72613114,450213845.94249904,888958891.269628,40000000,15.23238508537957,485694755.9824082,434711374.63330734,3064447.7091556205,1531035.2709995806,0.038275881774989515,1480304.609231317,-304716126.3153403,-671063.0161809161,13856221.221274959,-291530968.11024624,0.17925934034511878,0.41165499798031435,0.03953534921073293,0.14119264189357836,2021-02-03,2024-11-25,False,True,True,False,True,0.0,2,4,True,"['是否影响偿债能力、过去十二个月内是否使用过募集资金补充流动资金以及未来十二个月内是否计划使用募集资金补充流动资金等内容', '上市公司控股子公司向母公司实施利润分配的情况', '公司在相应期间是否按照中国证券监督管理委员会相关规定为中小股东参与现金分红决策提供了便利']",祎祺电力
2024-12-31,年报,2025-03-30,非标准无保留意见,False,1578683290.6699848,976112739.9496291,602570550.7203559,0.6183081468705303,195104034.91717497,3.2136328404390114e-52,63.52661151554119,115254712.89417207,2298905.408627327,87958498.82689545,442724652.7704266,827226037.3572711,40000000,15.064263768008896,481164428.0611182,430976460.68110156,15970828.612575093,-6471897.030414287,-0.1617974257603572,-5335591.360294003,-268796257.5091623,-570236.768070356,14512891.438629465,-254853602.83860317,-0.011037097370394103,-0.4318664437457619,-0.009453069676427398,0.07339939966457532,2021-02-03,2025-04-30,False,True,False,False,False,0.0,3,0,True,['上市公司控股子公司向母公司实施利润分配的情况'],祎祺电力
2017-03-31,季报,2017-04-30,无保留意见,False,262350411.18520445,65243188.42030047,197107222.76490396,0.2486871971176081,2923403.4795622234,2.3037040409209578e-05,1516395.67518726,804653.932207763,4273243.64392489,46999325.68127625,30971172.634144496,84924791.36260387,40000000,4.927680569122599,-7201544.517293045,-5985830.669589458,49718318.77941088,-10287920.738990065,-0.2571980184747516,-8551186.670842083,-21450964.676822778,-11217059.557257507,105492888.82508254,72824864.59100226,0.09504012647168858,-0.6271067077216702,-0.05131280288239191,0.127881418839098,2021-05-03,2017-05-19,False,False,False,False,False,0.0,0,0,False,[],暄颉实业
2017-06-30,半年报,2017-08-27,无保留意见,False,220648302.52230206,60091367.06288456,160556935.4594175,0.2723400378609793,2887132.0591931813,2.0260932863188473e-05,1434608.9490690923,778823.9946830479,4483033.505224416,46702965.78587521,28949423.152817417,81873228.43034972,40000000,4.013923386485438,-11247626.919050155,-9774567.239489226,13393314.374548744,-5780117.716795873,-0.14450294291989682,-5412480.814142526,-23028168.47344563,-8913362.363068987,85786748.58855584,53845217.75204122,-0.18543352593974283,0.6715956184218126,0.023652840743371255,-0.01684028288466708,2021-05-03,2017-09-09,False,False,False,False,False,0.0,0,0,False,[],暄颉实业
2017-09-30,季报,2017-10-27,保留意见,False,234103703.02796632,67096121.35207374,167007581.6758926,0.2866085434968893,3210301.0354325413,2.1992809214437184e-05,1357325.3489818734,854505.1953297463,4333428.136695548,47176594.80479324,30845302.16278077,85205066.84717059,40000000,4.175189541897315,-14381334.243699964,-12556824.701468416,18022298.493437707,-4476724.749499727,-0.11191811873749317,-3974653.517113126,-14722467.787896398,-9433606.564285308,94143312.49912733,69987238.14694563,0.040176689957473685,0.11616814993213372,0.01426850563590995,-0.0761666942246101,2021-05-03,2017-12-04,False,False,False,False,False,0.0,0,0,False,[],暄颉实业
2017-12-31,年报,2018-03-30,无保留意见,False,216867918.18311113,56250315.974743545,160617602.2083676,0.2593759208185368,3079290.992027038,1.922301016552373e-05,1334780.5542209493,649115.9102466719,3989991.80621875,39207915.54666917,25105198.653931,73709158.00458658,40000000,4.01544005520919,-15840808.763420857,-13959465.890224725,2990987.006529814,-2084963.5996012762,-0.0521240899900319,-2003773.126794731,-20792147.36822603,-9116570.112209361,82455341.17737201,52546623.69693662,-0.03826161305614188,0.19098527358511172,-0.027232622678352518,0.0703863867215646,2021-05-03,2018-05-02,False,False,False,False,False,0.0,0,0,False,[],暄颉实业
2018-03-31,季报,2018-04-30,无保留意见,False,217434329.1630256,61689270.48561141,155745058.67741418,0.2837144931210871,2591437.344673863,1.736159387770953e-05,1194639.6751321368,762100.276079094,3969791.3983243955,36177315.57928021,24878367.87725819,72859612.3499457,40000000,3.8936264669353546,-16518805.6888306,-14552644.793783873,1316443.9809227886,-968567.036299631,-0.024214175907490774,-847398.4336559252,-24968118.36615551,-8651825.139029488,89450755.3518998,55830811.84671481,-0.030336298537393853,0.07485040822775316,0.02433857230255032,-0.12215805381201959,2021-05-03,2018-06-20,False,False,False,False,False,0.0,0,0,False,[],暄颉实业
2018-06-30,半年报,2018-08-27,无保留意见,True,227278211.3140626,68718536.19247013,158559675.12159246,0.3023542635044411,2890363.1695004827,2.025645540743763e-05,1405583.588669561,767840.7094361304,3711368.0654217345,41197853.736252286,23019500.30091138,75782354.26507549,40000000,3.9639918780398116,-16779124.11243067,-14796359.795869498,1334922.6216271955,-371883.4622858148,-0.00929708655714537,-348164.288693747,-30955415.95085164,-8902086.09526374,86433204.85029268,46575702.8041773,0.01807194698875175,0.03721960322354675,0.018639770383354032,-0.006121067705595464,2021-05-03,2018-09-22,False,False,False,False,False,0.0,0,0,False,[],暄颉实业
2018-09-30,季报,2018-10-27,无保留意见,False,238424955.42835528,83229389.27763706,155195566.1507182,0.349080024480268,3007268.866196746,2.1990775347724228e-05,1462468.2709450112,771179.1485558219,4206533.154648879,40364396.5117644,28275740.30543701,79548016.33854441,40000000,3.879889153767955,-17647682.108067673,-15624058.510100435,2018140.1883279704,-1240797.1366242915,-0.031019928415607287,-1182426.7346156274,-4491412.918543317,-9227694.65370164,93806667.57665475,80087560.00440979,-0.021216674216155248,-0.0522556882715908,0.046725760975826855,0.17671201246182416,2021-05-03,2018-11-15,False,False,False,False,False,0.0,0,0,False,[],暄颉实业
2018-12-31,年报,2019-03-30,无保留意见,False,239244665.10675645,88955640.95864353,150289024.14811292,0.37181870249415794,3349111.1891336814,2.2319732804090294e-05,1326208.6933315697,793122.3517278801,4125141.1928260853,43741184.94790856,29042593.900554366,84519023.77061237,40000000,3.757225603702823,-20181187.906825945,-17829392.129669517,11606140.652371291,-3619293.998226106,-0.09048234995565266,-3150476.5993844005,-9833977.941360516,-10229288.34900843,95004635.06726195,74941368.776893,-0.031615220230198325,-0.1509274854967079,0.02273867801388998,0.04458665100692839,2021-05-03,2019-05-19,False,False,False,False,False,0.0,0,0,False,[],暄颉实业
2019-03-31,季报,2019-04-30,无保留意见,False,253907937.96972597,77845513.2273502,176062424.74237576,0.3065895215793998,3005600.1066245027,2.2449489422394865e-05,1585507.325548261,710867.6828663965,4366058.364762577,48098400.26585748,31168829.27738389,83887792.2859273,40000000,4.401560618559394,-18744503.543903943,-16503653.382836921,6704317.804365817,2052406.2327457182,0.051310155818642955,1893912.4954751355,-25978087.772100314,-10573764.264029903,104320609.6873822,67768757.65125199,0.17149223464823748,0.42387152293906794,-0.06522918091475816,0.14463478466967314,2021-05-03,2019-05-20,False,False,False,False,False,0.0,0,0,False,[],暄颉实业
2019-06-30,半年报,2019-08-27,无保留意见,True,315946902.7706748,114685749.96267495,201261152.80799985,0.3629905815089374,4197196.640809749,2.7651162187231374e-05,1916851.3151223727,938172.9007111945,5843868.7064200565,55829200.59067025,37529979.384015,108015826.09248185,40000000,5.031528820199997,-12334877.44235668,-10505582.760253895,35193002.50705925,9156608.716496091,0.2289152179124023,8568672.317975754,-32369217.117154066,-11759708.647193884,128176587.56222674,84047661.7978788,0.1431238272589752,0.3728769162784409,0.05640105992953763,0.11339571611247484,2021-05-03,2019-10-14,False,False,False,False,False,0.0,0,0,False,[],暄颉实业
2019-09-30,季报,2019-10-27,保留意见,False,339062396.3292416,127121617.52771018,211940778.8015314,0.3749210142556493,4572209.863381555,3.0337058603442978e-05,2181803.8512169123,1118691.1116396666,6804576.409250104,61211276.87224429,46592990.54771004,124376067.60720778,40000000,5.298519470038285,-5376929.184815365,-3949029.321381663,25847216.19444546,9939926.08220188,0.248498152055047,9366504.912674617,-5713466.3423398025,-14278918.396888435,145776120.37542745,125783735.63619922,0.053063523906770715,0.029947206619785362,0.011930432746711865,0.03869370221568291,2021-05-03,2019-11-22,False,False,False,False,False,0.0,0,0,False,[],暄颉实业
2019-12-31,年报,2020-03-30,无保留意见,False,364930518.2853507,151779379.32439768,213151138.96095297,0.4159130895315163,4800750.994897719,3.4001691987725396e-05,2067810.9969371082,1174753.8780494623,6759421.303207451,69227144.47919534,48217845.59332148,126655990.95342934,40000000,5.328778474023824,11102404.25761581,10992645.786657773,12958576.282774549,23541904.917758822,0.5885476229439706,21345250.15434205,-67795133.06740758,-15531387.716662934,141967985.99447137,58641465.210400864,0.005710841331554398,0.5049003770111756,0.040992075275866985,-0.1448161391950201,2021-05-03,2020-04-30,False,False,False,False,False,0.0,0,0,False,[],暄颉实业
2020-03-31,季报,2020-04-30,无保留意见,False,345423294.69851685,134758871.20429698,210664423.49421987,0.3901267612015386,4752259.676891511,3.192759623978051e-05,2304934.068929138,1124532.84184717,6726199.830038301,68419245.73852186,45932714.306099795,122402864.82750888,40000000,5.266610587355497,35399429.649121314,32902461.7567604,133392849.74893922,34710036.27357929,0.8677509068394823,31299737.10014661,-60030400.34597984,-14505832.255829524,147128829.49721748,72592596.89540811,-0.01166644231344531,0.2754713025565907,-0.02578632832997767,-0.06714973063992988,2021-05-03,2020-06-09,False,False,False,False,False,0.0,0,0,False,[],暄颉实业
2020-06-30,半年报,2020-08-27,无保留意见,False,276649938.29674995,95576984.95947541,181072953.33727452,0.3454798708718824,3660812.8775650137,2.4326328448389743e-05,1905768.9261572752,1056917.9233196236,5831580.100266086,59632808.16748757,35826499.34254873,102252212.01955114,40000000,4.526823833431863,56938118.93745841,51640481.73120799,91599621.21598257,30769556.126195848,0.7692389031548962,26768599.963496555,-12497220.392902613,-11776930.946919786,115211925.0947882,90937773.7549658,-0.14046733504462502,-0.07620339166918727,-0.04464689032965622,0.060969524346813166,2021-05-03,2020-10-15,False,False,False,False,False,0.0,0,0,False,[],暄颉实业
2020-09-30,季报,2020-10-27,保留意见,False,296628598.51729065,99872364.62004621,196756233.89724442,0.3366916242036743,3336754.1553836204,2.3062811238912513e-05,1565590.5914968273,792670.987062511,4597080.009528039,47372724.5088123,30491347.70333141,86894514.60405251,40000000,4.918905847431111,86879944.16425489,79805451.52183087,147567792.67512715,42774036.038280696,1.0693509009570175,40235671.12946128,-9205242.42458901,-12305276.860143194,123162429.89270325,101651910.60797104,0.0866130488895134,0.2512998002403843,-0.008788246668208068,0.11648255994918812,2021-05-03,2020-12-22,False,False,False,False,False,0.0,0,0,False,[],暄颉实业
2020-12-31,年报,2021-03-30,无保留意见,False,332061612.5629664,130709397.6967339,201352214.86623248,0.3936299552600301,4233271.416146179,3.3076862240235516e-05,2273138.8518830324,1104314.3780138476,6240644.695902582,57791377.506113194,38261114.28472537,114297710.17245299,40000000,5.033805371655812,104504151.40999869,95495603.07266508,26923474.354275506,25177438.922491148,0.6294359730622787,22414502.215477422,-16628701.68084676,-13691469.640110547,130213797.51850995,99893626.19755265,0.02335875655857652,-0.2943852930479761,0.056938331056355734,0.02033592668914099,2021-05-03,2021-04-28,False,False,False,False,False,0.0,0,0,False,[],暄颉实业
2021-03-31,季报,2021-04-30,保留意见,False,348461134.6066694,116205580.56457312,232255554.0420963,0.3334821850239966,4271132.156678197,3.090440105269876e-05,1896987.2271922356,1169901.7599545869,6407644.498741928,62030241.1758505,43734759.87391715,116400141.49096593,40000000,5.806388851052407,123053873.75577748,112955781.65594696,125270361.3735764,26499603.351112567,0.6624900837778142,24943112.261831246,-13871975.981252657,-14015390.321243947,135443824.86644596,107556458.56394935,0.15347901286506493,0.03134766980638967,-0.060147770236033425,-0.016511867082403094,2021-05-03,2021-05-19,False,False,False,False,True,0.0,0,0,False,[],暄颉实业
2021-06-30,半年报,2021-08-27,无保留意见,False,426251499.9759834,168646908.95666027,257604591.01932308,0.39565118003376526,5137984.479874273,3.65097943228526e-05,2343689.8511230573,1336467.0339946523,7702105.271084556,78454558.88333571,51538953.19300509,140067775.92336333,40000000,6.440114775483077,120537137.84764078,110645085.91605687,10360748.053916754,-3595337.0116238557,-0.0898834252905964,-3300993.914128706,-33923472.36400348,-17034660.693379927,170216707.31663752,119258574.25925411,0.10914286670893686,-0.6918440179746306,0.06216899500976863,-0.01434642521214376,2021-05-03,2021-09-21,False,False,False,True,False,0.0,0,0,False,[],暄颉实业
2021-09-30,季报,2021-10-27,无保留意见,False,488189579.45714617,199846602.9644917,288342976.4926545,0.4093626971446539,6083887.150155364,3.964734541812865e-05,3053656.1355909407,1493199.7124357147,9382355.752989937,85827964.32498457,60114419.67677939,169284692.16341478,40000000,7.208574412316363,121368466.89855199,111426390.76550935,3646765.5817438564,1187612.9298731424,0.02969032324682856,1116149.7849320972,-64369128.60731928,-22336340.39427722,183478510.9137492,96773041.9121527,0.11932390394015004,0.35681239771895307,0.013711517110888643,0.03584255362092045,2021-05-03,2021-12-24,True,False,False,False,False,1559812.7511919362,0,0,True,['根据公司盈利能力、融资能力及其成本、偿债能力及现金流等情况披露现金分红方案的合理性，是否导致公司营运资金不足或者影响公司正常生产经营'],暄颉实业
2021-12-31,年报,2022-03-30,非标准无保留意见,False,542460516.906035,239856779.79215884,302603737.11387616,0.44216449366711574,7294276.272316189,4.15185535274089e-05,3315173.636697165,1698743.0078136248,10024070.016695095,94516889.63800119,64752242.910205655,182786057.63020393,40000000,7.565093427846904,117498700.50463004,108302041.01087198,15814028.619207157,-5528237.70560278,-0.1382059426400695,-4463356.7923391275,-98887551.56352584,-21221969.735635422,229298252.2715174,109188730.97235614,0.04945763130660108,-0.3692540995550407,0.03280179652246187,0.01972244690276333,2021-05-03,2022-05-20,False,False,False,False,True,0.0,0,0,False,[],暄颉实业
2022-03-31,季报,2022-04-30,无保留意见,False,608105282.3333839,274369875.3819092,333735406.9514747,0.45118811388895375,7097965.804099064,4.902373155747529e-05,3533818.0348751587,1946115.791876027,10973027.900956824,107247553.85563074,69646087.33781251,200597588.35836044,40000000,8.343385173786869,113529443.30798726,104568415.23456354,14221982.778729519,-5670367.423775407,-0.14175918559438516,-5333751.109012044,-52557961.072298884,-23200300.00018082,251465199.47070256,175706938.39822286,0.10287933035633014,-0.01238952782712739,0.00902362022183798,0.002957512299801411,2021-05-03,2022-06-08,False,False,False,False,True,0.0,0,0,False,[],暄颉实业
2022-06-30,半年报,2022-08-27,无保留意见,False,711164916.1596246,337174564.1767358,373990351.9828888,0.4741158576797048,9123828.020207722,6.190345775258735e-05,4158892.6246150476,2345461.587439615,13456412.68368836,126305274.70070468,86501827.90548036,247390559.80804265,40000000,9.34975879957222,113631904.69935471,104662699.92771511,691982.7481428084,146373.41623919457,0.0036593354059798644,134692.41878795213,-66197406.67740615,-29241359.423234213,294090545.3759577,198651779.27531737,0.12061934152904298,0.5134094862194488,0.022927743790751087,0.04513150758794842,2021-05-03,2022-10-14,False,False,False,False,False,0.0,0,0,False,[],暄颉实业
2022-09-30,季报,2022-10-27,无保留意见,False,1006213064.8733275,602215574.1833955,403997490.6899319,0.5984970730420884,13550761.912300734,8.766939888561698e-05,6277175.299971993,3349470.4937138115,17724758.564605035,175208170.36258188,119734861.9805282,361138174.70564425,40000000,10.099937267248299,116713857.64810073,107454438.84541827,12896330.638515925,4402789.926780049,0.11006974816950121,3988198.453861659,-165684143.15844503,-39039781.76839989,418897309.2543533,214173384.32750836,0.08023506100610878,0.24824004512287326,0.12438121536238356,0.0023052664081020806,2021-05-03,2022-11-29,False,True,False,True,False,0.0,1,0,True,"['是否影响偿债能力、过去十二个月内是否使用过募集资金补充流动资金以及未来十二个月内是否计划使用募集资金补充流动资金等内容', '结合所处行业特点、发展阶段和自身经营模式、盈利水平、偿债能力、资金需求等因素，未进行现金分红或现金分红水平较低原因的说明']",暄颉实业
2022-12-31,年报,2023-03-30,无保留意见,False,1158755851.8390174,742682364.377433,416073487.46158457,0.6409308425055631,13397564.062951416,9.888616107982645e-05,6750563.6905740155,3283550.1690786663,20312145.009482086,195692772.2889832,130732960.29772893,369406289.2699677,40000000,10.401837186539614,117183229.29465649,107878699.58964315,2295104.7662754017,670530.923651062,0.016763273091276547,606086.7774641231,-167727337.57631814,-45526996.48020371,478991945.99875253,265737611.94223067,0.02989126677749823,-0.17438189207562288,0.0424337694634747,0.06181389045169819,2021-05-03,2023-05-10,False,False,True,False,True,0.0,0,6,True,['根据公司盈利能力、融资能力及其成本、偿债能力及现金流等情况披露现金分红方案的合理性，是否导致公司营运资金不足或者影响公司正常生产经营'],暄颉实业
2023-03-31,季报,2023-04-30,无保留意见,False,1213034702.571992,763498115.4984642,449536587.0735277,0.6294116020585583,16042798.24423995,0.00010310146928740309,7613781.716736032,3742835.7861032253,20789134.255854093,209447785.68519557,138681895.21336222,408864585.5167794,40000000,11.238414676838193,109429184.61986168,100731903.87330882,6939168.274301572,-11077206.678278306,-0.27693016695695766,-10209708.166191908,-57338864.614122,-51373194.15315236,466466010.6409336,357753951.8736592,0.08042593585113425,-0.6648208620718719,-0.011519240447004824,-0.05725455622689518,2021-05-03,2023-06-10,False,False,False,False,False,0.0,0,0,False,[],暄颉实业
2023-06-30,半年报,2023-08-27,保留意见,False,1269906723.0706086,788181389.8142518,481725333.2563569,0.6206608528762216,14215266.073337032,0.00010383159264581494,6633652.8716397565,3698502.6292374404,19603032.033689063,217690966.44461375,132232871.88161393,381476923.01058847,40000000,12.043133331408923,102614150.03926085,94005042.9795843,4903826.756825528,-9735763.686572617,-0.24339409216431543,-9609801.2767493,-131846962.77112308,-53189999.95059186,533424448.5203361,348387485.7986212,0.07160428563195961,0.22648823263610826,-0.008750749182336605,0.05800908213619783,2021-05-03,2023-10-13,False,False,True,False,False,0.0,0,0,True,"['公司在相应期间是否按照中国证券监督管理委员会相关规定为中小股东参与现金分红决策提供了便利', '是否影响偿债能力、过去十二个月内是否使用过募集资金补充流动资金以及未来十二个月内是否计划使用募集资金补充流动资金等内容']",暄颉实业
2023-09-30,季报,2023-10-27,无保留意见,False,1232868092.442317,787919471.8154539,444948620.6268632,0.6390947065996184,14939210.952950174,0.00011147745131144352,7239546.703236801,4081494.038954358,21395370.70582608,209818863.58848128,143714544.93516412,414708991.7496215,40000000,11.123715515671579,93948554.51999354,86254977.19301176,16787176.07472959,-12379422.17038186,-0.30948555425954655,-11071522.5522465,-233822157.84532803,-50657639.73405554,505120312.1987536,220640514.61937004,-0.07634373799877056,-0.3639279298943846,0.01843385372339676,0.04640301945172377,2021-05-03,2023-12-16,False,True,False,False,False,0.0,4,0,True,"['是否影响偿债能力、过去十二个月内是否使用过募集资金补充流动资金以及未来十二个月内是否计划使用募集资金补充流动资金等内容', '结合前述财务报表列报项目的具体情况说明现金分红方案确定的依据及未来增强投资者回报的规划', '公司在相应期间是否按照中国证券监督管理委员会相关规定为中小股东参与现金分红决策提供了便利', '上市公司控股子公司向母公司实施利润分配的情况']",暄颉实业
2023-12-31,年报,2024-03-30,无保留意见,False,1172456532.644352,685466252.8891096,486990279.75524235,0.5846410794804587,16347221.307717478,0.00010592763493676867,7680222.030150104,3722471.4857782098,19262121.1779072,242395884.82732517,137179906.76322916,415176625.18074095,40000000,12.174756993881058,85151565.15692233,78103515.86541703,60639246.03388194,-12567127.66153032,-0.314178191538258,-11644944.75370675,-70123179.30516654,-42537137.68781463,480245714.16140765,367585397.1684265,0.09448654783815054,-0.040623813312970825,-0.05445362711915976,0.13622171631852548,2021-05-03,2024-04-15,False,False,False,False,False,0.0,0,0,False,[],暄颉实业
2024-03-31,季报,2024-04-30,无保留意见,False,1408736366.6939352,879713618.4343426,529022748.2595925,0.6244700138599254,19701348.52562329,0.00011363111698694373,8891211.975393625,4715948.9535889905,26319139.491122168,283587735.3489741,178719919.91943073,515857837.22421575,40000000,13.225568706489812,78149662.48852402,71388910.86087494,33471299.106477387,-10002718.09771188,-0.250067952442797,-9592292.863631554,-77922318.75515835,-60367753.57586363,571316999.956381,433026927.625359,0.08631069294745526,0.5784984019421879,0.03982893437946667,0.005676145124623451,2021-05-03,2024-06-11,False,False,False,False,False,0.0,0,0,False,[],暄颉实业
2024-06-30,半年报,2024-08-27,无保留意见,False,1633159215.0323145,1084269536.6779137,548889678.3544009,0.6639092665906794,20133579.30996713,0.0001365041986459067,10195447.660684954,4877277.939019991,28889189.951506317,271183292.372517,184829791.265074,536420095.27969426,40000000,13.722241958860021,69735936.80779345,63624758.74818036,15012344.620281337,-12019608.11532937,-0.30049020288323425,-11091645.87527797,-262698185.45056495,-69506301.45643786,593649405.1915646,261444918.28456175,0.037554018537326976,-0.2882390685100116,0.03943925273075407,0.08205981206372602,2021-05-03,2024-10-01,False,False,False,False,False,0.0,0,0,False,[],暄颉实业
2024-09-30,季报,2024-10-27,无保留意见,False,2008363754.3144622,1420832694.8699439,587531059.4445183,0.7074578456306253,23875005.128357295,0.00016987616912030062,11837750.016963338,5583606.600997026,36378260.76671883,349071526.3972944,229291473.24462652,663557474.796354,40000000,14.688276486112958,60622094.94896728,55020945.27436294,55596999.203428134,-13019774.084037393,-0.32549435210093486,-12291162.105453461,-51585215.67582093,-85642834.10829788,782715259.0115707,645487209.2274518,0.07039917603472959,-0.20082073697583516,0.043548579039945884,0.09194792805959859,2021-05-03,2024-11-20,False,True,False,True,False,0.0,4,0,True,"['结合所处行业特点、发展阶段和自身经营模式、盈利水平、偿债能力、资金需求等因素，未进行现金分红或现金分红水平较低原因的说明', '结合前述财务报表列报项目的具体情况说明现金分红方案确定的依据及未来增强投资者回报的规划', '充分披露高送转的主要考虑及其合理性且送转股后每股收益不低于0.5元', '上市公司控股子公司向母公司实施利润分配的情况']",暄颉实业
2024-12-31,年报,2025-03-30,无保留意见,False,2449927600.540818,1860174585.0387764,589753015.5020418,0.7592773699223379,27635286.803690016,0.00021727296979038275,14541005.983377295,7931136.283224061,41388079.15670287,424387234.4927642,272312286.2778666,804843228.9480444,40000000,14.743825387551045,51407152.892099164,46672774.245434046,25297732.03466429,-13164202.938383024,-0.3291050734595756,-11925958.612755565,-67392231.4992544,-101173551.4823566,1054139418.1500221,885573635.1684111,0.003781852928122891,-0.036286597141735634,0.05181952429171243,0.008179130654213055,2021-05-03,2025-04-09,False,False,False,False,True,0.0,0,0,False,[],暄颉实业
2017-03-31,季报,2017-04-30,无保留意见,False,309914225.01448685,115274189.30443434,194640035.7100525,0.37195514113315026,11946278.01085745,0.0009793797091216425,559013.8768131513,70245743.53193179,1076686.5262552218,204126.79707618622,126250557.52514099,198168584.61357492,40000000,4.8660008927513125,-2901302.2906255373,-2585688.7457032255,9743563.615403771,-4144717.558036482,-0.10361793895091205,-3693841.065290322,-45925904.45138123,-6860933.462366936,143256043.48602948,90469205.5722813,0.08133353172251379,-0.28581764211313787,0.07195514113315027,0.035426132927683325,2021-08-11,2017-06-27,False,False,False,False,False,0.0,0,0,False,[],琬瑄股份
2017-06-30,半年报,2017-08-27,无保留意见,True,323870307.94371665,148548761.33737034,175321546.60634628,0.4586674285781878,13793244.652966047,0.0011839340780508067,655786.1534549787,73786645.29614569,1177989.0402732159,220269.75248431452,115411564.81859228,217355248.38174325,40000000,4.383038665158657,-3493156.1321509476,-3111472.945427551,429738.3846474551,-845505.4878934436,-0.02113763719733609,-751120.2853204649,-20403172.41727158,-7054128.378173543,143171837.31198496,115714536.51653984,-0.09925239189990802,0.25664251913854624,0.08671228744503755,0.06604488747136682,2021-08-11,2017-09-19,False,False,False,False,False,0.0,0,0,False,[],琬瑄股份
2017-09-30,季报,2017-10-27,无保留意见,False,348279771.8762293,173761650.99101552,174518120.8852138,0.498913991056496,14308375.140812548,0.0011923651446962336,622674.2403420917,78958427.71754195,1203303.4156546628,231913.84708285469,137946686.6298201,235482758.8637614,40000000,4.362953022130345,10482142.004463486,8869471.062808974,91770123.7254041,19964711.623734906,0.49911779059337263,17115634.29748075,-13492999.155926667,-7900694.9497487135,166901386.1524053,145507692.04672992,-0.004582584038780093,1.2881998316959216,0.040246562478308164,0.05344352643855633,2021-08-11,2017-11-25,False,False,False,False,False,0.0,0,0,False,[],琬瑄股份
2017-12-31,年报,2018-03-30,无保留意见,False,457289464.14548314,265078561.74922726,192210902.39625585,0.5796734509170641,19451082.46846669,0.0016250034962361716,822226.921708528,94246911.95133293,1673521.4373088602,320566.00983888464,160495471.1609642,304368511.84348536,40000000,4.805272559906396,24708152.868133716,21770404.42080541,18856282.665699378,20322872.662386045,0.5080718165596512,18429904.797137767,-7162135.4397671055,-10794145.40965079,204366357.0991724,186410076.24975452,0.10138077021055683,0.009689269114199118,0.08075945986056815,0.07886020533261842,2021-08-11,2018-04-29,False,False,False,False,False,0.0,0,0,False,[],琬瑄股份
2018-03-31,季报,2018-04-30,无保留意见,False,418056270.9947679,225190928.09946123,192865342.89530665,0.5386617633162584,18798045.72864241,0.0014944867586650693,761473.8776204049,96522631.7704089,1496842.819864696,294614.24388864666,171029938.95362794,275826500.708204,40000000,4.821633572382666,46717314.57963891,40439461.08001269,29382455.75760699,31441659.587864563,0.786041489696614,26670080.94172468,-56779587.870272666,-8841082.433034752,190006637.35892096,124385967.05561355,0.003404804258718113,0.2979081226157605,-0.04101168760080578,0.04904072914778341,2021-08-11,2018-05-19,False,False,False,False,False,0.0,0,0,False,[],琬瑄股份
2018-06-30,半年报,2018-08-27,无保留意见,False,500245307.07854646,273972269.5356716,226273037.54287487,0.547675841549981,20884961.074256714,0.0020326566245968914,871567.9933109366,112680456.58112344,1635941.2778084953,309133.8121319157,197011500.04278475,329245544.3686714,40000000,5.656825938571872,84073083.66589761,74820172.31937122,121135817.69722034,53365384.408941,1.334134610223525,49115301.7705122,-11808412.360117886,-11171623.633098884,225868687.4851351,202888651.49191833,0.17321771836271765,0.45257996954688773,0.009014078233722564,-0.03712373839136298,2021-08-11,2018-10-21,False,False,False,False,False,0.0,0,0,False,[],琬瑄股份
2018-09-30,季报,2018-10-27,非标准无保留意见,False,562835640.8298548,298421625.5190225,264414015.3108323,0.5302109601286521,21117222.48898385,0.001733051565957134,956956.1530397004,104400370.71498871,1657317.8524344908,331318.7893462849,187529505.9734342,322467772.4420727,40000000,6.610350382770807,119101139.86476451,105234072.09895666,208681942.8525093,50040080.28409558,1.2510020071023895,43448428.25655061,-84189409.82918665,-11367676.002570413,259601004.26757535,164043918.43581828,0.16856174373285784,-0.04725767012825263,-0.017464881421328796,0.02411850761550965,2021-08-11,2018-12-12,False,False,False,False,False,0.0,0,0,False,[],琬瑄股份
2018-12-31,年报,2019-03-30,无保留意见,False,575864602.0096605,325070524.24571913,250794077.7639414,0.564491241710783,23059839.445121035,0.0018035653242893307,885375.4095826447,111140574.93408787,1902431.1356253766,340992.8911429058,200154507.1398869,344858266.70650136,40000000,6.269851944098535,161857909.89284945,142921977.71006772,98574970.98063302,61081100.04012132,1.527027501003033,53839865.15873008,-24266772.442969643,-11944613.294480538,263573073.540369,227361687.80291882,-0.05150989266162753,0.16469281822511628,0.034280281582130846,0.10746166599537739,2021-08-11,2019-05-27,False,False,False,False,False,0.0,0,0,False,[],琬瑄股份
2019-03-31,季报,2019-04-30,无保留意见,False,635027940.7675211,351327372.5031217,283700568.2643995,0.553247109219309,24148039.703431316,0.002263627174340742,1113604.7639749465,139240294.7509059,1999354.516339676,418858.8299569189,239641731.83798897,404831181.63874006,40000000,7.092514206609988,164390816.8716324,145205237.05343527,5292504.289280974,3618438.541118495,0.09046096352796237,3261799.0619536764,-76543881.16549684,-13433277.135651613,291108641.68053436,201131483.3793859,0.1312092007668186,-0.73593560374375,-0.011244132491473989,-0.0021597213310433068,2021-08-11,2019-06-24,False,False,False,False,False,0.0,0,0,False,[],琬瑄股份
2019-06-30,半年报,2019-08-27,无保留意见,False,603827384.5321671,302253301.0201468,301574083.5120203,0.5005624268835147,24519783.857046373,0.0021923020653149437,1042740.0563914368,118454273.31080998,2228672.254871211,397220.9242643083,230574103.48522842,393645563.18549025,40000000,7.539352087800507,173696345.59116134,153690815.7338431,22410959.402728457,13293612.456469942,0.3323403114117485,12122255.257725457,-60818649.22560482,-13046383.733760975,274610076.3508553,200745043.3914895,0.06300133749102417,0.4692486240437969,-0.05268468233579431,0.05548479227455433,2021-08-11,2019-10-03,False,False,False,False,False,0.0,0,0,False,[],琬瑄股份
2019-09-30,季报,2019-10-27,无保留意见,False,656488250.5816891,360600027.45663774,295888223.12505144,0.5492863385401396,21807243.734468468,0.0021198388110154646,1099954.1112228802,123544553.26013544,2059252.0489085321,393800.4277907219,230556852.45970315,387366471.30589855,40000000,7.397205578126286,172080514.94802016,152140716.18824273,9852946.891915608,-2308329.49020171,-0.057708237255042746,-2214427.9222862404,-123413150.8698111,-14333857.913292956,316180094.20456594,178433085.42146188,-0.018853942357225872,-0.5150241480474038,0.048723911656624985,0.0376930504250089,2021-08-11,2019-11-21,False,False,False,False,False,0.0,0,0,False,[],琬瑄股份
2019-12-31,年报,2020-03-30,无保留意见,False,873654997.3101323,542396995.5453386,331258001.7647937,0.6208365970724221,37574526.36588775,0.0028827070028928886,1435439.8244076918,184919469.44217712,2789951.823506976,507825.4697922225,302178077.8190135,528130777.361526,40000000,8.281450044119842,169631704.31287685,150009265.3539265,2039721.1236656285,-3498300.9073475897,-0.08745752268368974,-3044929.7633088543,-15543044.740157535,-18082643.298772905,387489980.5173177,353864292.4783873,0.11953763575373466,-0.08099633165284066,0.07155025853228243,0.17034383358097868,2021-08-11,2020-05-24,False,False,False,False,False,0.0,0,0,False,[],琬瑄股份
2020-03-31,季报,2020-04-30,无保留意见,False,886163196.4353535,542218929.4396712,343944266.9956823,0.6118725440424297,36236949.82186552,0.0033454071985243258,1688312.504325939,192411866.39923733,2948994.1492172936,597099.6193317769,366578170.4617237,584686161.940727,40000000,8.598606674892057,164598317.02709097,145735037.16621834,8193965.827478342,-7190553.265408399,-0.17976383163520995,-6106040.268154552,-102335116.50697893,-19118176.749530956,392064482.1872743,270611188.9307644,0.038297234069220594,-0.2734657566224478,-0.008964053029992279,0.01658421216383456,2021-08-11,2020-06-03,False,False,False,False,False,0.0,0,0,False,[],琬瑄股份
2020-06-30,半年报,2020-08-27,无保留意见,False,876042624.2031152,529377073.3098022,346665550.893313,0.6042823244945936,38596770.29574506,0.0029280301535021327,1740857.1827543697,190117643.34557992,3117564.397867073,557489.3193927315,339354417.5408748,589166660.0148075,40000000,8.666638772332824,156593234.5187726,138756240.7849914,27062400.916423894,-11435832.15474052,-0.285895803868513,-9969709.116038457,-27592441.274786945,-19295938.015834387,401182312.7177006,354293933.42707926,0.00791199086235926,-0.4327745492884687,-0.007590219547836212,-0.11191269329827716,2021-08-11,2020-10-19,False,False,False,False,False,0.0,0,0,False,[],琬瑄股份
2020-09-30,季报,2020-10-27,保留意见,False,971242558.225445,613418629.2866675,357823928.9387775,0.6315812915029622,35296222.69653232,0.0026631691334173028,1681949.3541457457,189612944.37518296,3163587.359863146,584709.0388055405,337730714.57299954,574647865.4593533,40000000,8.945598223469437,149603301.94953194,132318165.11229616,39973793.545468755,-9985617.956058092,-0.24964044890145232,-9197250.960993221,-104049249.87491114,-22306630.28468782,409653049.54618543,283297169.3865865,0.03218773257599669,0.260634516968781,0.027298967008368626,0.023059819895074513,2021-08-11,2020-12-21,False,False,False,False,False,0.0,0,0,False,[],琬瑄股份
2020-12-31,年报,2021-03-30,无保留意见,True,1007752654.5525364,628799252.4648246,378953402.0877118,0.6239618914663388,44283466.768068634,0.0033966739155403924,1913021.7687457888,228103237.52816615,3636512.812548709,732206.4502326441,403723519.51497626,684354293.7882372,40000000,9.473835052192795,142041071.67237976,125798635.55017489,27875082.13604994,-10803186.110217432,-0.2700796527554358,-9313613.660173245,-102878855.69552432,-23049305.194227785,451040545.7090573,325112384.8193052,0.05904991656538848,-0.11655597728176872,-0.007619400036623388,0.0013575799315859998,2021-08-11,2021-04-10,False,False,False,False,False,0.0,0,0,False,[],琬瑄股份
2021-03-31,季报,2021-04-30,无保留意见,False,1309495492.703265,901775069.835214,407720422.8680509,0.6886431261963561,53630218.89100741,0.004561329876155827,2373990.6932250946,281597546.8086924,4093640.1473239413,838440.8800218841,484781776.3404999,797820668.1170665,40000000,10.193010571701272,137488327.2600214,121952286.70133537,0.0,-6503920.589083374,-0.16259801472708435,-5494784.069770758,-167182170.61131555,-28248908.362705443,576190672.3236679,380759593.3496469,0.07591176282323146,0.6937864518124025,0.06468123473001726,-0.016140706185273957,2021-08-11,2021-06-18,False,False,False,False,False,0.0,0,0,False,[],琬瑄股份
2021-06-30,半年报,2021-08-27,无保留意见,False,1262469340.3553224,856132560.9148779,406336779.44044447,0.6781412692952362,54182082.45796974,0.004290344524072022,2121932.887767109,273684187.23674065,4008912.8709281203,821284.4234548926,499197843.4985888,814348107.781396,40000000,10.158419486011113,130552543.493509,115960974.12098108,31109924.09693518,-9908262.52358915,-0.24770656308972872,-8559017.971934693,-51700438.56040622,-28779535.75087033,572283177.3537134,491803203.04243684,-0.003393608340424604,-0.3243441480601825,-0.010501856901119806,0.07269240103796992,2021-08-11,2021-10-10,False,True,False,False,True,0.0,3,0,True,['公司在相应期间是否按照中国证券监督管理委员会相关规定为中小股东参与现金分红决策提供了便利'],琬瑄股份
2021-09-30,季报,2021-10-27,无保留意见,True,1491068320.238721,1038723250.7807658,452345069.45795524,0.6966302192071692,62112238.604836084,0.004423045582339092,2572646.130384478,307750356.8226618,5062179.942240137,957149.2481948485,600337124.9241989,940118886.6283861,40000000,11.30862673644888,125570419.86080559,111475866.90521033,33618617.74614302,-7117319.4752906,-0.177932986882265,-6407296.022529625,-68881439.52049758,-33083160.200318877,734739574.0586739,632774974.3378574,0.1132269889052808,0.3935485566946076,0.018488949911932943,0.11847250463787398,2021-08-11,2021-11-15,False,False,False,False,False,0.0,0,0,False,[],琬瑄股份
2021-12-31,年报,2022-03-30,无保留意见,False,1631738987.8608575,1094922803.769592,536816184.09126544,0.6710158989367476,62112004.092952356,0.005349462891957786,2823281.6734605124,352017306.0230316,5973764.642439612,1086019.2471847257,536200303.40731186,1034236079.358277,40000000,13.420404602281636,122390633.15279849,108738957.12228289,17493373.64397806,-4542552.440010136,-0.1135638110002534,-3909871.1184677924,-244262207.7439123,-37972067.664480746,772001305.9284626,489767030.5200696,0.1867404340994186,0.2605332661359279,-0.025614320270421598,-0.0364873801032474,2021-08-11,2022-04-17,False,False,False,False,False,0.0,0,0,False,[],琬瑄股份
2022-03-31,季报,2022-04-30,无保留意见,False,2197355034.6630564,1581679791.2254,615675243.4376562,0.7198107571487353,97585468.98936625,0.007756053257741825,3988812.7222473756,484138964.85336155,7603041.480903454,1449396.0957461805,807902901.4223099,1411785620.0269806,40000000,15.391881085941405,118666887.43633148,105240825.33864392,20642140.112547435,-5319636.73781001,-0.13299091844525024,-4997331.119484246,-419200091.6447894,-49977104.58074404,1016783007.938011,547605811.7124777,0.1469014193003236,-0.062379094437906506,0.048794858211987674,0.0525294278522545,2021-08-11,2022-06-06,False,True,True,False,False,0.0,1,3,True,['是否影响偿债能力、过去十二个月内是否使用过募集资金补充流动资金以及未来十二个月内是否计划使用募集资金补充流动资金等内容'],琬瑄股份
2022-06-30,半年报,2022-08-27,无保留意见,False,2699358984.0119505,2074136927.931165,625222056.0807856,0.768381286155744,107806861.8692373,0.009043025607905231,4500279.686725705,540981457.93025,8894305.2512535,1722618.3369521839,898671817.8624468,1691561867.3711295,40000000,15.630551402019641,118741338.65600625,105313461.14656478,136818.4272404222,106358.88524968922,0.0026589721312422305,103765.43988694402,-472877524.4708593,-55811114.2403603,1211370231.62833,682681592.9171104,0.015506247400536032,0.46453997202501063,0.04857052900700862,0.16884889931933925,2021-08-11,2022-09-19,True,False,False,False,False,116955.57133368796,0,0,True,"['是否影响偿债能力、过去十二个月内是否使用过募集资金补充流动资金以及未来十二个月内是否计划使用募集资金补充流动资金等内容', '结合前述财务报表列报项目的具体情况说明现金分红方案确定的依据及未来增强投资者回报的规划', '公司在相应期间是否按照中国证券监督管理委员会相关规定为中小股东参与现金分红决策提供了便利', '结合所处行业特点、发展阶段和自身经营模式、盈利水平、偿债能力、资金需求等因素，未进行现金分红或现金分红水平较低原因的说明']",琬瑄股份
2022-09-30,季报,2022-10-27,无保留意见,False,2108589496.8636003,1476558136.2958703,632031360.5677298,0.7002586982872492,84691046.35393561,0.006888370187346812,3573142.6808129977,412471833.101439,7183118.8583446015,1396596.8907844329,766884891.2667911,1303167840.0905235,40000000,15.800784014193246,127944970.72274882,113807857.39299099,19589978.253471702,13148045.809632238,0.32870114524080596,12134851.780608857,-331453788.6431992,-42433326.68533417,922477337.6839793,548590222.3554459,0.010891017712376168,0.7623882447379268,-0.0681225878684947,0.1752899442122021,2021-08-11,2022-12-23,False,False,True,False,False,0.0,0,6,True,"['上市公司控股子公司向母公司实施利润分配的情况', '是否影响偿债能力、过去十二个月内是否使用过募集资金补充流动资金以及未来十二个月内是否计划使用募集资金补充流动资金等内容', '结合前述财务报表列报项目的具体情况说明现金分红方案确定的依据及未来增强投资者回报的规划', '根据公司盈利能力、融资能力及其成本、偿债能力及现金流等情况披露现金分红方案的合理性，是否导致公司营运资金不足或者影响公司正常生产经营']",琬瑄股份
2022-12-31,年报,2023-03-30,无保留意见,True,2174532609.0474772,1416579862.9318192,757952746.1156579,0.651441076136509,74382626.53669275,0.00742490851464703,3494272.303100824,450237533.9281282,6985927.500658307,1357372.794025156,763108209.7143887,1318082813.0097954,40000000,18.948818652891447,140657760.8004396,124972364.16930799,84966178.51927786,18161128.68241539,0.4540282170603847,15949295.394738594,-308603028.4830173,-49425445.72942896,981775328.1401281,623746853.9276819,0.19923281249021862,0.16628218307872814,-0.04881762215074022,0.08947211069097324,2021-08-11,2023-05-04,True,False,False,False,False,1942751.8160616455,0,0,True,['是否影响偿债能力、过去十二个月内是否使用过募集资金补充流动资金以及未来十二个月内是否计划使用募集资金补充流动资金等内容'],琬瑄股份
2023-03-31,季报,2023-04-30,无保留意见,False,2455666068.2436795,1704274961.804447,751391106.4392325,0.6940173926104554,102646548.86723976,0.008803320913712404,4506482.880119465,624782649.4637021,8916040.421881171,1799258.1827830826,982048380.1045485,1660265818.142088,40000000,18.78477766098081,157674573.44285426,140224965.37562907,19447459.833669007,24309732.346306637,0.6077433086576659,21789430.294744365,-351724168.3682168,-56010808.768691905,1222467155.8306556,814732178.6937468,-0.00865705640628973,0.174869348462248,0.04257631647394638,-0.02982994456755471,2021-08-11,2023-06-27,False,False,False,False,False,0.0,0,0,False,[],琬瑄股份
2023-06-30,半年报,2023-08-27,无保留意见,False,2541572889.0641775,1645581130.1166875,895991758.9474899,0.6474656450724892,118270337.20476247,0.009126287428513465,4401770.357745637,588996392.5262301,9069972.426508376,1616346.3627754622,990678271.1342509,1642402609.0549974,40000000,22.399793973687245,173237583.6927768,155102769.8042885,76248134.40608944,22232871.785603657,0.5558217946400914,21254006.326656368,-324011468.8601128,-51026358.60867556,1186897342.0065713,811859514.5377829,0.19244392336968888,-0.05027533326268727,-0.046551747537966315,-0.0013330245253819423,2021-08-11,2023-09-15,False,False,False,False,False,0.0,0,0,False,[],琬瑄股份
2023-09-30,季报,2023-10-27,无保留意见,False,2394956182.242269,1527253155.4473274,867703026.7949418,0.6376956567186303,106550726.3419016,0.007842879131289011,4204747.345984138,520805186.70122164,9002651.164811993,1706623.673946162,917511101.5430346,1568513059.5174296,40000000,21.692575669873545,172860998.8462961,154775945.25088397,1633799.5778190119,-537978.3521152716,-0.01344945880288179,-466892.2191493512,-286933728.84656507,-56949504.21107901,1063956550.9437543,720073317.8861103,-0.03157253609762948,-0.580402328490126,-0.009769988353858821,0.18283370989190592,2021-08-11,2023-12-16,False,False,False,True,False,0.0,0,0,False,[],琬瑄股份
2023-12-31,年报,2024-03-30,无保留意见,False,2240056323.4060755,1553413476.5593264,686642846.8467492,0.693470722288497,102054337.58697921,0.008064660180797299,3867323.4240780966,540206335.6785492,7894564.493214071,1547783.5726334737,882748086.5131981,1519593497.9216008,40000000,17.16607117116873,182505937.18611884,163582294.80869392,0.0,13778483.342603892,0.3444620835650973,12580499.368299888,-222610090.3138659,-45810259.11382673,980043543.5066133,711623194.0789206,-0.2086660693313236,0.8696660714547622,0.05577506556986675,-0.060300019653693,2021-08-11,2024-05-13,True,False,False,False,False,9990720.761164602,0,0,True,"['留存未分配利润的预计用途以及收益情况', '是否影响偿债能力、过去十二个月内是否使用过募集资金补充流动资金以及未来十二个月内是否计划使用募集资金补充流动资金等内容', '根据公司盈利能力、融资能力及其成本、偿债能力及现金流等情况披露现金分红方案的合理性，是否导致公司营运资金不足或者影响公司正常生产经营', '结合前述财务报表列报项目的具体情况说明现金分红方案确定的依据及未来增强投资者回报的规划']",琬瑄股份
2024-03-31,季报,2024-04-30,无保留意见,False,2096526592.715641,1412261895.725323,684264696.9903181,0.6736198341734427,80140381.92295371,0.0066255558045722,3308606.041649956,425857989.39450276,7318463.753088116,1321983.2858099313,748507767.9997685,1259722957.9572096,40000000,17.106617424757953,202892740.81130776,181085093.20657247,112924505.99656922,29124005.178841315,0.7281001294710329,25003997.711255107,-311769612.2687142,-44302646.713724904,944317102.3746797,588244843.3922405,-0.003463445177288601,0.4985795325072433,-0.01985088811505426,-0.10925069883166671,2021-08-11,2024-05-13,False,False,False,False,False,0.0,0,0,False,[],琬瑄股份
2024-06-30,半年报,2024-08-27,无保留意见,False,3013479120.8834267,2331792581.2796335,681686539.603793,0.773787535184929,125783843.10654846,0.011040681384804438,5858698.9931349605,694831893.9287673,11172492.612491239,2101677.643211324,1170995058.9724119,2002767237.4271266,40000000,17.042163490094826,231987660.72203138,207739068.77261424,104177290.73099388,41564171.30103371,1.0391042825258427,38077107.951488264,-508628544.34794164,-65257556.08921468,1370247183.8295043,796361083.3923479,-0.0037677778758203983,0.26971131570115975,0.10016770101148632,0.18706023765786525,2021-08-11,2024-09-15,False,False,False,False,False,0.0,0,0,False,[],琬瑄股份
2024-09-30,季报,2024-10-27,无保留意见,False,3543268683.681979,2795871831.6387506,747396852.0432284,0.7890657133947367,120013908.86839427,0.011047062409392744,5600898.149260847,598236222.6702276,10390381.662676513,2134889.230383437,1278989547.8193533,1997080017.1445487,40000000,18.68492130108071,277463360.79920965,251452403.10298058,75908710.47686674,64965285.82454039,1.6241321456135098,62447620.47195192,-139170422.5653905,-70788398.18782958,1689284151.0162978,1479325330.2630777,0.09639373615566368,0.3995807334696055,0.015278178209807623,0.000901599693650768,2021-08-11,2024-11-12,True,False,False,False,False,69705311.30805145,0,0,True,"['留存未分配利润的预计用途以及收益情况', '根据公司盈利能力、融资能力及其成本、偿债能力及现金流等情况披露现金分红方案的合理性，是否导致公司营运资金不足或者影响公司正常生产经营', '是否影响偿债能力、过去十二个月内是否使用过募集资金补充流动资金以及未来十二个月内是否计划使用募集资金补充流动资金等内容', '公司在相应期间是否按照中国证券监督管理委员会相关规定为中小股东参与现金分红决策提供了便利']",琬瑄股份
2024-12-31,年报,2025-03-30,无保留意见,False,2797849994.1236377,2100518851.0397048,697331143.083933,0.7507617833162796,119287545.13791002,0.009273069564153084,4590435.277343535,545593666.8936675,9039724.368363095,1630478.1163495404,1080766540.4876616,1729781945.2860305,40000000,17.433278577098324,329623019.4662933,295713320.85546196,143147688.3184589,74513798.09583378,1.8628449523958444,63229882.5035448,-344961043.0174203,-66692507.68703524,1167344713.3813787,755691162.676923,-0.0669867806138414,0.11649458884012762,-0.03830393007845707,0.028735154696676743,2021-08-11,2025-05-10,False,False,False,False,False,0.0,0,0,False,[],琬瑄股份
2017-03-31,季报,2017-04-30,保留意见,False,274492475.0243541,85392814.73934652,189099660.2850076,0.3110934634247081,7986529.42817793,0.00157937761524698,6819067.634913804,29582012.69429109,65007595.844739564,3586188.686125416,34959.716104708445,111886032.42168346,40000000,4.7274915071251895,-4407138.264551561,-4016409.6238348186,29547475.186640363,-6295911.80650223,-0.15739779516255575,-5737728.034049741,-15632751.202922631,-35244061.63345338,120496862.83141866,69620049.99504265,0.05055366825004227,-0.4053284336945684,0.011093463424708136,0.08535043992049673,2021-05-10,2017-06-16,False,False,False,False,False,0.0,0,0,False,[],曦琨地产
2017-06-30,半年报,2017-08-27,保留意见,False,274324205.6238493,85895083.11571732,188429122.50813198,0.31311521679386844,8394005.26087185,0.0016036925032512097,5993654.899224281,31281708.83882135,61328364.071675025,3278079.5407386445,33147.35238284451,109509942.96912085,40000000,4.7107280627033,-9685441.161689648,-9235695.069689339,30525723.854036815,-7540432.710197268,-0.1885108177549317,-7456122.065506459,-8118943.900977382,-36598518.06164579,128319060.11888017,83601598.156257,-0.00354594913531301,-0.11626594261910367,0.0020217533691603055,0.05115712848562171,2021-05-10,2017-10-24,False,False,False,False,False,0.0,0,0,False,[],曦琨地产
2017-09-30,季报,2017-10-27,非标准无保留意见,False,247398683.4507349,81478635.46532704,165920047.9854079,0.32934142707979314,7139878.324278014,0.0015317332360681203,5569929.843285528,30369428.305913642,57172982.47536587,3557173.9947936656,31562.294413832013,101232869.84465781,40000000,4.148001199635197,-9960518.45559119,-9474250.860689597,291082.74732833885,-392967.56271648966,-0.00982418906791224,-340793.9871432239,-9476831.479496546,-28379901.562220093,113893908.08267152,76037175.04095489,-0.11945645250113972,0.7555805597139347,0.016226210285924705,-0.021572729635409377,2021-05-10,2017-11-15,False,False,False,False,False,0.0,0,0,False,[],曦琨地产
2017-12-31,年报,2018-03-30,无保留意见,True,242224926.4311801,86758767.8755104,155466158.5556697,0.35817440076779183,6579090.968387761,0.0013078454082210184,5390000.425556936,26853871.12545965,55910279.92245503,3051346.3339056056,26736.414010815282,93925498.43679912,40000000,3.8866539638917423,-12247080.26847402,-11493237.153906679,15093766.243603466,-3266516.8755469006,-0.08166292188867251,-2884266.133167259,-20947417.557892762,-30659162.000643678,105840474.11975157,54233894.56121513,-0.0630055834522033,-0.17303207684349245,0.028832973687998722,0.13163749566540117,2021-05-10,2018-04-28,False,False,False,False,False,0.0,0,0,False,[],曦琨地产
2018-03-31,季报,2018-04-30,无保留意见,False,270467643.2985574,98787004.94114316,171680638.35741428,0.36524518695235014,9104552.526466658,0.0016664485694433632,5930230.404767822,32382208.113390654,63840089.95999495,3660655.85275045,34787.582230252905,114284940.22991344,40000000,4.292015958935357,-14613704.630832061,-13362585.488339458,5111040.37317197,-3380891.9462257735,-0.08452229865564434,-2670497.6206182563,-18608062.360900935,-33877208.67306998,125013927.41281706,72528656.37884614,0.10429587990326825,-0.008328191008967223,0.007070786184558273,0.15471731985126955,2021-05-10,2018-06-01,False,False,False,False,False,0.0,0,0,False,[],曦琨地产
2018-06-30,半年报,2018-08-27,无保留意见,False,249990782.96686697,96745103.76750864,153245679.1993583,0.3869946828412908,6768153.927837793,0.0014749684471946616,5278011.518474049,28001961.86536331,56588435.27512524,2832430.8495409163,31380.99128671916,96691563.86293736,40000000,3.8311419799839577,-18630652.730334822,-16862476.018672105,15211720.771541864,-5738497.285003945,-0.14346243212509863,-4999843.614760926,-36149314.556876786,-29449373.09526192,107986000.593981,42387312.94184229,-0.10737937215539146,-0.1731101133399712,0.021749495888940644,0.013395669155968102,2021-05-10,2018-10-13,False,False,False,False,False,0.0,0,0,False,[],曦琨地产
2018-09-30,季报,2018-10-27,无保留意见,False,252532533.99770242,80279898.99479318,172252635.00290924,0.31789923351231875,7369614.049679849,0.001499434640990248,6350713.289475862,27552187.781821124,57138059.24832726,3548851.8088753805,29780.812391982476,104166058.82318167,40000000,4.306315875072731,-25873284.319922935,-22493073.291661922,8432999.348968884,-10346616.556554446,-0.25866541391386116,-8043710.389985452,-47767439.80256866,-32507489.651038896,113490912.12563172,33215982.67202416,0.12402930968660225,-0.4091922177858406,-0.06909544932897205,-0.06693672004888994,2021-05-10,2018-12-11,False,False,False,False,False,0.0,0,0,False,[],曦琨地产
2018-12-31,年报,2019-03-30,无保留意见,False,310806276.15171283,100721171.03583856,210085105.11587426,0.32406414787671106,9170858.094762908,0.0017486332120973563,7105764.4573720815,33534673.045934398,75494345.89093731,3868846.7612578254,36842.37130471569,125653530.22353691,40000000,5.252127627896857,-32680275.76748834,-28235103.24682299,47182912.73474327,-9724273.49652201,-0.24310683741305023,-8202899.93594438,-11416278.005458789,-37954164.41782943,136211203.01492944,86840760.59164122,0.21963362193168237,0.09353783158935848,0.00616491436439233,-0.045029642993834176,2021-05-10,2019-05-20,False,False,False,False,False,0.0,0,0,False,[],曦琨地产
2019-03-31,季报,2019-04-30,非标准无保留意见,False,275872691.60981166,74572250.41487552,201300441.19493616,0.27031399874964385,7516347.567563829,0.0014969102767542198,5708590.240832205,30628384.05895736,64914903.47358074,3343416.38509379,33250.56831899289,110770013.77463984,40000000,5.032511029873404,-38768545.228230186,-34151198.03604552,21176028.20458817,-8697527.801059775,-0.21743819502649436,-8451563.984603617,-13667088.400845226,-36837871.8860469,119629752.02375114,69124791.73685901,-0.04181478699355126,0.1411193363262655,-0.053750149127067194,0.012667199142856536,2021-05-10,2019-06-07,False,False,False,False,False,0.0,0,0,False,[],曦琨地产
2019-06-30,半年报,2019-08-27,无保留意见,False,401732407.0175207,179292802.21824163,222439604.7992791,0.4462990764158644,13183332.995071808,0.002086980062468963,9278933.261294702,40091269.60155558,85849866.85781956,5119439.579098987,43239.78025642091,153966231.46644133,40000000,5.560990119981978,-46447475.078193046,-40968364.35656207,9284250.738811469,-10969899.785661235,-0.27424749464153086,-9738809.029309364,-18845738.002604958,-48295158.48143377,190063651.61457253,122922755.1305338,0.10501300185364279,-0.2736982347127304,0.17598507766622057,-0.1967045337103252,2021-05-10,2019-10-21,False,False,False,False,False,0.0,0,0,False,[],曦琨地产
2019-09-30,季报,2019-10-27,无保留意见,False,464264003.6260468,225046732.23892543,239217271.38712132,0.48473870573906275,15171298.311946608,0.0030653664936944043,10712344.5952838,49242742.321889386,108419183.10213481,6478664.020859519,55491.519548505596,191683587.1521235,40000000,5.980431784678033,-52632994.13276479,-46779991.55132466,39895207.13536162,-8836455.79224534,-0.22091139480613348,-8302324.563946551,-84057093.1139208,-62029098.97836852,221348297.76035684,75262105.66806751,0.07542571658038019,0.3537990941415624,0.03843962932319832,-0.02105470146487055,2021-05-10,2019-11-10,False,False,False,False,False,0.0,0,0,False,[],曦琨地产
2019-12-31,年报,2020-03-30,无保留意见,False,477265910.8209897,206468379.80859652,270797531.01239324,0.43260659336308127,14102374.554246547,0.002787188092948248,9508414.093428327,50319854.29757707,100519944.76498638,5842504.03721328,60150.4419334038,182499849.3092335,40000000,6.769938275309831,-55730732.64788554,-49705268.78858495,3859272.33279988,-4425340.735886803,-0.11063351839717007,-4178967.4818004104,-90338819.14475079,-60315929.36407755,228187956.92667207,77533208.41784373,0.13201496464762413,0.5403431333376448,-0.052132112375981476,0.126540624273222,2021-05-10,2020-04-18,False,False,False,False,False,0.0,0,0,False,[],曦琨地产
2020-03-31,季报,2020-04-30,无保留意见,False,558164278.2868199,258250294.473915,299913983.8129049,0.46267793285977676,15574173.275961332,0.0030829196590477876,12593372.263592754,64389728.68839113,125676471.73280272,6988564.115778823,68553.7691735967,225287279.69442463,40000000,7.497849595322623,-54312887.03412799,-48416007.90850993,9969675.45005305,2025493.7339393608,0.05063734334848402,1841801.2572500245,-39614522.12795996,-69152203.91239014,251841346.89625993,143074620.85590982,0.10752111620685012,0.5130027251105077,0.03007133949669546,-0.039944912347635655,2021-05-10,2020-05-22,False,False,False,False,False,0.0,0,0,False,[],曦琨地产
2020-06-30,半年报,2020-08-27,无保留意见,False,558876043.6798352,261564824.12218857,297311219.55764663,0.46801938834227774,16911327.430163495,0.0033941270891347155,13106765.315065484,59892799.52004336,125310840.1942374,6867370.7857346,68198.5594543082,228325036.08027306,40000000,7.432780488941166,-52643361.27349685,-46866770.89489659,0.0,2385036.800901629,0.059625920022540725,2213195.7337333406,-94279008.85095377,-77824909.85130705,241467600.42481118,69363681.72255036,-0.008678369118266652,0.018897962491290506,0.005341455482500979,0.13015731982134088,2021-05-10,2020-09-28,False,False,False,False,False,0.0,0,0,False,[],曦琨地产
2020-09-30,季报,2020-10-27,无保留意见,False,606736132.294827,265428966.54976064,341307165.7450663,0.43747018254186093,19675226.026554,0.0037399189703840987,14772787.555746503,77139130.4071209,144731054.20184648,9168286.770489246,79420.50287624683,265867801.93167847,40000000,8.532679143626657,-38900228.79986328,-35149608.88674418,58510619.75306551,19633046.390905105,0.4908261597726276,16738802.868789166,-51126130.64241801,-86009024.12246911,274394517.12612164,137259362.36123452,0.14797943465732263,0.8897589293821325,-0.03054920580041679,0.08775574573586481,2021-05-10,2020-12-01,False,False,False,False,False,0.0,0,0,False,[],曦琨地产
2020-12-31,年报,2021-03-30,无保留意见,False,582639382.4826853,193396902.24798995,389242480.2346953,0.33193242348964846,17587287.827137705,0.0033012781865390064,14799100.52551306,68981306.22829393,136223249.02612525,7933669.280839521,72370.45574945204,241059223.32160246,40000000,9.731062005867383,-21915247.090900835,-19045639.04053439,109646810.80311893,24264259.584232062,0.6066064896058015,23005671.20887113,-15166068.481141333,-74488589.00166366,256395233.37418655,166740575.89138156,0.14044625868017524,0.126421732550115,-0.1055377590522125,-0.03411823567436983,2021-05-10,2021-05-04,False,False,False,False,False,0.0,0,0,False,[],曦琨地产
2021-03-31,季报,2021-04-30,无保留意见,False,730769213.5041842,262900742.57821125,467868470.92597294,0.35975891939611104,24122129.230890766,0.004569090608333036,18127753.64621603,84583764.15560097,163995183.11068243,9680873.837532973,85076.91867729841,311487855.2316464,40000000,11.696711773149323,18217544.867014598,15330834.009695861,210160332.61611268,57332559.939879194,1.4333139984969798,49109247.214614645,-10975259.197079321,-103607609.38601534,337965706.62677747,223382838.0436828,0.20199745578609432,0.8013787400727582,0.027826495906462603,0.07503511702912746,2021-05-10,2021-05-17,True,False,False,False,False,83704720.53725845,0,0,True,"['是否影响偿债能力、过去十二个月内是否使用过募集资金补充流动资金以及未来十二个月内是否计划使用募集资金补充流动资金等内容', '结合前述财务报表列报项目的具体情况说明现金分红方案确定的依据及未来增强投资者回报的规划', '充分披露高送转的主要考虑及其合理性且送转股后每股收益不低于0.5元']",曦琨地产
2021-06-30,半年报,2021-08-27,无保留意见,False,700164008.4690409,267523628.21625662,432640380.2527843,0.38208708956808035,20606547.602488346,0.0042937739960326555,17524183.213201225,88386856.03205708,158811035.70767435,9765281.298608096,89198.06708446292,293498005.54256874,40000000,10.816009506319608,75027516.78424737,63633501.296025425,116859599.09215553,81157102.73890395,2.0289275684725987,69003810.40904224,-116861764.14667231,-96192355.23621188,311744433.16065615,98690313.77777195,-0.07529485926561295,0.3205128791244947,0.022328170171969315,-0.04512320436928227,2021-05-10,2021-10-25,False,False,False,False,True,0.0,0,0,False,[],曦琨地产
2021-09-30,季报,2021-10-27,无保留意见,False,710199487.7865713,285085288.84937507,425114198.9371962,0.4014157905659441,19306186.54710174,0.004010780144594215,14494385.921034833,77989390.38443035,137547867.0014877,8808427.137647176,87956.32847737553,272663980.2200992,40000000,10.627854973429905,81538722.04360677,69572125.76931153,43822775.78965669,9301721.799084857,0.23254304497712142,8483749.247551575,-125677852.72183233,-92558503.33756793,296137843.7934945,77901487.73409426,-0.017395928949560126,-0.7320446400191034,0.019328700997863747,0.1881357178952128,2021-05-10,2021-11-18,True,False,True,True,False,4404718.7279205695,0,6,True,"['结合所处行业特点、发展阶段和自身经营模式、盈利水平、偿债能力、资金需求等因素，未进行现金分红或现金分红水平较低原因的说明', '上市公司控股子公司向母公司实施利润分配的情况', '根据公司盈利能力、融资能力及其成本、偿债能力及现金流等情况披露现金分红方案的合理性，是否导致公司营运资金不足或者影响公司正常生产经营']",曦琨地产
2021-12-31,年报,2022-03-30,无保留意见,False,859296245.1337159,404425770.6213277,454870474.5123881,0.47064766419221893,28371886.285377458,0.005442366541890297,20930204.238669,102088251.85080974,199630838.46800724,10981680.135841416,112102.02607647481,362336787.1726889,40000000,11.371761862809702,89916797.25543188,76605736.78237759,30967475.63047962,11968678.874035873,0.2992169718508968,10048015.732951526,-142985500.09297284,-109476087.33628811,377993285.8282423,125531698.39898133,0.06999595790868395,0.10139857364941834,0.06923187362627481,0.0956845138522321,2021-05-10,2022-04-21,True,False,False,False,False,8727866.73817023,0,0,True,"['是否影响偿债能力、过去十二个月内是否使用过募集资金补充流动资金以及未来十二个月内是否计划使用募集资金补充流动资金等内容', '公司在相应期间是否按照中国证券监督管理委员会相关规定为中小股东参与现金分红决策提供了便利', '结合前述财务报表列报项目的具体情况说明现金分红方案确定的依据及未来增强投资者回报的规划', '充分披露高送转的主要考虑及其合理性且送转股后每股收益不低于0.5元']",曦琨地产
2022-03-31,季报,2022-04-30,无保留意见,False,880415326.3065408,439755305.3609299,440660020.94561094,0.49948619954829926,32638796.21658446,0.005637784542519247,19835111.833758883,106673052.08241838,213539703.1043954,12178815.75422298,117770.58965754938,386000535.61949587,40000000,11.016500523640273,101363853.79377154,85934943.67830378,63075871.42612733,16352937.911913771,0.4088234477978443,13327438.422751697,-12148997.84219864,-105872049.14701873,420759069.20423746,302738022.21502006,-0.031240659403120024,0.1513448043986374,0.02883853535608036,0.1492354914398486,2021-05-10,2022-06-15,False,False,False,False,True,0.0,0,0,False,[],曦琨地产
2022-06-30,半年报,2022-08-27,无保留意见,False,933079515.3999025,435872557.78666097,497206957.6132415,0.46713334779389426,30787554.303200904,0.00556667388904358,21989306.321761068,125099066.70607558,213666824.6789945,11418847.515473235,127239.70369003544,389538975.1109193,40000000,12.430173940331038,107247172.43394233,91543193.04484877,15834469.275274089,8404740.914529704,0.2101185228632426,8011784.809349978,-90121047.37809576,-110275842.30068007,446695957.5643031,246299067.88552725,0.12832327413384728,-0.2383057534054578,-0.032352851754404964,-0.08176092150166081,2021-05-10,2022-10-01,False,False,True,False,False,0.0,0,3,True,"['上市公司控股子公司向母公司实施利润分配的情况', '根据公司盈利能力、融资能力及其成本、偿债能力及现金流等情况披露现金分红方案的合理性，是否导致公司营运资金不足或者影响公司正常生产经营', '是否影响偿债能力、过去十二个月内是否使用过募集资金补充流动资金以及未来十二个月内是否计划使用募集资金补充流动资金等内容', '留存未分配利润的预计用途以及收益情况']",曦琨地产
2022-09-30,季报,2022-10-27,保留意见,False,844252831.1350126,361208505.8846347,483044325.2503779,0.4278439971578495,24170414.622813277,0.004998375100508221,18317237.138449725,99177436.98588644,184940858.78967294,10605468.583722694,100503.92490841864,335094863.8163172,40000000,12.076108131259447,108307228.97493002,92556320.46665339,7366387.151433266,1514366.48712527,0.037859162178131754,1447324.8882923096,-54863720.90187984,-115107222.07169735,356132770.23824096,186161827.26466376,-0.028484380892111527,-0.2712239597556231,-0.039289350636044766,0.03391383494434486,2021-05-10,2022-12-11,True,False,True,False,False,1678085.2714116853,0,5,True,"['公司在相应期间是否按照中国证券监督管理委员会相关规定为中小股东参与现金分红决策提供了便利', '上市公司控股子公司向母公司实施利润分配的情况', '根据公司盈利能力、融资能力及其成本、偿债能力及现金流等情况披露现金分红方案的合理性，是否导致公司营运资金不足或者影响公司正常生产经营', '结合前述财务报表列报项目的具体情况说明现金分红方案确定的依据及未来增强投资者回报的规划']",曦琨地产
2022-12-31,年报,2023-03-30,无保留意见,False,725316527.3722312,286493426.38180774,438823100.99042344,0.39499089786324393,24409195.390423004,0.004089250115385949,17750553.0941104,89855088.52499764,172577806.31167483,9936947.284434844,101833.83683611463,306602196.42673177,40000000,10.970577524760586,101271908.67618078,86405531.83844174,24719970.459311664,-10050457.56964178,-0.2512614392410445,-8786840.897445196,-10663781.32253893,-100304711.46509807,335266116.7822148,224297623.99457783,-0.09154692840462023,-0.6246405495326631,-0.03285309929460558,0.033277856736380146,2021-05-10,2023-04-09,False,False,False,False,False,0.0,0,0,False,[],曦琨地产
2023-03-31,季报,2023-04-30,无保留意见,False,932785680.9227204,481573705.17713994,451211975.7455805,0.5162747617445871,28878512.95860185,0.005409998423500842,22671624.878782835,114805808.33732095,222680857.91647416,12293704.470625045,113311.88609911576,383051667.7226917,40000000,11.280299393639512,92262569.84707063,78588434.93642262,33648905.86600723,-12870484.04158592,-0.32176210103964803,-11167281.28859876,-165030570.91534293,-117465008.20383237,442817370.05233485,160321790.93315953,0.028232047782341882,-0.4057859204694112,0.12128386388134316,-0.008330490692122045,2021-05-10,2023-06-15,False,False,False,False,False,0.0,0,0,False,[],曦琨地产
2023-06-30,半年报,2023-08-27,无保留意见,False,1041886550.7412554,633806466.7062933,408080084.03496206,0.6083257973292472,27084114.86404916,0.006293329614586003,25738065.87646814,130585917.08506945,231256962.47331864,14070354.342207525,131193.52641008137,441563436.1215848,40000000,10.20200210087405,83682459.13280852,70020313.87155987,16894124.04859361,-12257301.02037444,-0.306432525509361,-12240172.949803904,-80023548.34360667,-128947178.49713264,465263628.83070713,256292901.98996782,-0.0955911944476817,0.14848786816335946,0.09205103558466009,0.05434262262789102,2021-05-10,2023-09-22,False,False,False,True,True,0.0,0,0,False,[],曦琨地产
2023-09-30,季报,2023-10-27,无保留意见,False,1175036267.4396863,753264899.783906,421771367.65578026,0.6410567236577407,32572776.646690503,0.006044526000337738,25133688.410662644,123539054.4166417,241471504.4338244,16342662.801425433,153745.62868989428,451067440.2778469,40000000,10.544284191394507,75108642.21647763,62553853.74232188,19404132.976203468,-12248309.880472707,-0.3062077470118177,-10666371.613197148,-215514392.72468477,-149798357.09036043,534175052.6493281,168862302.83428288,0.03355048226182296,0.0018957854884653293,0.03273092632849346,0.020799085849666638,2021-05-10,2023-12-16,False,False,False,False,False,0.0,0,0,False,[],曦琨地产
2023-12-31,年报,2024-03-30,无保留意见,False,1426064904.2492847,930428525.3523225,495636378.8969624,0.6524447257483856,41948055.8661991,0.007779094387172717,34886564.31286275,149850624.77216256,332616971.13921416,19182995.499866676,170992.8014493829,564729033.2546433,40000000,12.39090947242406,66027434.56707632,54599913.25400039,47937386.98981917,-12973153.784859013,-0.3243288446214753,-11362772.12617355,-41826906.3152684,-172039513.3946199,623959279.2974788,410092859.58759046,0.17513045433056873,-0.1525444391686079,0.011388002090645066,-0.1898957579877326,2021-05-10,2024-04-29,False,False,False,False,False,0.0,0,0,False,[],曦琨地产
2024-03-31,季报,2024-04-30,无保留意见,False,1432417345.553851,981421437.8600813,450995907.69376963,0.6851504841842097,36415835.46570162,0.008595133451323343,28869473.59362208,161936012.56472185,308448821.1405673,16927364.129734408,149274.02306108532,535840634.8023742,40000000,11.274897692344242,57003274.78835941,46166939.69373474,61682253.59067875,-12891656.826738447,-0.32229142066846117,-12047105.086093785,-211716293.03810954,-183996876.47531462,640526775.1900351,244813605.67661095,-0.09006697874465956,0.02023840836387939,0.032705758435823976,0.11285610161733547,2021-05-10,2024-06-08,False,False,False,False,False,0.0,0,0,False,[],曦琨地产
2024-06-30,半年报,2024-08-27,无保留意见,False,1623358086.8077364,1044552843.1747451,578805243.6329912,0.6434518986681572,50201325.86636602,0.010018237765852867,36276159.68381206,187355144.67207813,355964919.6045368,20677619.96306404,194580.2543490377,664825821.593093,40000000,14.470131090824779,48567612.66018523,38271264.23595646,54480362.49693638,-12050945.897391673,-0.30127364743479185,-11279536.368254684,-197475601.0935985,-203167522.82449317,733604907.7442795,332961783.82618785,0.28339356024934315,0.20463503020351326,-0.0416985855160525,-0.09591637799743062,2021-05-10,2024-09-29,False,False,False,False,False,0.0,0,0,False,[],曦琨地产
2024-09-30,季报,2024-10-27,非标准无保留意见,False,1641183344.1544652,1083003230.8346107,558180113.3198545,0.659891677972501,48015678.627702445,0.01000475108142754,36859571.53387767,180611382.61786082,380666352.3710929,21098561.1684657,214899.11699481905,693473103.3701333,40000000,13.954502832996363,39903555.41960685,31201483.492214736,37517369.49697576,-12377224.6293977,-0.3094306157349425,-10099686.77677389,-130306977.2147657,-195341400.84200945,777077904.0288185,451429525.97204334,-0.03563397280867527,-0.06592749346467351,0.016439779304343788,0.12324773002026737,2021-05-10,2024-11-14,False,False,False,False,False,0.0,0,0,False,[],曦琨地产
2024-12-31,年报,2025-03-30,非标准无保留意见,False,1452979844.1601949,859830845.6562306,593148998.5039643,0.5917706629669062,40680527.51835955,0.00895902790075757,32467492.339681152,159290975.4580387,322839650.0104778,17585513.933700196,170087.53319982527,570046855.1784968,40000000,14.828724962599107,32073696.439666457,24387410.331838347,47153890.308223315,-11185512.828486267,-0.2796378207121567,-9734390.229109129,-42065440.78257749,-199885897.0441593,636462377.2623925,394511039.4356557,0.06264803125307976,0.2577914143286969,-0.06812101500559486,-0.018621346499852847,2021-05-10,2025-04-24,False,True,False,False,False,0.0,0,0,True,"['是否影响偿债能力、过去十二个月内是否使用过募集资金补充流动资金以及未来十二个月内是否计划使用募集资金补充流动资金等内容', '留存未分配利润的预计用途以及收益情况', '公司为增强投资者回报水平拟采取的措施']",曦琨地产
2017-03-31,季报,2017-04-30,无保留意见,False,299492691.3327388,92480052.35420515,207012638.97853366,0.30878901232170325,12638741.910811698,21710.404646874922,200829.39172392877,1087706.7953446035,12924883.853497,36462021.629748695,1128857.3154822872,66013240.24899531,40000000,5.1753159744633415,1029813.5449211969,875202.5863245255,4178630.765444031,1471162.2070302814,0.03677905517575704,1250289.4090350366,54502099.08983114,-56513756.53721825,122960810.34230877,120949152.89492166,0.15007021654740918,0.026175678168348912,0.008789012321703286,-0.04661343125272719,2021-07-01,2017-05-15,False,False,False,False,False,0.0,0,0,False,[],霖璜控股
2017-06-30,半年报,2017-08-27,无保留意见,False,382317838.5009445,135616355.54282266,246701482.95812187,0.35472149579671686,18854789.152149297,30659.47380260592,291457.105521003,1555996.6043619385,17254206.460024733,50047766.606942,1493462.7181571408,89444976.8399872,40000000,6.167537073953047,2160848.9701920194,1982854.0513445328,2233170.5364006977,1615764.8932440318,0.0403941223311008,1582359.2357428675,63577481.61430315,-68919496.47873805,156421829.8491744,151079814.9847395,0.19172183966846454,0.007828564580452486,0.04593248347501357,-0.001739968314478821,2021-07-01,2017-10-22,False,False,False,False,False,0.0,0,0,False,[],霖璜控股
2017-09-30,季报,2017-10-27,无保留意见,False,382983213.32174635,136356149.4834624,246627063.83828393,0.35603688292444513,18660747.693418857,26314.106947984226,254055.80594609343,1606595.873205267,17118757.245052516,44792867.08028165,1602741.446945486,85397263.65804544,40000000,6.165676595957098,2402268.675805375,2188609.1181742954,973966.4730889528,344885.29373336583,0.008622132343334145,293935.8097568038,25864695.164774198,-70366598.6922289,155290940.0905713,110789036.56311661,-0.0003016565565216067,-0.06826899709997343,0.001315387127728295,0.006017260459213987,2021-07-01,2017-11-12,False,False,False,False,False,0.0,0,0,False,[],霖璜控股
2017-12-31,年报,2018-03-30,保留意见,False,367044091.97523683,130592909.18737285,236451182.78786397,0.35579624367358975,16230599.748259744,28239.283781515078,268181.90198640793,1459986.880285124,15894864.53332597,49276739.88046299,1440944.778726779,83086485.860939,40000000,5.9112795696966,908106.8404059156,824036.5324984257,8188274.660927013,-2134516.907713514,-0.05336292269283784,-1949389.4081083855,12251077.67312066,-67994559.77075143,148572133.4529545,92828651.35532373,-0.04126019623333952,-0.1429471662371084,-0.00024063925085538682,0.026627241018132592,2021-07-01,2018-05-22,False,False,False,False,False,0.0,0,0,False,[],霖璜控股
2018-03-31,季报,2018-04-30,无保留意见,False,395716747.8389938,168003866.11123535,227712881.72775847,0.4245558648419689,16448246.024745334,27954.647205880643,263093.93079738854,1475430.7724835447,16866772.91111793,48373879.83720842,1506506.2042287446,85658655.14541708,40000000,5.692822043193962,-714425.5295073581,-656542.1615132133,4508691.047523551,-2317903.3855903912,-0.05794758463975978,-2115112.4200166273,76789196.91600473,-69878720.6071549,169413038.63927504,176323514.9481249,-0.03695604715136998,-0.012336395442946147,0.06875962116837912,0.013089886845527386,2021-07-01,2018-05-14,False,False,False,False,False,0.0,0,0,False,[],霖璜控股
2018-06-30,半年报,2018-08-27,保留意见,False,440365056.5987762,208547208.53335616,231817848.06542003,0.4735780130787419,17912581.371433806,27705.903719646696,299154.06236496667,1754207.0746439265,18104693.267358996,55856220.80778581,1697018.1844254646,94816324.24025771,40000000,5.7954462016355,-7730893.214371513,-7396188.879216743,45800550.67125021,-10023525.26409165,-0.25058813160229126,-9628066.73957647,66239672.17419552,-79519932.34796594,182320529.01456398,169040268.84079355,0.018026939479731368,-0.5248311655256815,0.04902214823677303,-0.0010209969793015022,2021-07-01,2018-09-30,False,False,False,False,False,0.0,0,0,False,[],霖璜控股
2018-09-30,季报,2018-10-27,无保留意见,False,488917992.28866506,242248583.7499456,246669408.53871942,0.4954789710559847,21150268.57683595,34553.933340701136,356628.68689913733,2060710.0724495435,22233356.203699306,61012833.61532397,1918567.691898343,110779099.94914378,40000000,6.166735213467986,-14454330.00159306,-13361851.34494699,23698083.695387367,-9604909.696030783,-0.24012274240076956,-8522374.95104321,76032502.01559694,-88435826.9030283,193372001.46918544,180968676.5817541,0.06406564721931242,0.06000388217651334,0.021900957977242747,0.03413702662742237,2021-07-01,2018-12-21,False,False,False,False,False,0.0,0,0,False,[],霖璜控股
2018-12-31,年报,2019-03-30,无保留意见,False,688534088.830137,411848162.29886675,276685926.5312702,0.5981521742788696,26228984.05846356,44916.91512081366,415773.9588656236,2399433.586964134,27525285.025144864,79211725.57613787,2403641.037133543,135584009.2574577,40000000,6.917148163281755,-19828144.767147202,-18302589.49797602,28194570.57811751,-7676878.23650592,-0.191921955912648,-7058197.361470045,39803221.08157359,-126018288.90691558,292188814.75977504,205973746.93443304,0.12168723381780482,0.2607177708823942,0.10267320322288492,0.1468887468353352,2021-07-01,2019-05-28,False,False,False,False,False,0.0,0,0,False,[],霖璜控股
2019-03-31,季报,2019-04-30,保留意见,False,687057835.7317824,396598232.337971,290459603.3938115,0.5772414078001975,26764954.303612858,43904.25737945646,487382.49788074766,2511326.0421289667,26493781.72563448,83286533.79774694,2477511.6735364236,144274488.76351005,40000000,7.261490084845288,-23893662.22339083,-21907293.159221448,15934196.17908591,-5807882.080348041,-0.14519705200870103,-5149576.658922038,33738267.67952024,-126293558.34551936,279224245.1157786,186668954.4497795,0.04978090875534544,0.20046892055793816,-0.020910766478672165,0.028933405674150134,2021-07-01,2019-06-17,False,False,False,False,False,0.0,0,0,False,[],霖璜控股
2019-06-30,半年报,2019-08-27,无保留意见,False,718542740.8467342,407890667.1868232,310652073.659911,0.5676637505323106,27981254.17074098,45710.09088210533,470273.07694863033,2733354.2871850836,32423438.445861485,80784642.4509828,2521704.1842973973,155539752.73869336,40000000,7.766301841497774,-27831483.156847637,-25364541.883647792,12597003.461472457,-5625458.476366872,-0.1406364619091718,-4938926.749180489,90097363.86657612,-125641572.447228,282306752.6386637,246762544.05801183,0.06951903132196346,0.016299292528079608,-0.009577657267886825,0.005709955776575802,2021-07-01,2019-09-21,False,False,False,False,False,0.0,0,0,False,[],霖璜控股
2019-09-30,季报,2019-10-27,无保留意见,False,812194833.2940974,500883118.3891463,311311714.90495116,0.6167031577357689,33483285.949361138,57785.62006278184,513260.2160547225,3177105.1173638995,32109174.968610555,96190456.068369,3052467.14827254,171358106.9661369,40000000,7.782792872623779,-31226792.501872372,-28488297.669743787,15476675.275696313,-4850441.921463909,-0.12126104803659772,-4462508.265851425,62347887.79501599,-136021225.56550482,304456254.3478897,230782916.5774009,0.0021234084719560903,0.0681360697741263,0.04903940720345822,0.00708401537598215,2021-07-01,2019-11-18,False,False,False,False,False,0.0,0,0,False,[],霖璜控股
2019-12-31,年报,2020-03-30,无保留意见,False,920992040.5622436,588794718.2257532,332197322.3364904,0.6393048933042984,43016326.447258174,69202.53142973475,654797.9635543994,3767349.128333757,40000725.40593322,120429082.72259638,3413452.2749541015,215097583.980811,40000000,8.30493305841226,-32598103.251134872,-29676569.94327348,7240038.120483811,-1959015.3560892846,-0.04897538390223211,-1697531.8193281353,89882773.33120719,-152270088.9623423,386159238.3390447,323771922.7079096,0.06708905072176914,0.23798615115744307,0.022601735568529485,0.006100849986319491,2021-07-01,2020-05-21,False,False,False,False,False,0.0,0,0,False,[],霖璜控股
2020-03-31,季报,2020-04-30,无保留意见,False,1202313949.9181616,853757717.3353162,348556232.58284545,0.7100954932723098,55178195.87534384,92285.71237979029,818399.0072956701,5250868.139785611,53938264.21658776,164226972.96813622,4702277.928416612,277703231.6271299,40000000,8.713905814571136,-21042250.53593555,-19797110.585888796,72601763.14993092,16508361.021713316,0.4127090255428329,14113513.367692413,189431312.94674882,-193744235.14204052,490904533.9072629,486591611.7119712,0.04924455781670876,1.2278036853976213,0.0707905999680114,0.1334728650332766,2021-07-01,2020-05-11,False,False,False,False,False,0.0,0,0,False,[],霖璜控股
2020-06-30,半年报,2020-08-27,无保留意见,False,1246556490.1558907,846927147.6121229,399629342.54376775,0.679413371395795,52496617.67426761,93474.56412491856,860691.5049264511,5203188.954370697,50192922.91219766,149891927.9860047,4096549.679499538,267130434.32055387,40000000,9.990733563594194,-7544069.216820787,-7928976.707348061,18280555.555066343,19283116.17016395,0.4820779042540988,16954476.969343908,155593210.34731114,-229665407.49306038,511505334.5172416,437433137.3714924,0.14652760497915696,0.082807844485518,-0.030682121876514628,0.06750237863819443,2021-07-01,2020-09-06,False,False,False,False,False,0.0,0,0,False,[],霖璜控股
2020-09-30,季报,2020-10-27,无保留意见,False,1106138885.4134848,699442517.6578424,406696367.75564235,0.6323279353807225,48692017.29413968,82623.0120262385,716872.8456134984,4034938.828312989,46811428.627669334,130892306.78138605,4007268.7193847876,242271351.9493337,40000000,10.167409193891059,5097585.534689921,3356008.8281984623,0.0,18059506.78787244,0.45148766969681103,16121407.907923605,53683745.404844955,-195476802.00812235,491615774.42823315,349822717.82495576,0.01768394974926199,-0.03372393309750218,-0.047085436015072604,0.040263599949859244,2021-07-01,2020-12-20,False,False,False,False,False,0.0,0,0,False,[],霖璜控股
2020-12-31,年报,2021-03-30,无保留意见,False,1305049222.030764,849137031.4822843,455912190.54847986,0.6506551761786863,70078741.24561709,102737.27594418336,1038850.1492839404,5558469.659508487,59718181.182255134,194606033.29089496,5649855.049078106,325688193.91107655,40000000,11.397804763711996,30130240.1751388,25880637.95024245,94859585.25584635,35760935.20064126,0.8940233800160315,32178041.602919985,233838193.7497685,-219114470.3561509,513493246.41871095,528216969.8123286,0.12101367677423693,0.5048966752405081,0.018327240797963853,-0.024763035712260274,2021-07-01,2021-05-10,False,False,False,False,False,0.0,0,0,False,[],霖璜控股
2021-03-31,季报,2021-04-30,无保留意见,False,1277764422.2032597,794626643.9327543,483137778.27050537,0.6218882214317512,60103281.020131394,104771.39735425138,1003690.6313003901,5355657.677894964,60606690.413677074,171368892.01605934,5002121.768295242,300023331.8778947,40000000,12.078444456762634,59391050.613385275,53180545.47974891,83880498.48141114,41801157.768923536,1.0450289442230885,38999867.89929496,73213573.19029552,-219717415.34562224,500064698.9953216,353560856.83999485,0.05971673556101261,0.11448285640336525,-0.028766954746935237,0.05781144337068366,2021-07-01,2021-06-23,False,False,False,False,False,0.0,0,0,False,[],霖璜控股
2021-06-30,半年报,2021-08-27,无保留意见,False,1368058474.6891756,874295312.9719467,493763161.71722883,0.6390774437990215,57265973.4896025,103542.07379331577,907897.8878991148,4880168.956744691,52602084.61500758,169637876.80357143,4941923.628949106,298116997.98934066,40000000,12.344079042930721,77174293.33634439,68504809.10936011,53306410.01374426,25404632.46137017,0.6351158115342542,21891805.18515884,261809793.62495756,-249781581.85294586,560364546.4126514,572392758.184663,0.021992450031043633,-0.2788469807344329,0.017189222367270458,-0.022629891639855883,2021-07-01,2021-09-09,True,False,False,True,False,5817732.027099182,0,0,True,"['结合前述财务报表列报项目的具体情况说明现金分红方案确定的依据及未来增强投资者回报的规划', '上市公司控股子公司向母公司实施利润分配的情况']",霖璜控股
2021-09-30,季报,2021-10-27,无保留意见,False,1465431332.8124733,996477021.2064322,468954311.606041,0.6799888871585553,65956001.93783736,104811.23295731419,1042897.6992176897,5964311.014677787,63894508.435160756,185250764.7435176,6110475.106344668,329491625.46087295,40000000,11.723857790151026,96805293.30037658,85353508.25214455,75364018.16199443,28044285.662903123,0.701107141572578,24069570.203977756,63538119.65605375,-263703750.65742612,581574690.919199,381409059.91782665,-0.05024443302920103,0.062249170628648626,0.040911443359533735,-0.023850104873373534,2021-07-01,2021-12-09,False,True,True,False,False,0.0,2,2,True,"['结合前述财务报表列报项目的具体情况说明现金分红方案确定的依据及未来增强投资者回报的规划', '是否影响偿债能力、过去十二个月内是否使用过募集资金补充流动资金以及未来十二个月内是否计划使用募集资金补充流动资金等内容', '留存未分配利润的预计用途以及收益情况', '结合所处行业特点、发展阶段和自身经营模式、盈利水平、偿债能力、资金需求等因素，未进行现金分红或现金分红水平较低原因的说明']",霖璜控股
2021-12-31,年报,2022-03-30,无保留意见,False,1890503057.4769764,1342626052.7382517,547877004.7387247,0.7101951236884487,82553449.3338321,145066.6221873019,1267407.912041925,7224765.484014334,81522664.45992927,253434895.075205,7172379.131465656,413404282.70340526,40000000,13.696925118468117,123399147.5436562,111393709.72708537,144835184.9646739,37991220.34754231,0.9497805086885577,37200287.821344055,83816312.96063071,-313053466.22826856,759352558.4769274,530115405.20928955,0.1682950581313452,0.2208256727407962,0.030206236529893533,-0.0030101837254194416,2021-07-01,2022-05-25,False,False,True,True,False,0.0,0,2,True,"['公司在相应期间是否按照中国证券监督管理委员会相关规定为中小股东参与现金分红决策提供了便利', '结合所处行业特点、发展阶段和自身经营模式、盈利水平、偿债能力、资金需求等因素，未进行现金分红或现金分红水平较低原因的说明', '上市公司控股子公司向母公司实施利润分配的情况', '根据公司盈利能力、融资能力及其成本、偿债能力及现金流等情况披露现金分红方案的合理性，是否导致公司营运资金不足或者影响公司正常生产经营']",霖璜控股
2022-03-31,季报,2022-04-30,无保留意见,False,1741104594.6057217,1142415219.8198729,598689374.7858489,0.6561439349245851,88512737.84848395,141890.75716745234,1219636.966880077,7061910.216465652,79817427.81161706,234688821.22561148,7001994.414796894,416892764.88992506,40000000,14.96723436964622,123739202.49034591,111674816.8911394,1289071.729517607,485792.7809852995,0.012144819524632488,401581.6629343293,156050880.8056345,-309208871.9715033,720419057.5009663,567261066.3350976,0.09274411885812951,-0.6820257366453083,-0.054051188763863646,-0.04273617830096305,2021-07-01,2022-05-19,False,False,False,False,False,0.0,0,0,False,[],霖璜控股
2022-06-30,半年报,2022-08-27,保留意见,False,2189590915.664716,1557659239.4417624,631931676.2229533,0.7113928123733051,94394267.47041796,141991.56576546497,1550787.1295891367,8398237.408574216,87169733.84796184,257181763.1504946,7651110.922370705,477462691.14643073,40000000,15.798291905573834,122673494.71150486,110709028.55714987,4968602.263790358,-1522439.684058629,-0.03806099210146573,-1379697.619985029,88940611.01614654,-378781452.4611757,897925694.5514199,608084853.1063907,0.05552512343983924,-0.11484938030535015,0.05524887744871998,0.04870217487439301,2021-07-01,2022-09-17,False,False,False,False,False,0.0,0,0,False,[],霖璜控股
2022-09-30,季报,2022-10-27,无保留意见,False,3139184667.2384586,2377467418.889732,761717248.3487265,0.7573518830229222,149671393.14124107,233462.7724253951,1943685.2858491568,10775076.070311487,135708627.93385828,394453852.8894076,12366318.646978866,688021786.5692034,40000000,19.042931208718162,118869087.7438184,107036039.81889452,10170008.906569382,-5434867.096694939,-0.13587167741737347,-5247126.76893623,377717009.17776906,-586376813.4193228,1161381272.3179584,952721468.0764046,0.20537912089088442,-0.25278062774574633,0.04595907064961719,-0.07381521397950457,2021-07-01,2022-12-20,False,True,False,False,False,0.0,3,0,True,"['结合前述财务报表列报项目的具体情况说明现金分红方案确定的依据及未来增强投资者回报的规划', '留存未分配利润的预计用途以及收益情况', '上市公司控股子公司向母公司实施利润分配的情况', '充分披露高送转的主要考虑及其合理性且送转股后每股收益不低于0.5元']",霖璜控股
2022-12-31,年报,2023-03-30,无保留意见,False,2813163329.4801235,2025806615.0545466,787356714.4255768,0.7201169565326726,134916081.7595526,207137.51248666385,1935938.2549078204,10896026.874398358,113132866.00587378,336812030.80853146,9986633.524641227,623604837.5406208,40000000,19.68391786063942,112899353.39697441,101633886.07342118,30077756.615959395,-8528191.924062852,-0.2132047981015713,-7717362.493533336,453867010.1144865,-483973010.83154124,1099244123.5934894,1069138122.8764347,0.03366008336089581,-0.2674698901630354,-0.03723492649024972,-0.01738469374678065,2021-07-01,2023-05-08,False,False,False,False,True,0.0,0,0,False,[],霖璜控股
2023-03-31,季报,2023-04-30,无保留意见,False,3417572971.3274965,2583829975.600063,833742995.7274339,0.756042371963288,158742184.4236627,236698.4960463517,2334034.0759979635,14127766.825433139,157587278.3200247,459381854.1230749,13778943.351177387,782004856.2530762,40000000,20.84357489318585,110044598.7237981,98976470.81549084,19934246.63547775,-4078220.9616804514,-0.10195552404201129,-3796307.5113290497,616924355.389867,-582225408.0183178,1390498115.6707242,1425197063.0422733,0.05891393373802454,0.5252681508474971,0.03592541543061543,-0.041167786274145635,2021-07-01,2023-05-29,False,False,False,False,False,0.0,0,0,False,[],霖璜控股
2023-06-30,半年报,2023-08-27,保留意见,False,3132558442.9159226,2356944381.613087,775614061.3028355,0.752402365211466,138434509.3419115,240822.27485733773,2034176.3221959765,12197680.609834509,133994858.00918707,405775309.6046415,11195476.967678798,691883598.5704266,40000000,19.390351532570886,112782810.74725421,101445602.54283522,12226893.434101636,3911731.4620801657,0.09779328655200414,3527331.0390633796,250947131.8612286,-532793383.1917024,1382268092.3160024,1100421840.9855285,-0.0697204470951884,0.6183322280985003,-0.0036400067518219735,-0.058456661111192666,2021-07-01,2023-09-06,True,False,False,False,True,4578844.428377694,0,0,True,"['结合前述财务报表列报项目的具体情况说明现金分红方案确定的依据及未来增强投资者回报的规划', '公司在相应期间是否按照中国证券监督管理委员会相关规定为中小股东参与现金分红决策提供了便利', '留存未分配利润的预计用途以及收益情况']",霖璜控股
2023-09-30,季报,2023-10-27,无保留意见,False,2782004521.0509977,2008828917.4980469,773175603.5529506,0.7220796739536365,109803271.66616026,177229.58225129542,1804430.7001869157,10501747.815513145,109718008.66466634,359622110.14746904,10888252.919767402,588938164.9376355,40000000,19.329390088823764,113692156.92587191,102253645.81001087,3881329.727372095,1299065.96945386,0.0324766492363465,1154347.5245366327,275790894.0184887,-532459305.569322,1135077781.518607,878409369.9677737,-0.003143906063008751,-0.12493778898050245,-0.030322691257829555,0.006334516443520124,2021-07-01,2023-11-12,True,False,False,True,False,1649691.8252223157,0,0,True,"['结合前述财务报表列报项目的具体情况说明现金分红方案确定的依据及未来增强投资者回报的规划', '充分披露高送转的主要考虑及其合理性且送转股后每股收益不低于0.5元']",霖璜控股
2023-12-31,年报,2024-03-30,保留意见,False,3883237463.6020074,3052591775.2410016,830645688.3610057,0.7860945419519834,178809062.05232003,293537.30787029275,2555005.6487854975,14387032.536319952,169914664.76307344,525715374.26431346,13519122.822619565,868183896.1676635,40000000,20.76614220902514,119061385.78307305,107152194.57688065,25039012.578451317,7670326.938858785,0.19175817347146962,6997926.80981398,738398596.7811657,-684566393.6756109,1519295231.4469242,1573127434.552479,0.0743299252381537,0.34817410790475867,0.0640148679983469,-0.12093963939581837,2021-07-01,2024-05-22,False,True,False,False,False,0.0,1,0,True,"['根据公司盈利能力、融资能力及其成本、偿债能力及现金流等情况披露现金分红方案的合理性，是否导致公司营运资金不足或者影响公司正常生产经营', '上市公司控股子公司向母公司实施利润分配的情况']",霖璜控股
2024-03-31,季报,2024-04-30,无保留意见,False,2591801506.966758,1844115408.1609395,747686098.8058182,0.7115187653082077,108803379.21018419,200227.82054759178,1667168.830906381,10778319.215021135,99419491.7916565,337421392.709384,9758025.96667621,583585827.0081142,40000000,18.692152470145455,105275728.92743658,94171090.60181218,70580468.40583968,-19693795.508052107,-0.4923448877013027,-18544434.250097815,122598261.59163316,-465637916.964309,1105472368.6952987,762432713.3226228,-0.09987361725657036,-1.109191723106395,-0.07457577664377567,-0.08128310629387865,2021-07-01,2024-05-11,False,False,False,False,False,0.0,0,0,False,[],霖璜控股
2024-06-30,半年报,2024-08-27,无保留意见,True,3142906557.3889303,2290804544.199449,852102013.1894815,0.7288808949199583,114794613.74757998,231271.00715737464,1993173.1865924194,11762616.003694568,131323021.3603547,402632618.623473,11486958.299255986,661581001.6929374,40000000,21.302550329737038,90674102.5844888,80077577.61984935,33542568.611159947,-20859466.20421112,-0.521486655105278,-20133589.974232618,456427066.2686965,-573110307.3375179,1304574016.565689,1187890775.4968677,0.1396520739792185,0.43272427052264,0.017362129611750626,-0.14302859259764839,2021-07-01,2024-09-06,False,False,False,False,False,0.0,0,0,False,[],霖璜控股
2024-09-30,季报,2024-10-27,无保留意见,False,2353171153.329306,1517716791.9245472,835454361.404759,0.6449665974263096,102389143.54820235,166842.7103353379,1487496.7060743424,9243496.5130232,96100224.50168349,271109611.3690282,8280547.094070317,506238074.53574836,40000000,20.886359035118975,77367983.20183839,67706349.42657027,33684633.588111974,-19008741.975214865,-0.4752185493803716,-17673183.133255843,211137735.51197466,-410820498.5440469,892367732.5508862,692684969.518814,-0.019537158141909552,-0.4795285490456953,-0.0839142974936487,0.0354375265361783,2021-07-01,2024-12-03,False,False,True,False,False,0.0,0,7,True,['结合所处行业特点、发展阶段和自身经营模式、盈利水平、偿债能力、资金需求等因素，未进行现金分红或现金分红水平较低原因的说明'],霖璜控股
2024-12-31,年报,2025-03-30,非标准无保留意见,False,2916815758.7147603,1915182595.0668705,1001633163.64789,0.6566004689685163,134210541.36860292,219585.99002989876,2171659.3350096047,10756139.771727573,127925446.93455641,382024207.0584082,11583155.385508036,658230003.9037676,40000000,25.04082909119725,64238972.49659249,56166623.54503124,73429825.52945764,-18755729.57892271,-0.46889323947306777,-16485322.687912898,242281377.4552369,-546409818.5717436,1164580475.717396,860452034.6008893,0.1989082945999738,-0.1259556475714558,0.011633871542206665,0.13034697176757087,2021-07-01,2025-05-12,False,True,False,False,False,0.0,0,0,True,['留存未分配利润的预计用途以及收益情况'],霖璜控股
2017-03-31,季报,2017-04-30,无保留意见,False,264586918.82753915,60713069.36769734,203873849.4598418,0.22946360929986426,11586396.208120562,9.311324836069164e-28,3676920.704689672,10821877.202265104,20587308.62241051,593184.8232560729,118816765.52008238,159873485.8346531,40000000,5.096846236496044,-125051.39682564883,-115237.16791967291,463620.2952049795,-178644.85260806978,-0.004466121315201744,-164624.52559953273,-39365842.2352199,-6509855.1771496795,58559232.85867159,12683535.446302012,0.13263249699912102,-0.06548026958933727,-0.07053639070013575,0.041253631672372844,2021-03-29,2017-06-24,False,False,False,False,False,0.0,0,0,False,[],淼琮实业
2017-06-30,半年报,2017-08-27,无保留意见,False,268438367.9367727,55481162.38778612,212957205.54898658,0.20668119395232656,11851131.585354343,1.0087283684822772e-27,3566186.8744397303,11432763.502467882,20928352.145950668,647547.4225076846,124799178.80677475,171282024.02433935,40000000,5.3239301387246645,6233920.931013397,5241059.7843443705,38287738.77679794,9084246.182627209,0.2271061545656802,7651852.788948634,-13591856.476637464,-6768776.6939687105,60101644.16700155,39741010.99639538,0.04455380674476355,0.5506625925243276,-0.022782415347537686,0.058454812008621994,2021-03-29,2017-09-28,False,False,False,False,False,0.0,0,0,False,[],淼琮实业
2017-09-30,季报,2017-10-27,无保留意见,False,270328407.6591408,67155461.8991724,203172945.75996846,0.24842177143235805,10977930.742448159,1.0178915926949314e-27,3473087.283068574,9893494.270989412,19406542.49891231,615905.088098903,109301746.96182686,164402848.51654056,40000000,5.079323643999212,17155075.14081828,14640157.298695639,23916849.895961136,15601648.87114983,0.3900412217787458,13427282.163358955,-16447760.89198461,-7204306.092858977,66063666.35187928,42411599.36703569,-0.04594472285544448,0.24985972923623825,0.0417405774800315,-0.009508242501068567,2021-03-29,2017-11-20,False,False,False,False,False,0.0,0,0,False,[],淼琮实业
2017-12-31,年报,2018-03-30,无保留意见,False,256580819.40426373,56604059.53122524,199976759.8730385,0.22060908396290133,11463272.76830062,9.647517828076099e-28,3633432.7797046886,9620053.06641157,20049995.44028457,544141.4392524335,119763733.06393412,159612173.30833855,40000000,4.999418996825963,21714737.01362652,18949629.259798698,30768925.732479505,6513802.675440345,0.1628450668860086,6156388.515861509,-47958254.51428526,-7088893.401815851,56336077.32389858,1288929.4077974707,-0.01573135574214688,-0.27875418914015704,-0.027812687469456743,-0.06179965855632622,2021-03-29,2018-04-28,False,False,False,False,False,0.0,0,0,False,[],淼琮实业
2018-03-31,季报,2018-04-30,非标准无保留意见,False,276468113.48259515,68740235.23964678,207727878.24294838,0.24863711902882524,11502187.77536754,9.424237325758662e-28,3516665.23047108,10163386.401156513,18361451.662494842,612312.0182277295,120803704.65484044,158536904.08815953,40000000,5.1931969560737095,27452115.526192017,24135777.311316345,14922027.775434492,8196255.017950706,0.20490637544876766,7408782.9307395015,-53551466.36344616,-6803919.696976885,66121966.6016363,5766580.541213252,0.038760095797286155,0.07155169096777562,0.028028035065923898,0.1805443800892525,2021-03-29,2018-05-31,False,False,False,False,False,0.0,0,0,False,[],淼琮实业
2018-06-30,半年报,2018-08-27,无保留意见,False,308470077.06344223,70240364.1022245,238229712.96121773,0.22770560039694984,14716420.286872623,1.2318193304773978e-27,4140931.8484398355,11926169.479047941,22234471.783963237,717969.0228046046,134352479.29969198,202284477.02819997,40000000,5.955742824030443,30613060.514953367,26883847.762474813,19997748.054710153,4515635.698230509,0.11289089245576271,3925814.930226382,-60245438.57978583,-8916879.456614073,64248752.400169216,-4913565.636230685,0.14683553780198857,-0.14607803092554794,-0.02093151863187539,-0.12449459226039557,2021-03-29,2018-09-20,False,False,False,False,False,0.0,0,0,False,[],淼琮实业
2018-09-30,季报,2018-10-27,无保留意见,False,431884588.07655936,152656476.38495016,279228111.6916092,0.3534659040852114,21905130.481490698,1.8593045416646132e-27,6227295.226908665,17696953.30862114,30655146.077314433,1119057.4591544946,216183536.82703087,295810296.06830436,40000000,6.98070279229023,33850793.70481072,29734122.81075461,8820111.411691329,4625333.128367644,0.11563332820919109,4071821.497542566,-79270410.33127497,-10752247.6524321,102585775.3833827,12563117.399675623,0.17209607576140504,0.005098498211984187,0.12576030368826152,-0.029793628422024654,2021-03-29,2018-12-22,False,False,False,False,False,0.0,0,0,False,[],淼琮实业
2018-12-31,年报,2019-03-30,无保留意见,False,568297615.2627795,231813082.22711378,336484533.03566575,0.4079078919237132,25972441.12392373,2.5420682112262243e-27,7976345.253061497,25537954.551830485,47364234.73805424,1409362.0872182194,299575767.055165,393323913.1266055,40000000,8.412113325891644,33375146.65512443,29274191.808364723,548191.7944893648,-679495.7852661312,-0.016987394631653278,-657044.2891284073,-71950367.06601797,-14271057.349579763,131890166.4664916,45668742.05089386,0.20505249631631964,-0.2453062286783927,0.054441987838501835,-0.010010568867069589,2021-03-29,2019-05-03,False,False,False,False,False,0.0,0,0,False,[],淼琮实业
2019-03-31,季报,2019-04-30,无保留意见,False,694371410.2014048,309808492.97043014,384562917.2309746,0.4461711533897531,30343501.814415704,2.8393283715754304e-27,9446537.79134284,27442377.21309827,53809448.337076046,1598557.4629106997,343183606.7139527,447449521.359413,40000000,9.614072930774366,38767311.76449462,34089645.85172935,34292613.233252496,7703093.013385989,0.19257732533464972,6879220.061949469,-114005632.99791199,-18423595.90893527,151844893.5731702,19415664.666322947,0.14288438092996317,0.5136231508757226,0.03826326146603993,-0.07028080138837924,2021-03-29,2019-05-13,False,False,False,False,False,0.0,0,0,False,[],淼琮实业
2019-06-30,半年报,2019-08-27,无保留意见,False,866171200.1872287,501324378.50551355,364846821.6817152,0.578782091112183,36153350.09236434,3.445433206100672e-27,12152994.298228938,34722735.27083732,67987091.90924938,1986008.9418836304,385217041.6362275,545392349.2234106,40000000,9.12117054204288,37731294.519803375,33214552.420069963,5670291.724416739,-1480024.6352732126,-0.03700061588183031,-1250133.4737991206,-153510518.86253604,-23543988.354105998,196264418.35274047,19209911.136098415,-0.0512688422774202,-0.37173958919569705,0.13261093772243,0.05892735170724166,2021-03-29,2019-09-29,False,False,False,False,False,0.0,0,0,False,[],淼琮实业
2019-09-30,季报,2019-10-27,保留意见,False,815771178.0503901,480289536.6042904,335481641.4460997,0.5887552165695942,40488912.4813674,3.48003799420138e-27,12775575.649058295,37140567.36289512,68628624.5634074,2004653.7501651747,405612609.3393193,571464704.2344277,40000000,8.387041036152493,36168130.94711084,31951805.911986873,6721307.113941271,-2233090.8181321938,-0.05582727045330484,-1803923.5829758446,-126021940.59473826,-23694030.577544652,188805664.0181942,39089692.845911294,-0.08048632601556004,-0.04852238261734104,0.009973125457411105,0.009696666596799903,2021-03-29,2019-12-17,False,False,False,False,False,0.0,0,0,False,[],淼琮实业
2019-12-31,年报,2020-03-30,无保留意见,False,778298617.4892612,461494727.57734776,316803889.91191334,0.5929532922287575,34324416.46576019,3.1563210693432767e-27,11086107.78654799,29852823.018574324,56595382.46327771,1826930.2528898122,362580984.5626395,495966433.6114701,40000000,7.920097247797833,36355449.26564981,32116246.888680007,757080.7508378385,267597.5979128182,0.006689939947820455,234915.680990189,-86775616.89284946,-20464911.322896734,181332671.65756154,74092143.44181535,-0.055674437068078,0.1693440641671714,0.004198075659163294,0.027062747114472225,2021-03-29,2020-05-16,False,False,False,False,False,0.0,0,0,False,[],淼琮实业
2020-03-31,季报,2020-04-30,非标准无保留意见,False,798073459.2914009,450662176.5691146,347411282.72228634,0.5646875877431781,36312494.98052478,3.25940330692708e-27,12069416.130337788,29305991.79083408,60898474.77181208,1956664.6215058528,369209318.9851271,515480572.79264265,40000000,8.685282068057159,35007346.77256329,30898281.05514563,3792850.062725327,-1925860.7044093125,-0.04814651761023281,-1739951.1907634006,-60532294.63263917,-20656860.40157215,167889017.15397325,86699862.11976193,0.09661305869345027,-0.12702741593811873,-0.02826570448557944,-0.02205986370071993,2021-03-29,2020-05-21,False,False,False,False,False,0.0,0,0,False,[],淼琮实业
2020-06-30,半年报,2020-08-27,无保留意见,True,708784011.627499,400449732.8524489,308334278.7750501,0.5649813289847528,32640746.29601131,2.7577246168466374e-27,10049866.840959772,30073867.62814976,55989973.08948608,1574569.2429685455,345962889.3480336,466512403.9695317,40000000,7.708356969376252,31167343.27307138,27547417.465510346,21662719.701793615,-5485719.284988452,-0.1371429821247113,-4786947.985193264,-35985005.382637896,-18877926.95580437,163395524.50176483,108532592.16332257,-0.11248052636929938,-0.2361566727475065,0.00029374124157482604,-0.018981386033695397,2021-03-29,2020-10-03,False,False,False,False,False,0.0,0,0,False,[],淼琮实业
2020-09-30,季报,2020-10-27,无保留意见,False,809239199.5833268,468647840.1433116,340591359.44001526,0.5791215259772586,38926026.330441035,3.256568183683093e-27,12091849.313567266,34212944.96896247,63492681.10982316,1997091.3636871693,408676265.7892889,551798291.9074188,40000000,8.514783986000381,24494038.539610684,21708349.886330426,47377688.076332994,-9533292.476372417,-0.23833231190931042,-8341525.11311417,-69577159.5120087,-20188897.0011357,199054451.93810225,109288395.42495784,0.10461723812582906,-0.3515263603141975,0.014140196992505748,0.12627140677560514,2021-03-29,2020-12-11,False,False,False,False,False,0.0,0,0,False,[],淼琮实业
2020-12-31,年报,2021-03-30,无保留意见,False,717263557.6441222,364745040.4862911,352518517.15783113,0.508523033965798,30626331.56492271,2.879337489526655e-27,9947217.479231639,28343246.283758912,57697038.72330202,1805828.5499685486,354281482.68186307,462448330.66117424,40000000,8.812962928945778,21184852.311473165,18953602.310386494,12882171.310216565,-4727408.897339312,-0.11818522243348281,-3935353.6799199074,-60105692.598372325,-21166420.600498963,166324244.80690974,85052131.60803846,0.03501896741428172,0.6436416002401872,-0.07059849201146055,-0.1804554351569096,2021-03-29,2021-05-10,False,False,True,True,True,0.0,0,8,True,['充分披露高送转的主要考虑及其合理性且送转股后每股收益不低于0.5元'],淼琮实业
2021-03-31,季报,2021-04-30,保留意见,False,704208017.774178,356675355.2837291,347532662.490449,0.5064914716692503,34881596.56918748,3.0939659622005307e-27,10148531.132273627,29004471.43015678,57323850.13606092,1821812.4553328285,323670952.51489335,483294469.6642691,40000000,8.688316562261225,15510088.263551716,13876467.992147062,23635592.747698676,-8106805.7827449255,-0.20267014456862315,-7253049.026056332,-120599906.45989622,-18049525.921673972,153973548.63253176,15324116.250961572,-0.01414352558719583,-0.2753613199638797,-0.002031562296547724,0.15378228101723912,2021-03-29,2021-06-17,False,False,False,False,False,0.0,0,0,False,[],淼琮实业
2021-06-30,半年报,2021-08-27,无保留意见,False,756312559.3914721,404741097.69658726,351571461.69488484,0.5351505705818786,33217399.83584904,3.004307633302175e-27,10374757.768573923,30072053.03775416,54366865.14643929,1747673.5362484017,363084944.23857063,487539632.35334736,40000000,8.789286542372121,11538579.958469039,10424714.1645125,16937571.230448592,-5673583.292975254,-0.14183958232438135,-4931076.896620802,-120807089.65541801,-19253555.655660924,165549946.38770935,25489301.076630414,0.011621351430664083,0.2736050096655483,0.028659098912628373,-0.02681432299309365,2021-03-29,2021-10-08,False,False,False,False,False,0.0,0,0,False,[],淼琮实业
2021-09-30,季报,2021-10-27,无保留意见,False,701975547.7748609,331687977.0324386,370287570.7424222,0.4725064542259787,35355925.11492488,2.6729592660343458e-27,10621811.202486353,31602589.07239676,64023865.041804634,1965953.9359163265,340983184.6453692,479314423.19039106,40000000,9.257189268560555,8955611.881363615,7966931.429446185,18419186.488522172,-3689954.395864891,-0.09224885989662228,-3511118.1929518785,-49909866.457237095,-17597558.683624033,175310817.46397185,107803392.32311073,0.05323557537153102,0.17513296114914234,-0.06264411635589995,0.23682104776151316,2021-03-29,2021-12-10,False,True,False,False,True,0.0,1,0,True,"['上市公司控股子公司向母公司实施利润分配的情况', '是否影响偿债能力、过去十二个月内是否使用过募集资金补充流动资金以及未来十二个月内是否计划使用募集资金补充流动资金等内容']",淼琮实业
2021-12-31,年报,2022-03-30,无保留意见,False,885388524.0671222,489666992.5613134,395721531.5058088,0.5530532407535376,35546532.55334567,3.291496718810232e-27,11636627.175958237,34717269.648111746,74762859.38882041,2107777.9736925536,414408883.7915916,547235547.4335178,40000000,9.893038287645219,6086268.064547364,5527373.375016881,3976301.6429133546,-4099062.595451789,-0.10247656488629472,-3485082.9348990065,-113011064.62077595,-24126459.482579246,195341630.43963167,58204106.33627647,0.06868704966896881,-0.030736799238298453,0.08054678652755891,0.13550335571427535,2021-03-29,2022-05-28,False,False,False,False,False,0.0,0,0,False,[],淼琮实业
2022-03-31,季报,2022-04-30,无保留意见,False,978129019.4087447,521297530.9112664,456831488.4974783,0.5329537520790234,40956523.09683801,3.6497444913845345e-27,13776435.469399145,38195613.249519564,76214737.125861,2133300.3434977056,398249204.61153674,601522486.5874882,40000000,11.420787212436958,11058079.473264622,9952339.920464216,28619435.347687755,7102587.726738941,0.17756469316847354,6321380.77921048,-182117896.56948435,-26678187.91746966,223845578.53564,15049494.048685998,0.15442666654789428,0.8682818907594732,-0.020099488674514197,0.17871376232492034,2021-03-29,2022-05-19,True,False,False,False,False,8452988.18128215,0,0,True,['结合所处行业特点、发展阶段和自身经营模式、盈利水平、偿债能力、资金需求等因素，未进行现金分红或现金分红水平较低原因的说明'],淼琮实业
2022-06-30,半年报,2022-08-27,无保留意见,False,1022533755.9881175,576412098.3906485,446121657.59746903,0.5637096037319933,51905423.15143099,4.168885231889099e-27,15878000.276602654,48508525.64248195,87669156.24695681,2581666.813477027,535542447.1173923,727120701.3247564,40000000,11.153041439936725,16771722.559508353,15418815.037298763,5616130.9660485145,8162347.266062476,0.2040586816515619,7809250.166906495,-180420355.4642113,-27093451.59978507,218014716.79063419,10500909.72663784,-0.023443723056906524,0.04396870374826442,0.03075585165296989,0.06699828528187773,2021-03-29,2022-10-08,True,True,False,True,False,6945678.291184406,1,0,True,"['根据公司盈利能力、融资能力及其成本、偿债能力及现金流等情况披露现金分红方案的合理性，是否导致公司营运资金不足或者影响公司正常生产经营', '留存未分配利润的预计用途以及收益情况']",淼琮实业
2022-09-30,季报,2022-10-27,无保留意见,False,953374080.6191628,513087686.456525,440286394.16263777,0.5381808640353464,42695103.91129533,3.63147582010553e-27,12647813.24321251,36609937.1159239,74827838.67889741,2144954.1264873478,432150171.4309778,585530207.9495262,40000000,11.007159854065945,19796522.21111668,18390872.880484406,3964677.2052368238,4321142.3594404645,0.10802855898601162,4245796.918836635,-128881068.38771152,-26385562.06899668,218565121.3477343,63298490.89102611,-0.01307998241165056,-0.1526568593146636,-0.025528739696646967,0.08843295751650378,2021-03-29,2022-12-13,False,True,False,True,False,0.0,2,0,True,"['根据公司盈利能力、融资能力及其成本、偿债能力及现金流等情况披露现金分红方案的合理性，是否导致公司营运资金不足或者影响公司正常生产经营', '留存未分配利润的预计用途以及收益情况', '公司为增强投资者回报水平拟采取的措施', '结合所处行业特点、发展阶段和自身经营模式、盈利水平、偿债能力、资金需求等因素，未进行现金分红或现金分红水平较低原因的说明']",淼琮实业
2022-12-31,年报,2023-03-30,无保留意见,False,1003816070.7933071,549957384.9502809,453858685.84302616,0.5478666868878224,43744457.29125011,4.137596149002764e-27,13548300.884561986,41579624.085489266,78338725.222532,2440452.6287784525,473238336.0320353,636352010.3523556,40000000,11.346467146075653,16833151.948448736,15681570.898170691,9416569.10843504,-4233386.089525631,-0.10583465223814077,-3870431.4033053075,-13566179.621272309,-27005016.68874293,242379611.05679,201808414.74677476,0.03082605290631552,-0.4012228005774918,0.009685822852476024,0.014998055958114521,2021-03-29,2023-05-24,False,False,False,True,False,0.0,0,0,False,[],淼琮实业
2023-03-31,季报,2023-04-30,无保留意见,False,1218023071.6412075,733353385.4351784,484669686.2060291,0.6020849707280438,58417937.20073528,5.029156723217281e-27,19576470.99649469,59618056.629778184,104740878.31318468,3453241.024750278,636152665.0699849,869382117.2203368,40000000,12.116742155150728,11533070.234107735,10788733.567161303,10453963.696345171,-7571545.306201432,-0.1892886326550358,-6989767.615727698,-88649440.14672716,-30851043.147607394,269351146.74553156,149850663.451197,0.06788677031876715,-0.26147569277841237,0.054218283840221475,0.015601186622683092,2021-03-29,2023-06-19,False,False,False,True,False,0.0,0,0,False,[],淼琮实业
2023-06-30,半年报,2023-08-27,无保留意见,False,1462126078.6225448,945165427.2660985,516960651.35644627,0.6464322339127758,67160335.80808248,5.669793616761881e-27,20290946.88720158,58931640.62562162,107680976.5881135,3347391.9139506505,693857111.3039865,956305061.7155348,40000000,12.924016283911156,6060241.175001811,5814687.392111013,18672670.74672023,-7818327.227294177,-0.19545818068235443,-7105780.250071844,-222188857.34332427,-39569899.5402803,323583036.51030517,61824279.62670058,0.06662468495438457,-0.026174164177196736,0.04434726318473199,-0.06589554675734324,2021-03-29,2023-09-06,False,True,False,True,False,0.0,2,0,True,"['是否影响偿债能力、过去十二个月内是否使用过募集资金补充流动资金以及未来十二个月内是否计划使用募集资金补充流动资金等内容', '公司为增强投资者回报水平拟采取的措施', '充分披露高送转的主要考虑及其合理性且送转股后每股收益不低于0.5元']",淼琮实业
2023-09-30,季报,2023-10-27,保留意见,False,1306407285.0624378,810424064.8401773,495983220.2222604,0.6203456411385859,58952817.616810605,4.762456002765075e-27,16953910.586813718,44588981.33960832,92774302.95019424,2986218.06057795,532607983.1324667,762940298.8299595,40000000,12.39958050555651,-429158.6809890542,187435.37134645227,13044703.864773015,-9270571.222844094,-0.23176428057110235,-8038931.458235087,-55846267.502535254,-36125431.67299119,297817133.98921996,205845434.81369352,-0.040578390403879915,-0.1581676924783223,-0.026086592774189853,0.23646413022881096,2021-03-29,2023-12-06,False,False,False,False,False,0.0,0,0,False,[],淼琮实业
2023-12-31,年报,2024-03-30,无保留意见,False,1580238101.0301206,1112435717.591281,467802383.43883973,0.703967153346138,64509690.08249753,5.829603746579652e-27,20310105.789343838,62407375.525435664,110861103.28195667,3549791.5736595956,694757331.8431168,931642076.9509523,40000000,11.695059585970993,-4679035.185257642,-3360780.2538850615,23663382.856857087,-6071252.148955125,-0.15178130372387813,-5068879.464616449,-289709384.25088274,-44254866.00261511,357976163.1804834,24011912.92698556,-0.05681812536075774,0.4139140376510694,0.08362151220755198,0.2015415450712276,2021-03-29,2024-05-09,False,True,False,False,True,0.0,1,0,True,"['结合前述财务报表列报项目的具体情况说明现金分红方案确定的依据及未来增强投资者回报的规划', '是否影响偿债能力、过去十二个月内是否使用过募集资金补充流动资金以及未来十二个月内是否计划使用募集资金补充流动资金等内容']",淼琮实业
2024-03-31,季报,2024-04-30,非标准无保留意见,False,1710075853.76375,1174746488.4765046,535329365.28724545,0.6869557779504194,79518260.99046333,6.696602177429074e-27,25773803.470515057,78907936.22161497,136457629.18748504,4178394.2552279653,822072499.07489,1137069711.1926866,40000000,13.383234132181137,-10525582.973583255,-8882841.763016537,36234900.44206487,-8352211.126179449,-0.20880527815448624,-7888659.298759251,-204252205.66157976,-46785575.44924056,357114879.8000403,106077098.68921998,0.1443493753751559,-0.208711831246637,-0.017011375395718602,0.11568856104181517,2021-03-29,2024-05-12,False,True,False,False,False,0.0,4,0,True,"['充分披露高送转的主要考虑及其合理性且送转股后每股收益不低于0.5元', '根据公司盈利能力、融资能力及其成本、偿债能力及现金流等情况披露现金分红方案的合理性，是否导致公司营运资金不足或者影响公司正常生产经营']",淼琮实业
2024-06-30,半年报,2024-08-27,保留意见,False,1560095950.3321295,1027028411.1043404,533067539.22778904,0.658311055089718,58807347.64680325,5.727020671718026e-27,19088035.15241991,59206869.52824944,119769949.1758629,3174160.193637058,660975974.845229,916497170.9206343,40000000,13.326688480694726,-15580266.817613093,-13031633.554962076,25246089.947773676,-7220976.920042627,-0.18052442300106566,-5926845.417065055,-129794284.18587998,-42808914.76128733,346556967.8714624,173953768.9242951,-0.004225111129935373,0.13081195929301748,-0.028644722860701282,0.02170474155766723,2021-03-29,2024-10-03,False,False,False,False,True,0.0,0,0,False,[],淼琮实业
2024-09-30,季报,2024-10-27,保留意见,False,1377421852.1128395,846346388.3893491,531075463.72349036,0.614442399829167,62301576.66166795,5.4019180238841675e-27,20504412.723287217,57944268.419821195,110294836.53072594,3418792.37844687,692135950.3657279,920739243.2764269,40000000,13.276886593087259,-23680844.36285766,-20617065.00995705,7830340.1119490005,-11572253.636063661,-0.2893063409015915,-10836330.649992818,-262388164.51277313,-34911407.99843074,291312085.8472339,-5987486.663969994,-0.0037370039586060526,-0.4449602665259281,-0.04386865526055106,-0.07126572969704978,2021-03-29,2024-11-29,False,True,False,False,False,0.0,0,0,True,['结合前述财务报表列报项目的具体情况说明现金分红方案确定的依据及未来增强投资者回报的规划'],淼琮实业
2024-12-31,年报,2025-03-30,无保留意见,True,1401885345.0770316,770424410.2495978,631460934.8274337,0.5495630673043836,64801890.83069341,5.826212594459844e-27,20178996.29376737,58267289.56776346,103857739.14599445,3054828.071878211,597544526.1839764,912519847.7871987,40000000,15.786523370685842,-31685297.07418593,-27411392.734433316,35661669.31457157,-11434932.444754679,-0.285873311118867,-9706182.463537525,-278239753.2977045,-35501296.55538511,312900395.40935147,-840654.4437381625,0.18902298818348348,0.025299854138614505,-0.06487933252478333,0.17887032442013914,2021-03-29,2025-04-21,False,False,False,False,False,0.0,0,0,False,[],淼琮实业
2017-03-31,季报,2017-04-30,无保留意见,False,297687733.93635124,97873280.93753287,199814452.99881837,0.3287783465020403,54023166.32766586,29125.67193959616,427745.1066557461,44686062.21667752,1254685.7699139751,34151661.72838618,23304570.805634134,155829797.40613434,40000000,4.995361324970459,603255.7927799816,534514.4302446375,1723081.2491337988,861793.9896856882,0.021544849742142203,763592.0432066252,-52264071.98820487,-10213934.893687991,56667408.836928286,-5810598.044964574,0.11008029443787973,-0.007678111684128486,0.02877834650204032,-0.19624249337514205,2021-02-24,2017-06-14,False,False,False,False,False,0.0,0,0,False,[],瑾瑄农业
2017-06-30,半年报,2017-08-27,无保留意见,False,328665788.6088972,107553267.11535841,221112521.49353877,0.3272420520875804,58487963.06900899,34740.300335200365,558293.4229285185,56670126.74657588,1582761.7030094839,37072795.351903036,28709751.459549073,185172508.40460587,40000000,5.527813037338469,9243157.261532579,8073781.080576977,25992757.95457588,12342716.383932281,0.30856790959830704,10770380.9290462,-61722696.783418454,-10983160.081724623,61818541.39005312,-10887315.475089952,0.1065892290326285,0.6427642375047136,-0.0015362944144599415,0.0005491606047550306,2021-02-24,2017-10-06,False,False,False,False,False,0.0,0,0,False,[],瑾瑄农业
2017-09-30,季报,2017-10-27,无保留意见,False,404266287.9669988,170484768.740089,233781519.2269098,0.4217140380352617,71713702.49612619,38534.448136083054,579239.9923127964,64689102.83063443,1750982.5836059344,42174185.96976802,30482154.183954187,206696313.67420477,40000000,5.844537980672745,13158254.55100341,11694657.229946494,8386782.488273913,5592996.127815474,0.13982490319538685,5172680.213385023,-63550982.675309576,-13978613.960320208,78245834.23781666,716237.6021868736,0.05729660920058405,-0.23003051823153214,0.09447198594768133,0.048858378880196146,2021-02-24,2017-11-25,False,False,False,False,False,0.0,0,0,False,[],瑾瑄农业
2017-12-31,年报,2018-03-30,无保留意见,False,345254188.47972655,109640166.30972052,235614022.170006,0.31756360956112956,71409686.59673423,37950.212200783164,624211.1138701218,58132600.43235884,1698381.8076481356,44389842.2571792,31594945.28593291,207363111.4085664,40000000,5.89035055425015,18152104.45118513,15968252.241015134,30175761.763598554,7134071.285973888,0.1783517821493472,6105135.7300980585,-33571167.776692264,-11431313.409505635,57419402.15842256,12416920.97222466,0.007838527823568416,0.0682103050626877,-0.10415042847413215,0.2043184351270238,2021-02-24,2018-05-07,False,False,False,False,False,0.0,0,0,False,[],瑾瑄农业
2018-03-31,季报,2018-04-30,无保留意见,False,386873764.6915704,133183638.2147974,253690126.476773,0.34425606068422904,65601291.15489013,38188.9561609977,604504.0553207756,62587147.47570589,1595877.938341173,43093973.679793864,33687637.73389637,203027351.03141674,40000000,6.3422531619193245,39201006.86262526,35763819.46339663,117594497.52300054,30069860.587771624,0.7517465146942907,28279381.746259283,-18407832.075056452,-12987631.183895271,67593963.06349815,36198499.80454643,0.07671913640914066,0.9503489498320756,0.026692451123099505,-0.07603719717011767,2021-02-24,2018-05-14,False,False,False,False,False,0.0,0,0,False,[],瑾瑄农业
2018-06-30,半年报,2018-08-27,非标准无保留意见,False,454437945.5827135,185117312.49837872,269320633.0843348,0.40735443485250283,78942264.55553217,46063.209122624736,692409.5035231279,78957537.66555776,2000894.041505951,51239570.002202906,38450124.86026471,252992847.85293484,40000000,6.73301582710837,73577066.93341044,65031738.030609764,90263388.31120136,49108657.24397882,1.2277164310994706,41811312.2388759,-79435553.30967449,-14384962.959717147,87022509.8288378,-6798006.440553829,0.061612593381685496,0.40447956332280527,0.0630983741682738,-0.05967505459116206,2021-02-24,2018-10-05,False,False,False,False,False,0.0,0,0,False,[],瑾瑄农业
2018-09-30,季报,2018-10-27,无保留意见,False,472510106.6252057,214650945.2774431,257859161.34776258,0.4542779980105355,97186097.0957236,50648.09721202052,803320.768055512,79966707.76174706,2178379.1832049396,56235340.265232675,43373583.66010568,266777682.9041407,40000000,6.4464790336940645,105531073.85380572,96747931.59418117,135722588.8768887,45648581.314850405,1.1412145328712602,45308847.94795915,-11056436.024187217,-14885742.796048272,87289826.32707869,61347647.506843194,-0.04255697606719638,-0.05233922565328697,0.04692356315803263,0.00029986545945195615,2021-02-24,2018-12-05,False,False,False,False,False,0.0,0,0,False,[],瑾瑄农业
2018-12-31,年报,2019-03-30,无保留意见,False,425678261.2750374,171184007.75155908,254494253.5234783,0.4021441152263926,74407867.72666523,39052.21284626693,607259.9062505784,62051173.54799891,1864514.1853718394,46340808.938563354,34760566.780570984,219903293.33679593,40000000,6.362356338086958,136658764.32811475,123066905.00997868,137786673.8327082,44468129.24901292,1.111703231225323,37598533.451139316,-57486599.869858034,-13923963.80048762,83047773.71736333,11637210.047017679,-0.013049401877741267,-0.018842438903842643,-0.05213388278414286,0.053820133536991006,2021-02-24,2019-05-15,False,False,False,False,False,0.0,0,0,False,[],瑾瑄农业
2019-03-31,季报,2019-04-30,无保留意见,False,441411041.575847,177892674.18847987,263518367.38736716,0.4030091172015071,78158003.82859102,41106.45057631341,651400.4484142126,64549947.43434484,2145548.692190765,47001585.54188229,37567274.24064884,232870398.90740958,40000000,6.587959184684179,163601462.13858485,147635704.42290014,50978868.189061694,38489568.30067157,0.9622392075167893,35098284.875602104,-12821208.984077917,-13898176.611349119,71739385.20181759,45019999.60639055,0.03545900836246712,-0.09726277700955657,0.0008650019751144702,0.18983005721699825,2021-02-24,2019-06-08,False,False,False,False,False,0.0,0,0,False,[],瑾瑄农业
2019-06-30,半年报,2019-08-27,无保留意见,True,443131007.3863942,137966346.95714074,305164660.42925346,0.3113443759462291,77777758.72892012,42161.99920448031,660539.6129869692,71096957.9167456,1914547.1131815535,47185566.040814124,37456815.04670963,231667038.28569138,40000000,7.629116510731336,177517224.37832963,160551148.37091044,48764527.542327255,19879660.342492543,0.49699150856231356,18450634.211443275,-4802108.114269702,-14492024.719446031,83659798.45487587,64365665.621160135,0.15803943176631402,-0.33537669382001295,-0.091664741255278,0.21710473891660134,2021-02-24,2019-09-10,False,False,False,False,False,0.0,0,0,False,[],瑾瑄农业
2019-09-30,季报,2019-10-27,无保留意见,False,399158952.2722468,110111552.08283134,289047400.18941545,0.2758589064732529,78099054.71264607,39726.81239097912,613368.7380817991,66665679.378155775,1609164.0574506607,44057286.048355155,31380900.02900399,215656064.74010584,40000000,7.226185004735386,210442239.8941125,189604817.76214254,0.0,47035736.45111834,1.1758934112779587,41505241.98747446,-36935898.562384315,-12249810.402474767,73903519.87469898,24717810.9098399,-0.05281496296840853,0.7363429016545664,-0.035485469472976205,-0.05747198328706842,2021-02-24,2019-12-09,False,False,False,False,False,0.0,0,0,False,[],瑾瑄农业
2019-12-31,年报,2020-03-30,无保留意见,False,447184549.18100464,141578240.88876042,305606308.29224426,0.3165991337313725,79480193.81142372,40239.21129280648,727243.8836988537,66333184.64133667,1951453.625560522,49700997.704129815,36587053.65053246,235652834.26336774,40000000,7.640157707306106,241047515.67257485,216205015.7624835,0.0,43721822.54066052,1.093045563516513,38000282.857629955,-60894885.99918164,-15307029.534802144,81087401.20166068,4885485.667676896,0.05728786383125253,-0.05175100801702346,0.04074022725811963,0.14241809875727587,2021-02-24,2020-05-07,False,False,False,False,False,0.0,0,0,False,[],瑾瑄农业
2020-03-31,季报,2020-04-30,无保留意见,False,494547772.29517734,212124615.4240386,282423156.87113875,0.4289264400880351,99610371.53760768,53190.56669514655,874020.9190893703,92567528.27388039,2510232.520811502,62663986.99354829,44369155.546880685,298035884.1014762,40000000,7.060578921778469,275810585.2119302,247737401.25815615,185937462.76160684,49661527.913364835,1.241538197834121,45046264.99381802,-84680801.91219738,-15537575.180187874,86779248.334044,-13439128.758341268,-0.07585953166560955,0.09781829866399308,0.11232730635666259,0.1064064731591938,2021-02-24,2020-05-20,False,False,False,False,False,0.0,0,0,False,[],瑾瑄农业
2020-06-30,半年报,2020-08-27,保留意见,False,722006790.1585464,347375614.8150575,374631175.343489,0.4811251355943298,138320733.07138795,82661.81495760803,1217924.4571511492,122428394.4483371,3336121.9489709074,88420861.60663815,71041463.33514549,417897047.33892655,40000000,9.365779383587224,321002632.33851314,290463450.0337931,247047694.66124535,64560067.32368988,1.614001683092247,61037212.53662425,-15900042.938639741,-22334488.773402147,140395351.24140137,102160819.52935949,0.32648887397863785,0.2234953184644612,0.05219869550629466,0.06134232999744837,2021-02-24,2020-10-01,False,False,False,False,False,0.0,0,0,False,[],瑾瑄农业
2020-09-30,季报,2020-10-27,无保留意见,False,734796763.5998037,352092094.38660204,382704669.21320164,0.47916935924116816,131607977.85316673,65710.73664494757,1028811.7859785557,101972406.26300351,2973169.7018266395,74756438.98834626,56923406.921369806,367295856.4842433,40000000,9.567616730330041,348840837.9585528,316806843.7410688,123028152.11740924,39768865.17148526,0.9942216292871315,37633419.58182239,-110347974.85619937,-24532339.343632158,138155801.20173818,3275487.001906663,0.02155051261366665,-0.3039625023090655,-0.0019557763531615935,-0.07549581237572241,2021-02-24,2020-12-23,False,False,False,False,False,0.0,0,0,False,[],瑾瑄农业
2020-12-31,年报,2021-03-30,无保留意见,False,896736325.9087745,450549206.66024035,446187119.24853414,0.5024322017998354,184696257.3593218,94103.87709198392,1443752.0984053996,149007874.5749657,3932295.833266661,106676785.45883489,85136531.24356501,505176769.204299,40000000,11.154677981213354,393521326.8379588,357992761.6708591,32933317.294025708,63829269.8277228,1.59573174569307,58837025.61398621,-130916294.43262976,-27799111.475057937,159350210.58962524,634804.6819375455,0.1658784309212778,0.4238309958030124,0.023262842558667222,0.04064152371148659,2021-02-24,2021-04-25,False,False,False,False,False,0.0,0,0,False,[],瑾瑄农业
2021-03-31,季报,2021-04-30,无保留意见,False,891311294.3099388,414162723.13650614,477148571.17343265,0.46466675086525705,154336428.5662511,89983.5438783903,1447187.9846600308,134547518.28669092,3802346.753338088,95029753.80370085,70417815.82415028,460565942.2386131,40000000,11.928714279335816,395700070.2524191,359958317.334392,10975577.433509555,3112490.592086181,0.07781226480215453,2807936.6621898687,-138684609.51244885,-27086205.60846357,160560191.7768899,-5210623.344022542,0.06939118273302827,-0.7511731748294477,-0.03776545093457835,0.06548432777970382,2021-02-24,2021-06-02,True,False,False,False,False,3131474.435109458,0,0,True,"['上市公司控股子公司向母公司实施利润分配的情况', '是否影响偿债能力、过去十二个月内是否使用过募集资金补充流动资金以及未来十二个月内是否计划使用募集资金补充流动资金等内容']",瑾瑄农业
2021-06-30,半年报,2021-08-27,无保留意见,False,1075010331.9050808,616676931.8983879,458333400.0066929,0.5736474465371353,180501816.26176775,99522.0073236815,1309155.457239505,157358750.1975074,4157749.757602199,115542820.02229649,87623459.53302236,530845226.70070547,40000000,11.458335000167322,400731609.57160795,364671114.94234014,24930069.375809062,7187913.313126903,0.1796978328281726,6732568.011354466,-105817343.40373538,-35465642.678823516,194097791.41646454,52814805.33390564,-0.03943252123854907,0.20263142957761315,0.10898069567187829,0.07830660003357534,2021-02-24,2021-09-20,False,False,False,True,True,0.0,0,0,False,[],瑾瑄农业
2021-09-30,季报,2021-10-27,无保留意见,False,1110659871.281477,597669113.3363999,512990757.9450771,0.5381207413632497,205541953.02061006,113381.85373160089,1781384.6420689705,180143200.10360035,5628019.702117231,129348666.8953533,95953535.93682705,622208207.6056008,40000000,12.824768948626929,396934593.98752,361224788.3603334,21115178.253017027,-5424307.97726861,-0.13560769943171525,-4923323.688581037,-137078221.92483225,-36471584.23582276,188922742.09128803,15372935.930633008,0.11925239997256613,-0.5214265954703416,-0.03552670517388561,0.022141056153427926,2021-02-24,2021-12-17,False,True,False,False,False,0.0,2,0,True,"['公司为增强投资者回报水平拟采取的措施', '结合前述财务报表列报项目的具体情况说明现金分红方案确定的依据及未来增强投资者回报的规划']",瑾瑄农业
2021-12-31,年报,2022-03-30,无保留意见,False,1533090144.7153223,999330944.6277436,533759200.08757865,0.6518409553883788,308273765.3549309,153383.26658365302,2654927.0416597477,229956060.5187835,7645995.161450752,167167240.66862932,137842736.59645256,857856704.7331809,40000000,13.343980002189467,397749759.2045121,361957482.12293154,1399761.9428666867,1164521.7385602035,0.029113043464005086,1046705.3751402708,-152360760.6199078,-52764872.29811519,287060397.329791,81934764.41176802,0.0404850220415181,0.5691953191990781,0.11372021402512911,-0.07467371779875118,2021-02-24,2022-05-19,True,False,False,False,False,946464.901539362,0,0,True,"['上市公司控股子公司向母公司实施利润分配的情况', '公司在相应期间是否按照中国证券监督管理委员会相关规定为中小股东参与现金分红决策提供了便利', '公司为增强投资者回报水平拟采取的措施']",瑾瑄农业
2022-03-31,季报,2022-04-30,无保留意见,False,1129055196.1959314,639815516.5649722,489239679.6309593,0.5666822301696766,201264552.63670412,109650.9333285779,1603126.361303097,163259249.3103248,4557387.22420737,121984676.34730852,86407253.16687642,571860715.0398623,40000000,12.230991990773981,402791633.40054643,366245628.6223184,0.0,7202677.422906142,0.18006693557265355,6125923.5705525875,-16890831.442882665,-35384668.12824042,189344793.1270081,137069293.55588502,-0.08340749995375198,0.3324147902847317,-0.08515872521870221,0.12166440816475407,2021-02-24,2022-06-11,True,False,False,False,True,1435229.1016447963,0,0,True,"['上市公司控股子公司向母公司实施利润分配的情况', '充分披露高送转的主要考虑及其合理性且送转股后每股收益不低于0.5元', '是否影响偿债能力、过去十二个月内是否使用过募集资金补充流动资金以及未来十二个月内是否计划使用募集资金补充流动资金等内容', '公司在相应期间是否按照中国证券监督管理委员会相关规定为中小股东参与现金分红决策提供了便利']",瑾瑄农业
2022-06-30,半年报,2022-08-27,无保留意见,False,1359257151.5113463,877360397.8064871,481896753.7048592,0.6454705033782295,236469964.407394,132186.10860930206,1907979.5881423387,219544569.21773085,5252223.974539604,148437453.82840747,109040252.36573173,696018552.0991141,40000000,12.04741884262148,421447871.39514405,384271133.41999966,66449788.79330981,26651768.5637109,0.6662942140927725,25750721.139544714,-92918746.4566714,-45492469.478053875,248573060.2559015,110161844.3211762,-0.015008851963190987,0.803592544781742,0.07878827320855285,0.04726151816950377,2021-02-24,2022-10-19,False,True,False,False,False,0.0,4,0,True,"['结合所处行业特点、发展阶段和自身经营模式、盈利水平、偿债能力、资金需求等因素，未进行现金分红或现金分红水平较低原因的说明', '公司为增强投资者回报水平拟采取的措施', '结合前述财务报表列报项目的具体情况说明现金分红方案确定的依据及未来增强投资者回报的规划', '留存未分配利润的预计用途以及收益情况']",瑾瑄农业
2022-09-30,季报,2022-10-27,无保留意见,False,1390042149.1702883,882911334.4444382,507130814.72585005,0.6351687500781507,242133332.39687473,124988.32446076356,2051532.9917917245,221780792.07390112,6271633.472232987,156344558.12085783,113616571.97678547,737217624.0095396,40000000,12.67827036814625,429948486.224161,392070511.4848048,18063862.2949175,12143735.470024284,0.3035933867506071,11141968.664007334,-110427414.3659791,-43833451.021006,246865802.17793423,92604936.7909491,0.0523640402783159,-0.3323584260397551,-0.01030175330007878,-0.0011653785504275066,2021-02-24,2022-12-13,True,False,False,False,False,8368520.289882825,0,0,True,"['充分披露高送转的主要考虑及其合理性且送转股后每股收益不低于0.5元', '根据公司盈利能力、融资能力及其成本、偿债能力及现金流等情况披露现金分红方案的合理性，是否导致公司营运资金不足或者影响公司正常生产经营']",瑾瑄农业
2022-12-31,年报,2023-03-30,无保留意见,False,1512547278.8290925,969948769.0714717,542598509.7576208,0.6412683971256341,288796695.212464,161123.1501539861,2482456.685452066,238187311.12521777,6738657.090371876,179623479.5083822,132911840.4724936,846432563.0587462,40000000,13.564962743940521,441979914.92916536,403204655.5773722,78334221.07791421,17187755.29286333,0.4296938823215833,15905920.132239157,-73939826.37874782,-52133669.37123372,271497135.5223302,145423639.7723487,0.0699379607822574,0.17307389534972478,0.006099647047483377,0.14585738925862674,2021-02-24,2023-05-15,False,False,True,False,False,0.0,0,5,True,"['充分披露高送转的主要考虑及其合理性且送转股后每股收益不低于0.5元', '结合前述财务报表列报项目的具体情况说明现金分红方案确定的依据及未来增强投资者回报的规划']",瑾瑄农业
2023-03-31,季报,2023-04-30,保留意见,False,1873053770.5940413,1253842700.9829245,619211069.6111169,0.6694109484028676,376122796.81754744,208945.2656024377,3181249.1003490184,327975709.4669882,9711289.811344178,252578693.47773653,183595633.2949588,1126637486.054881,40000000,15.480276740277922,464173088.6892606,423906755.852781,91434836.76150416,31704533.9429932,0.79261334857483,29574428.964869756,-288020165.44939697,-61928502.111754775,367010325.411333,17061657.85018128,0.14119566949735804,0.4246192394257671,0.028142551277233495,-0.01062146702184454,2021-02-24,2023-06-02,True,False,False,False,False,33773167.682203,0,0,True,"['上市公司控股子公司向母公司实施利润分配的情况', '结合前述财务报表列报项目的具体情况说明现金分红方案确定的依据及未来增强投资者回报的规划', '公司在相应期间是否按照中国证券监督管理委员会相关规定为中小股东参与现金分红决策提供了便利', '根据公司盈利能力、融资能力及其成本、偿债能力及现金流等情况披露现金分红方案的合理性，是否导致公司营运资金不足或者影响公司正常生产经营']",瑾瑄农业
2023-06-30,半年报,2023-08-27,无保留意见,False,2048624836.217463,1431187821.6372106,617437014.5802523,0.6986090358446133,358243010.5703112,184905.6747434444,3088137.1207945803,298902658.27521986,8529422.371093398,225312519.8704931,161769395.68911025,1056528007.0609363,40000000,15.435925364506307,450447505.78592193,411519487.21829444,82335893.36697912,-19607975.57619811,-0.4901993894049527,-17696098.049266413,-290448329.33371085,-65099434.190796345,345338199.60381126,-10209563.9206959,-0.002865024735392342,-1.053546874696525,0.029198087441745704,-0.020362774173201165,2021-02-24,2023-10-01,False,False,False,False,False,0.0,0,0,False,[],瑾瑄农业
2023-09-30,季报,2023-10-27,无保留意见,False,1563139427.660739,978518891.3881645,584620536.2725745,0.6259959118634301,263216702.19205654,138296.36927122466,2428575.530762013,256956862.74057922,6131105.251446252,166661927.75836727,130468815.5941871,810238597.5480369,40000000,14.615513406814364,436268528.55705655,398478382.0468619,34306290.44398295,-20255681.75552198,-0.5063920438880495,-18630150.244903654,-66474150.91943964,-51820489.96825923,281844393.1182921,163549752.2305932,-0.05314951571212021,0.24835592220847827,-0.0726131239811832,0.0031880017096347964,2021-02-24,2023-11-23,False,False,False,False,False,0.0,0,0,False,[],瑾瑄农业
2023-12-31,年报,2024-03-30,无保留意见,False,1470737225.6507087,872083887.587502,598653338.0632068,0.5929569690477234,271502257.38900846,153792.30137463965,2562371.012407118,231319646.12031806,6939188.033080991,164693949.09981793,131971627.87583685,842828855.475057,40000000,14.96633345158017,419110839.72410375,383842510.147705,87088838.93014975,-24510984.047075342,-0.6127746011768835,-20908388.42736697,-17062667.973871797,-51224156.899886616,242509591.87711513,174222767.00335672,0.024003265229276007,1.3070387743936953,-0.03303894281570668,0.001917387413602521,2021-02-24,2024-04-21,False,False,False,False,False,0.0,0,0,False,[],瑾瑄农业
2024-03-31,季报,2024-04-30,无保留意见,False,1460054096.661397,940707527.0417559,519346569.61964095,0.6442963512056202,284329608.66921914,142905.88888963134,2485357.3391154073,253090495.15490898,7249785.60920759,180950775.57134974,124999513.19882493,805671191.1881007,40000000,12.983664240491024,403453104.8974237,369561224.76429904,84593264.41787852,-22368192.60954298,-0.5592048152385746,-20401836.262008537,-200561910.306422,-46281088.7293881,275659844.89931095,28816845.863500834,-0.13247527976732432,-0.2852877098529756,0.05133938215789683,0.19250859239007098,2021-02-24,2024-06-22,False,False,False,False,False,0.0,0,0,False,[],瑾瑄农业
2024-06-30,半年报,2024-08-27,非标准无保留意见,False,1341705581.3996234,817477919.89275,524227661.50687325,0.6092826408607348,246987785.47906274,142523.86199252235,2046197.2371867914,218135458.6083102,5731344.925785158,151552526.4787596,108622527.8804274,725350473.382531,40000000,13.10569153767183,389198866.41328764,355884789.8819074,57853351.82523292,-20363197.83448004,-0.509079945862001,-19537764.117702313,-124801735.86419713,-45372109.09253429,246224878.27002007,76051033.31328863,0.009398525325404786,-0.3734953122767395,-0.03501371034488535,-0.022398514538251382,2021-02-24,2024-10-18,False,False,False,True,False,0.0,0,0,False,[],瑾瑄农业
2024-09-30,季报,2024-10-27,保留意见,False,1264423673.422217,745187899.7872531,519235773.6349637,0.5893498480381739,236713696.2663424,114838.9876914236,1896714.9204497065,208394768.1625935,5188153.492018322,141225050.26843774,103206081.53820851,658539234.6017374,40000000,12.980894340874093,373685213.3914522,341857942.5444665,69824841.39229664,-22162361.45976491,-0.5540590364941227,-20038353.33920125,-33367088.34393394,-41126019.37767535,231010121.2825851,156517013.56097582,-0.009522366403864453,0.5349562273261342,-0.019932792822560934,-0.11173922864839511,2021-02-24,2024-11-26,False,False,False,True,False,0.0,0,0,False,[],瑾瑄农业
2024-12-31,年报,2025-03-30,无保留意见,False,1188888368.5472627,710567725.3646835,478320643.18257904,0.5976740492742367,219385898.73907015,111939.80815934551,1824961.3305323215,177311727.7261276,4801223.925727876,127900994.73655306,90870946.30650485,621845776.960145,40000000,11.958016079564477,358855790.9555049,328693724.39421475,0.0,-21184889.1942105,-0.5296222298552625,-18806025.92893114,-88309553.90228122,-41230095.744496815,208467033.20792452,78927383.56114647,-0.07879875102971826,-0.18934595594918324,0.008324201236062893,0.07609748236872861,2021-02-24,2025-04-17,False,False,True,False,False,0.0,0,3,True,"['充分披露高送转的主要考虑及其合理性且送转股后每股收益不低于0.5元', '留存未分配利润的预计用途以及收益情况', '公司在相应期间是否按照中国证券监督管理委员会相关规定为中小股东参与现金分红决策提供了便利']",瑾瑄农业
2017-03-31,季报,2017-04-30,无保留意见,False,282246217.8353231,98716478.49749091,183529739.3378322,0.34975306048241595,45442553.835862,3350305.3362025274,1038652.9690622147,7476376.574127713,969683.5957118784,1227281.8443937432,153435112.4361559,218426838.91085175,40000000,4.5882434834458055,-1484604.173857326,-1317174.736359571,5073582.874870312,-2120863.105510466,-0.05302157763776164,-1881678.1947993874,-41888936.20569823,-25942487.451866366,-21664358.255704097,-89495781.91326869,0.01960966298795674,-0.17338128363947033,0.04975306048241593,0.024141748430450975,2021-01-14,2017-06-02,False,False,False,False,False,0.0,0,0,False,[],芷琰交通
2017-06-30,半年报,2017-08-27,无保留意见,False,295560597.47849596,101651738.5903877,193908858.88810822,0.3439285867521078,43903694.876315035,3210195.8835149053,890011.2979855534,6909216.234422127,944758.4970417344,1166559.438663687,144541819.11130837,206193007.70243308,40000000,4.847721472202705,-4925449.573000164,-4746877.626351977,3017375.934359304,-4915493.427346911,-0.12288733568367279,-4899575.557132008,-7578615.302134173,-29899716.874698654,-22036844.225625485,-59515176.40245831,0.05655279404702163,-0.18782207204985332,-0.005824473730308117,0.08162145937421848,2021-01-14,2017-09-15,False,False,False,False,False,0.0,0,0,False,[],芷琰交通
2017-09-30,季报,2017-10-27,无保留意见,False,336179950.1108508,115467466.6811263,220712483.42972454,0.343469224274239,57158932.44156456,3980518.5391764785,1222837.3853425656,8082084.240720975,1174425.4957385403,1560818.1485463947,183437051.7428626,258272157.2255898,40000000,5.517812085743113,-7754113.589153257,-7432900.419050968,13662252.681381403,-4040948.5945044197,-0.1010237148626105,-3837175.418141417,-62151988.922510535,-36196181.85273899,-26318656.860451166,-124666827.63570069,0.13822795253043535,0.07236909737146921,-0.0004593624778688433,-0.13757371084006473,2021-01-14,2017-11-12,False,False,False,False,False,0.0,0,0,False,[],芷琰交通
2017-12-31,年报,2018-03-30,非标准无保留意见,False,368629658.7595922,140524290.10419253,228105368.65539968,0.3812072272671845,60317490.39841852,4175369.079286576,1263031.1776404323,8373894.338259671,1218270.4380054444,1690825.0317535421,194401418.77440062,275621460.6909454,40000000,5.702634216384992,-3142273.698133135,-3059184.6603342034,4568124.821707198,6588342.701457318,0.16470856753643295,6248165.369595379,-12703003.729959281,-33476167.409206938,-26600535.65954465,-72779706.79871087,0.03349554638140363,0.8202214007310862,0.0377380029929455,-0.05571404875750432,2021-01-14,2018-05-13,False,False,False,False,False,0.0,0,0,False,[],芷琰交通
2018-03-31,季报,2018-04-30,非标准无保留意见,False,408119144.2390361,155919222.13461292,252199922.10442314,0.38204339182699737,66849097.37605269,5669077.329186599,1470376.48274387,10235929.729707107,1292724.6893852053,1797480.3363908217,234041358.67196485,314331247.30957496,40000000,6.304998052610578,5339025.629887455,5472101.345131941,19985815.266516507,12116141.897172272,0.3029035474293068,12187551.436380208,-67964984.40857255,-38600614.66349463,-29198257.490536902,-135763856.5626041,0.10562905025450438,0.23434453474230052,0.0008361645598129177,-0.021252823533682196,2021-01-14,2018-06-13,False,False,False,False,False,0.0,0,0,False,[],芷琰交通
2018-06-30,半年报,2018-08-27,无保留意见,False,412778005.7391623,184493711.34407046,228284294.39509183,0.44695625440046705,65361135.6882208,4762525.83109834,1462909.3805828937,10177122.998422824,1383797.732990763,1882447.4421975578,225653854.79673097,309524706.2024663,40000000,5.707107359877296,10312303.132781295,10766072.39597063,15534396.481929462,7104682.146991201,0.17761705367478,7562815.786912411,-65839736.341958016,-43338327.53172335,-27610471.070742037,-136788534.9444234,-0.0948280535131533,-0.17211963617569045,0.06491286257346968,0.06443764456371162,2021-01-14,2018-10-21,False,False,False,False,False,0.0,0,0,False,[],芷琰交通
2018-09-30,季报,2018-10-27,无保留意见,False,456534006.6475302,224551166.47744653,231982840.17008364,0.49186076657551736,64368361.41819031,4604606.813440721,1283093.3003990944,9591892.584670633,1413552.2478790316,1718295.8611060323,230632820.447151,302807547.97817427,40000000,5.799571004252091,17987698.16919086,17439876.957217466,12451716.959253935,10964850.05201367,0.2741212513003417,9534006.516066909,-16618277.052824683,-42277728.55821316,-35153018.12076759,-94049023.73180544,0.016201490272435205,0.16014182976913072,0.044904512175050294,0.01292026888497546,2021-01-14,2018-11-18,False,False,False,False,False,0.0,0,0,False,[],芷琰交通
2018-12-31,年报,2019-03-30,无保留意见,False,556617140.266795,315482388.2077101,241134752.05908495,0.5667852557621467,99201069.87699032,6836413.92478286,1921677.3054242332,12174415.61216841,1897730.7059219223,2401197.0378808007,294418551.65120995,422654601.91474545,40000000,6.028368801477124,29754097.5116773,27581455.018424284,56065253.21792372,16809141.91783777,0.4202285479459442,14487968.658866882,-54332250.945430614,-58945457.15197428,-43028520.493320405,-156306228.5907253,0.03945081404422582,0.2089870625071804,0.07492448918662936,-0.15183550927770395,2021-01-14,2019-04-22,False,False,False,False,False,0.0,0,0,False,[],芷琰交通
2019-03-31,季报,2019-04-30,无保留意见,False,510113143.01816463,295291384.636861,214821758.38130358,0.5788742922594057,84499110.9758117,6341982.423973133,1740246.7693787175,12448016.202746034,1791352.9352118443,2150582.4451168347,287566520.9040886,391705432.5138213,40000000,5.37054395953259,48776959.56324393,44283601.87799613,100846207.88409193,27175517.216523767,0.6793879304130942,23860209.799388357,-72767172.57008894,-51378733.71605318,-39160783.844272815,-163306690.13041493,-0.10912153247547635,0.3066145637141021,0.012089036497258997,0.08180592836856743,2021-01-14,2019-06-07,False,False,False,False,False,0.0,0,0,False,[],芷琰交通
2019-06-30,半年报,2019-08-27,无保留意见,False,536160947.5190091,326665203.4434137,209495744.07559544,0.6092670586229745,83704649.70187847,6113951.60251594,1804227.5306734745,12817995.316147799,1581495.3623529617,2370053.415227054,272331923.99355006,400450827.53158337,40000000,5.237393601889886,84280153.42687544,77056377.1092243,126865030.83309506,50718848.37661645,1.2679712094154112,46818250.330325976,-60626591.50839748,-55865914.88847782,-39919272.861770526,-156411779.25864583,-0.024792713484146245,0.5329497568686381,0.030392766363568694,0.038615196994310666,2021-01-14,2019-09-30,False,False,False,False,False,0.0,0,0,False,[],芷琰交通
2019-09-30,季报,2019-10-27,无保留意见,False,649914441.7089318,427829762.45121497,222084679.25771686,0.6582862835394896,92076438.73462704,7909605.108144259,2304726.086922325,15922673.858237142,2211639.3304192093,2747889.9984669564,344636252.1885711,482355599.92011076,40000000,5.552116981442921,117054897.33302607,106571011.0801865,223975205.07785836,46821062.7230723,1.1705265680768075,42163762.815660276,-82529298.63012382,-59696374.77259214,-52848706.85710676,-195074380.25982273,0.0600916034722824,-0.05755835704509818,0.04901922491651524,-0.01966835315881368,2021-01-14,2019-11-29,False,False,False,False,False,0.0,0,0,False,[],芷琰交通
2019-12-31,年报,2020-03-30,无保留意见,False,791345963.6098047,561785080.9156824,229560882.69412228,0.7099108439917263,128307136.47874424,9368139.104895301,2894333.912917011,19930806.72619559,2827162.315652224,3448957.7030463414,430160171.91937864,621049186.6356759,40000000,5.739022067353057,137682149.7386256,125261057.42509161,109900759.90794289,29467503.43657072,0.736687585914268,26700066.207007315,-83902045.9362767,-74116412.03064124,-57799118.12977552,-215817576.09669346,0.03366375141857348,-0.27190959451428875,0.051624560452236595,0.0728003262096293,2021-01-14,2020-05-28,False,False,False,False,False,0.0,0,0,False,[],芷琰交通
2020-03-31,季报,2020-04-30,无保留意见,False,896970685.550824,644419463.9277617,252551221.62306234,0.7184398267508907,125553432.39584224,10354335.620611958,2893967.1511123427,20378225.658816375,2710680.728640066,3645017.87291687,433867726.1894304,637305670.7543186,40000000,6.313780540576558,161048972.96862605,144655904.4934845,84214373.3454301,33381176.04285781,0.8345294010714452,27706924.38341841,-176626248.1159783,-87295136.57310632,-65915104.98622853,-329836489.6753132,0.10014920076593997,0.084223862201449,0.008528982759164404,-0.03814916104383336,2021-01-14,2020-05-17,False,False,False,False,False,0.0,0,0,False,[],芷琰交通
2020-06-30,半年报,2020-08-27,保留意见,False,820042920.8717166,522248428.6292723,297794492.24244434,0.6368549929973363,114694144.99669363,9004732.173661958,2513284.828931614,18399861.5514314,2521106.754549144,3196067.9366422123,370975733.0159857,574560558.0898079,40000000,7.4448623060611085,180052589.3347714,162102663.18979964,28617893.7187097,27148023.380207635,0.6787005845051909,24923940.994735893,-143268153.67628926,-82280107.10798149,-58262724.55662308,-283810985.34089386,0.17914492881332575,-0.12371987222663904,-0.08158483375355442,-0.013660386086733924,2021-01-14,2020-09-06,False,False,False,False,False,0.0,0,0,False,[],芷琰交通
2020-09-30,季报,2020-10-27,无保留意见,False,688899814.7682256,444081219.93525493,244818594.83297065,0.6446238051096911,90402134.65744196,7503084.780854434,1943131.8765515229,15654015.898537312,2017815.0578627053,2506881.1562709543,293645553.93449557,465184529.21135765,40000000,6.120464870824266,181924893.19372097,163691061.82518595,9217857.844220715,2674719.7984994166,0.06686799496248541,2269140.9076947686,-116012074.07352959,-68981670.08585365,-52288644.71098913,-237282388.87037235,-0.17789414777471527,-0.5543465303291483,0.0077688121123547305,-0.08597366626550593,2021-01-14,2020-12-02,False,False,False,False,False,0.0,0,0,False,[],芷琰交通
2020-12-31,年报,2021-03-30,无保留意见,False,761918174.7682669,520306859.6768929,241611315.0913741,0.6828907314556989,114701926.76473418,7771916.936017071,2341059.0683799707,16283616.669129381,2053540.8778075757,2718963.658643288,363538893.9069779,497482944.19603974,40000000,6.040282877284352,181198956.52736145,163044536.64433324,1382332.0690956658,-1037052.380513588,-0.0259263095128397,-923607.4012181897,-107174335.39423694,-73405674.38718386,-56847070.07427496,-237427079.85569575,-0.013100637816276692,-0.18865692711395565,0.03826692634600779,0.07899452365518363,2021-01-14,2021-04-09,False,True,True,False,True,0.0,4,9,True,"['结合前述财务报表列报项目的具体情况说明现金分红方案确定的依据及未来增强投资者回报的规划', '上市公司控股子公司向母公司实施利润分配的情况']",芷琰交通
2021-03-31,季报,2021-04-30,无保留意见,False,669918718.1128081,424289957.4628797,245628760.64992836,0.6333454283202059,96833416.6538893,7877448.488408959,2193976.6083547524,16396733.293480657,2167648.758555748,2640845.4209211436,338194491.9381465,481304264.2234049,40000000,6.140719016248209,178440559.1137626,160636493.6271961,18221226.651147943,-3940567.7337126974,-0.09851419334281744,-3440061.453053055,-15807609.74195418,-68569436.33260068,-53148268.35489864,-137525314.4294535,0.016627721085971943,-0.18189092781678406,-0.04954530313549295,0.10869381885838865,2021-01-14,2021-06-09,False,False,False,False,False,0.0,0,0,False,[],芷琰交通
2021-06-30,半年报,2021-08-27,无保留意见,False,766510051.7690865,511897750.9362046,254612300.83288184,0.6678291429509073,119200940.3728118,9173929.913347948,2738562.723688231,18466591.64139661,2495541.0929435184,3316735.850132058,417827071.8935372,573314058.0858716,40000000,6.3653075208220455,175131576.06719908,157712501.4414314,13828429.711052628,-4727118.637947837,-0.11817796594869592,-4177131.693949589,-36457344.71106122,-79755831.98670675,-56110856.45051072,-172324033.14827868,0.036573649434142846,-0.06022856799568604,0.03448371463070143,0.0016840132008282165,2021-01-14,2021-09-18,False,False,True,False,False,0.0,0,8,True,"['留存未分配利润的预计用途以及收益情况', '根据公司盈利能力、融资能力及其成本、偿债能力及现金流等情况披露现金分红方案的合理性，是否导致公司营运资金不足或者影响公司正常生产经营', '上市公司控股子公司向母公司实施利润分配的情况', '公司为增强投资者回报水平拟采取的措施']",芷琰交通
2021-09-30,季报,2021-10-27,保留意见,False,785128853.7318265,474980229.8914558,310148623.84037066,0.6049710536478297,127504405.95932023,9708332.479922894,2833589.8574169227,17175552.693175513,2407960.6828516475,3218026.7637569634,442165906.4741947,574281856.0107924,40000000,7.7537155960092665,172421387.7543793,155153825.48676637,17316851.165463418,-3871697.589742532,-0.0967924397435633,-3655251.3638071846,-51592466.981974326,-74767791.67524093,-54502746.642149396,-180863005.29936466,0.21812113093444313,0.06970009918373955,-0.06285808930307764,-0.012881738352599916,2021-01-14,2021-11-25,False,False,False,True,False,0.0,0,0,False,[],芷琰交通
2021-12-31,年报,2022-03-30,无保留意见,False,1099079063.0029793,753530406.8266786,345548656.1763005,0.6856016388555626,173063849.3550119,13547733.9394952,3768073.627934345,24827630.88698585,3298433.4711209238,4592765.891193804,544512686.0742854,794024199.7602967,40000000,8.638716404407512,172069352.25426608,154857694.30155495,1078091.163157104,-502907.85730460845,-0.01257269643261521,-423044.5503020311,-44826720.56677227,-113105488.74878006,-85844510.43426678,-243776719.7498191,0.11413893086996194,0.25660512891642445,0.08063058520773285,-0.007152696605861435,2021-01-14,2022-04-17,False,True,False,False,False,0.0,4,0,True,"['上市公司控股子公司向母公司实施利润分配的情况', '根据公司盈利能力、融资能力及其成本、偿债能力及现金流等情况披露现金分红方案的合理性，是否导致公司营运资金不足或者影响公司正常生产经营', '公司为增强投资者回报水平拟采取的措施', '充分披露高送转的主要考虑及其合理性且送转股后每股收益不低于0.5元']",芷琰交通
2022-03-31,季报,2022-04-30,非标准无保留意见,False,1174534450.360553,848683316.4351175,325851133.9254355,0.7225699647844239,170751940.64693335,12493361.600443568,3857510.7565145874,26558289.165253412,3804678.524789995,4854014.317072445,644746978.1720722,835231140.2272006,40000000,8.146278348135887,178836910.31426713,160902691.38556054,26515774.19531776,9667940.085715774,0.24169850214289437,8635710.120008003,-24716120.20679911,-124740166.55248386,-84263480.52854936,-233719767.28783232,-0.05700361410410265,0.616523679145712,0.036968325928861394,0.00124477635734418,2021-01-14,2022-05-21,False,False,False,False,False,0.0,0,0,False,[],芷琰交通
2022-06-30,半年报,2022-08-27,非标准无保留意见,False,1492657209.8831382,1110788308.300479,381868901.5826591,0.7441683870521376,238605659.3365279,17091037.69369106,5109991.028785136,34246878.45084634,4616756.5220754575,5892091.552107859,840257797.1824684,1078032293.264426,40000000,9.546722539566478,177998741.9427354,160183813.77451047,1066785.4220495343,-1197383.3879024833,-0.029934584697562085,-1026968.0157858281,-93770664.15463483,-136082720.75621444,-116056970.18433371,-345910355.095183,0.17191214583909387,-0.40743017416024874,0.021598422267713694,-0.08672596114968516,2021-01-14,2022-09-06,False,False,False,True,False,0.0,0,0,False,[],芷琰交通
2022-09-30,季报,2022-10-27,无保留意见,True,1691582583.738362,1310428126.0330768,381154457.70528525,0.7746758205189475,273950049.67876315,17619234.85766989,5690314.948158709,41094666.681136034,5434158.266861853,7108475.855152405,888189049.5031415,1244915314.2915893,40000000,9.528861442632131,181992560.0675572,163866146.90946975,10864225.416294293,5705454.464031115,0.1426363616007779,5260475.907084676,-287119784.1109991,-164464481.2024717,-135534655.3456391,-587118920.65911,-0.0018709140084801007,0.4368161312379881,0.030507433466809838,-0.048444722470737944,2021-01-14,2022-11-29,True,False,True,False,False,1065856.4793277571,0,5,True,"['结合前述财务报表列报项目的具体情况说明现金分红方案确定的依据及未来增强投资者回报的规划', '是否影响偿债能力、过去十二个月内是否使用过募集资金补充流动资金以及未来十二个月内是否计划使用募集资金补充流动资金等内容']",芷琰交通
2022-12-31,年报,2023-03-30,非标准无保留意见,False,1490838485.3723524,1156798842.392611,334039642.9797414,0.7759384089844504,240777113.10248435,19322242.38404048,5562903.547073881,35733836.339494795,4933863.628216545,6541501.080951381,839825386.6404886,1145233250.2258155,40000000,8.350991074493535,187304093.8858038,168367999.86681232,6128398.115832951,7587905.454638008,0.1896976363659502,6431218.510489361,-297188122.5778021,-150350746.27876863,-106202849.02173482,-553741717.8783056,-0.12361081911305821,0.08290743502135038,0.0012625884655029374,-0.05225728106801942,2021-01-14,2023-05-25,False,False,False,False,False,0.0,0,0,False,[],芷琰交通
2023-03-31,季报,2023-04-30,无保留意见,False,2112297557.0159023,1748035244.290983,364262312.72491926,0.8275516100868279,320073211.2572902,25046645.46391578,7670202.114193011,49727052.58585192,7025069.151231065,8540177.458579019,1170880096.4144092,1539718719.2406821,40000000,9.106557818122981,183999178.5648227,165511624.56178346,16787571.30445797,-4721307.601401532,-0.1180326900350383,-4080536.1500412226,-379094973.8314394,-222771357.21273434,-157653587.56121802,-759519918.6053917,0.09047629639279306,-0.5006206437042264,0.05161320110237738,0.02849358871799052,2021-01-14,2023-05-24,False,False,False,True,False,0.0,0,0,False,[],芷琰交通
2023-06-30,半年报,2023-08-27,无保留意见,False,2036755723.7545495,1623073802.43714,413681921.3174096,0.7968917349819302,305709516.5490538,26106617.253202204,6355930.118348997,48865163.43961214,6386493.746960228,8503355.485780958,1016840721.1889136,1501522485.6561434,40000000,10.342048032935239,179883374.5264299,161970930.47228888,5315941.366845477,-5879720.054846844,-0.1469930013711711,-5058134.413563685,-304937689.5860419,-200314773.20271477,-153582830.8060732,-658835293.5948299,0.13567038605448764,-0.0943433075640478,-0.03065987510489762,0.0074338834054106006,2021-01-14,2023-10-06,False,False,False,False,False,0.0,0,0,False,[],芷琰交通
2023-09-30,季报,2023-10-27,保留意见,False,1976492171.6758742,1593658990.7211068,382833180.95476735,0.8063067557560009,364156514.113831,22261371.121101826,6667631.916839478,51368490.509171695,6404674.700149671,8816940.580502216,1035601020.88438,1503710727.695363,40000000,9.570829523869184,170635448.2191692,154725562.06112003,50830883.42111815,-13211323.29608673,-0.33028308240216825,-10350526.301669732,-313178584.3021134,-178112391.9804437,-143821076.77130535,-635112053.0538625,-0.07457115907894041,-0.6593002404076538,0.009415020774070698,0.07632961947862363,2021-01-14,2023-12-20,False,True,False,False,False,0.0,2,0,True,['上市公司控股子公司向母公司实施利润分配的情况'],芷琰交通
2023-12-31,年报,2024-03-30,无保留意见,False,2600252000.907552,2185831346.233123,414420654.674429,0.8406228878855642,381418523.814248,28555036.72126633,7828535.33325199,59456038.36106991,7940539.545047253,9461641.919078195,1245481969.9170682,1735973081.892093,40000000,10.360516366860725,162040500.91857436,146536047.0908115,13667848.687298093,-12278496.143706929,-0.30696240359267324,-11699307.100440804,-185879908.19070712,-260650232.55803978,-204923971.30398268,-651454112.0527296,0.08250975957957458,0.24621450318426455,0.034316132129563255,0.19314657317278988,2021-01-14,2024-04-24,False,False,False,False,False,0.0,0,0,False,[],芷琰交通
2024-03-31,季报,2024-04-30,无保留意见,False,3990154504.9223256,3591139054.4300933,399015450.4922325,0.9,658704808.1375747,47073473.26730448,12721383.207742209,95947385.47649598,12679545.135406308,15549252.490475614,2023426007.0418594,2951227985.720253,40000000,9.975386262305813,153081015.25733298,138399631.53989145,7538031.565585416,-12799265.23034481,-0.31998163075862024,-11623450.787028598,-285498772.30375075,-390859090.5529897,-293086142.14754593,-969444005.0042864,-0.037172867733387724,-0.11029729139027902,0.0665596506353584,-0.06251702560518363,2021-01-14,2024-06-22,False,False,False,False,True,0.0,0,0,False,[],芷琰交通
2024-06-30,半年报,2024-08-27,无保留意见,False,2248829856.1056767,1873844998.6110601,374984857.4946163,0.8332533444108654,357073567.0628989,26182998.58185352,7327984.832698109,49086087.61117241,6725633.355703272,9906785.702035235,1110641359.313534,1639918086.8689775,40000000,9.374621437365409,144487189.09636235,130927706.27764782,44496447.392573,-12276894.515672363,-0.3069223628918091,-10674178.94606233,-236766410.98950806,-232705454.32482573,-167612757.30845255,-637084622.6227863,-0.060224718035283016,0.12435222486453866,-0.07392919411005733,0.08706905707441344,2021-01-14,2024-10-10,False,False,False,False,False,0.0,0,0,False,[],芷琰交通
2024-09-30,季报,2024-10-27,无保留意见,False,3320334426.6592054,2988300983.993285,332033442.6659205,0.9,493357949.4734389,39507812.899963334,11421054.343241377,78011109.60444395,10700347.972224263,12241589.058390338,1705869869.289588,2368452113.863804,40000000,8.300836066648012,134590392.08321676,121840920.87448618,19713265.94583957,-14138281.447350822,-0.35345703618377056,-12981122.004516631,-178269223.13934946,-306376982.3851577,-238974372.08185607,-723620577.6063633,-0.11454173140661417,-0.39410234174421355,0.07579699132318886,0.119297018483527,2021-01-14,2024-11-27,False,False,True,False,False,0.0,0,7,True,"['充分披露高送转的主要考虑及其合理性且送转股后每股收益不低于0.5元', '根据公司盈利能力、融资能力及其成本、偿债能力及现金流等情况披露现金分红方案的合理性，是否导致公司营运资金不足或者影响公司正常生产经营', '公司在相应期间是否按照中国证券监督管理委员会相关规定为中小股东参与现金分红决策提供了便利', '结合所处行业特点、发展阶段和自身经营模式、盈利水平、偿债能力、资金需求等因素，未进行现金分红或现金分红水平较低原因的说明']",芷琰交通
2024-12-31,年报,2025-03-30,无保留意见,False,3099350721.9964414,2789415649.7967973,309935072.199644,0.9,457785536.4436759,36504571.10979831,10138153.173192842,70668037.40867369,9960324.346050482,12509464.123199416,1720098810.7438154,2256089965.8444366,40000000,7.748376804991101,125526167.38549836,113706654.7160722,37865411.55915705,-12948892.42531202,-0.3237223106328005,-11620380.2263057,-359333165.7123796,-295452962.3717712,-234639312.66258594,-889425440.7467368,-0.06655465271463946,0.4156205441439205,0.07066829697391203,0.06137725626379159,2021-01-14,2025-04-26,False,False,False,False,True,0.0,0,0,False,[],芷琰交通
2017-03-31,季报,2017-04-30,无保留意见,False,283737207.02622235,91326834.31598997,192410372.7102324,0.32187119649609347,14722148.36639932,249911.12851160578,43270758.44276642,8700483.457512427,0.14996993887012078,354459.4726959519,46299585.11671764,114582695.5314729,40000000,4.81025931775581,-1022271.3042759092,-925462.6565665287,4021198.689752542,-1460387.5775370132,-0.03650968943842533,-1322089.5093807555,36649589.58000028,1575156.0814825569,-48526555.72331183,-10301810.061828986,0.06894651505684678,-0.13668819875205626,0.021871196496093488,-0.008234758658497451,2021-02-22,2017-06-04,False,False,False,False,False,0.0,0,0,False,[],芷颉地产
2017-06-30,半年报,2017-08-27,无保留意见,False,292196173.28810406,103735122.87219599,188461050.41590807,0.35501875916052344,15330967.227002308,263219.8166327257,43487085.19326742,8731269.046988519,0.1558067122291587,367055.18455377745,49324538.01673422,118429588.41349463,40000000,4.711526260397702,-4734947.553304287,-4056557.9677077946,10109081.740966048,-5303823.212897683,-0.13259558032244206,-4472993.30163038,37983287.790696375,1600027.9420983607,-49334105.46506161,-9750789.732266873,-0.020525516575304225,-0.24733149906653173,0.033147562664429954,0.051938046595433114,2021-02-22,2017-10-05,False,False,False,False,False,0.0,0,0,False,[],芷颉地产
2017-09-30,季报,2017-10-27,无保留意见,False,324048938.15864146,139075757.30878276,184973180.84985873,0.42918133939601677,17064801.968688857,313219.2281672767,51556686.04567221,9604520.555858618,0.16468431185959873,452444.17925473343,61407319.87732686,132410402.56291358,40000000,4.624329521246469,-3918725.2832911517,-3365122.2039065054,3094556.0937234536,1166031.8143044785,0.02915079535761196,987765.3768589846,59533775.34815127,1937015.48840677,-58948535.33763121,2522255.498926826,-0.018507110930094533,0.5531598183721576,0.07416258023549331,0.05491668026661455,2021-02-22,2017-12-08,False,False,False,False,False,0.0,0,0,False,[],芷颉地产
2017-12-31,年报,2018-03-30,无保留意见,False,387006297.06309396,200723695.9144774,186282601.14861655,0.518657441591327,20182318.005940914,408972.44447863084,64018742.87842663,14336989.158316052,0.20181595533247365,612181.3133541297,76414472.45007241,173617979.295845,40000000,4.657065028715413,-4831343.621121344,-4187835.326652167,3713120.774499351,-1303740.48261456,-0.032593512065364004,-1175304.4610652304,66370080.71376991,2210281.65212552,-63878742.12494081,4701620.240954623,0.007078973788209062,-0.13595551973955408,0.08947610219531023,-0.07064548696270194,2021-02-22,2018-04-17,False,False,False,False,False,0.0,0,0,False,[],芷颉地产
2018-03-31,季报,2018-04-30,保留意见,False,394377625.4976891,217856313.8593442,176521311.6383449,0.5524053591641211,21498925.050944,367434.15132287267,68802329.20457886,12955537.895422203,0.20455273291414733,591198.3070526298,64939285.400280595,171188615.0160764,40000000,4.413032790958622,-9071406.385500487,-7866795.218961426,26088276.764295857,-6057232.520541634,-0.15143081301354086,-5255656.9890132295,6936506.194976142,2234704.966339199,-72299849.5289596,-63128638.367644265,-0.05240043595098859,-0.3028423448696184,0.033747917572794134,-0.06933631185903365,2021-02-22,2018-05-17,False,False,False,False,False,0.0,0,0,False,[],芷颉地产
2018-06-30,半年报,2018-08-27,无保留意见,True,434011166.8421668,229853441.02576286,204157725.81640396,0.5296025968597986,22130952.390558805,389987.5159741413,67674493.2804176,12181469.580783091,0.21166180873639578,606305.554766456,65805772.568668656,168743377.51556465,40000000,5.103943145410099,-12297118.887351848,-10594697.985681472,20902764.965639576,-4608160.716930514,-0.11520401792326286,-3897003.952457209,85314861.51543377,2508072.3545469576,-69567654.0695286,18255279.800452143,0.15656134617150513,0.13242279033446533,-0.022802762304322422,0.01634189663241852,2021-02-22,2018-10-14,False,False,False,False,False,0.0,0,0,False,[],芷颉地产
2018-09-30,季报,2018-10-27,无保留意见,False,371076800.9905317,190060376.20329216,181016424.78723952,0.5121860911163285,18473575.287746917,365161.40479835577,60827739.653092355,10659309.205494666,0.1784659746667458,548627.7655247429,65246951.53894164,151233891.24892953,40000000,4.525410619680988,-16062388.714273458,-13933762.269132081,0.0,-5378956.895602303,-0.13447392239005757,-4770091.833500871,44922897.4873153,2166573.1726377374,-56461649.77821791,-9372179.118264876,-0.11335011171693339,-0.062201918622758236,-0.01741650574347015,-0.017059942663269417,2021-02-22,2018-11-21,False,False,False,False,False,0.0,0,0,False,[],芷颉地产
2018-12-31,年报,2019-03-30,无保留意见,False,340878567.85400265,174808386.89065087,166070180.9633518,0.5128171829374759,17210461.905531302,292437.954888599,54420474.31926358,10038320.13651931,0.17162659478710923,439808.3689243531,56546722.57970767,133871694.87704988,40000000,4.1517545240837945,-20260399.443973865,-17873587.45684845,22921332.041999876,-5997158.185286298,-0.14992895463215747,-5628321.69673767,34742411.54821378,2073348.5581809087,-55735924.34578697,-18920164.23939228,-0.08256844008191547,-0.05319671256103114,0.0006310918211474217,0.0562595634168679,2021-02-22,2019-04-23,False,False,False,False,False,0.0,0,0,False,[],芷颉地产
2019-03-31,季报,2019-04-30,无保留意见,False,483039618.8558489,294182813.68697387,188856805.16887504,0.6090241922262807,25532281.091780353,480525.5916469271,86709740.67321938,15977411.831259863,0.284125135636652,693730.7242403867,85926896.15781914,210399466.9343887,40000000,4.721420129221876,-22651820.353794526,-20064262.37624443,0.0,-3416315.585458085,-0.08540788963645213,-3129535.5991371153,73103148.96979761,2679928.1696843514,-78257645.23995638,-2474568.100474417,0.13721081095559093,0.23456145633003153,0.09620700928880478,0.018336967553817918,2021-02-22,2019-06-15,False,False,False,False,False,0.0,0,0,False,[],芷颉地产
2019-06-30,半年报,2019-08-27,无保留意见,False,513509900.5729796,311753807.48406416,201756093.08891547,0.6071037912535008,28102734.891293634,522465.6724704691,84707567.69314615,15640420.894861992,0.3489169390696994,705163.7402837068,88803221.04114835,218830625.86140057,40000000,5.043902327222887,-16006946.944569439,-13931081.918598976,24351649.12515564,9492676.298892982,0.23731690747232456,8761686.368064938,66268222.65349342,3115767.7320800116,-87482662.01055136,-18098671.62497793,0.06830194923876821,0.9503306680572937,-0.0019204009727799617,0.08231074653985489,2021-02-22,2019-09-19,False,False,False,False,False,0.0,0,0,False,[],芷颉地产
2019-09-30,季报,2019-10-27,无保留意见,False,721844396.966029,509328247.82809275,212516149.13793626,0.7055928534859327,37306798.4159869,685192.0297550859,120367920.33555864,23559695.666982803,0.34969030912923643,1048569.8038272974,126664058.78138047,300227054.5333592,40000000,5.312903728448407,1067093.2201184623,833619.4201421845,0.0,24391485.949554145,0.6097871487388536,21092430.483915944,10742649.034572035,4201080.896469741,-116051788.59885144,-101108058.66780967,0.05333200045799252,0.5623746533785913,0.09848906223243192,-0.07205544022484825,2021-02-22,2019-11-26,False,False,False,False,False,0.0,0,0,False,[],芷颉地产
2019-12-31,年报,2020-03-30,无保留意见,False,1078308084.4587898,824317197.079996,253990887.3787938,0.7644542491710302,53687271.72675142,1067242.5353173579,165592823.69686005,36999890.46930965,0.5769014320611758,1638482.3613281206,192880933.16560945,464466899.8938618,40000000,6.349772184469845,24538221.20383959,21260938.787755482,131681880.99373105,33530182.833887324,0.8382545708471831,29181884.81087614,80778955.94204405,5850557.981765911,-174441080.0625504,-87811566.13874044,0.19516040738126597,0.22078687620615903,0.058861395685097434,0.008589867467233881,2021-02-22,2020-04-12,False,False,False,False,False,0.0,0,0,False,[],芷颉地产
2020-03-31,季报,2020-04-30,无保留意见,False,1611043786.4210753,1351395511.45408,259648274.96699515,0.8388322669095156,80415174.43759316,1594571.4010340422,263728651.16878372,52327556.38036065,0.8437212078336271,2373951.386493047,302433711.83182055,674047638.5205824,40000000,6.491206874174879,40872530.03991952,36091827.139194146,112467005.94720857,23334726.908685617,0.5833681727171405,21186983.359198097,23175812.13663497,9114342.364087012,-252536369.81995472,-220246215.31923273,0.022273978592641835,-0.20176962269695725,0.07437801773848547,-0.11995477134648855,2021-02-22,2020-05-24,False,False,False,False,False,0.0,0,0,False,[],芷颉地产
2020-06-30,半年报,2020-08-27,无保留意见,False,1608691855.99888,1349360739.303376,259331116.69550395,0.8387937902908831,87553379.51657033,1611310.3887513713,240631650.69816026,51003844.34017194,0.8775031070842626,2201043.7782572587,294767189.8667689,682761211.1125375,40000000,6.483277917387599,52907550.10097395,45924607.51161126,38352371.581497036,17192885.801506326,0.42982214503765814,14046829.103453021,319525549.3666766,8956532.428233111,-265322829.94346097,63159251.851448745,-0.0012214919260739043,-0.15227179103217667,-3.847661863265274e-05,0.11916867294904382,2021-02-22,2020-10-16,False,False,False,False,False,0.0,0,0,False,[],芷颉地产
2020-09-30,季报,2020-10-27,无保留意见,False,1321251179.113518,1083884531.3919408,237366647.72157717,0.8203470683894971,69407835.67429383,1266552.0697297493,225840442.62137264,42329491.450386845,0.7277805744412801,1817845.3778500913,226418305.38302907,544177214.6364883,40000000,5.934166193039429,62279775.256509095,54229472.724330336,56700640.84469666,13388893.07933592,0.334722326983398,11864093.161027255,151970976.5424309,6874750.278780955,-209694402.3162272,-50848675.49501532,-0.08469661972618803,-0.1112509995281774,-0.018446721901385802,-0.048606936727375594,2021-02-22,2020-11-07,False,False,False,False,False,0.0,0,0,False,[],芷颉地产
2020-12-31,年报,2021-03-30,无保留意见,False,1359281964.534768,1124943929.1261873,234338035.40858066,0.8276016003134523,70592861.46883385,1495204.855778978,201008074.89563727,39982024.337606624,0.7429171797369832,1984847.9851566646,239717722.9431166,570607547.1470792,40000000,5.858450885214516,73944398.84961599,64870816.10678956,81404550.9943049,16663747.990152724,0.4165936997538181,15201919.117798897,127342334.80263115,7680145.0267498195,-219289574.61368126,-84267094.78430027,-0.012759215930575836,0.10776486337515412,0.0072545319239551605,0.014404373588351168,2021-02-22,2021-04-18,False,True,False,False,False,0.0,1,0,True,"['是否影响偿债能力、过去十二个月内是否使用过募集资金补充流动资金以及未来十二个月内是否计划使用募集资金补充流动资金等内容', '公司在相应期间是否按照中国证券监督管理委员会相关规定为中小股东参与现金分红决策提供了便利']",芷颉地产
2021-03-31,季报,2021-04-30,无保留意见,True,572156033.2454624,386687235.1187609,185468798.12670153,0.6758422749216506,29849926.351597074,563735.5864511527,87677128.41869065,16490330.533970151,0.29686312914285107,793408.2423892947,103453942.24612463,244287488.47346002,40000000,4.636719953167538,72634988.94296896,63694259.95806434,4038494.7632854474,-1870585.5809243303,-0.046764639523108255,-1680794.4981788904,71902643.26666765,3164530.4212370655,-89039877.98748264,-13972704.299577922,-0.20854163600319103,-0.5505724905170598,-0.15175932539180179,0.1073644886016409,2021-02-22,2021-06-05,False,True,False,False,False,0.0,4,0,True,['根据公司盈利能力、融资能力及其成本、偿债能力及现金流等情况披露现金分红方案的合理性，是否导致公司营运资金不足或者影响公司正常生产经营'],芷颉地产
2021-06-30,半年报,2021-08-27,无保留意见,True,625672386.4293054,430385635.9297534,195286750.499552,0.6878769868460266,33072111.79894863,571573.6698787184,101711921.43355949,18727759.628285713,0.33032587000137226,850402.2732648931,101686700.6268425,257062902.92938155,40000000,4.8821687624888,70921206.45544681,62122024.30646695,12139619.204570875,-2448260.6964602172,-0.06120651741150543,-2246050.9308534116,61398007.768472366,3559201.9828576264,-100566920.83861774,-35609711.08728775,0.05293587100372232,-0.038182252104056104,0.012034711924376135,0.0641448891863673,2021-02-22,2021-10-10,False,False,False,False,False,0.0,0,0,False,[],芷颉地产
2021-09-30,季报,2021-10-27,无保留意见,False,576425549.929733,363278500.6049229,213147049.32481012,0.6302262289539508,31672771.51995468,577664.2183337737,95045222.18474355,16270878.575760929,0.3478924010355007,744323.5138230297,101813549.42212313,247333093.71638596,40000000,5.328676233120253,68095309.55304931,59719217.22433449,18026223.108991913,-4036995.574853573,-0.10092488937133932,-3432581.545903515,24253013.57964073,3563928.2967241863,-92391440.92662053,-64574499.05025561,0.0914567874142547,-0.1091783494229373,-0.0576507578920759,0.03463078906853065,2021-02-22,2021-12-23,False,True,True,False,False,0.0,2,6,True,"['充分披露高送转的主要考虑及其合理性且送转股后每股收益不低于0.5元', '结合所处行业特点、发展阶段和自身经营模式、盈利水平、偿债能力、资金需求等因素，未进行现金分红或现金分红水平较低原因的说明']",芷颉地产
2021-12-31,年报,2022-03-30,无保留意见,False,496305611.1203364,296319907.9862203,199985703.13411608,0.597051295304363,27350315.78024174,514998.5465255536,83264792.53483106,16063430.478838429,0.2763004050763811,748659.2017023447,98487997.84615672,220951618.89947432,40000000,4.999642578352902,68131687.49675725,59749872.6792512,94000.07700955818,51968.4910113588,0.00129921227528397,43793.507023871156,93638984.5376336,2947960.756697736,-87653557.18909611,8933388.105235219,-0.06174772877403403,0.3154333618781237,-0.03317493364958787,0.012379917055758955,2021-02-22,2022-05-13,False,True,True,False,True,0.0,1,4,True,"['是否影响偿债能力、过去十二个月内是否使用过募集资金补充流动资金以及未来十二个月内是否计划使用募集资金补充流动资金等内容', '公司在相应期间是否按照中国证券监督管理委员会相关规定为中小股东参与现金分红决策提供了便利', '根据公司盈利能力、融资能力及其成本、偿债能力及现金流等情况披露现金分红方案的合理性，是否导致公司营运资金不足或者影响公司正常生产经营', '留存未分配利润的预计用途以及收益情况']",芷颉地产
2022-03-31,季报,2022-04-30,无保留意见,False,427791605.2493861,253218073.9738786,174573531.27550748,0.591919221571125,23624664.197474536,382001.99570320826,71612760.42003375,12643218.82482568,0.2181199557337737,564544.5166668766,72799952.89233409,172714401.5647806,40000000,4.364338281887687,71978668.3648249,63678377.45659193,10087938.972436434,5495686.95438236,0.13739217385955899,5612149.681915329,51331625.31150425,2461522.3833520785,-73421402.03832881,-19628254.34347248,-0.12706994280269354,0.3192428174049559,-0.005132073733237909,0.06576051234995609,2021-02-22,2022-06-18,False,False,False,True,True,0.0,0,0,False,[],芷颉地产
2022-06-30,半年报,2022-08-27,保留意见,False,413663065.4364289,241524716.6858889,172138348.75054002,0.5838682175578618,21908515.29492657,439458.78475310956,70103541.62742478,13452358.075716114,0.2228970394326529,572017.6970280648,77421554.04844783,181685914.19735304,40000000,4.3034587187635,74470536.83230299,65819744.1972545,9788377.892094808,3559812.0963972583,0.08899530240993146,3059095.3438036805,12735044.459403088,2402977.854486845,-66034428.8297092,-50896406.51581927,-0.013949322713328773,-0.08605537861149755,-0.008051004013263172,0.11841937188458644,2021-02-22,2022-10-15,False,True,False,True,False,0.0,3,0,True,"['充分披露高送转的主要考虑及其合理性且送转股后每股收益不低于0.5元', '根据公司盈利能力、融资能力及其成本、偿债能力及现金流等情况披露现金分红方案的合理性，是否导致公司营运资金不足或者影响公司正常生产经营', '公司为增强投资者回报水平拟采取的措施']",芷颉地产
2022-09-30,季报,2022-10-27,非标准无保留意见,True,443714893.2985311,251531412.67490965,192183480.62362146,0.5668762001767641,26773653.16598642,462517.95724595705,75594151.18193886,13670300.686636899,0.24344655610534666,666850.7740281053,83693646.88049929,197872188.39904842,40000000,4.804587015590537,80239384.41449323,71257087.8910383,31314385.443045,8241210.831700359,0.20603027079250896,7767633.848262572,16245434.943800393,2471196.5872702794,-69981014.65948816,-51264383.128417484,0.11644779921835147,0.22769657199947985,-0.01699201738109769,0.0018128928173592068,2021-02-22,2022-11-26,False,False,False,True,False,0.0,0,0,False,[],芷颉地产
2022-12-31,年报,2023-03-30,无保留意见,False,445960959.14067894,241059221.03191864,204901738.1087603,0.5405388433472182,22517190.63878799,405265.9948841754,71795127.29972854,12883132.010690773,0.23766503505331082,557532.9344519895,73169746.46122359,177459052.14996377,40000000,5.1225434527190075,86665790.56774162,76997996.7737521,32041091.05698284,9180580.218926262,0.22951450547315655,8201298.403876845,88890855.8873623,2591441.1263698214,-70358110.09666292,21124186.917069197,0.06617768313836861,0.03721570226916967,-0.02633735682954586,0.12108491579620954,2021-02-22,2023-05-17,True,True,False,True,True,10115720.403009435,1,0,True,"['根据公司盈利能力、融资能力及其成本、偿债能力及现金流等情况披露现金分红方案的合理性，是否导致公司营运资金不足或者影响公司正常生产经营', '留存未分配利润的预计用途以及收益情况', '公司为增强投资者回报水平拟采取的措施', '公司在相应期间是否按照中国证券监督管理委员会相关规定为中小股东参与现金分红决策提供了便利']",芷颉地产
2023-03-31,季报,2023-04-30,无保留意见,False,560364127.3646672,336519977.0745911,223844150.29007614,0.6005380441771115,30088364.313983656,544536.0470008259,90430648.03395186,17351092.050636727,0.30477260755600516,805820.4746285947,100410120.06544699,237720644.3107315,40000000,5.596103757251903,104707105.74475887,93016275.5307048,101520249.23270093,25773307.395738944,0.6443326848934736,22883255.36707528,40945891.43655964,3449717.891488912,-87270975.89359398,-42875366.56554543,0.0924463225942054,0.6337799635478514,0.059999200829893365,0.001286976756825811,2021-02-22,2023-06-22,True,False,False,False,False,20295607.804204967,0,0,True,"['留存未分配利润的预计用途以及收益情况', '上市公司控股子公司向母公司实施利润分配的情况', '充分披露高送转的主要考虑及其合理性且送转股后每股收益不低于0.5元', '根据公司盈利能力、融资能力及其成本、偿债能力及现金流等情况披露现金分红方案的合理性，是否导致公司营运资金不足或者影响公司正常生产经营']",芷颉地产
2023-06-30,半年报,2023-08-27,无保留意见,False,595470305.4666955,419852334.39468426,175617971.0720113,0.7050768620034344,30769753.375677433,575672.4574074225,97590398.87613088,17159617.12660661,0.2994563907391631,857118.3277797472,105916431.06899133,245074999.5308717,40000000,4.3904492768002825,119555315.2838997,105447461.05981115,99680248.6119274,21211727.913058303,0.5302931978264576,17758836.470151957,25346931.437729705,3510104.2001700616,-105615818.34020972,-76758782.70230995,-0.21544534067818735,-0.10664547028072613,0.10453881782632281,0.05677131656027582,2021-02-22,2023-10-02,False,False,False,False,False,0.0,0,0,False,[],芷颉地产
2023-09-30,季报,2023-10-27,非标准无保留意见,True,718297861.9512504,536896536.3110131,181401325.64023736,0.7474566816230497,38431113.03493267,704656.172012626,133493237.89549896,24161311.370475225,0.41140032310674113,1129784.7879718733,132306801.21043108,323691753.9916608,40000000,4.535033141005934,141006980.97011048,125182256.07313079,144019671.33452076,30645236.694586836,0.7661309173646709,28192564.30474234,58281796.38273445,3744029.723363197,-107214945.80804649,-45189119.701948844,0.03293145076738553,0.2468746978150853,0.04237981961961522,0.03921210481842448,2021-02-22,2023-12-07,False,True,True,True,False,0.0,4,6,True,"['充分披露高送转的主要考虑及其合理性且送转股后每股收益不低于0.5元', '是否影响偿债能力、过去十二个月内是否使用过募集资金补充流动资金以及未来十二个月内是否计划使用募集资金补充流动资金等内容', '公司在相应期间是否按照中国证券监督管理委员会相关规定为中小股东参与现金分红决策提供了便利']",芷颉地产
2023-12-31,年报,2024-03-30,无保留意见,False,722751808.0162439,521205978.868477,201545829.14776692,0.7211410239139282,37913187.34504711,710252.6837408162,119343953.61092149,20558960.127963733,0.3652696270940117,1038689.837832168,116027383.66731527,303478682.6093832,40000000,5.038645728694173,156480425.0165809,139001365.9545373,76742466.01233996,22104920.066386312,0.5526230016596578,19741585.54486643,88419286.7927553,4200916.125089903,-124027330.14853336,-31407127.230688155,0.11104937318639532,-0.17924806802714063,-0.02631565770912142,0.10343394374208835,2021-02-22,2024-05-06,False,False,False,True,False,0.0,0,0,False,[],芷颉地产
2024-03-31,季报,2024-04-30,无保留意见,False,1134252387.4624937,930986689.954071,203265697.50842255,0.8207932381229888,60372831.29672165,979275.2948173675,196035090.97773337,34981210.23414656,0.5429235794071607,1625380.334291257,184643717.52956462,472990164.2912847,40000000,5.081642437710564,175758913.47308895,156479827.61296174,59129453.91315086,27540697.795011498,0.6885174448752874,24969230.94060635,86102553.97510839,6828441.870415584,-195493286.8684435,-102562291.02291952,0.00853338601909099,0.13900495690560566,0.09965221420906058,0.04384642469037355,2021-02-22,2024-06-19,False,True,False,False,False,0.0,1,0,True,"['结合所处行业特点、发展阶段和自身经营模式、盈利水平、偿债能力、资金需求等因素，未进行现金分红或现金分红水平较低原因的说明', '充分披露高送转的主要考虑及其合理性且送转股后每股收益不低于0.5元']",芷颉地产
2024-06-30,半年报,2024-08-27,无保留意见,False,1694152573.549176,1484621082.5292115,209531491.0199644,0.8763207669182917,100665881.01181255,1799993.4519181368,281269026.54715765,57028168.149315245,0.9742679468715096,2490699.1018942487,346272540.2801299,758978070.568774,40000000,5.23828727549911,203012078.90047348,181541896.2704874,52517155.313474685,38933093.467692204,0.9733273366923051,35802955.22503664,258272070.4190359,9100868.057346532,-290413484.26195705,-23040545.785574615,0.030825631615891174,0.25577497068213056,0.05552752879530288,-0.035532124163186955,2021-02-22,2024-09-07,True,False,True,False,False,45841823.996153675,0,1,True,['留存未分配利润的预计用途以及收益情况'],芷颉地产
2024-09-30,季报,2024-10-27,无保留意见,False,2243293226.741175,2018963904.0670578,224329322.67411748,0.9,125411564.82027572,2094612.7800254696,392003331.6869917,74126176.65078354,1.2762740627423592,3075069.258206045,409224076.1530302,976267021.5451369,40000000,5.608233066852937,232888919.50412157,207990997.16659585,153572369.11828753,42681200.86235441,1.0670300215588604,37784429.85158349,304969738.0153177,13467348.711990252,-431875128.0115641,-113438041.28425616,0.07062342553913833,0.06701055068279327,0.06295331218634331,0.0037380706839602357,2021-02-22,2024-11-15,True,False,False,False,True,26211974.142379943,0,0,True,"['充分披露高送转的主要考虑及其合理性且送转股后每股收益不低于0.5元', '公司在相应期间是否按照中国证券监督管理委员会相关规定为中小股东参与现金分红决策提供了便利', '上市公司控股子公司向母公司实施利润分配的情况', '公司为增强投资者回报水平拟采取的措施']",芷颉地产
2024-12-31,年报,2025-03-30,无保留意见,False,2441495903.863674,2158322682.1240726,283173221.73960143,0.8840165075470825,111840859.4541742,1981047.758410912,347386849.6555734,67323622.93406278,1.1982667541243348,3133622.192472633,318595161.36101776,904240318.2487367,40000000,7.079330543490036,270704025.4371233,242192567.1956961,186552755.78606445,54021579.90428817,1.3505394976072043,48859385.75585748,120297656.51248749,14986613.931705857,-396648562.8581716,-261364292.41397825,0.26231033181055113,0.190015932623216,-0.055257571557552565,0.056034368036494996,2021-02-22,2025-05-01,False,False,False,False,False,0.0,0,0,False,[],芷颉地产
2017-03-31,季报,2017-04-30,保留意见,False,271698251.81222916,82582642.2631079,189115609.54912123,0.303949847716285,17755600.310313925,3.6100918901207786e-33,77517389.92000243,2.4935723339131415,193901.01822138033,3078142.4782930436,21932.152165526837,100247124.61543599,40000000,4.727890238728031,-1224074.9238288063,-1104670.476536693,1503440.2517284171,-1748678.4626125805,-0.043716961565314516,-1578100.6807667045,-41330668.10948904,13624343.56408354,49308262.799305946,21601938.253900446,0.05064227527289568,-0.1527043590340323,0.003949847716285012,0.23098874796468738,2021-05-11,2017-06-20,False,False,False,False,False,0.0,0,0,False,[],旻玮环保
2017-06-30,半年报,2017-08-27,无保留意见,False,278433723.336187,77387732.07612413,201045991.2600629,0.27793950800522993,15287170.760954443,3.2776044327292397e-33,71469628.23085879,2.1769583756617767,185224.86548620096,2684594.8454332333,19102.895051018564,91637276.1743137,40000000,5.026149781501573,316844.64104559197,339184.0992695059,5901753.0272050155,2201313.6641062833,0.05503284160265708,2062649.3940088558,-23876975.178874183,15334109.21061368,42723592.61268081,34180726.6444203,0.06308512417026498,0.25899343325991564,-0.02601033971105507,0.0121019930645913,2021-05-11,2017-10-03,False,False,False,False,False,0.0,0,0,False,[],旻玮环保
2017-09-30,季报,2017-10-27,无保留意见,False,256915584.8533628,64959354.58694943,191956230.26641336,0.25284318436355524,14784085.198860226,2.8168922291967304e-33,65286440.77298884,2.123751984406197,170862.03017465043,2809759.701597725,21082.373168617614,87657932.60476704,40000000,4.798905756660334,11611315.558986675,10642303.44427351,53248899.78541683,16134958.45420155,0.4033739613550387,14718741.92143429,-2760650.8651501196,12152121.592378333,46871426.362488255,56262897.089716464,-0.04521234637248483,0.7256610164200347,-0.025096323641674665,0.14325883809296058,2021-05-11,2017-11-06,False,False,False,False,False,0.0,0,0,False,[],旻玮环保
2017-12-31,年报,2018-03-30,无保留意见,False,290678464.53188777,70465621.51165882,220212843.02022892,0.2424177574528527,16322140.32330612,3.49963467504823e-33,67502723.01462168,2.3563376224976937,181623.86224518836,2816212.908992501,22603.576430642024,95393939.38162744,40000000,5.505321075505723,23522810.826813985,21723386.967151534,15227069.306499612,17016421.811181873,0.4254105452795468,15830119.31839718,-29824933.73866316,16815303.335659623,53702629.02918367,40692998.626180135,0.14720341566719972,0.026602217057210387,-0.010425426910702574,-0.0054679941223521955,2021-05-11,2018-05-15,False,False,False,False,False,0.0,0,0,False,[],旻玮环保
2018-03-31,季报,2018-04-30,无保留意见,False,294212153.5302468,62865698.27282004,231346455.25742677,0.2136747157399705,16639911.738802042,3.368404180643319e-33,75533192.67785135,2.1638363003535983,196755.43703881672,2672866.0400424944,21094.099919960358,96106634.51553598,40000000,5.783661381435669,27982717.659789234,26084046.730578505,6602314.441307677,6371295.4756789245,0.1592823868919731,6229513.947752821,-39615828.20315845,15759486.289431853,49975720.63854129,26119378.72481469,0.050558414688715914,-0.3129408023745661,-0.028743041712882215,-0.20467412129568355,2021-05-11,2018-05-22,False,False,False,False,False,0.0,0,0,False,[],旻玮环保
2018-06-30,半年报,2018-08-27,无保留意见,False,360308408.4976637,98010396.53638117,262298011.96128252,0.272018066258969,24295421.545174994,4.532546802694898e-33,109723990.3274164,3.249415708791477,264848.86124571325,3680070.8938350896,30818.03518984652,136109217.2580536,40000000,6.557450299032063,40800861.73059896,37356335.06150737,83350680.7501832,18311634.386871032,0.4577908596717758,16103269.044184089,-49427755.27020857,19893968.3957233,64282008.031997085,34748221.157511815,0.1337887657254784,0.510897606151858,0.05834335051899851,0.025211760325649812,2021-05-11,2018-10-07,False,False,False,False,False,0.0,0,0,False,[],旻玮环保
2018-09-30,季报,2018-10-27,无保留意见,False,362627161.9032455,96608824.99631111,266018336.9069344,0.26641364780635995,19914160.051877573,3.990494418983847e-33,94528816.91091849,2.598507079817163,238889.39003603876,3509435.0350761744,26519.331316106534,116711652.1121086,40000000,6.65045842267336,58278797.21237462,55322055.42768199,88410988.93405972,24968479.25967952,0.624211981491988,25665314.808820896,-29671708.873620175,19305941.23417862,64168981.9872755,53803214.34783395,0.014183580416160494,0.1885170422834782,-0.00560441845260904,-0.09929759196303176,2021-05-11,2018-11-13,False,False,False,False,False,0.0,0,0,False,[],旻玮环保
2018-12-31,年报,2019-03-30,无保留意见,False,370295454.8216213,88380484.94208679,281914969.87953454,0.2386755867275266,22289714.2665649,4.4525176400229334e-33,102969917.3863346,3.123148186874297,249118.27781739115,3679645.0729467887,27437.53639399338,127750816.42812705,40000000,7.047874246988363,84726444.91525406,79924402.58656298,119361098.99464959,37782353.86125634,0.9445588465314084,35146210.226972856,-34037226.15216177,19335304.953075007,63129993.998359546,48428072.79927278,0.059757658654040466,0.3053213942371155,-0.027738061078833365,0.17573732723970567,2021-05-11,2019-04-12,False,False,False,False,False,0.0,0,0,False,[],旻玮环保
2019-03-31,季报,2019-04-30,保留意见,False,427707621.14880097,138931521.84434196,288776099.304459,0.3248282587791608,23295351.2262015,5.098349235624781e-33,126040876.78756277,3.5214951440327504,275082.10763921734,4538778.267969739,32942.97877421138,153477588.72827205,40000000,7.219402482611474,117701850.88588385,107333195.35332182,165757096.5174717,47107722.81518543,1.1776930703796358,39155418.23822693,-78276304.42499393,24712795.592345577,73988946.5689789,20425437.736330554,0.02433758458394846,0.17022578068746075,0.0861526720516342,-0.007996719164310336,2021-05-11,2019-06-10,False,False,False,False,False,0.0,0,0,False,[],旻玮环保
2019-06-30,半年报,2019-08-27,非标准无保留意见,False,545639394.1383084,170085814.81023958,375553579.32806885,0.3117183558178468,26382720.84404736,6.148411790400381e-33,136312255.3187436,4.263593654217359,298595.9442225184,4956991.543552967,37987.355318904265,165158629.6045221,40000000,9.388839483201721,144369654.69491956,133307665.66738684,80737366.71333325,38096862.58433673,0.9524215646084182,37106386.16295005,-16882345.179614626,29729339.2706128,87443559.20682265,100290553.29782082,0.3005009079096941,-0.14055810805861702,-0.013109902961313995,0.06288140031474795,2021-05-11,2019-10-20,False,False,False,False,False,0.0,0,0,False,[],旻玮环保
2019-09-30,季报,2019-10-27,无保留意见,False,553677756.5529169,122270132.596967,431407623.9559499,0.22083266150729178,32471993.92820555,6.609106372092162e-33,143159576.87732676,4.6774989583105375,361309.4584914253,5786899.219418254,39323.37066076631,187051088.9150122,40000000,10.785190598898748,171736190.1481104,158209080.23705712,79253585.78854996,39095050.64741547,0.9773762661853866,35573449.385243274,-107344752.93358167,30435539.324457273,100027341.1189484,23118127.509824008,0.14872457008082232,0.018116967396298058,-0.09088569431055502,0.148505077957541,2021-05-11,2019-12-14,False,False,False,False,False,0.0,0,0,False,[],旻玮环保
2019-12-31,年报,2020-03-30,无保留意见,False,501395226.09207594,100279045.21841519,401116180.87366074,0.2,24918579.488762755,5.086384262934227e-33,125082918.56349322,3.78043502141145,263628.7740464172,4303870.082166861,33614.068905863336,151487925.9935785,40000000,10.027904521841519,203523608.50750607,186386967.81099367,191771096.3857703,45410597.65627956,1.1352649414069889,40254125.105623625,-81364167.5176032,26022302.743728414,88722274.52475922,33380409.75088443,-0.0702153633830591,0.11258652832957317,-0.04466543757700564,0.03264430658789644,2021-05-11,2020-05-08,False,False,False,False,False,0.0,0,0,False,[],旻玮环保
2020-03-31,季报,2020-04-30,非标准无保留意见,False,465267477.2556193,103391423.61105524,361876053.64456403,0.2222193225731351,26074691.77863168,5.785664193567832e-33,134144657.77092822,4.328519260012719,302957.8202763678,4419763.8060093075,35101.31872866806,163328391.2116175,40000000,9.0469013411141,227104320.1762458,209002910.73434526,58826872.16008272,33686730.955342464,0.8421682738835616,32308489.890502267,-27991290.07991511,26331344.552811343,69765516.43477364,68105570.90766987,-0.0978273355705292,-0.1878505757228152,0.046052098642848954,-0.06347729610200036,2021-05-11,2020-06-13,False,False,False,False,False,0.0,0,0,False,[],旻玮环保
2020-06-30,半年报,2020-08-27,无保留意见,False,534625171.4843306,130087234.92991723,404537936.5544134,0.24332418649264811,28411443.62678586,5.842659335381712e-33,139835924.12638512,4.004939708242963,319930.4134534868,4863123.508573388,36057.88351156268,167148183.9084382,40000000,10.113448413860334,233931350.8983176,215236356.46619296,48145918.42743913,9752901.03153114,0.2438225257882785,8904922.474068146,-12027663.718672805,28215427.585455004,87867783.99461621,104055547.86139841,0.11789087031371252,-0.4721912317623762,0.021104863919513026,-0.08121686826179092,2021-05-11,2020-10-06,False,False,False,False,False,0.0,0,0,False,[],旻玮环保
2020-09-30,季报,2020-10-27,无保留意见,False,657585315.4727783,180436214.7657414,477149100.707037,0.2743920986678584,38253528.86224483,8.321186709428726e-33,182426453.3767012,5.386197232650279,450284.23278122715,6873657.7401416125,47239.80095559918,229160073.29644877,40000000,11.928727517675924,236836596.58430043,217868991.06416985,13466202.528796012,4150350.9799754657,0.10375877449938664,3760906.5685384125,-21744722.53325558,38151637.35652045,104484627.97121346,120891542.79447833,0.1794916065748431,-0.20941841204258457,0.03106791217521029,-0.09405991140072319,2021-05-11,2020-11-14,False,False,False,False,False,0.0,0,0,False,[],旻玮环保
2020-12-31,年报,2021-03-30,无保留意见,False,646784977.6618316,129356995.53236634,517427982.1294653,0.2,39053774.803323604,7.856083798630774e-33,177257613.76763922,5.786910746959417,407030.5551592381,6539935.508602317,51039.29138170002,225109267.02256352,40000000,12.935699553236631,241921613.71615288,222839491.9389568,31728498.97188211,7264310.188360646,0.18160775470901616,7100715.535409932,-106801830.86613235,38487496.639705874,110885360.48186468,42571026.25543819,0.0844157127462743,0.14722967062501177,-0.09739478963909891,-0.15494708076017383,2021-05-11,2021-05-08,False,False,False,False,False,0.0,0,0,False,[],旻玮环保
2021-03-31,季报,2021-04-30,无保留意见,False,744914500.579405,148982900.115881,595931600.463524,0.2,47488050.980505146,9.435049867406572e-33,233419956.59290513,6.880296063553873,521550.9187686042,7771023.233828889,60826.1202601269,275962860.6211201,40000000,14.898290011588099,254785170.85003713,233838779.73655912,74669302.56467928,18376510.19126323,0.4594127547815807,15713268.282289058,-57362456.11172264,39541199.31395372,135844950.84366757,118023694.04589865,0.15171892716543584,0.45796480166301995,-0.021614665228348793,-0.05100403262850607,2021-05-11,2021-06-08,False,False,False,True,False,0.0,0,0,False,[],旻玮环保
2021-06-30,半年报,2021-08-27,保留意见,False,606676116.960544,121335223.3921088,485340893.5684352,0.2,34846595.95354901,6.766115405372786e-33,158414512.76647907,4.899670291086758,400422.91721938417,5959853.162115695,44962.1277670073,202289128.05905917,40000000,12.133522339210879,273721063.9069502,251651901.0946725,19468701.262247767,27051275.795590125,0.6762818948897531,25447316.225876264,-69591043.490052,36849399.16233005,103824182.60570955,71082538.2779876,-0.1855761748648163,0.24521258760196385,0.015034487315511819,-0.014852091655445047,2021-05-11,2021-09-17,False,False,False,False,False,0.0,0,0,False,[],旻玮环保
2021-09-30,季报,2021-10-27,无保留意见,False,628887607.3565681,136715772.86040482,492171834.49616325,0.21739301468360692,33738239.18777659,7.378110735718337e-33,164626628.2208307,4.337341266534295,403900.0973905578,5514466.412898838,43613.2173104809,200676411.14710495,40000000,12.30429586240408,299367992.73196775,276356871.1717754,77706675.27597176,36638469.750025086,0.9159617437506271,35292814.39586125,-101261649.50621043,37401358.07031899,100375220.74480261,36514929.30891117,0.014074521677957284,0.21763714628657152,0.0469758835676844,-0.14087027188337092,2021-05-11,2021-12-14,False,False,False,False,True,0.0,0,0,False,[],旻玮环保
2021-12-31,年报,2022-03-30,保留意见,False,680228137.1106452,136045627.42212903,544182509.6885161,0.2,36719405.46779431,7.52196060127169e-33,168948428.41388294,5.536485008134773,443981.67169040535,6222348.326111004,46187.94711026527,218428025.22539926,40000000,13.604562742212904,306066223.72254664,282438475.079355,20701265.63246391,9568901.41511273,0.23922253537781826,8688005.582256546,-40734863.66898899,41272377.39100207,116655118.00657149,117192631.72858456,0.10567584641570613,-0.5046670507392634,-0.07877880532843233,0.0164803507397607,2021-05-11,2022-05-03,False,False,False,False,False,0.0,0,0,False,[],旻玮环保
2022-03-31,季报,2022-04-30,非标准无保留意见,False,737444031.4708053,147488806.29416105,589955225.1766442,0.2,42826121.76787709,8.717615510635732e-33,176367261.0830978,5.9365260725646625,463765.6348042488,7219461.854156358,51612.10106809329,243628205.79550555,40000000,14.748880629416105,309822877.9644681,286035311.3431686,17908008.889284164,5366648.917030666,0.13416622292576666,5138337.5197338,-61562555.09585509,41501560.93930069,136583378.8142562,116522384.65770179,0.08411280163033524,-0.1581643302606319,-0.01978476746828642,0.10438599708641406,2021-05-11,2022-06-17,False,False,False,False,False,0.0,0,0,False,[],旻玮环保
2022-06-30,半年报,2022-08-27,无保留意见,False,696774129.8933493,142095687.3072554,554678442.5860939,0.20393364393279792,39607757.2792689,8.777976754693404e-33,203045066.7971202,5.693671735216766,452163.5860944388,6914275.009105063,54189.31902831723,247020124.70590216,40000000,13.866961064652347,312456485.7929098,288459429.6034503,16581821.348872505,3762296.897773795,0.09405742244434487,3463026.086116685,-15239843.37977897,36881035.26926992,119763589.93919648,141404781.82868743,-0.059795694800377004,-0.07172965539935088,0.08510420204590974,-0.028372788708965858,2021-05-11,2022-09-22,True,True,False,False,False,1268313.6373023398,2,0,True,['结合所处行业特点、发展阶段和自身经营模式、盈利水平、偿债能力、资金需求等因素，未进行现金分红或现金分红水平较低原因的说明'],旻玮环保
2022-09-30,季报,2022-10-27,无保留意见,False,690896581.322527,159215569.15648106,531681012.166046,0.23044775941966258,45118707.491636805,9.362258566357793e-33,220346260.87257877,6.425653708202302,528518.2942825702,7760540.965399387,55402.72346875153,258262771.40298283,40000000,13.292025304151151,315809649.7529928,291443524.55858344,16886990.72919503,4790234.228689991,0.11975585571724977,4262992.793047365,-58198716.31875557,37280001.22751996,122426804.7660151,101508089.67477949,-0.041460833258322095,0.04950980789733421,0.02651411548686466,0.11103021857357655,2021-05-11,2022-12-01,True,False,False,False,False,4869856.986924422,0,0,True,['结合所处行业特点、发展阶段和自身经营模式、盈利水平、偿债能力、资金需求等因素，未进行现金分红或现金分红水平较低原因的说明'],旻玮环保
2022-12-31,年报,2023-03-30,保留意见,False,661513374.0283631,132302674.80567263,529210699.2226905,0.2,33513824.617574353,6.880141848786287e-33,155477299.4750584,4.986226532370099,384565.21678196965,6409661.358872917,44781.923866902616,196396889.4347809,40000000,13.230267480567264,310823128.8975381,286894573.5667903,26495294.491812903,-7123601.222078096,-0.1780900305519524,-6498501.416847391,-40918566.851232015,39679610.71334481,113489909.50206596,112250953.36417875,-0.004646231268052173,-0.5467511420818875,-0.06463405810335157,0.0018260531368947035,2021-05-11,2023-05-12,False,False,False,False,True,0.0,0,0,False,[],旻玮环保
2023-03-31,季报,2023-04-30,无保留意见,False,632600762.8017883,126520152.56035767,506080610.2414307,0.2,33501659.50266858,7.232281003525874e-33,169015736.5399396,5.445943897611972,411691.5286776149,6046267.167909017,48199.416238774786,216938250.36755985,40000000,12.652015256035767,304638421.7816646,281359994.8843808,7657200.825668251,-8835295.879819352,-0.22088239699548382,-7906540.974870659,-29959464.802262157,36689943.79139516,110701217.1847335,117431696.1738665,-0.04370676748454543,-0.1733116185595548,0.009546721154450074,0.11086350472858802,2021-05-11,2023-05-10,False,False,False,False,False,0.0,0,0,False,[],旻玮环保
2023-06-30,半年报,2023-08-27,无保留意见,False,673249771.0271491,159228123.24999806,514021647.77715105,0.23650676183234395,39168550.704934835,8.236095553454493e-33,161901056.47861364,5.689046810794097,486942.0077709868,6513726.601391149,54487.183845304564,235232054.83101177,40000000,12.850541194428777,292466866.7542842,270829427.6583118,76416968.83547659,-17387935.75340058,-0.43469839383501446,-15043667.465812907,-126523782.06354988,36601842.771090426,119398258.48073877,29476319.188279316,0.015691250316687774,-1.047513755267839,0.06114633936158286,-0.049640111338503226,2021-05-11,2023-09-19,False,False,False,True,True,0.0,0,0,False,[],旻玮环保
2023-09-30,季报,2023-10-27,无保留意见,False,651091405.7670614,173046511.83807412,478044893.9289872,0.2657791368543795,37494505.65934851,7.680519132165454e-33,159137439.839385,5.472542229426906,424242.90106414945,6911530.384748796,48578.65113307574,229218286.38684487,40000000,11.951122348224681,280422557.5168503,261027520.17540568,29983729.12732179,-17206156.05347697,-0.43015390133692427,-14002724.975580094,-87275365.02922021,39126501.50309078,109879075.15906276,61730211.632933326,-0.06999073677877708,-0.4685819709324512,0.029272375022035526,0.029702666882941084,2021-05-11,2023-12-10,False,False,False,False,False,0.0,0,0,False,[],旻玮环保
2023-12-31,年报,2024-03-30,无保留意见,False,664932028.8877003,162975098.0438362,501956930.8438641,0.24510038765384984,31650760.493137926,7.053144564306406e-33,165599297.25881243,4.861988304694139,381951.3945546773,5939227.801637851,44068.17899784092,199825080.6906652,40000000,12.548923271096601,268419717.53130293,249892855.5566892,0.0,-17146914.26506772,-0.42867285662669297,-15906663.741023546,-82723001.02440897,36586355.02433534,105667838.06778172,59531192.06770809,0.0500204838887559,-0.28736380722320676,-0.020678749200529634,-0.0005618170585051869,2021-05-11,2024-04-23,False,False,False,False,True,0.0,0,0,False,[],旻玮环保
2024-03-31,季报,2024-04-30,无保留意见,False,633861276.1464918,169720545.9759927,464140730.170499,0.26775660915554744,35574818.69225405,6.669488368224742e-33,152950215.71967483,5.230497174471132,400296.30836379103,6160389.379903486,45298.04374667097,208927428.72741243,40000000,11.603518254262475,256471802.6710554,239412544.7849897,41461502.31225428,-17068449.800353605,-0.4267112450088401,-14971872.530999277,-111523380.35459776,33338194.571009498,98248775.92039287,20063590.13680461,-0.0753375406327997,-0.534083362687379,0.022656221501697597,-0.11462921125628711,2021-05-11,2024-06-17,False,False,False,True,True,0.0,0,0,False,[],旻玮环保
2024-06-30,半年报,2024-08-27,无保留意见,False,694996195.6243744,252029795.6283829,442966399.99599147,0.3626347844997382,43640884.25574622,8.341684755359456e-33,192592363.2393836,5.675164081634254,475617.4019655954,7856875.644130556,51717.1973720853,242738099.85360497,40000000,11.074159999899786,244544665.90169016,228008965.85068947,9295122.889875852,-17038766.81337891,-0.4259691703344728,-16290827.049000317,-54325671.0909668,37730476.26859223,106262734.50055476,89667539.67818019,-0.04562049567752703,-0.4336460708629264,0.09487817534419077,0.03321664197266511,2021-05-11,2024-10-10,False,False,False,False,False,0.0,0,0,False,[],旻玮环保
2024-09-30,季报,2024-10-27,无保留意见,False,795829844.7221403,354424064.0188632,441405780.7032771,0.4453515614793366,49085227.01046846,1.0577791478141193e-32,203740024.62876403,7.173115916941013,550101.3574868247,8142109.97366654,64820.835508781514,279661986.31903964,40000000,11.035144517581928,232606697.9056525,216966419.25622454,44248909.422247715,-17054239.994339522,-0.42635599985848804,-15775066.5635213,-58834178.28976868,46468173.17292678,138453632.74724346,126087627.63040157,-0.00352310986279895,0.3991347137401071,0.08271677697959838,-0.10826712854981244,2021-05-11,2024-11-12,False,False,False,False,False,0.0,0,0,False,[],旻玮环保
2024-12-31,年报,2025-03-30,无保留意见,False,872034191.7646909,436608026.9353536,435426164.82933724,0.5006776466549004,45682577.7890883,9.219107111837908e-33,225617627.98457068,6.967832163846631,528513.7897024811,7184967.602721367,59825.64378888698,280374597.6205395,40000000,10.885654120733431,220655470.0628977,206062112.74153107,27750996.412442397,-17073182.632506836,-0.4268295658126709,-15577580.73527638,-45544159.707232624,48975709.74961345,148408415.71257046,151839965.7549513,-0.013546754789692009,0.34923746578476844,0.05532608517556388,-0.04928184659553904,2021-05-11,2025-04-15,False,False,True,False,True,0.0,0,6,True,"['公司为增强投资者回报水平拟采取的措施', '结合所处行业特点、发展阶段和自身经营模式、盈利水平、偿债能力、资金需求等因素，未进行现金分红或现金分红水平较低原因的说明', '充分披露高送转的主要考虑及其合理性且送转股后每股收益不低于0.5元', '根据公司盈利能力、融资能力及其成本、偿债能力及现金流等情况披露现金分红方案的合理性，是否导致公司营运资金不足或者影响公司正常生产经营']",旻玮环保
2017-03-31,季报,2017-04-30,无保留意见,False,281673667.3774415,100156152.9055398,181517514.4719017,0.3555751371367313,49744526.52120854,4.252772875766877e-07,2606.702541800667,946.2266419053151,68412578.82973714,44297894.6333499,3005363.209754203,167608542.77795488,40000000,4.537937861797543,2543179.8120763414,2254056.846956145,11729876.104392298,3633114.017251916,0.0908278504312979,3220081.2099373504,46834495.63591528,-2606722.084679684,141524663.4513236,185752437.00255919,0.008430635955009485,0.14628411206955075,0.05557513713673129,-0.00037078002224479165,2021-03-29,2017-05-22,False,False,False,False,False,0.0,0,0,False,[],曦琮信息
2017-06-30,半年报,2017-08-27,无保留意见,False,309883261.9830918,119546252.24702199,190337009.7360698,0.38577834595514493,57879893.87729329,4.2398133699909976e-07,3227.4122936501503,1012.3174586943393,74878928.19829321,54378702.29618959,3496241.171551361,192685593.04775363,40000000,4.758425243401745,2767991.118847996,2463057.0577731677,1072167.16422731,321159.00967379287,0.008028975241844821,298571.7297386036,48329166.60179669,-2680851.5131002613,143430148.92213434,189078464.01083076,0.048587571782409515,-0.16051648843741695,0.030203208818413645,-0.09971655559655307,2021-03-29,2017-09-27,False,False,False,False,False,0.0,0,0,False,[],曦琮信息
2017-09-30,季报,2017-10-27,无保留意见,False,350638845.96096766,151264851.1187971,199373994.84217057,0.43139786952081055,51549134.43785248,4.816331731371912e-07,3053.8690791135323,984.0290851021143,88173596.41606566,54936854.04983476,3550347.2197621944,197531997.61591727,40000000,4.984349871054264,3093027.446753187,2764795.0647018985,572666.7787031216,464337.6112931296,0.01160844028232824,431054.29561247263,30287285.016820062,-3153879.3178088767,152002986.97136897,179136392.67038015,0.04747886456045439,0.008266109764327656,0.04561952356566563,-0.1051259249616444,2021-03-29,2017-12-08,False,False,False,False,False,0.0,0,0,False,[],曦琮信息
2017-12-31,年报,2018-03-30,无保留意见,False,344397472.7632445,128739557.31756657,215657915.44567794,0.3738109814936661,61531530.85758397,4.899268651242481e-07,3715.966520665961,1090.3433034917439,81791117.17872722,57551376.53629755,4041787.4620700367,206770580.2192213,40000000,5.391447886141949,954143.7017639185,852750.1554767559,4545614.963811028,-3055548.2071275264,-0.07638870517818816,-2731492.7274644896,16317535.412075004,-3151203.800292253,161286391.9418743,174452723.55365705,0.08167524865215306,-0.20154705530569675,-0.05758688802714442,0.011363389560485366,2021-03-29,2018-05-07,False,False,False,False,False,0.0,0,0,False,[],曦琮信息
2018-03-31,季报,2018-04-30,无保留意见,False,298472318.5570707,92411072.56294553,206061245.99412513,0.30961354476587977,49208122.91223932,4.5206837677158495e-07,2730.655198877777,1043.3840051729321,74437564.40239917,54663193.120136954,3225468.516149839,182032582.74659854,40000000,5.151531149853128,-4779764.8062692005,-4535281.33960052,0.0,-8191297.868618742,-0.20478244671546855,-7697187.850110396,34867383.85293939,-2831337.3180914125,144445228.45591408,176481274.99076205,-0.0444995002002145,-0.36830057845058395,-0.06419743672778636,0.029786823157587437,2021-03-29,2018-06-03,False,False,False,False,False,0.0,0,0,False,[],曦琮信息
2018-06-30,半年报,2018-08-27,无保留意见,True,316601884.6043127,103796081.42046157,212805803.18385115,0.32784416792144283,44583787.37557105,4.6070181930118355e-07,3092.424180699054,1008.7899534133759,75433803.33506246,49185874.64232347,3510051.740249587,185638223.4537524,40000000,5.320145079596279,-10672701.486631097,-9642318.137221975,23189804.68733229,-8418480.971945567,-0.21046202429863917,-7295766.853744938,18225389.111537036,-2557738.4722133055,152157195.80468228,167824846.44400603,0.03273083765551091,-0.02579075781408008,0.01823062315556304,0.1338524805988426,2021-03-29,2018-09-20,False,False,False,False,False,0.0,0,0,False,[],曦琮信息
2018-09-30,季报,2018-10-27,保留意见,False,365451164.15385723,122358408.50110467,243092755.65275258,0.33481466336112425,64035840.24693231,5.820622807835651e-07,3863.1605321672996,1208.1866846130865,102142650.45470525,68972312.16461428,4508807.024871689,230158835.3955629,40000000,6.077318891318814,-19350083.633034326,-17198245.35163835,55979038.986678034,-12396260.209147476,-0.3099065052286869,-10794181.734880537,49580593.87696093,-3449899.4321334003,166543157.8273782,212673852.27220574,0.14232202325204155,-0.4635285692658698,0.006970495439681447,0.10861789243131853,2021-03-29,2018-12-10,False,False,False,False,False,0.0,0,0,False,[],曦琮信息
2018-12-31,年报,2019-03-30,无保留意见,False,359406871.9687742,119648510.90564995,239758361.06312424,0.3329054624087577,66683550.44647977,5.103184853170556e-07,3332.1587245214682,1196.1854492570355,94087521.43567047,63141633.55464981,4044209.349116683,218105945.65370074,40000000,5.993959026578106,-27887299.364585966,-25055927.42164261,44747179.910423405,-12196022.473645195,-0.3049005618411299,-11225260.100006089,31322330.54541706,-3426021.140488095,178979289.66781503,206875599.07274398,-0.013716552682431266,0.04349458149223485,-0.0019092009523665767,0.005231030443827967,2021-03-29,2019-04-16,False,False,False,False,False,0.0,0,0,False,[],曦琮信息
2019-03-31,季报,2019-04-30,无保留意见,False,465286574.2745089,160835133.91808188,304451440.356427,0.3456689765202481,74866327.9612098,6.66881772354485e-07,4300.966660494359,1375.8653813904225,120472075.05526729,67376195.35689683,4521424.046185701,261027324.15954027,40000000,7.6112860089106755,-35937385.779673964,-32787347.988731805,54277563.84590257,-11500123.450125717,-0.2875030862531429,-11044886.524413135,52240313.411292195,-4140602.813352342,219219912.9443845,267319623.54232433,0.26982616583815494,0.1448589256926685,0.012763514111490397,-0.10121523100564282,2021-03-29,2019-06-26,False,False,False,False,False,0.0,0,0,False,[],曦琮信息
2019-06-30,半年报,2019-08-27,保留意见,False,407277467.25029534,108815630.68133365,298461836.5689617,0.2671781265386337,63129575.640725315,5.538937852836628e-07,3559.7501760614928,1150.9728359078692,94579893.97270843,66480306.70084092,3854989.956150011,229366429.58804837,40000000,7.461545914224042,-44914446.823515505,-41568441.46312292,31055193.366945997,-12824372.919773633,-0.3206093229943408,-12544419.249130158,75389153.81201254,-3489721.3270489774,187274643.40265834,259174075.8876219,-0.01967342897262433,-0.2407780352230242,-0.07849084998161436,-0.0016273895850231863,2021-03-29,2019-10-03,False,False,False,False,False,0.0,0,0,False,[],曦琮信息
2019-09-30,季报,2019-10-27,无保留意见,False,433592526.11818564,138656901.8749167,294935624.2432689,0.31978618985033563,75855118.36289842,6.445237706395024e-07,4425.67958705885,1446.346476402374,108592828.82023814,73863684.55690446,4949943.022946414,257293896.5744261,40000000,7.373390606081722,-54370467.95180541,-49970315.54997578,55832023.19875117,-13508601.611842724,-0.3377150402960681,-12002677.266932672,30947527.15401546,-4119092.81502924,197127041.23778877,223955475.57677498,-0.011814617125690796,-0.16386249991270724,0.05260806331170192,-0.01806055175510333,2021-03-29,2019-12-07,False,False,False,False,False,0.0,0,0,False,[],曦琮信息
2019-12-31,年报,2020-03-30,非标准无保留意见,False,471270265.2325313,186408814.39656958,284861450.8359617,0.3955454611688537,79882072.18022627,7.335845322032616e-07,4312.913140085204,1361.2056490475338,111064381.82100613,82679003.45745607,5163402.966710442,274342649.9133885,40000000,7.121536270899043,-62952253.48314154,-57682098.84958579,35036314.76750501,-12259693.616194468,-0.3064923404048617,-11016833.285157144,6655977.747349082,-4317206.673831228,191384107.60398635,193722878.6775042,-0.03415719424587979,0.3577099651201405,0.07575927131851803,-0.07005457043080424,2021-03-29,2020-05-10,False,False,False,False,False,0.0,0,0,False,[],曦琮信息
2020-03-31,季报,2020-04-30,保留意见,False,622297117.0385288,266416787.5450013,355880329.4935275,0.42811830595144224,104322722.43163975,8.86771727036049e-07,5861.08861375909,1811.841514655551,140098642.71620733,103795763.84477103,6139788.872276421,346031267.15101695,40000000,8.897008237338186,-71302731.47394672,-64731836.354392275,7149973.125867264,-11929254.272578835,-0.2982313568144709,-10071053.578294992,89273765.36030892,-5577974.369824059,284034190.8551309,367729981.84561574,0.24931024696094153,0.06970843588180801,0.03257284478258855,0.16207549573159638,2021-03-29,2020-06-14,False,False,False,False,False,0.0,0,0,False,[],曦琮信息
2020-06-30,半年报,2020-08-27,无保留意见,False,529874221.4809159,209429142.0113152,320445079.46960074,0.39524312284147994,82322756.71881135,8.40097350248216e-07,5224.617726220635,1576.4739103531535,143801608.18523228,84665125.32052414,5557169.580987878,304113785.9303287,40000000,8.011126986740019,-79644662.57566452,-72585176.33077489,13263721.145492336,-11917044.431025416,-0.2979261107756354,-11219057.109118016,10509996.112753732,-4584413.792257395,253224592.40840772,259150174.72890407,-0.0995706901653051,0.0024078986030385053,-0.032875183109962305,0.12441985053325805,2021-03-29,2020-10-12,False,False,False,False,False,0.0,0,0,False,[],曦琮信息
2020-09-30,季报,2020-10-27,无保留意见,False,529548298.85489714,215924480.65681735,313623818.19807976,0.40775219394290485,93758468.5637114,7.264058238889771e-07,5222.74845176084,1611.8391205047456,132067900.97909252,84497114.41974618,6312585.901450682,322894050.6073182,40000000,7.840595454951994,-85919687.49874549,-78852839.04094222,27131131.081394847,-8964321.318687111,-0.22410803296717777,-8953803.871667625,20052573.253454737,-4584702.517971471,252743989.81212008,268211860.54760334,-0.021286834183291237,0.5809067327602023,0.012509071101424954,0.11249864807181487,2021-03-29,2020-11-12,False,False,False,False,False,0.0,0,0,False,[],曦琮信息
2020-12-31,年报,2021-03-30,无保留意见,False,520029722.5840548,227097106.17077488,292932616.41327995,0.4367002429059583,86851788.38056196,7.550088167941847e-07,4517.379889167231,1578.6147306804742,121010729.76791623,84023549.42258574,5564533.497508689,304728029.4889741,40000000,7.323315410331999,-90961407.43599609,-83415579.32738584,32050685.740280762,-7202457.053215127,-0.1800614263303782,-6518200.409205173,60915274.48587699,-4771688.068968008,244692883.69415134,300836470.1110603,-0.06597458669969902,0.21925519117249315,0.028948048963053467,0.027889567185755394,2021-03-29,2021-04-10,False,False,False,True,False,0.0,0,0,False,[],曦琮信息
2021-03-31,季报,2021-04-30,无保留意见,False,534147919.20616555,259079560.31311637,275068358.8930492,0.48503336060571495,97122750.01276116,7.733777049345615e-07,5018.504096130068,1687.4114275422044,122198244.29692118,85175315.58720325,6227491.490644361,317169730.0892494,40000000,6.876708972326229,-90581419.59638505,-83054716.46936502,780434.749097946,542839.7708728984,0.01357099427182246,515518.36860117514,58993124.69387689,-4830423.222128625,245543082.27809095,299705783.74983925,-0.06098418721330515,0.7905346132348106,0.048333117699756595,0.09110694794583986,2021-03-29,2021-06-20,True,False,False,True,False,415635.0202006174,0,0,True,"['结合所处行业特点、发展阶段和自身经营模式、盈利水平、偿债能力、资金需求等因素，未进行现金分红或现金分红水平较低原因的说明', '根据公司盈利能力、融资能力及其成本、偿债能力及现金流等情况披露现金分红方案的合理性，是否导致公司营运资金不足或者影响公司正常生产经营', '是否影响偿债能力、过去十二个月内是否使用过募集资金补充流动资金以及未来十二个月内是否计划使用募集资金补充流动资金等内容']",曦琮信息
2021-06-30,半年报,2021-08-27,无保留意见,False,497112938.65359944,224934335.28635657,272178603.3672429,0.4524813534235856,83095130.70418753,7.460380095158103e-07,4933.115988811543,1581.1070168866536,122689329.89094622,86438290.83537042,4853209.204640386,291774002.455557,40000000,6.804465084181071,-81888835.92564468,-74512429.73703311,21580951.519389212,12417976.672486238,0.31044941681215593,12203266.760474168,80751616.53049673,-4260034.510002951,230456360.19369358,306947942.2141874,-0.010505590455534505,0.6769221549483747,-0.03255200718212937,0.11072099909985653,2021-03-29,2021-10-16,False,False,False,True,False,0.0,0,0,False,[],曦琮信息
2021-09-30,季报,2021-10-27,无保留意见,False,448418714.82630384,182983146.84522662,265435567.9810772,0.4080631356256075,72392583.52104706,6.306007285418865e-07,4775.451662847061,1415.4345875268932,114081795.07167962,76738192.06872332,4920878.095712666,270222878.3674292,40000000,6.63588919952693,-78822931.69544852,-71942030.78863423,16848850.90610944,4379863.185994521,0.10949657964986302,3671998.497712686,8776225.813067835,-4146329.7401254126,218169994.7389954,222799890.81193784,-0.02477430372095594,-0.27323814876804653,-0.04441821779797809,0.06301054225532529,2021-03-29,2021-12-11,False,True,False,False,True,0.0,4,0,True,['结合所处行业特点、发展阶段和自身经营模式、盈利水平、偿债能力、资金需求等因素，未进行现金分红或现金分红水平较低原因的说明'],曦琮信息
2021-12-31,年报,2022-03-30,无保留意见,False,523853982.1016319,240335872.93466085,283518109.166971,0.45878409088438266,80797229.96193095,6.88567653084055e-07,4433.23338395144,1576.4527732237614,109793038.0819289,80721016.02750304,5724711.229338846,285179659.1256348,40000000,7.087952729174276,-88531860.36557107,-80129159.3392453,8825927.609536178,-13869898.100175088,-0.3467474525043772,-11695897.929444406,17841033.9842032,-4835624.325412399,241892698.9902026,254898108.6489934,0.06812403222157071,-0.8535957937338264,0.05072095525877513,-0.07079179545040543,2021-03-29,2022-05-16,False,False,False,False,False,0.0,0,0,False,[],曦琮信息
2022-03-31,季报,2022-04-30,无保留意见,False,552552811.1995338,255421666.28450486,297131144.915029,0.46225747314543814,97684510.98092246,7.865432084619066e-07,4945.746118387904,1672.7243155232222,135354857.93662956,90378322.05787326,5949251.282765314,318493705.3248995,40000000,7.428278622875725,-97579464.96793942,-88695781.51731625,0.0,-12925149.431954797,-0.3231287357988699,-12238031.682958495,103315608.19036321,-5239305.20955858,253471865.96665153,351548168.9474562,0.04801469573867976,0.30182680898444136,0.003473382261055504,-0.01825568451735742,2021-03-29,2022-05-21,False,False,False,True,False,0.0,0,0,False,[],曦琮信息
2022-06-30,半年报,2022-08-27,非标准无保留意见,False,550758697.8928936,252723729.0353904,298034968.8575032,0.45886470790614325,98772359.1036683,7.839949416958498e-07,5435.113870120517,1794.0190612852589,139095798.697391,106019737.54123157,6114810.675527971,337403657.87691784,40000000,7.450874221437579,-106472420.03004244,-96986955.09109025,49889308.45338584,-12704221.517290018,-0.31760553793225044,-11844533.676819988,7249218.6890778,-5317699.793040335,254088540.09273288,256020058.98877034,0.0030418350884510448,0.05421742735728425,-0.003392765239294883,0.14810137150792393,2021-03-29,2022-09-29,False,True,False,False,False,0.0,0,0,True,['是否影响偿债能力、过去十二个月内是否使用过募集资金补充流动资金以及未来十二个月内是否计划使用募集资金补充流动资金等内容'],曦琮信息
2022-09-30,季报,2022-10-27,无保留意见,False,623949773.7835017,221788785.48394763,402160988.2995541,0.3554593571515645,102300027.23681243,9.492312363328934e-07,6323.763810259801,2014.5153243218913,160575120.2018108,100742746.7162385,6981819.8754790155,380332484.8905292,40000000,10.054024707488853,-116780440.11408642,-105340112.21298786,11484507.29434416,-14725742.977205683,-0.36814357443014206,-11933081.602710873,110114914.4170209,-4829894.066349353,306906253.8421134,412191274.1927849,0.34937517513871275,-0.4705832640235193,-0.10340535075457874,0.09997132643385595,2021-03-29,2022-11-12,False,False,False,False,False,0.0,0,0,False,[],曦琮信息
2022-12-31,年报,2023-03-30,无保留意见,True,638953045.7786803,233285601.28843307,405667444.49024725,0.36510601652134267,109047737.78954433,8.283593901172053e-07,6363.075634280744,1965.7264451985966,159750702.74926138,101930090.18425474,7307579.379388586,375511829.9590966,40000000,10.141686112256181,-128297110.56866781,-115773339.83171365,8657087.946690932,-16452386.363687685,-0.41130965909219214,-14904610.883894002,38470008.967944145,-5630169.778415098,312884208.3201828,345724047.50971186,0.008719036139032946,-0.759212071976158,0.009646659369778128,-0.03031344130018269,2021-03-29,2023-05-19,False,True,False,False,False,0.0,4,0,True,"['根据公司盈利能力、融资能力及其成本、偿债能力及现金流等情况披露现金分红方案的合理性，是否导致公司营运资金不足或者影响公司正常生产经营', '结合前述财务报表列报项目的具体情况说明现金分红方案确定的依据及未来增强投资者回报的规划', '结合所处行业特点、发展阶段和自身经营模式、盈利水平、偿债能力、资金需求等因素，未进行现金分红或现金分红水平较低原因的说明']",曦琮信息
2023-03-31,季报,2023-04-30,无保留意见,False,631496933.9087718,220514295.56953606,410982638.33923566,0.3491929789818937,105536086.95102818,8.781198801121568e-07,6410.039838013867,1795.6602502894434,158929876.0978967,101898778.82385962,6629746.511984375,354191700.26362264,40000000,10.274565958480892,-139947052.24039334,-126415425.44305967,69983403.94257464,-16642773.81675077,-0.4160693454187693,-15202979.444780013,19927217.76481721,-5897007.175036534,311672298.7598502,325702509.3496309,0.01310234262369111,-0.34766748020588634,-0.015913037539448942,-0.01796348063241351,2021-03-29,2023-06-04,False,False,False,False,True,0.0,0,0,False,[],曦琮信息
2023-06-30,半年报,2023-08-27,无保留意见,False,576221967.7138138,185544233.98197752,390677733.7318362,0.32200131959240036,105399221.64663568,1.0172290743128349e-06,6360.2850632397085,1768.6049971528914,156986419.91422415,111928226.50679205,6886180.684685002,386933053.0865465,40000000,9.766943343295905,-151600976.6517621,-135815408.2450167,11288613.010397065,-16648463.444812514,-0.41621158612031284,-13428546.859938627,94963483.96790336,-5017302.453614067,281127927.8636838,371074109.3779731,-0.04940574786674875,-0.01592724253858744,-0.027191659389493365,-0.0751617452791943,2021-03-29,2023-10-10,False,False,False,True,True,0.0,0,0,False,[],曦琮信息
2023-09-30,季报,2023-10-27,无保留意见,False,614082947.4716765,250122327.37915054,363960620.09252596,0.4073103290181934,107574056.26787357,9.080832467850218e-07,6280.131596323787,2072.5137327896527,162778120.7561484,101680040.67858972,6164998.919827644,364264356.1732852,40000000,9.099015502313149,-163420696.55577558,-146242306.7454936,71595865.54821722,-16885314.1485907,-0.4221328537147675,-14895569.28639558,49752695.85995263,-5917739.842631967,296541775.6095678,340376731.6268885,-0.06838657884108912,-0.673758390935661,0.08530900942579306,-0.007984764276794423,2021-03-29,2023-11-07,False,True,False,False,False,0.0,2,0,True,['上市公司控股子公司向母公司实施利润分配的情况'],曦琮信息
2023-12-31,年报,2024-03-30,无保留意见,False,766345078.7608223,398111784.19926405,368233294.5615583,0.5194941485668696,133318128.95881549,1.1644238519259424e-06,7112.7303102624865,2547.9502485206967,192023958.545302,138280003.55346224,9058540.134722268,485432550.90178615,40000000,9.205832364038958,-175303937.5101373,-157987766.86775848,25297907.538729265,-16976058.50623097,-0.4244014626557742,-16779228.746092692,43892968.44691534,-6896630.2341324175,373854729.217813,410851067.43059593,0.011739386717019355,-0.7912428300890719,0.11218381954867622,-0.0919665366785523,2021-03-29,2024-05-23,False,False,False,False,False,0.0,0,0,False,[],曦琮信息
2024-03-31,季报,2024-04-30,无保留意见,False,979963124.2905514,587453924.540563,392509199.74998844,0.5994653369899534,159538864.48451638,1.4631282829931698e-06,9695.673231377628,3103.337415208046,252038085.901954,163400604.36419812,11672697.325402472,579383336.6897353,40000000,9.812729993749711,-187184640.27575845,-168412441.46954626,13549223.13518014,-16972432.52231594,-0.42431081305789853,-14892392.288268257,112548871.41450311,-8354237.3081211345,507666810.5474612,611861444.6538432,0.0659253401225833,0.1514518663708654,0.07997118842308386,0.11644092171021345,2021-03-29,2024-06-12,False,True,True,False,False,0.0,2,1,True,['是否影响偿债能力、过去十二个月内是否使用过募集资金补充流动资金以及未来十二个月内是否计划使用募集资金补充流动资金等内容'],曦琮信息
2024-06-30,半年报,2024-08-27,无保留意见,False,1089480841.6176639,640819374.4788605,448661467.13880324,0.5881878322223366,188887080.27811712,1.6536967460835534e-06,11892.180158387235,3637.8881601248695,281980397.1071779,181989451.5368692,12612335.656005738,672912656.4907029,40000000,11.216536678470082,-199058845.26389712,-178699766.14630038,54153397.0823631,-16963149.98305522,-0.4240787495763805,-14696178.109648729,73777720.23052815,-9588664.999815462,558311732.1381319,622500787.3688445,0.1430597484710714,0.33672065928952105,-0.011277504767616823,0.0971053274287224,2021-03-29,2024-10-11,False,False,False,False,False,0.0,0,0,False,[],曦琮信息
2024-09-30,季报,2024-10-27,无保留意见,False,1157103989.8710957,680508959.914272,476595029.9568237,0.5881139170474059,212416849.76324517,1.9108301322988675e-06,12071.632223954864,3899.815258912908,317989904.07326084,214712436.7492598,13692749.172398873,745186218.4514288,40000000,11.914875748920593,-210933118.27793717,-188095938.54989463,46301917.10578182,-16963247.162914425,-0.42408117907286064,-13423103.43370609,168957992.4967115,-10008553.954479542,542822901.3022654,701772339.8444973,0.062259776833874084,-0.002637172714227465,-7.391517493081874e-05,0.11354444861072235,2021-03-29,2024-12-20,False,True,False,False,False,0.0,2,0,True,"['上市公司控股子公司向母公司实施利润分配的情况', '充分披露高送转的主要考虑及其合理性且送转股后每股收益不低于0.5元', '结合前述财务报表列报项目的具体情况说明现金分红方案确定的依据及未来增强投资者回报的规划']",曦琮信息
2024-12-31,年报,2025-03-30,无保留意见,False,1169921451.9107158,716148111.8947189,453773340.015997,0.612133498984146,187352658.39378887,1.6324870120759873e-06,11515.239852292982,3800.884214393509,290640011.5028405,190989530.9963759,12543540.626513492,689498024.7611321,40000000,11.344333500399925,-222802828.97008127,-198717513.99450216,12467467.825029599,-16956729.560205832,-0.4239182390051458,-15173679.20658219,59983891.00289427,-9675887.132489957,557800222.4524717,608108226.3228761,-0.047884867668247004,0.17733604329413524,0.024019581936740263,-0.08901934160445826,2021-03-29,2025-04-23,False,False,False,False,False,0.0,0,0,False,[],曦琮信息
2017-03-31,季报,2017-04-30,无保留意见,False,289866202.2903749,91176918.76136203,198689283.52901283,0.3145482917322838,13524429.570073979,5184553.291795958,8632324.898012372,29939855.030162495,1561074.4434651015,1824067.676168978,917587.9296753678,61487302.14113117,40000000,4.9672320882253205,1477474.5143797784,1424809.0891795182,7385914.621011894,2110677.877685398,0.05276694694213495,2035441.5559707405,3008397.934080207,-11590629.709714688,82456227.76383522,73873995.98820074,0.10382935293896021,0.06170432653807766,0.014548291732283822,0.13544291404521197,2021-08-02,2017-06-22,False,False,False,False,False,0.0,0,0,False,[],骁琛集团
2017-06-30,半年报,2017-08-27,无保留意见,False,324458020.8024664,103082920.93925853,221375099.86320785,0.3177080371886277,16498800.13368011,6942208.612439977,10443721.291194592,41279794.04119287,1972562.7965926377,2455518.4777909303,1191196.737654667,81703126.08122377,40000000,5.534377496580196,6900569.851740566,6243699.234615211,15321659.654141782,7747279.0533725545,0.19368197633431386,6884128.7791938465,47873853.75313709,-13751089.343912577,84826225.92893173,118948990.33815624,0.11417735235268693,0.29494511977875665,0.003159745456343909,0.06153940882791913,2021-08-02,2017-10-11,False,False,False,False,False,0.0,0,0,False,[],骁琛集团
2017-09-30,季报,2017-10-27,非标准无保留意见,False,404411829.9803201,154369842.7085435,250041987.27177656,0.3817144585410759,20484462.746202316,7903088.569319645,12672917.040125344,45754215.585766226,2335063.3881816864,3291626.526030255,1512426.340717768,101594678.94687144,40000000,6.251049681794414,12092535.697079562,10723037.003303533,36359218.2134017,7417094.0647699945,0.18542735161924986,6399053.955269031,38083260.746440515,-16184495.345243776,104463159.50894403,126361924.91014078,0.12949463343566,-0.0133422744330982,0.06400642135244818,-0.09628183693818727,2021-08-02,2017-12-11,False,False,False,False,False,0.0,0,0,False,[],骁琛集团
2017-12-31,年报,2018-03-30,无保留意见,False,508482142.60656023,208705371.30918035,299776771.2973799,0.4104477892563217,22284556.558958746,8726865.027139373,15326880.249172868,52805762.159632556,2629747.6417663023,3068390.4461692036,1751409.8418922059,109069375.49187103,40000000,7.494419282434498,24321005.840244506,22433676.4444541,54391366.149481654,17469243.0616642,0.43673107654160503,16729484.915929385,93892966.17525037,-21842293.04491188,128278353.91252023,200329027.04285872,0.19890573006662857,0.41168490280740916,0.028733330715245777,-0.06097541432449525,2021-08-02,2018-04-13,False,False,False,False,False,0.0,0,0,False,[],骁琛集团
2018-03-31,季报,2018-04-30,无保留意见,False,586235123.0705874,240698471.3912267,345536651.67936075,0.4105835046704369,26256125.729540452,10629648.15718774,17788546.282364123,70150666.04966746,3458050.521114269,3631126.693028092,2097893.5214847545,129720911.02563691,40000000,8.638416291984019,45630763.0893813,41530127.47426384,23693625.405270167,30442510.355909705,0.7610627588977427,27280644.328299623,91072487.88879734,-26153752.048066303,166065855.43416741,230984591.27489847,0.1526465182206757,0.37637227110084237,0.00013571541411526631,-0.06252315615841349,2021-08-02,2018-06-21,False,False,False,False,False,0.0,0,0,False,[],骁琛集团
2018-06-30,半年报,2018-08-27,无保留意见,False,574010020.1886557,201645273.01415265,372364747.1745031,0.35129225261238356,26512266.78890817,10323887.20780476,20032487.077072714,70454388.64493231,3131502.5315392697,4134511.785593911,2001988.7084091841,133056711.1240958,40000000,9.309118679362577,75356090.46339098,66799804.4990746,140992280.53693703,42464753.391442396,1.0616188347860598,36099538.60687252,81643430.94124936,-24076573.57934111,155195877.9808783,212762735.34278655,0.07764182284210293,0.2534065534336786,-0.05929125205805337,-0.0265554287140575,2021-08-02,2018-10-11,False,False,False,False,False,0.0,0,0,False,[],骁琛集团
2018-09-30,季报,2018-10-27,无保留意见,True,493822537.3532493,149994016.54032037,343828520.812929,0.30374072707221167,23619038.80273554,8289434.22565917,13720062.120119413,53553435.21056969,2293126.151603132,3304886.980624205,1540933.7512994704,106521850.40723956,40000000,8.595713020323224,110704439.44337215,99237091.09307028,239188142.68756816,50497641.39997311,1.2624410349993278,46338980.84856526,91687652.08182885,-22853783.965899542,126655239.31520166,195489107.43113095,-0.0766351449166616,0.13508654371526824,-0.047551525540171925,-0.025074518753027325,2021-08-02,2018-12-06,False,False,False,False,False,0.0,0,0,False,[],骁琛集团
2018-12-31,年报,2019-03-30,无保留意见,False,479008941.40690756,104191365.12029698,374817576.2866106,0.21751444725493904,21204728.81314038,7867703.25903289,12866914.164616397,45998994.96452636,2126325.8533657035,3173722.9435516847,1402123.3660388417,95491143.07323633,40000000,9.370439407165264,156778434.8690881,139439681.06419474,218568938.00626987,65819993.46530855,1.6454998366327136,57432271.387320645,71025665.49138343,-21194074.826526128,132940961.29864173,182772551.96349904,0.09012939182710274,0.22700574046045913,-0.08622627981727261,-0.00920627053896516,2021-08-02,2019-05-08,False,False,False,False,False,0.0,0,0,False,[],骁琛集团
2019-03-31,季报,2019-04-30,无保留意见,False,634524351.7209551,205381851.5027578,429142500.2181973,0.32367843873244856,30777295.50176964,11549669.787634656,20017452.954282966,73102862.25230987,3556198.9137923545,4377902.605585672,2272055.1137181874,150240731.9111449,40000000,10.728562505454931,206009361.75120863,182346108.91119137,95853206.05103429,70329895.54588646,1.7582473886471615,61294896.924280904,82946041.6735589,-28109532.919563886,175694587.9974424,230531096.75143743,0.14493697032512215,0.054454267524990725,0.10616399147750952,0.028565283258334368,2021-08-02,2019-05-31,False,False,False,False,False,0.0,0,0,False,[],骁琛集团
2019-06-30,半年报,2019-08-27,无保留意见,False,607515825.9584694,171512578.30560404,436003247.65286535,0.2823178771269226,28967913.899666872,12262202.759326302,20710248.11343199,73962809.87126818,3098364.773642932,4537986.920085454,2143670.3051838684,143153260.1397848,40000000,10.900081191321634,210670835.0284326,186288136.20950732,20600881.61244575,6659247.538891386,0.16648118847228466,5631467.569022787,72446481.26577698,-24854751.30902773,163174928.4482633,210766658.40501255,0.01598710785154041,-0.7290819210191324,-0.04136056160552596,0.019524417665824842,2021-08-02,2019-10-24,False,False,False,False,False,0.0,0,0,False,[],骁琛集团
2019-09-30,季报,2019-10-27,无保留意见,False,765189999.1669102,275638527.4132787,489551471.7536315,0.36022233394761594,37690068.866651565,13983423.610863365,24736488.822640397,87898593.12732309,4623958.987221068,5177287.43115664,2518820.3580779196,175854474.54803827,40000000,12.238786793840786,221789308.4657744,196577800.91278365,62469824.45159258,15883533.481916849,0.39708833704792124,14699521.00468051,130556756.46614699,-32293750.70539784,196250788.2102532,294513793.97100234,0.12281611292813079,0.38988078246624114,0.07790445682069333,0.08322470891400781,2021-08-02,2019-11-15,False,False,False,False,False,0.0,0,0,False,[],骁琛集团
2019-12-31,年报,2020-03-30,无保留意见,False,720112221.4568262,228905146.225833,491207075.23099315,0.3178742693225584,40469551.829002276,13550816.19234541,26022323.59981495,91344586.06089331,4678180.1669584215,5707713.953537403,2619234.098735485,174623241.94101614,40000000,12.280176880774828,229354476.61964792,203084330.5098923,40340891.028579876,10807383.076962158,0.27018457692405395,9295042.281583758,39143198.0289961,-29758940.08214772,191107126.9033357,200491384.85018408,0.003381878255683902,-0.1543675471416763,-0.04234806462505751,0.017971511519443196,2021-08-02,2020-05-13,False,False,False,False,False,0.0,0,0,False,[],骁琛集团
2020-03-31,季报,2020-04-30,无保留意见,False,728153865.1349807,241979417.54979923,486174447.5851815,0.3323190731191718,33481802.27179935,12179001.05750808,21677364.322148446,84061572.19741872,3850692.303220853,4902323.992439308,2217090.7682540515,161060303.7311635,40000000,12.154361189629537,237417721.52148798,210330722.7921737,0.0,11518921.28834296,0.287973032208574,10351988.974687707,57732315.67487337,-30733088.390710417,180110262.3676774,207109489.65184033,-0.010245429879944385,0.025588104044580083,0.014444803796613406,0.04432168870099824,2021-08-02,2020-05-26,False,False,False,False,False,0.0,0,0,False,[],骁琛集团
2020-06-30,半年报,2020-08-27,无保留意见,False,705497541.402235,205587633.64829344,499909907.75394166,0.2914080086511299,32303953.13012475,12251539.830582278,20501368.948339116,77617152.96710542,3448452.9684338844,4629285.46325983,2343347.4935305626,149729635.2477941,40000000,12.497747693848542,236819175.12927014,209811936.17145392,1610446.7586994038,-855066.2745969575,-0.02137665686492394,-741123.7438853845,138308725.0392311,-29723509.999395616,158725229.76323238,267310444.80306786,0.02825212274520786,-0.4338869425611043,-0.0409110644680419,0.08873479214458403,2021-08-02,2020-09-30,False,False,False,False,False,0.0,0,0,False,[],骁琛集团
2020-09-30,季报,2020-10-27,无保留意见,False,920053183.6289413,314480566.76883894,605572616.8601023,0.34180694373388465,37108822.968424164,16017529.302006043,24199176.055117566,94380385.84365965,4657626.67253088,6294730.51514536,2842986.4021974495,195351817.9692278,40000000,15.139315421502557,230963123.75064445,204915586.53175506,27576786.067476746,-8365787.683750961,-0.20914469209377404,-6994785.1995697925,61950631.596326075,-38340482.015337475,233907939.28945994,257518088.87044853,0.21136350263769604,-0.46520608488694837,0.05039893508275471,0.06942829558551898,2021-08-02,2020-12-25,False,False,False,False,False,0.0,0,0,False,[],骁琛集团
2020-12-31,年报,2021-03-30,无保留意见,True,1020966638.8590298,366030317.61857015,654936321.2404597,0.3585134946501517,55267340.96082207,20684575.697382025,34948049.682420045,123809298.33721164,5944383.0713607315,7555709.946842666,3606017.54779203,240539694.1765719,40000000,16.373408031011493,226176263.7029832,200852168.9697466,22361098.69036343,-6838371.496658895,-0.17095928741647237,-5804882.231440659,112093851.92872132,-43837885.25846463,282220455.1701702,350476421.8404269,0.08151574725473625,0.17690278292295025,0.01670655091626704,0.09036735363018683,2021-08-02,2021-04-26,False,False,False,False,False,0.0,0,0,False,[],骁琛集团
2021-03-31,季报,2021-04-30,非标准无保留意见,False,1024749995.773232,373436320.0883632,651313675.6848688,0.3644170008574475,50486519.47670902,20476191.861897588,32950744.607847683,112634298.90078641,5779326.471237776,7279733.928128563,3550904.6716779424,236341016.37401947,40000000,16.28284189212172,225207940.54768547,199977825.95662472,6489052.536719094,-1383318.7932824325,-0.034582969832060814,-1249061.4473169632,167147092.21253467,-42089567.122427434,279790410.2345711,404847935.3246783,-0.005531294322980119,0.5368285901795034,0.0059035062072958075,0.04310594000599202,2021-08-02,2021-06-01,False,False,False,False,False,0.0,0,0,False,[],骁琛集团
2021-06-30,半年报,2021-08-27,无保留意见,False,1106309533.4240265,416650821.2796669,689658712.1443595,0.37661324312205213,47863703.09917733,20493488.119647373,31141394.31160049,111269277.97592887,5623154.226569656,7116135.734570767,3578320.493129732,225996299.5396836,40000000,17.241467803608987,224954910.06556988,199736231.7299899,736937.8349676083,-361472.11730801314,-0.009036802932700328,-345134.6094783589,169528305.2502301,-49201235.00039801,295901655.2625154,416228725.5123475,0.05887337835977436,0.06543302398558717,0.012196242264604642,0.125772283761422,2021-08-02,2021-10-14,False,False,False,False,False,0.0,0,0,False,[],骁琛集团
2021-09-30,季报,2021-10-27,无保留意见,False,1155869175.5433471,450339072.7797781,705530102.763569,0.3896107641836579,55899254.34769341,23121351.24860132,37795980.09599691,154756236.56831554,6863238.288178516,9373189.94901567,4384106.7330581015,276925254.09154874,40000000,17.638252569089225,225438821.31812322,200188694.69413024,1813450.9938784593,691301.7893619351,0.017282544734048378,646375.6630576996,107716303.9905304,-51490839.933896385,315238379.4886918,371463843.5453258,0.02301339827907117,0.06327326035646953,0.012997521061605776,0.09176298647617874,2021-08-02,2021-12-05,False,False,False,False,False,0.0,0,0,False,[],骁琛集团
2021-12-31,年报,2022-03-30,无保留意见,False,1042578531.9384676,379039139.17229795,663539392.7661697,0.36355931717445783,45562834.78470323,18326530.33483175,28229343.253424462,104547480.35316955,5594029.335983655,6624047.334906129,3519420.1186536714,211860866.45305058,40000000,16.588484819154242,228302792.33943877,202912171.4168243,20022634.873959005,4091387.1733079106,0.10228467933269776,3890681.03242008,60143330.24766079,-44255742.45602455,275600958.4088614,291488546.2004976,-0.059516539170931526,0.19218966610984506,-0.026051447009200045,-0.04448793330707544,2021-08-02,2022-04-25,False,False,False,False,False,0.0,0,0,False,[],骁琛集团
2022-03-31,季报,2022-04-30,无保留意见,True,967076493.5569434,355919390.20503455,611157103.3519089,0.3680364403191621,41449170.81587808,15648803.61457455,27741746.5504971,111587483.52586806,4958639.950473133,6252066.120940398,3021685.8624990233,203255055.0680395,40000000,15.278927583797723,243905243.10587126,218592557.75442344,45224092.93474245,22289215.380617835,0.5572303845154458,22400551.910855904,99336493.11352989,-38892992.84843296,268552187.5354624,328995687.8005593,-0.07894375222530337,0.8628085036692174,0.004477123144704258,0.029393414785699193,2021-08-02,2022-05-17,False,False,False,False,False,0.0,0,0,False,[],骁琛集团
2022-06-30,半年报,2022-08-27,非标准无保留意见,False,973886507.7204701,343415338.2107638,630471169.5097063,0.3526235711125928,50007827.5851234,19147570.657086886,32453414.745700143,112147334.69107196,5940503.564172066,6814481.153437908,3591027.48446723,231995900.6258429,40000000,15.761779237742656,266604003.70481804,238378298.55596936,100331295.36682346,32426800.855638243,0.8106700213909561,28265344.00220845,98395920.96880734,-43454299.80848976,251504329.30994472,306445950.4702623,0.031602457129057016,0.25802463543269133,-0.015412869206569323,-0.01713553496879487,2021-08-02,2022-09-16,False,False,False,False,False,0.0,0,0,False,[],骁琛集团
2022-09-30,季报,2022-10-27,无保留意见,True,972386935.9535575,290956909.1365102,681430026.8170474,0.2992192700030337,39832623.07371779,18124922.993872944,29963115.383281123,105490484.89142975,5173422.9915468125,5828917.057639932,3306174.255530962,209005273.46158877,40000000,17.035750670426182,274384097.28159016,245007838.31869355,11059507.61863738,11114419.395388804,0.2778604848847201,9470771.089605998,136785794.17996106,-38208135.01817014,257753643.49535736,356331302.65714824,0.08082662581854447,-0.4311907930779679,-0.05340430110955907,0.02403732407673523,2021-08-02,2022-11-26,True,False,False,False,False,6403002.881708802,0,0,True,"['是否影响偿债能力、过去十二个月内是否使用过募集资金补充流动资金以及未来十二个月内是否计划使用募集资金补充流动资金等内容', '充分披露高送转的主要考虑及其合理性且送转股后每股收益不低于0.5元', '结合前述财务报表列报项目的具体情况说明现金分红方案确定的依据及未来增强投资者回报的规划', '留存未分配利润的预计用途以及收益情况']",骁琛集团
2022-12-31,年报,2023-03-30,无保留意见,True,937739726.093623,231758762.960287,705980963.1333361,0.24714614995115225,44437654.63686463,17747016.512288768,27490767.790241823,121540391.45348136,4811835.854252317,6811549.870200501,3266361.0288922135,216218550.31170484,40000000,17.649524078333403,270693725.9868542,241380631.91721144,8299217.019001455,-5271958.992479956,-0.1317989748119989,-5181723.430688764,17048146.186893944,-35107366.469316706,242299330.2030241,224240109.92060134,0.036028550768397886,-0.5828460533869811,-0.052073120051881465,0.06468480253874154,2021-08-02,2023-04-11,False,False,False,False,True,0.0,0,0,False,[],骁琛集团
2023-03-31,季报,2023-04-30,无保留意见,False,1143803381.8728678,306560763.02162904,837242618.8512387,0.26801875906300027,50965697.00642812,21151505.487741277,36870816.98159418,136431521.5901248,5996390.630122216,8250936.918658303,4182309.0214801556,255231494.82532072,40000000,20.931065471280967,269097269.9878361,239987220.03471333,4028226.4927093745,-2280651.4271686487,-0.05701628567921622,-1990588.4035687207,128313419.59184644,-47591720.22822019,290010714.97480553,370732414.3384318,0.18592803853425113,0.25505602882811157,0.020872609111848028,0.05130384475062862,2021-08-02,2023-06-04,False,False,False,True,False,0.0,0,0,False,[],骁琛集团
2023-06-30,半年报,2023-08-27,无保留意见,False,1276034841.8712463,312135326.59872967,963899515.2725166,0.24461348260757332,60287980.135653794,23544388.5458676,40423626.856651746,148008721.70419475,7894353.180413349,9887068.31063254,4537912.620906441,297720370.2688036,40000000,24.097487881812913,267304892.56881836,238352078.16669554,3290523.5166432676,-2560539.1700254027,-0.06401347925063507,-2335916.9543111143,253646895.42650855,-58652356.32772518,349427958.62874335,544422497.7275267,0.15127860618832425,-0.01901495446431406,-0.02340527645542694,0.03245748101868348,2021-08-02,2023-10-18,False,True,False,False,False,0.0,1,0,True,"['公司在相应期间是否按照中国证券监督管理委员会相关规定为中小股东参与现金分红决策提供了便利', '结合前述财务报表列报项目的具体情况说明现金分红方案确定的依据及未来增强投资者回报的规划']",骁琛集团
2023-09-30,季报,2023-10-27,无保留意见,False,1411213256.2700405,440153023.47805005,971060232.7919905,0.3118968883848305,62702284.087003246,23952929.595338132,39981193.85817609,154178670.26654997,6917413.6730689015,8725394.715680484,4642618.495623406,293549128.97723556,40000000,24.276505819799763,260368889.71941787,232272184.60051546,27539474.186217736,-9908575.499143526,-0.24771438747858815,-8685562.237400116,31075907.370334875,-59553386.37613334,347166693.7173749,318689214.71157646,0.007428904575649138,-0.5088857829001813,0.06728340577725714,0.0006648116031660339,2021-08-02,2023-12-07,False,False,False,False,False,0.0,0,0,False,[],骁琛集团
2023-12-31,年报,2024-03-30,无保留意见,False,1235331258.0438554,396478244.4986607,838853013.5451947,0.32094892921796797,56292191.62663255,23387315.763391342,37101734.239792734,126255571.28383934,6747027.533702843,7757538.111128071,4045126.968248083,270850997.8943217,40000000,20.971325338629867,253568731.8783976,226585651.9961054,7296082.306466223,-9714511.20145751,-0.24286278003643774,-8123618.006300076,135509005.87959486,-49166912.047163,322030561.50763905,408372655.3400709,-0.13614729012913424,0.027366052851945183,0.009052040833137492,-0.180947662808027,2021-08-02,2024-05-14,False,False,False,False,False,0.0,0,0,False,[],骁琛集团
2024-03-31,季报,2024-04-30,无保留意见,False,1043315123.5660388,310704081.7315378,732611041.834501,0.29780463707796634,48039040.30166496,20045525.871113803,28849821.829835054,125922602.95849763,5638328.316603734,7456796.26484947,3774111.0319178426,233952319.08162296,40000000,18.315276045862525,247779969.19769213,221338462.2081614,33374387.269831933,-8269660.972436402,-0.20674152431091006,-7495985.411348527,203842183.12483895,-42211251.9117608,249020797.12549728,410651728.3385754,-0.12665147528252843,0.1983189143479514,-0.023144292140001615,-0.15871357694353777,2021-08-02,2024-05-14,False,False,False,False,False,0.0,0,0,False,[],骁琛集团
2024-06-30,半年报,2024-08-27,保留意见,False,1196605577.2090588,418495264.7978652,778110312.4111936,0.3497353453541107,56724754.7273957,20173730.669530146,36153421.55973273,133538177.28288168,6698061.286134193,8796525.290645087,3919121.7301285,259322146.43529227,40000000,19.45275781027984,237312431.55437493,211212642.29277787,62710819.822604634,-14953625.204738842,-0.3738406301184711,-14465457.021976555,193468742.91635287,-50979750.58007812,306891785.1686622,449380777.50493693,0.06210563038028991,-0.7656019097539852,0.05193070827614437,0.014455751392201245,2021-08-02,2024-10-22,False,True,False,False,True,0.0,4,0,True,['上市公司控股子公司向母公司实施利润分配的情况'],骁琛集团
2024-09-30,季报,2024-10-27,无保留意见,False,1572690355.5628548,637165450.7133642,935524904.8494906,0.4051436116840223,69354910.78328238,28301447.514033258,47055830.763767384,193355116.1920285,8779414.280082155,11827831.109764762,5615590.541658178,349738499.17024344,40000000,23.388122621237265,227359020.47886458,201794736.66192245,58905458.66738316,-14219158.67930051,-0.35547896698251275,-13454150.90122198,144299266.38531178,-68294633.37736756,385532451.65277374,461537084.66071796,0.20230369643926652,0.35891104950039265,0.05540826632991158,-0.020512243687776703,2021-08-02,2024-12-21,False,False,False,True,False,0.0,0,0,False,[],骁琛集团
2024-12-31,年报,2025-03-30,保留意见,False,1572340327.0376837,588573543.9723606,983766783.0653231,0.374329611631372,76058719.26949452,28445569.17026475,47244864.2800195,180790461.3894361,8454283.230573496,10433869.816102998,5665330.712420942,369516659.9021817,40000000,24.594169576633078,216848412.2635687,191909974.09262928,56740122.11049312,-15015154.593279865,-0.3753788648319966,-14121089.384704543,299071991.47798645,-69129220.96115692,394967929.57775,624910700.0945796,0.051566642390555924,-0.2862428388323616,-0.030814000052650246,-0.0868871929904825,2021-08-02,2025-04-19,False,False,False,True,False,0.0,0,0,False,[],骁琛集团
2017-03-31,季报,2017-04-30,无保留意见,False,286265805.6044475,108137513.893597,178128291.71085048,0.3777521163076592,725035.98753411,6.728463137948881e-65,2.2482949678561654,7.834118094963124e-09,14437275.664384376,109150949.10745555,361201.36740014266,123420970.48005773,40000000,4.453207292771262,8862262.579950873,7808929.8337097345,29845921.286035415,12660375.114215534,0.31650937785538835,11155614.048156764,-45295246.906504236,-16966161.6134065,77085674.47630087,14824265.956390128,-0.010398379384163936,0.6477986174564185,0.07775211630765923,0.186339922654364,2021-08-11,2017-05-18,False,False,False,False,False,0.0,0,0,False,[],鸾霆实业
2017-06-30,半年报,2017-08-27,保留意见,False,290425147.2139396,119677886.7117294,170747260.5022102,0.4120782510047918,684865.0872648513,6.066929302774318e-65,2.147704780304274,6.6631030436470085e-09,14452919.703805469,116927006.0721532,404993.0155922147,128428424.84612875,40000000,4.268681512555255,31479360.551416196,27371940.84696064,75327146.41701338,32310139.959236182,0.8077534989809045,27947158.59035844,-54926100.94305433,-15417783.259472497,74885531.6744283,4541647.4719014615,-0.04143660244955175,0.6624921218748501,0.03432613469713255,-0.1118226203595462,2021-08-11,2017-09-16,False,False,False,False,False,0.0,0,0,False,[],鸾霆实业
2017-09-30,季报,2017-10-27,无保留意见,False,354158889.2408466,150878587.48172632,203280301.75912026,0.4260194846588221,863008.0975857454,7.315797012236751e-65,2.4288766898001475,8.194306441600677e-09,14107838.171273524,136150461.35244268,436378.21934760036,143253914.93417114,40000000,5.082007543978007,28439798.370586008,24700115.055814877,13831195.20860142,-4342231.686900271,-0.10855579217250677,-3816893.987351089,-11423039.738073707,-18192336.155013498,96273454.99638554,66658079.103298336,0.19053331316252023,-0.7433029327524991,0.01394123365403034,-0.021217899380563454,2021-08-11,2017-11-21,False,False,False,False,False,0.0,0,0,False,[],鸾霆实业
2017-12-31,年报,2018-03-30,无保留意见,False,389435714.278638,168773928.53779563,220661785.74084234,0.4333807156090448,1015179.0634102883,9.42770893868752e-65,2.7713891169627445,1.1111663704062255e-08,19722587.39729595,152300798.91659617,557639.9243690844,176148344.9056074,40000000,5.516544643521058,28159278.02602315,24455193.847055417,1008917.0669487561,-400743.3493755106,-0.010018583734387765,-349887.4410849427,-8094105.6032396825,-18391219.136325352,119464324.74388044,92979000.0043154,0.08550500875544019,0.31138888309763507,0.007361230950222677,0.027003732576213572,2021-08-11,2018-05-20,False,False,False,False,False,0.0,0,0,False,[],鸾霆实业
2018-03-31,季报,2018-04-30,无保留意见,False,448185613.1172253,211722831.78554296,236462781.33168235,0.4723998843090167,1031619.6730887904,1.0115394759493627e-64,3.4803547133278894,1.0509510990886484e-08,19857931.103173614,153137878.4531258,619169.3253972376,190029520.73199245,40000000,5.911569533292059,27261746.544075105,23663646.853037294,4949906.986210852,-1282187.831354348,-0.0320546957838587,-1130781.42002589,-83089323.83999908,-23640830.150916576,130591815.31442633,23861661.323510677,0.07160730408208327,-0.05310144306646872,0.03901916869997191,-0.06460225272824849,2021-08-11,2018-05-31,False,False,False,False,False,0.0,0,0,False,[],鸾霆实业
2018-06-30,半年报,2018-08-27,无保留意见,False,651788390.0243087,362571084.68862844,289217305.33568025,0.5562711613735651,1713190.197485899,1.6014369509884823e-64,5.539870794335513,1.6869962453482722e-08,32592535.270271067,263187243.16727972,863365.5598756208,297504648.03580517,40000000,7.230432633392006,29842499.831248954,26052621.836068273,0.0,3686790.410248354,0.09216976025620885,3412821.40432997,-120118411.58350915,-34518870.974227466,158027868.53575006,3390585.978013456,0.22309863610205982,0.3161367618016815,0.0838712770645485,0.011349523074651738,2021-08-11,2018-10-08,False,False,False,False,False,0.0,0,0,False,[],鸾霆实业
2018-09-30,季报,2018-10-27,无保留意见,False,576910136.5385118,301975393.1200222,274934743.4184896,0.52343575540532,1426352.5374669167,1.3131039500868325e-64,4.422653644211886,1.4023134067835271e-08,29586625.85269042,211973460.25829977,764761.1689225406,252367497.93435338,40000000,6.87336858546224,26622872.359576024,22923125.60696154,3527029.7107672864,-4599467.816675613,-0.11498669541689031,-4470708.898723898,-50589638.99046649,-30001069.983995356,156730135.58782607,76139426.61336422,-0.04938349695435279,-0.40055794362468666,-0.032835405968245246,0.01965461807573796,2021-08-11,2018-12-01,False,False,False,False,False,0.0,0,0,False,[],鸾霆实业
2018-12-31,年报,2019-03-30,无保留意见,False,486388317.81451786,240961572.31873998,245426745.4957779,0.4954098679866519,1254652.962225924,1.089503457944987e-64,4.026882559739255,1.2836120825055298e-08,24331622.15118405,182001487.2435151,649831.2249299657,219832721.9081577,40000000,6.135668637394447,24105301.533937618,20678902.112940624,12679556.344477767,-3596529.750912009,-0.08991324377280022,-3206033.5628870255,-35771264.68986833,-25580226.95254156,132715585.20454213,71364093.56213224,-0.10732727903288795,0.08087863092781676,-0.028025887418668054,0.012890096006714024,2021-08-11,2019-05-13,False,False,False,False,False,0.0,0,0,False,[],鸾霆实业
2019-03-31,季报,2019-04-30,无保留意见,False,494280018.3892461,242237924.64265493,252042093.74659115,0.4900823736149744,1290798.235818509,1.0022921783781617e-64,3.3647547969093443,1.2160971705413015e-08,22283365.76703494,185540225.62907755,638566.3486428462,205079668.70825756,40000000,6.301052343664779,23552958.264212467,20120750.64969276,1848482.221658626,-789061.8138930742,-0.019726545347326853,-797359.2332112377,-35284097.0028516,-27205638.03519068,136586418.59054813,74096683.55250585,0.026954471638573035,0.2094582884018386,-0.0053274943716775085,0.040911034759661485,2021-08-11,2019-06-09,False,False,False,False,False,0.0,0,0,False,[],鸾霆实业
2019-06-30,半年报,2019-08-27,无保留意见,False,386363503.4930908,169554498.51861727,216809004.97447354,0.43884708826192054,1069750.6721882406,7.976769233868724e-65,3.2750368754693024,9.340274399395201e-09,19630834.481876083,147622912.69811726,457419.1849779103,170078468.61008704,40000000,5.4202251243618385,25603236.096672956,21974911.24511164,1688148.3220510304,2928968.332086414,0.07322420830216035,2648800.8505984033,-4897416.856687042,-19858181.177461307,110568335.60886952,85812737.57472117,-0.13979049391464662,0.2293531752015383,-0.05123528535305383,0.006961729875809731,2021-08-11,2019-10-02,False,False,False,False,False,0.0,0,0,False,[],鸾霆实业
2019-09-30,季报,2019-10-27,非标准无保留意见,False,493201478.1489365,255920325.18001607,237281152.9689204,0.5188961033542027,1238899.5442886692,1.1301316114739724e-64,3.7218103423398885,1.2497289686840879e-08,21762033.97573064,188091403.44982162,602308.5630474434,206968078.8813504,40000000,5.932028824223011,37668429.34876263,32453225.083764404,30406896.442143258,17235990.360128105,0.4308997590032026,14969019.76950395,-70251928.00326894,-25080418.247559812,129454374.1167107,34122027.865881935,0.09442480489616756,0.7179007859130783,0.08004901509228207,0.15459534116723606,2021-08-11,2019-11-21,False,False,False,False,False,0.0,0,0,False,[],鸾霆实业
2019-12-31,年报,2020-03-30,保留意见,False,414225010.3305934,198875928.54133523,215349081.78925818,0.4801156945656472,1129770.7689889644,9.491336379183039e-65,3.018234072930273,1.0155972300797802e-08,20166531.205286223,154599798.6971068,606493.484526221,183119483.21432123,40000000,5.3837270447314545,60039826.41992654,51722536.464298755,96692018.23888087,31959138.673091292,0.7989784668272824,27527587.686477643,-13493890.241694428,-22091435.929039408,110231733.26055819,74646407.08982435,-0.09243073419545868,0.4300488508756577,-0.03878040878855544,-0.03429587973698487,2021-08-11,2020-04-12,False,False,False,False,False,0.0,0,0,False,[],鸾霆实业
2020-03-31,季报,2020-04-30,无保留意见,False,472067369.33268195,236305093.2675857,235762276.06509626,0.5005749361613966,1395260.1856644135,1.109272104903257e-64,4.097019812299494,1.373713609718258e-08,27548745.00791393,211049780.39718243,701302.9676065887,228282656.7691835,40000000,5.8940569016274065,105100934.61316596,92511685.19039677,189608270.70169458,64373011.70462777,1.6093252926156942,58270212.465854324,-78502545.83595136,-24107993.857712124,135681907.7247367,33071368.031073213,0.09479118325572677,0.6620597075444802,0.02045924159574935,0.07854413938807345,2021-08-11,2020-06-05,False,False,False,False,False,0.0,0,0,False,[],鸾霆实业
2020-06-30,半年报,2020-08-27,无保留意见,False,524691181.0863378,310852113.7357184,213839067.35061938,0.5924477577307856,1213643.8537059973,1.1064217005109643e-64,4.007192209368729,1.2520449449314247e-08,22202674.877321992,171074039.7772537,664061.5609808845,214715191.97714648,40000000,5.3459766837654845,112491690.34828605,98949823.53107019,29753470.454729732,10558222.478742987,0.26395556196857467,9197340.486676315,-59695624.32896939,-26463149.530258562,155572582.14265147,69413808.28342351,-0.09298862006415162,-0.6613346132649565,0.09187282156938902,-0.0058868646876636555,2021-08-11,2020-09-21,False,False,False,False,False,0.0,0,0,False,[],鸾霆实业
2020-09-30,季报,2020-10-27,无保留意见,False,523580060.89078486,321739397.2208219,201840663.6699629,0.614498949164404,1242023.5074507594,1.130763937045518e-64,4.142948141569404,1.4041881613154344e-08,25912824.678833492,195972460.9930447,740034.3681471461,234687069.36184293,40000000,5.046016591749073,117046758.0973481,103004589.10598822,14430420.700519474,6507239.641517203,0.16268099103793007,5792522.249882908,-38796179.12703005,-27597612.116108995,147252760.53647542,80858969.29333638,-0.056109502483862844,-0.1469972470231165,0.022051191433618465,-0.04853885476302765,2021-08-11,2020-11-13,False,False,False,False,False,0.0,0,0,False,[],鸾霆实业
2020-12-31,年报,2021-03-30,无保留意见,False,394806147.8274963,233043737.0502145,161762410.7772818,0.5902738301634526,1104563.2416078458,9.899072450215625e-65,3.493993898038298,1.0478959998772162e-08,18184485.952551305,151888633.75225705,540072.334438444,174323244.82527733,40000000,4.044060269432045,116478507.40224317,102445802.40830162,466307.51442479104,-811786.7072927393,-0.020294667682318482,-798266.7109808674,-60972849.30736011,-20915667.053305063,98786929.67485271,16898413.31418754,-0.19856381842964274,-0.31135201156853315,-0.024225119000951433,-0.08064983981563256,2021-08-11,2021-04-29,False,False,False,False,False,0.0,0,0,False,[],鸾霆实业
2021-03-31,季报,2021-04-30,非标准无保留意见,False,426891565.33461976,266942357.7000367,159949207.6345831,0.6253165425997429,987046.9658425011,9.383928504268335e-65,3.373703971004227,1.0799977867327168e-08,20926724.48006714,154104659.021064,554269.2098229798,181654847.1714479,40000000,3.998730190864577,120816599.84861335,106430754.94110797,20346856.096231513,6197274.923385974,0.15493187308464934,5692789.332580498,-14104811.508952623,-21955389.759814356,115680298.46258247,79620097.1938155,-0.011209051188011658,0.432973145580944,0.0350427124362903,-0.02535177132916382,2021-08-11,2021-06-20,False,False,False,False,False,0.0,0,0,False,[],鸾霆实业
2021-06-30,半年报,2021-08-27,无保留意见,False,508711744.80649555,334485877.9359369,174225866.87055865,0.6575155406784821,1242716.958331214,1.1307732929423599e-64,3.8891369308200257,1.1700461410994701e-08,24793793.885698427,189554383.96521002,673599.1472917651,215665325.38948464,40000000,4.355646671763966,127465832.40006298,112525135.4938923,0.0,9498903.64492805,0.23747259112320124,8706257.932549043,-52836211.77053738,-28458476.730998352,147610618.28208378,66315929.78054805,0.08925745520785419,0.14232830073560016,0.0321989980787392,0.06669636593476361,2021-08-11,2021-09-25,False,True,False,True,False,0.0,0,0,True,"['充分披露高送转的主要考虑及其合理性且送转股后每股收益不低于0.5元', '是否影响偿债能力、过去十二个月内是否使用过募集资金补充流动资金以及未来十二个月内是否计划使用募集资金补充流动资金等内容', '上市公司控股子公司向母公司实施利润分配的情况']",鸾霆实业
2021-09-30,季报,2021-10-27,无保留意见,False,483225484.6529602,291028260.53742594,192197224.11553425,0.6022618214071114,1099987.1873110824,9.684080235964195e-65,3.6200739942253937,1.0719939366633992e-08,21572517.21611399,152614895.14503226,601458.3553559537,191076678.74657455,40000000,4.804930602888356,140929443.42912185,125802939.89301057,81522954.66711523,19233730.041512653,0.48084325103781633,18968291.998740416,-96403444.77152885,-27293184.526823908,134639168.23563352,10942538.93728076,0.10314976511683809,0.3673671381664074,-0.05525371927137077,0.10789651595461913,2021-08-11,2021-12-14,False,False,False,False,False,0.0,0,0,False,[],鸾霆实业
2021-12-31,年报,2022-03-30,无保留意见,False,442458968.2245797,242815225.4857887,199643742.738791,0.5487858602123362,1001283.2241634062,1.0121036108260485e-64,3.3363310096506913,1.0786298507946415e-08,20600046.72358808,152282290.31130362,566648.3894898357,176045626.7006491,40000000,4.991093568469775,155339811.50029242,139352338.61970833,83934574.09710145,20586240.101672217,0.5146560025418054,19356283.895282507,-72988081.53285168,-25136569.760387555,118473489.71627302,20348838.42303379,0.03874415282283384,0.0373273758624909,-0.05347596119477512,-0.003095197250007222,2021-08-11,2022-04-13,False,True,True,False,False,0.0,2,2,True,"['充分披露高送转的主要考虑及其合理性且送转股后每股收益不低于0.5元', '公司为增强投资者回报水平拟采取的措施']",鸾霆实业
2022-03-31,季报,2022-04-30,无保留意见,False,486706120.7546145,258388645.23385212,228317475.52076232,0.5308925329174676,1143643.665075901,9.383311292689716e-65,3.6455871144210055,1.1728310528902358e-08,23172306.750128087,179812316.83201414,586646.9702262797,197493709.30322444,40000000,5.707936888019058,164154583.6911686,147063661.32030466,49236182.43997057,12592531.701251708,0.3148132925312927,11016175.286566202,-44464799.221513174,-25453084.2825269,134590886.7052675,64673003.20122741,0.14362450026539206,-0.2126764576291009,-0.01789332729486859,0.09425495254965738,2021-08-11,2022-05-10,True,False,False,False,False,6294026.795469703,0,0,True,"['公司为增强投资者回报水平拟采取的措施', '结合前述财务报表列报项目的具体情况说明现金分红方案确定的依据及未来增强投资者回报的规划', '根据公司盈利能力、融资能力及其成本、偿债能力及现金流等情况披露现金分红方案的合理性，是否导致公司营运资金不足或者影响公司正常生产经营', '留存未分配利润的预计用途以及收益情况']",鸾霆实业
2022-06-30,半年报,2022-08-27,无保留意见,False,513160239.13547194,268566524.93858856,244593714.1968834,0.5233580165740164,1381265.3502746096,1.191916966652633e-64,3.9678608976504286,1.3230624522961788e-08,26376709.426706582,207576090.6273396,718988.3731643629,228858130.97452527,40000000,6.1148428549220855,169446185.24300084,151530029.78719687,36383716.60010839,7559430.788331758,0.18898576970829395,6380526.381274584,-86396087.64318013,-26136073.95076352,136905740.57773575,24373578.983792096,0.07128774807533736,-0.17008010547157948,-0.007534516343451166,0.018525138384948972,2021-08-11,2022-10-14,False,False,False,False,False,0.0,0,0,False,[],鸾霆实业
2022-09-30,季报,2022-10-27,非标准无保留意见,False,536604620.13164306,273260044.3052446,263344575.82639843,0.5092390822840974,1490094.6922802788,1.1613571335407521e-64,3.923275351274627,1.3985297808064998e-08,27208311.758093443,205597143.03875026,727329.9618542123,238294931.7419184,40000000,6.583614395659961,185865425.57159084,164906874.5909908,82735886.57383952,23456057.612271443,0.5864014403067861,19109778.29113422,-84926657.64673442,-28937527.493077304,154008181.5460816,40143996.40626988,0.07666125718350111,0.6472717939168282,-0.01411893428991901,0.12694775512111942,2021-08-11,2022-11-26,False,False,False,False,False,0.0,0,0,False,[],鸾霆实业
2022-12-31,年报,2023-03-30,无保留意见,False,472616633.25961745,208172192.44243297,264444440.81718445,0.4404673424349836,1212085.8163530678,9.99340203607131e-65,3.381732591955099,1.1461266072736315e-08,21936342.843871873,176975396.54066417,590830.1489131838,195257935.88949442,40000000,6.611111020429611,203494239.6303284,180140820.78119212,28358248.0674454,25184020.08391075,0.6296005020977687,21762780.271716136,-81589426.8244532,-24410424.47009107,143520114.9955526,37520263.70100832,0.004176524188259969,0.042712082531620024,-0.06877173984911383,0.08929803807952338,2021-08-11,2023-04-19,False,False,False,False,False,0.0,0,0,False,[],鸾霆实业
2023-03-31,季报,2023-04-30,无保留意见,False,614838463.2907304,346822141.11724305,268016322.17348728,0.5640866045708757,1702276.9114023508,1.4037117491637068e-64,5.1970803650139885,1.5261311539304322e-08,32226675.305269472,244612190.8391348,897691.913231192,277515899.583533,40000000,6.700408054337182,241578175.8834433,214675502.28651133,228950098.18137994,54405623.218735576,1.3601405804683895,49335259.29331315,-115899472.39752375,-30503523.3595181,181327342.316601,34924346.55955917,0.013507114557844565,0.6927173625628469,0.12361926213589207,0.015207898112620726,2021-08-11,2023-05-21,False,True,True,False,True,0.0,1,9,True,"['上市公司控股子公司向母公司实施利润分配的情况', '是否影响偿债能力、过去十二个月内是否使用过募集资金补充流动资金以及未来十二个月内是否计划使用募集资金补充流动资金等内容', '结合前述财务报表列报项目的具体情况说明现金分红方案确定的依据及未来增强投资者回报的规划']",鸾霆实业
2023-06-30,半年报,2023-08-27,非标准无保留意见,False,730025322.2326443,431479606.0867753,298545716.145869,0.5910474512954929,2023721.9169886708,1.6186980539665822e-64,5.851099282638559,1.9375580188830374e-08,35558570.70040571,271591502.35304344,1076812.393017969,323385009.73240995,40000000,7.463642903646726,279270979.7490615,249245096.81991065,193127887.1058292,53846862.665168956,1.346171566629224,49385135.04771337,-24435647.784928657,-35060353.849575974,223430135.8487987,163934134.21429408,0.11390871169637198,-0.00782516177829562,0.026960846724617262,-0.08701743752383724,2021-08-11,2023-10-01,False,True,False,False,False,0.0,2,0,True,['结合前述财务报表列报项目的具体情况说明现金分红方案确定的依据及未来增强投资者回报的规划'],鸾霆实业
2023-09-30,季报,2023-10-27,无保留意见,False,783668073.672875,502028742.1960789,281639331.47679615,0.6406140036344516,2178143.743839766,1.800693794120385e-64,6.437807741039197,2.175994472130442e-08,36838665.7712456,325261878.6857935,1032744.3836285886,359868936.2020721,40000000,7.040983286919904,319385230.28412145,288366057.56708866,228654715.1321147,57306072.19294272,1.4326518048235681,55887086.78168283,-133353339.12684578,-41526619.2394795,228638448.9250296,53758490.55870435,-0.05662913166977876,0.04882657322628993,0.04956655233895879,-0.03910306257604363,2021-08-11,2023-11-17,True,True,False,False,False,31611287.426609512,4,0,True,"['结合所处行业特点、发展阶段和自身经营模式、盈利水平、偿债能力、资金需求等因素，未进行现金分红或现金分红水平较低原因的说明', '结合前述财务报表列报项目的具体情况说明现金分红方案确定的依据及未来增强投资者回报的规划']",鸾霆实业
2023-12-31,年报,2024-03-30,非标准无保留意见,False,775395329.330812,449731408.1228767,325663921.20793533,0.5800027303633716,2042991.7581451468,1.7119632610933734e-64,6.186176440842879,1.9365122494083636e-08,36551611.48352318,300680611.13141686,1022490.9649970545,330913084.16296405,40000000,8.141598030198383,344933689.51887304,311365055.2516949,144556756.91165075,36497798.90678798,0.9124449726696994,32855710.978008952,-42292869.198726274,-39822697.33577615,202979371.55327538,120863805.01877296,0.15631548867941505,-0.28003462801968737,-0.06061127327108012,0.08084322856650114,2021-08-11,2024-05-11,False,False,False,True,False,0.0,0,0,False,[],鸾霆实业
2024-03-31,季报,2024-04-30,无保留意见,True,802090008.6690309,474824206.6231706,327265802.0458603,0.5919836944622744,2057576.3651492842,1.8785285935052437e-64,7.11087605178807,2.02904651836263e-08,36889844.811838016,324767431.43018836,1088376.5452482982,362333153.21321845,40000000,8.181645051146507,359763280.7605064,324809374.9053295,21447852.831862137,21185130.34519045,0.5296282586297613,19206170.93376382,-68096789.12937109,-41955495.8715835,213667884.11956468,103615599.11861008,0.004918815790165871,-0.2862298800045512,0.011980964098902827,-0.013009478346265058,2021-08-11,2024-05-28,False,True,True,False,False,0.0,4,3,True,"['根据公司盈利能力、融资能力及其成本、偿债能力及现金流等情况披露现金分红方案的合理性，是否导致公司营运资金不足或者影响公司正常生产经营', '公司在相应期间是否按照中国证券监督管理委员会相关规定为中小股东参与现金分红决策提供了便利', '是否影响偿债能力、过去十二个月内是否使用过募集资金补充流动资金以及未来十二个月内是否计划使用募集资金补充流动资金等内容']",鸾霆实业
2024-06-30,半年报,2024-08-27,无保留意见,False,1058646316.3335164,653583639.5757551,405062676.7577613,0.6173767664344754,2561020.709903208,2.1559252775027175e-64,7.433705925199906,2.557613562286457e-08,46290258.83135301,365937767.248598,1368304.0845842904,433812114.407775,40000000,10.126566918944032,386179886.38290745,350563016.2786426,102570589.92548692,37738008.03200155,0.9434502008000387,36790916.24759004,-30968197.02001375,-52057534.23211583,309388168.502732,226362437.2506024,0.23771770293615713,0.43349014491176135,0.025393071972201028,-0.028469666858024722,2021-08-11,2024-09-23,False,False,False,False,False,0.0,0,0,False,[],鸾霆实业
2024-09-30,季报,2024-10-27,无保留意见,True,1529560971.2562103,1098999497.2238102,430561474.0324001,0.718506498188964,3981167.4820107273,3.5515602311525315e-64,12.553445098721594,3.733444495979641e-08,84565751.92654477,536869339.4432959,2181564.6422927016,673078059.3867891,40000000,10.764036850810001,406837135.8507183,367513252.4956816,0.0,29510356.382587,0.737758909564675,24214623.167198565,-259537401.19242287,-82901900.66708685,442368676.23521674,99929374.37570703,0.0629502512518271,-0.15030966498825482,0.10112973175448857,0.06073363398091128,2021-08-11,2024-11-13,False,False,False,False,False,0.0,0,0,False,[],鸾霆实业
2024-12-31,年报,2025-03-30,无保留意见,False,1327598021.008772,868174284.5228828,459423736.4858891,0.6539436416628603,3064698.214375968,2.8444348894950033e-64,9.971668768964626,3.362996163116499e-08,65871276.23895974,537286212.09438,1754647.9651255852,584011226.350646,40000000,11.485593412147226,427148024.0846813,385678836.41915137,84123796.49396837,29015554.619947113,0.7253888654986779,25950834.176385436,-115642271.12045044,-69905663.8688402,369077436.85407954,183529501.8647889,0.06703401069115897,-0.0106385287304558,-0.06456285652610372,0.04104249608083035,2021-08-11,2025-05-26,False,False,False,False,False,0.0,0,0,False,[],鸾霆实业
2017-03-31,季报,2017-04-30,无保留意见,False,296042079.82352495,96147379.16975719,199894700.65376776,0.32477605625211137,33472845.891882338,38932.053024282395,328644.3994915815,22501910.43043432,11119585.642149586,101437759.33624446,1462164.521694677,168437359.78525087,40000000,4.997367516344194,10282763.280238293,9056715.272870237,27998232.598803688,14689661.828911848,0.3672415457227962,12938164.675528912,-51701663.98591824,-38278490.61184401,25928714.763562515,-64051439.83419974,0.11052611474315428,0.7605367682728805,0.024776056252111406,0.005298813479104155,2021-05-10,2017-06-20,False,False,False,False,False,0.0,0,0,False,[],沅祺环保
2017-06-30,半年报,2017-08-27,非标准无保留意见,False,285128579.6603782,67012593.08768996,218115986.57268828,0.2350258720732585,30560746.23731117,39081.22298568619,340454.6611044977,20678847.324160576,9669085.587484386,93894309.35717534,1335529.1059738002,160428266.71313712,40000000,5.452899664317207,22259236.21066462,19267039.014393445,11746558.86568798,17109247.04346618,0.4277311760866545,14586176.77360458,-22759751.051154755,-34820513.646880046,25327425.558639646,-32252839.139395155,0.09115442209986897,0.07635250977487044,-0.08975018417885289,-0.04147708218216879,2021-05-10,2017-10-01,False,False,False,False,False,0.0,0,0,False,[],沅祺环保
2017-09-30,季报,2017-10-27,非标准无保留意见,False,277477242.79624474,71094829.39130542,206382413.40493932,0.25621859535166025,33374693.596553247,42221.755722930015,359597.06517861644,22224286.527154032,10388636.500999277,94326911.63817969,1586904.5253568497,172059811.41508856,40000000,5.159560335123483,47724275.81317588,42943518.45459967,121409526.66884129,36378628.00358752,0.9094657000896881,33823542.05743747,-50104676.092976235,-41040158.79435292,24365528.999174923,-66779305.88815424,-0.053795108520570054,0.5649312907894429,0.021192723278401746,-0.08768903928084334,2021-05-10,2017-11-22,False,False,False,False,False,0.0,0,0,False,[],沅祺环保
2017-12-31,年报,2018-03-30,无保留意见,True,286957067.3560347,88796534.73321193,198160532.62282276,0.30944188115443727,36096762.267939,39956.36066476328,332228.6262258295,23451065.394331064,10629367.265727893,94515387.030689,1471880.560906145,168119564.84203058,40000000,4.9540133155705695,69468143.50126228,61780229.82234389,16542731.805924777,31062668.125837713,0.7765667031459428,26909587.668206036,-14892645.183326034,-40178274.25053691,22336712.884642705,-32734206.54922024,-0.03983808817074246,-0.09958966868523716,0.05322328580277699,0.08527674008009284,2021-05-10,2018-04-21,False,False,False,False,False,0.0,0,0,False,[],沅祺环保
2018-03-31,季报,2018-04-30,无保留意见,False,308149015.2173326,109148453.4969421,199000561.72039053,0.3542067250156922,35174263.466737024,40443.59346652192,352369.8895086241,22689333.639861327,11103260.113461744,105710421.23503333,1392684.1916340487,171401371.8868956,40000000,4.975014043009764,80847103.88639407,70835289.44965549,28168047.62914357,16255657.693045422,0.40639144232613555,12935799.46758799,-4619472.00813717,-38705076.63895517,26779043.971845813,-16545504.67524653,0.004239134233488763,-0.30807716279971326,0.04476484386125497,0.2211376558931943,2021-05-10,2018-06-20,False,False,False,False,False,0.0,0,0,False,[],沅祺环保
2018-06-30,半年报,2018-08-27,无保留意见,False,317103153.3135978,84900345.24864213,232202808.06495568,0.2677373099619741,34176036.21815083,40638.62694883371,336282.08004511456,21418835.559666112,9824744.559320975,99777558.06903204,1384674.2868417413,172820374.8461146,40000000,5.805070201623892,88701597.76343338,77625922.87746353,27286912.429878198,11220705.538627584,0.2805176384656896,9700904.896868631,-51214357.30845018,-40060356.64089033,27434011.84520575,-63840702.10413475,0.1668449880619765,-0.1514013705845538,-0.08646941505371812,0.11147313278902392,2021-05-10,2018-10-08,False,False,False,False,False,0.0,0,0,False,[],沅祺环保
2018-09-30,季报,2018-10-27,无保留意见,False,395342127.2321936,136374981.44483185,258967145.78736177,0.3449543371448893,45732438.250851214,55879.0417738926,461660.5347325729,30950015.276061177,14070117.458476,136919851.87075502,2003662.4596509975,239412760.31832543,40000000,6.474178644684044,87174355.09912594,76255507.60026707,10271688.204678418,-2181775.2347249184,-0.05454438086812296,-1957736.1102806556,-22893831.86751501,-56976871.139056414,37480491.4311774,-42390211.57539403,0.11526276510368073,-0.47491657340060556,0.07721702718291523,0.14485546448654674,2021-05-10,2018-12-13,False,False,False,False,False,0.0,0,0,False,[],沅祺环保
2018-12-31,年报,2019-03-30,无保留意见,False,379451382.6551007,152337017.9547133,227114364.7003874,0.4014664985242097,42944068.400050506,52872.43797793868,462393.5395215117,30744288.66581639,12611385.666624902,140272772.89568642,1883980.480512018,226608731.49669966,40000000,5.677859117509684,88563754.57872158,77570202.45152082,6734689.886811168,1984856.3994223438,0.0496214099855586,1878135.5017910567,-43959272.253826156,-54123278.00471958,34410112.641753,-63672437.61679272,-0.12299931325315189,0.2811829149677441,0.05651216137932034,0.15340129694909846,2021-05-10,2019-04-22,False,False,False,False,False,0.0,0,0,False,[],沅祺环保
2019-03-31,季报,2019-04-30,保留意见,False,397740426.01388836,165190494.823541,232549931.19034737,0.41532236609454637,47667865.052862175,54396.46523065678,522922.96277291526,33354815.330199786,14135837.087241353,152285406.15338865,2054937.6943894154,240189778.7769505,40000000,5.813748279758684,83651419.47285932,72904793.11645563,6114460.429071946,-7017621.579803219,-0.17544053949508048,-6664870.478664549,-74490184.33472255,-54779132.11037359,35360333.822898895,-93908982.62219724,0.02393316907598811,-0.47419257695831113,0.013855867570336711,0.038320339121354845,2021-05-10,2019-06-06,False,False,False,False,False,0.0,0,0,False,[],沅祺环保
2019-06-30,半年报,2019-08-27,无保留意见,False,327828611.7192333,113313781.68325423,214514830.03597903,0.3456494571630041,32737399.210886862,37268.18770836089,325637.99378852034,23993691.75289709,11431165.535574794,98746991.70595191,1351379.8056884755,172639341.96180084,40000000,5.362870750899476,80603199.63604955,70055567.93239173,15861714.57338391,-4354599.76687111,-0.10886499417177774,-4070321.6915198457,-54138727.282899484,-41624207.259264424,28677279.20198708,-67085655.34017683,-0.07755367228901135,0.2667722761886256,-0.06967290893154225,-0.07700927589349087,2021-05-10,2019-09-10,False,False,False,False,False,0.0,0,0,False,[],沅祺环保
2019-09-30,季报,2019-10-27,无保留意见,False,278807020.422637,97126659.33267748,181680361.08995947,0.3483651853007341,34211883.36591687,39711.453119283775,359878.6403128457,23900311.500606522,11147469.635019155,96742371.34064646,1494363.9510969326,173604916.38553694,40000000,4.542009027248987,81616409.57110955,71009046.04188502,6524138.739548478,1447442.764371425,0.036186069109285623,1362111.584990395,-27550053.06863764,-39313403.8985597,23873781.265252665,-42989675.70194467,-0.15306386481770273,0.45882632611675866,0.0027157281377300038,-0.07050994862433854,2021-05-10,2019-12-17,False,False,False,False,False,0.0,0,0,False,[],沅祺环保
2019-12-31,年报,2020-03-30,非标准无保留意见,True,264757864.80523288,98280404.40542416,166477460.3998087,0.37120863048855374,30473221.2170833,36213.38658892809,326120.0762608269,21161786.31564333,9765587.685749223,93928126.81007111,1220088.4089097662,153718503.07546708,40000000,4.1619365099952175,79096087.29449284,68742017.72797406,2383633.9792124205,-3600460.3951667193,-0.09001150987916798,-3238611.8770156438,-13783168.725887269,-33717857.84350984,20717276.489465706,-26783750.0799314,-0.08367938394080475,-0.27363701430137743,0.022843445187819625,0.02440489834154457,2021-05-10,2020-04-24,False,False,False,False,False,0.0,0,0,False,[],沅祺环保
2020-03-31,季报,2020-04-30,保留意见,False,310340757.4311731,139184908.56160274,171155848.8695703,0.44849058729410035,37769453.53443801,43048.63508413046,392797.12595434696,22225483.349979017,13671932.476005195,114641938.92104867,1497957.5973937917,193110228.0462051,40000000,4.278896221739258,80940592.16674675,70357038.87046704,7308058.516949844,2635006.960362736,0.06587517400906841,2307173.060704247,-21106913.66498864,-40748832.72309547,25468341.78201387,-36387404.60607024,0.02810223353075019,0.4653493731441559,0.07728195680554661,0.11215819525885258,2021-05-10,2020-05-15,False,False,False,False,False,0.0,0,0,False,[],沅祺环保
2020-06-30,半年报,2020-08-27,保留意见,False,289833037.22207177,121929807.82246101,167903229.3996108,0.42068981849380294,34436807.14386663,40282.81173093126,358506.93696231896,22423370.39248903,11546693.121912334,113596827.81670246,1480039.355269114,176475041.76978788,40000000,4.19758073499027,86404717.49021073,75352646.70355928,5518254.060085339,7805893.319234233,0.19514733298085582,7136582.618703209,-39215765.09388704,-39305997.685218506,27598013.399797976,-50923749.37930757,-0.019003846444290762,0.26335037055550764,-0.027800768800297394,-0.0558984705842621,2021-05-10,2020-10-15,False,False,False,False,False,0.0,0,0,False,[],沅祺环保
2020-09-30,季报,2020-10-27,无保留意见,False,337800244.8585403,171676707.8810145,166123536.97752577,0.5082196075757941,39575738.77813654,46011.41120594792,460241.2236706112,29034661.619814523,13902846.585588967,116821192.34637117,1644236.1272925315,203544994.16459945,40000000,4.1530884244381445,90444529.56635822,79123596.07486181,7739579.8124621045,5771160.108782142,0.14427900271955357,5387070.5304322,-49114101.90322485,-43052948.51853953,30975160.400671177,-61191890.0210932,-0.010599512757728562,-0.08202620176852832,0.08752978908199116,0.08341149041438324,2021-05-10,2020-11-16,False,False,False,False,False,0.0,0,0,False,[],沅祺环保
2020-12-31,年报,2021-03-30,无保留意见,False,348836841.4063059,199495151.82889038,149341689.5774155,0.5718867050413676,40079347.816451155,42303.49133431858,364897.4324789074,25402616.26616651,12086025.709286796,123012253.40030357,1658855.0022564973,197671537.40764874,40000000,3.7335422394353874,97035976.0609676,84721751.53127508,5437411.00574112,9416352.135156259,0.23540880337890646,7997364.937733238,-30104518.582361702,-46743340.68269204,30308827.88674891,-46539031.37830484,-0.1010202871034502,0.16007932880715545,0.06366709746557349,-0.008120714094612153,2021-05-10,2021-04-27,False,False,False,False,False,0.0,0,0,False,[],沅祺环保
2021-03-31,季报,2021-04-30,无保留意见,False,329138955.74273884,173251343.17943826,155887612.5633006,0.5263775076045837,41662191.338905156,44797.711195164695,377768.8145608341,25176053.223918248,11959093.605478974,121646260.48471843,1464383.836461017,187422004.28421372,40000000,3.8971903140825153,97591829.44365546,85189091.93607548,2030799.8144412593,794076.2609826624,0.01985190652456656,667629.149714875,-6550927.619028561,-42296052.16458527,29008113.04584085,-19838866.737772983,0.04383185301042042,-0.3263991875206198,-0.04550919743678398,0.05999645619398364,2021-05-10,2021-05-26,False,False,False,False,False,0.0,0,0,False,[],沅祺环保
2021-06-30,半年报,2021-08-27,无保留意见,False,328836825.35159576,175259903.52940568,153576921.8221901,0.5329692115292013,33039586.80797246,43240.84016470675,334778.98707779177,26584549.69836902,10779847.787284574,108680316.18789671,1514342.008186955,172775339.10672882,40000000,3.8394230455547524,97357508.88072464,84951941.44905019,1408215.778425583,-334743.66132975183,-0.008368591533243796,-338786.4100361245,-40452492.59380715,-44346911.328341536,28444946.119943995,-56354457.8022047,-0.014822798958270215,-0.06343796136175926,0.00659170392461765,-0.004546507085372979,2021-05-10,2021-10-23,False,False,False,False,False,0.0,0,0,False,[],沅祺环保
2021-09-30,季报,2021-10-27,无保留意见,False,327232778.92633235,183721019.14257854,143511759.78375378,0.5614383123395422,40122727.32502794,50219.609694285864,418808.88649925025,27260152.014848966,12937997.515504112,121633357.6939818,1784547.2426814267,200501101.09941897,40000000,3.5877939945938446,91979905.2268871,80152552.40663992,11692251.89286355,-7682290.934053617,-0.1920572733513404,-6856270.060586087,-29148597.981811576,-43989963.34420106,29757431.34417711,-43381129.98183553,-0.06553824571435062,-0.4408901443462669,0.02846910081034095,-0.09199131186201692,2021-05-10,2021-11-07,False,False,False,True,False,0.0,0,0,False,[],沅祺环保
2021-12-31,年报,2022-03-30,无保留意见,False,357388000.2768011,210587468.17720962,146800532.09959152,0.5892404557906454,35778954.40285327,51434.9816480398,405424.71277768916,28397744.42603683,14041384.753264919,126231370.05275328,1667021.1770924376,208110245.03743473,40000000,3.6700133024897883,89649034.6517473,78036397.11409864,12216721.864278464,-3329815.1073425934,-0.08324537768356484,-3023078.9893446965,-7282684.208837736,-49919211.47484409,33999510.7360458,-23202384.94763603,0.022916395985899278,0.46711866574779687,0.027802143451103264,-0.09816555705477203,2021-05-10,2022-04-19,False,False,False,False,False,0.0,0,0,False,[],沅祺环保
2022-03-31,季报,2022-04-30,非标准无保留意见,False,503148102.0659869,331745472.8416186,171402629.2243683,0.6593396089132237,62562972.63994528,77421.6275221449,657557.8121264958,42024863.74814285,20809920.246043406,211172762.16013825,2822050.9954654155,325301531.17332494,40000000,4.285065730609207,93535134.86134243,81428187.2736851,8831523.201909453,5551571.727993034,0.13878929319982586,4845414.51369494,-40292363.159402244,-74336690.38551031,42345026.241696976,-72284027.30321556,0.16758861002006695,0.6496903227772757,0.07009915312257824,-0.061066596513522566,2021-05-10,2022-05-16,False,False,False,True,False,0.0,0,0,False,[],沅祺环保
2022-06-30,半年报,2022-08-27,保留意见,False,520819008.48771334,346164074.8170343,174654933.67067906,0.6646533040761715,58746576.991276786,78872.54898259952,684009.9895703915,42374115.21771953,19520015.54136908,181498345.9415156,2493607.4494895735,314170357.2206584,40000000,4.366373341766977,103868614.5487823,90897266.6761709,57096604.27229109,14762113.839199815,0.3690528459799954,13527256.289265435,-69409578.93406235,-62275574.18982219,45573752.60866371,-86111400.51522082,0.018974647361175743,0.4084212941918292,0.005313695162947693,0.13269677681736647,2021-05-10,2022-10-15,True,False,False,True,False,3473759.834896888,0,0,True,['公司在相应期间是否按照中国证券监督管理委员会相关规定为中小股东参与现金分红决策提供了便利'],沅祺环保
2022-09-30,季报,2022-10-27,无保留意见,False,451057199.4760754,274899316.5248711,176157882.9512043,0.6094555565107482,47216724.003205374,62026.017363786814,521873.2858568516,36234287.42800249,15978494.389846,152019544.99497658,2194197.9021363994,262373490.09483624,40000000,4.403947073780108,102591548.72244285,89737202.70731236,7562229.49988594,-1824379.7519134916,-0.04560949379783729,-1657234.2412264748,-18316439.03719934,-61141628.59115686,40307151.556748345,-39150916.07160786,0.008605249499330683,-0.5222100038770963,-0.0551977475654233,0.10556530242734179,2021-05-10,2022-11-12,False,False,True,True,True,0.0,0,5,True,['结合所处行业特点、发展阶段和自身经营模式、盈利水平、偿债能力、资金需求等因素，未进行现金分红或现金分红水平较低原因的说明'],沅祺环保
2022-12-31,年报,2023-03-30,无保留意见,False,455194221.2697023,275838092.8312862,179356128.43841615,0.6059788985498835,54244787.380219996,64703.4807946732,553082.5846063048,35247935.097629905,18137603.247497253,147874585.27793306,2283038.5747328233,277063076.4018159,40000000,4.483903210960404,103438296.32720058,90484790.12323868,5318454.349032601,1209639.4353681728,0.03024098588420432,1067982.0227518887,-81048957.48295726,-61709432.77387374,38435862.08852407,-104322528.16830692,0.018155562689736456,0.19992719491410735,-0.0034766579608647304,0.14276608305432537,2021-05-10,2023-04-15,False,False,False,False,False,0.0,0,0,False,[],沅祺环保
2023-03-31,季报,2023-04-30,无保留意见,False,485367072.53496945,316779392.78641444,168587679.748555,0.6526594215218242,61850589.39172813,69957.06234902356,583794.3901258409,42144932.74896015,19270907.975284576,179436557.26390082,2600490.715997296,300629067.47341716,40000000,4.214691993713875,93219323.91408692,80518559.86574484,29119253.791091487,-14598532.018733803,-0.3649633004683451,-14237471.796419777,-27831112.226346176,-68963740.07481371,39793685.94457458,-57001166.35658531,-0.06003948002010212,-0.8681210580917995,0.046680522971940794,-0.000583002351193846,2021-05-10,2023-05-23,False,True,False,True,False,0.0,1,0,True,['是否影响偿债能力、过去十二个月内是否使用过募集资金补充流动资金以及未来十二个月内是否计划使用募集资金补充流动资金等内容'],沅祺环保
2023-06-30,半年报,2023-08-27,无保留意见,False,433365935.09777355,254683402.97728637,178682532.1204872,0.5876867154309813,51069230.04319092,64077.31125158739,538938.6528102518,37935157.79676237,17379636.549958892,163409802.62980467,2341881.325558145,268499813.51289135,40000000,4.46706330301218,83483793.66202013,71716841.64630304,0.0,-13907900.36009541,-0.3476975090023852,-12573883.170631142,-70396727.87897779,-61066263.49063325,38667413.90725989,-92795577.46235114,0.059878944813692506,0.2875872857876926,-0.06497270609084292,-0.06152536669587186,2021-05-10,2023-09-10,False,False,False,False,False,0.0,0,0,False,[],沅祺环保
2023-09-30,季报,2023-10-27,无保留意见,False,500701143.7300096,323593473.0403272,177107670.68968242,0.6462806747947369,54015778.31909206,68388.4491056229,606222.2852329448,41427337.65117134,18669874.22740416,178326450.5728447,2595479.26496475,290063222.47455543,40000000,4.42769176724206,72783212.86162952,61586766.370173976,27632231.725389134,-15286544.000558019,-0.38216360001395044,-14471536.108755806,-36435336.17144613,-64804887.137742534,46533278.92980042,-54706944.37938824,-0.008813740280683083,-0.44586003072822983,0.05859395936375554,0.03551939828191914,2021-05-10,2023-12-07,False,True,False,True,False,0.0,3,0,True,['公司在相应期间是否按照中国证券监督管理委员会相关规定为中小股东参与现金分红决策提供了便利'],沅祺环保
2023-12-31,年报,2024-03-30,无保留意见,False,509884541.41694105,327221357.4237808,182663183.99316028,0.641755791447316,59133510.544792876,65970.61697915793,639076.7027493825,41271829.53232426,19511570.23950527,186020437.79042235,2576372.4056080966,301992219.1554181,40000000,4.566579599829007,62777433.10996731,53429336.27786461,24681794.197387185,-14293971.07380316,-0.357349276845079,-11653471.560441952,-62229363.32796883,-72204064.51522255,45696112.75092067,-88737315.09227072,0.03136799937486566,0.5792812462520817,-0.004524883347420965,0.13120122207245483,2021-05-10,2024-05-17,False,False,False,True,False,0.0,0,0,False,[],沅祺环保
2024-03-31,季报,2024-04-30,无保留意见,False,524075219.36965156,335433515.96589005,188641703.4037615,0.640048419708422,68699577.15897134,69445.41416390846,621522.8616907273,42106998.795770384,18334413.136821296,185844001.48102403,2473141.881035078,300561895.5555945,40000000,4.716042585094038,51966597.130198844,43561560.81742629,69632127.89684466,-15444051.399669247,-0.3861012849917312,-14096822.086340463,-7449450.184027718,-76385054.5360826,45748289.265201114,-38086215.4549092,0.03272974487746283,-0.4250066637249348,-0.0017073717388939073,-0.09370314459957904,2021-05-10,2024-05-31,False,False,False,False,False,0.0,0,0,False,[],沅祺环保
2024-06-30,半年报,2024-08-27,无保留意见,False,558686422.6135412,366240007.4928688,192446415.12067246,0.6555376910353289,69011438.86647622,82569.5117484992,677846.5222347459,47437674.26201327,19234428.133495353,211704238.38631946,2937033.9872196238,349722179.9841271,40000000,4.811160378016812,41390176.65906009,34662583.107344985,52688050.64162579,-15109172.101626793,-0.37772930254066983,-12712825.300116148,-54160162.6416043,-74211455.31422727,50642188.03839635,-77729429.9174352,0.02016898516213859,0.2152251674452923,0.015489271326906851,0.026038560667017614,2021-05-10,2024-09-09,False,False,False,False,False,0.0,0,0,False,[],沅祺环保
2024-09-30,季报,2024-10-27,无保留意见,False,563536827.0008777,384229936.97249365,179306890.0283841,0.6818186825825585,65298474.01075235,72874.72560237693,677390.9530187869,43778197.29594267,19741011.19440074,173380364.56210995,2638682.266455338,315719678.7457122,40000000,4.482672250709602,30624979.64069906,24590864.30645254,25168195.741392475,-15378852.883372903,-0.38447132208432255,-14388169.715560636,-7182249.138550384,-77243360.21954255,49487286.93338334,-34938322.424709596,-0.06827627879713595,-0.14262576830928517,0.026280991547229585,0.04414632827060766,2021-05-10,2024-12-14,False,False,False,True,False,0.0,0,0,False,[],沅祺环保
2024-12-31,年报,2025-03-30,无保留意见,True,508964754.89988756,341592225.300587,167372529.5993006,0.6711510414267832,63005675.51206075,74832.8183338804,649437.9407027673,41092160.657199375,20604273.96295161,178611539.13115373,2552578.1554298466,321579484.8763593,40000000,4.184313239982515,19085979.691796187,14249440.607376799,12414906.030979175,-16484285.641289819,-0.4121071410322455,-14773462.42725106,-8169215.031407003,-65620004.03149534,41346021.90774928,-32443197.155153066,-0.06655829247383795,-0.6818830608148891,-0.010667641155775308,0.06340043200184238,2021-05-10,2025-05-11,False,False,False,False,True,0.0,0,0,False,[],沅祺环保
2017-03-31,季报,2017-04-30,非标准无保留意见,False,300837550.7827248,101236851.48395626,199600699.29876855,0.33651667227231546,17933386.161845688,4.930608812957664e-05,154299.39604896013,67388.97262256747,10333420.657947425,2654037.114968486,29982258.695334624,59897871.56258116,40000000,4.990017482469214,8348710.954607214,7535854.353537734,33914933.333550096,11926729.935153164,0.2981682483788291,10765506.21933962,-46554860.366209894,-17232024.093503866,83090380.7514227,19303496.291708946,0.10889277388204761,0.6070405519529536,0.03651667227231547,0.14471962534096094,2021-09-15,2017-06-18,False,False,False,False,False,0.0,0,0,False,[],鸾璋控股
2017-06-30,半年报,2017-08-27,非标准无保留意见,False,360442898.7616246,102447029.96536973,257995868.79625487,0.28422540801149776,26245933.2919244,6.525851587456586e-05,195682.24463411834,87787.66130168416,11774679.91620134,3753287.646941511,36627493.918740906,76409073.57095487,40000000,6.449896719906372,20147148.3200845,19219607.626879554,41319488.81366972,16854910.52211041,0.4213727630527602,16691076.104774034,-52596500.141657695,-19295752.07003136,94906056.78755172,23013804.57586266,0.29255994444227185,0.17036770481852073,-0.052291264260817684,0.1358061210771538,2021-09-15,2017-09-25,False,False,False,False,False,0.0,0,0,False,[],鸾璋控股
2017-09-30,季报,2017-10-27,无保留意见,False,400619772.84052503,133197227.32993394,267422545.51059112,0.33247791636823637,29061535.73603981,6.737332244947135e-05,216784.43358861023,95230.02525198046,14102096.40669136,3729118.0487499223,38131920.73804138,80384455.84743288,40000000,6.685563637764778,33327299.316861648,31000009.317759726,34913480.63273036,18828787.13825307,0.4707196784563268,16829145.27268596,-45783272.69986575,-23083097.478746135,112574064.34577197,43707694.16716008,0.036538091707897555,0.05830399743202802,0.04825250835673859,0.0023673450858631355,2021-09-15,2017-12-16,False,False,False,False,False,0.0,0,0,False,[],鸾璋控股
2017-12-31,年报,2018-03-30,无保留意见,True,453833650.7308345,192739576.62019953,261094074.11063492,0.42469212300546666,26808652.905927874,7.470214722411113e-05,217891.50112014162,87586.53300024556,13373301.225950006,3891387.8549723937,38942911.046211086,84704579.38862535,40000000,6.527351852765873,46900559.986121945,43171912.76937694,20306054.61862204,19390372.38465756,0.48475930961643904,17388433.502310302,-81861356.57437944,-23460593.043180365,134119829.11254829,28797879.494988486,-0.02366468910791803,0.015674134997578634,0.09221420663723026,-0.005817752113087542,2021-09-15,2018-05-20,False,False,False,False,False,0.0,0,0,False,[],鸾璋控股
2018-03-31,季报,2018-04-30,无保留意见,False,473902246.2956511,212111784.9151499,261790461.3805012,0.44758552332925794,29466493.056152098,8.266324724154449e-05,276207.4213792135,108467.44341334858,14491908.76196732,4168065.257712908,44177044.99627999,94595890.43364167,40000000,6.5447615345125305,67267035.32905081,62978163.692827076,136185817.33951744,29094964.77561266,0.7273741193903165,28294644.176357344,-22671283.726351358,-26717550.210805688,151710823.00667065,102321989.0695136,0.0026671891050703105,0.26668021663462343,0.022893400323791304,-0.13393378719950913,2021-09-15,2018-06-14,False,False,False,False,False,0.0,0,0,False,[],鸾璋控股
2018-06-30,半年报,2018-08-27,无保留意见,False,593324569.1721003,293749437.6508882,299575131.52121216,0.49509063489613037,36779089.46667407,0.00010400656937249449,315043.2304564155,117946.01518254068,18105577.05134366,5609669.630681332,48274090.879964255,111901920.72892807,40000000,7.489378288030304,89545300.21759522,83634665.50016508,140850075.12682992,31826092.69792059,0.7956523174480148,29509288.29619714,-28178185.7470773,-32127575.91979602,156876401.7181654,96570640.05129208,0.14433172981727746,0.05925002732083397,0.04750511156687245,0.009837938513622298,2021-09-15,2018-09-15,False,False,False,False,False,0.0,0,0,False,[],鸾璋控股
2018-09-30,季报,2018-10-27,非标准无保留意见,False,597645158.026284,271027451.45572966,326617706.57055426,0.4534922567611769,43128243.102908045,9.948726930349391e-05,302569.664016146,156525.89769524836,20753317.182549335,5534379.958158157,59530532.53007445,120344840.74407679,40000000,8.165442664263857,113341745.69618797,104892616.03929958,46216045.88895117,33994922.11227538,0.8498730528068844,30368500.770192157,-90069550.29330337,-31475023.758129317,182104247.4047314,60559673.35329871,0.09026975941568548,0.04441947521324306,-0.04159837813495352,-0.049337094606460526,2021-09-15,2018-12-18,False,False,False,False,False,0.0,0,0,False,[],鸾璋控股
2018-12-31,年报,2019-03-30,无保留意见,False,669359203.0393637,291870494.9720255,377488708.0673382,0.43604464336447046,43024438.96072875,0.00012242245244616315,377592.4765516549,153446.73464285373,23859189.599663507,5729321.703661807,70315723.34359929,139910952.80030498,40000000,9.437217701683455,151764699.46311805,142739749.5300132,199757778.4550257,54889933.95275727,1.3722483488189317,54067333.55816235,-38776678.90944531,-37019512.67363933,196370928.58047113,120574736.99738649,0.15575089921156826,0.4097469115547898,-0.017447613396706422,0.012186552476880603,2021-09-15,2019-04-09,False,False,False,False,False,0.0,0,0,False,[],鸾璋控股
2019-03-31,季报,2019-04-30,无保留意见,False,615804235.8032278,233476979.55304658,382327256.2501812,0.37914156151996836,38621751.25689978,0.00010395141456254664,310162.3999675349,144975.4858915134,17938293.72036652,5337824.265338778,54487914.7081702,118838769.43233366,40000000,9.55818140625453,215377341.01997617,196426232.12454945,222366941.29309464,90875202.22408304,2.2718800556020757,76694975.13505176,-120343485.8679565,-33904913.445252515,175879526.298199,21631126.98498997,0.01281772958882737,0.5005605971897765,-0.056903081844502136,-0.057178092950164426,2021-09-15,2019-06-02,False,False,False,False,False,0.0,0,0,False,[],鸾璋控股
2019-06-30,半年报,2019-08-27,保留意见,False,646756660.8027216,256763823.9319149,389992836.87080675,0.39700221040357375,41047060.521440804,0.00010985026822604097,308536.8796241476,142806.90307602508,19223763.045129206,5392649.2912514545,59289384.5759124,122626943.1692273,40000000,9.74982092177017,254955394.6662863,228243601.34345847,85204066.89523749,56540076.63758591,1.4135019159396478,45453384.598441474,-81095061.04103726,-35623875.35514847,164937666.40340838,48218730.00722265,0.02004978848698516,-0.31828561966609087,0.01786064888360541,-0.02361879708155666,2021-09-15,2019-09-28,False,False,False,False,False,0.0,0,0,False,[],鸾璋控股
2019-09-30,季报,2019-10-27,无保留意见,False,675480715.7712574,283285825.40958506,392194890.36167234,0.4193840309506572,42423939.283040285,9.898147397678113e-05,371583.0004347879,164849.7604024243,22435361.71304779,6567773.9603469595,66302753.04582795,140029981.5282381,40000000,9.804872259041808,334246257.1870409,296355055.84904045,438783021.1255108,113272660.74393526,2.8318165185983815,97302077.86511707,-76433475.64108732,-38709062.05348327,182780149.51905668,67637611.82448608,0.005646394709539482,0.7714512508048386,0.022381820547083445,0.14045525321993807,2021-09-15,2019-11-15,False,False,False,False,False,0.0,0,0,False,[],鸾璋控股
2019-12-31,年报,2020-03-30,无保留意见,False,682230576.4739344,286237117.139218,395993459.3347165,0.41956066909023104,44459294.827860065,0.00012448180518829976,371227.79005676374,170623.83175074466,22049408.863235008,6819473.602750856,69224103.10873376,142587018.66889477,40000000,9.899836483367913,403845966.6806317,355612289.7062536,368983284.27122074,99428156.4194154,2.485703910485385,84653191.22459026,-48846064.735027,-37373397.26868077,197041439.6526702,110821977.64896244,0.009685411682801811,-0.10627329053893134,0.00017663813957385414,0.17135411194884337,2021-09-15,2020-05-19,False,False,False,False,False,0.0,0,0,False,[],鸾璋控股
2020-03-31,季报,2020-04-30,无保留意见,False,862939245.9238074,422623037.0782194,440316208.845588,0.48974830971534533,53554509.60360449,0.0001345453408174,399842.1461959492,189114.7474990785,25860662.999800976,7455129.456019704,72133806.29754056,156769483.86007404,40000000,11.007905221139701,441591822.68388206,388407191.95100754,246655925.30032897,53922651.43321481,1.3480662858303702,46849860.34964854,-98984145.51999146,-49880870.97175016,249042951.91383576,100177935.42209414,0.11192798382411508,-0.39084622127205776,0.07018764062511429,0.1226441064645027,2021-09-15,2020-06-16,False,False,False,False,False,0.0,0,0,False,[],鸾璋控股
2020-06-30,半年报,2020-08-27,无保留意见,False,1006090594.7087553,505545684.7426036,500544909.9661517,0.50248525073326,75306951.42975026,0.00019857038002798344,573849.7098214199,260271.16689527984,35942433.44342481,9546326.955843896,106223247.07105298,220043239.80962816,40000000,12.513622749153793,469283385.3750318,412094493.32570386,84535952.57503822,39559375.27307118,0.9889843818267794,33839001.963851854,-193584064.78210947,-52316871.1445116,308562792.62272394,62661856.69610286,0.13678511013362443,-0.20252029316288303,0.012736941017914618,0.10460337997672763,2021-09-15,2020-09-08,False,False,False,False,False,0.0,0,0,False,[],鸾璋控股
2020-09-30,季报,2020-10-27,无保留意见,False,1247677976.933475,692976806.2441808,554701170.6892942,0.5554131907877137,77937126.42528301,0.00020911289711414302,617793.2773425534,298029.73743288714,36890158.43656836,10887395.546287986,117634169.85020976,244723522.8965472,40000000,13.867529267232355,517109042.32544076,454965865.46918947,180853975.37646538,68322367.07201277,1.7080591768003193,61244817.34783659,-31181437.18917059,-64030659.651928596,366468814.2562757,271256717.4151765,0.10819460880504148,0.5085450760386334,0.05292794005445374,-0.022346081399600072,2021-09-15,2020-12-02,False,False,False,False,False,0.0,0,0,False,[],鸾璋控股
2020-12-31,年报,2021-03-30,无保留意见,False,1143396346.2058249,634369546.2214978,509026799.98432696,0.5548115912094264,67533192.08183165,0.000186379408157316,600318.0425497766,280566.4619314807,38693389.1127477,10254553.632356387,105893399.49312724,226037613.55984733,40000000,12.725669999608174,545110751.7707459,481072541.0349708,27085575.615050416,40002442.064721525,1.0000610516180382,37295250.808259115,-177550424.1370762,-64866487.66618484,315549591.9213802,73132680.11811918,-0.08234049812480183,-0.3319167760944676,-0.0006015995782873092,0.059199300418476694,2021-09-15,2021-05-10,False,False,False,False,False,0.0,0,0,False,[],鸾璋控股
2021-03-31,季报,2021-04-30,无保留意见,False,1478299682.934793,953977722.350296,524321960.5844971,0.6453209273889666,101991262.70064656,0.0002645857980753429,805057.6804553608,372434.1140555698,49563031.47021804,14337622.59470174,145854617.03352043,308091061.0895209,40000000,13.108049014612428,582439802.9862776,514425782.48677987,84157607.43605383,53327216.02218822,1.3331804005547054,47647487.78829855,-79274573.0229799,-82206011.91894384,392255021.66353095,230774436.7216072,0.030047849348287796,0.23375794921799176,0.09050933617954025,0.18261133185009856,2021-09-15,2021-06-10,False,False,False,False,False,0.0,0,0,False,[],鸾璋控股
2021-06-30,半年报,2021-08-27,非标准无保留意见,False,1237248862.1380687,726913223.1153275,510335639.0227413,0.5875238566468843,82166882.91353744,0.00022666405220140014,643773.6158801353,302439.7404960157,40748491.0451666,12321130.346356515,120399504.36537094,255007135.07147518,40000000,12.758390975568533,632105371.4449451,558466688.0580187,312267660.2498986,70950812.08381078,1.7737703020952693,62915579.387484,-180359421.16933984,-72619435.72570108,353802813.0960239,100823956.20098299,-0.026675063440341505,0.25059425153502907,-0.057797070742082256,0.04649251855386752,2021-09-15,2021-10-19,False,True,False,False,False,0.0,0,0,True,"['留存未分配利润的预计用途以及收益情况', '结合前述财务报表列报项目的具体情况说明现金分红方案确定的依据及未来增强投资者回报的规划', '充分披露高送转的主要考虑及其合理性且送转股后每股收益不低于0.5元']",鸾璋控股
2021-09-30,季报,2021-10-27,无保留意见,False,1366778335.2359297,813571615.4493388,553206719.7865909,0.5952476670687805,85369496.35787138,0.000225917089525279,730150.0061023419,320771.57032296585,44674308.10039023,12785175.120964542,116171310.57460499,272162019.29428774,40000000,13.830167994664773,678607882.5186322,603341267.8514332,93796093.5825156,66432158.67669582,1.6608039669173955,64106542.562020786,-189556006.5798176,-81001136.35175234,353593547.6310932,83036404.69952327,0.08400565722971029,-0.05137705155933059,0.007723810421896153,0.2367129704730589,2021-09-15,2021-12-12,False,False,False,False,False,0.0,0,0,False,[],鸾璋控股
2021-12-31,年报,2022-03-30,无保留意见,False,1162310810.2718635,670663290.2771264,491647519.99473697,0.5770085628991602,77882454.3982649,0.0002010188142851027,626114.349144623,280775.75435128965,36782951.67333893,10937762.896863787,113268308.55594648,236211904.749017,40000000,12.291187999868423,739410504.9486113,655954488.8673471,322968707.25325507,86860889.18568431,2.1715222296421075,75161744.3084484,-12990214.868654545,-68155540.47998564,336474254.8544891,255328499.50584888,-0.11127702826097526,0.24485439227517697,-0.018239104169620258,0.15144006138246227,2021-09-15,2022-05-10,False,False,False,True,False,0.0,0,0,False,[],鸾璋控股
2022-03-31,季报,2022-04-30,无保留意见,False,972686843.922565,518698263.73546875,453988580.1870962,0.5332633693735473,67953988.12445126,0.00016417983559392755,570449.5034291975,233488.2265129869,31048674.76752872,8247191.889539865,90949229.40983202,193599633.4878119,40000000,11.349714504677404,770666868.1009676,682943498.8090873,133066441.01005468,44651947.360509336,1.1162986840127334,38555728.4882003,-86599568.37669939,-53861714.16024983,270880818.1130772,130419535.576128,-0.07659743673281189,-0.40639881052542387,-0.0437451935256129,0.002079954894537009,2021-09-15,2022-06-07,False,True,False,False,False,0.0,3,0,True,"['是否影响偿债能力、过去十二个月内是否使用过募集资金补充流动资金以及未来十二个月内是否计划使用募集资金补充流动资金等内容', '根据公司盈利能力、融资能力及其成本、偿债能力及现金流等情况披露现金分红方案的合理性，是否导致公司营运资金不足或者影响公司正常生产经营', '公司在相应期间是否按照中国证券监督管理委员会相关规定为中小股东参与现金分红决策提供了便利']",鸾璋控股
2022-06-30,半年报,2022-08-27,无保留意见,False,1059166100.065263,544773027.480031,514393072.58523196,0.5143414497938176,78126383.72760649,0.0002240488765768713,639264.9175247963,262839.50287150964,40875723.67226734,10823038.001692424,115709620.30503093,241551503.94424978,40000000,12.859826814630798,803014839.3668292,711768499.2263523,153140262.93367064,46211387.522659406,1.155284688066485,41178572.02466425,-152290105.00754574,-58066777.91858055,325282379.5241531,114925496.59802681,0.13305288950933977,0.02529425636843645,-0.018921919579729756,0.020922504360190688,2021-09-15,2022-10-22,False,False,True,False,False,0.0,0,2,True,"['结合所处行业特点、发展阶段和自身经营模式、盈利水平、偿债能力、资金需求等因素，未进行现金分红或现金分红水平较低原因的说明', '充分披露高送转的主要考虑及其合理性且送转股后每股收益不低于0.5元', '公司为增强投资者回报水平拟采取的措施']",鸾璋控股
2022-09-30,季报,2022-10-27,无保留意见,False,1047210250.9532068,508267594.58516085,538942656.3680459,0.48535391448137394,74412696.08011441,0.00018804712135911633,588627.506907742,264143.26606530655,40327255.499135114,10886884.236434862,99818936.15373515,232060559.5042357,40000000,13.473566409201148,852333487.5347735,755009561.0274069,335468094.3285511,70455211.66849184,1.761380291712296,61772945.43007793,-166992511.54964784,-54040012.33388163,292529688.64693123,71497164.76340175,0.04772533902805671,0.38353570608051796,-0.028987535312443653,-0.001616533580129393,2021-09-15,2022-11-27,False,False,False,False,False,0.0,0,0,False,[],鸾璋控股
2022-12-31,年报,2023-03-30,无保留意见,False,1246334727.9914992,596422207.4805456,649912520.5109535,0.47854095219002324,78640204.11210541,0.00020176449844866605,609706.0548364972,259167.31389589046,35065697.58111436,10142654.936584955,98894242.08942093,224511668.44558078,40000000,16.24781301277384,835381631.9034369,737725573.3671407,120308184.75424038,-24216936.6161951,-0.6054234154048775,-24691410.943237565,-243986371.5339468,-71365963.35993493,341900391.86633027,26548056.972448528,0.20590291533191585,-1.0825215156250683,-0.0068129622913507,-0.00783108061490281,2021-09-15,2023-04-28,False,True,False,True,False,0.0,0,0,True,"['根据公司盈利能力、融资能力及其成本、偿债能力及现金流等情况披露现金分红方案的合理性，是否导致公司营运资金不足或者影响公司正常生产经营', '结合所处行业特点、发展阶段和自身经营模式、盈利水平、偿债能力、资金需求等因素，未进行现金分红或现金分红水平较低原因的说明', '上市公司控股子公司向母公司实施利润分配的情况', '留存未分配利润的预计用途以及收益情况']",鸾璋控股
2023-03-31,季报,2023-04-30,无保留意见,False,1357880560.3983154,679299360.6654363,678581199.732879,0.5002644418638509,73770402.43615647,0.00023236131351587593,664495.1709262201,313740.67644191533,40536851.16461472,12811191.295964474,120847090.65200317,265084862.45466313,40000000,16.964529993321975,814177858.3349245,717373034.8885473,44638940.66775144,-30291105.097874917,-0.7572776274468729,-29075054.969418965,-79727904.35676074,-85704967.98240444,404780396.822379,239347524.4832138,0.04411159704907123,0.8416546804705377,0.021723489673827638,0.03595824457882404,2021-09-15,2023-06-17,False,False,False,False,True,0.0,0,0,False,[],鸾璋控股
2023-06-30,半年报,2023-08-27,无保留意见,False,1353032998.3031704,708497793.5504144,644535204.752756,0.5236367438480338,91117109.22366478,0.0002253901610614982,679270.2578272806,319850.4933649053,41126523.56267577,13067801.12710669,131484126.53723723,273526646.9004036,40000000,16.1133801188189,793024818.0902234,697382237.9899672,143438334.77116716,-30218628.92100133,-0.7554657230250332,-28558281.283685945,-162885949.53542772,-77921254.57011878,384941169.4962998,144133965.3907533,-0.050172322772167835,-0.0054529835058764855,0.023372301984182997,-0.00270353681414728,2021-09-15,2023-09-21,False,False,False,False,False,0.0,0,0,False,[],鸾璋控股
2023-09-30,季报,2023-10-27,无保留意见,False,1363839982.575404,675439443.9726228,688400538.6027812,0.4952483081608726,90015862.96988793,0.0002491881878984704,636292.444382047,309295.20238609926,44062361.06375001,12113156.750080353,123168309.38892232,264926327.72559452,40000000,17.21001346506953,772054041.8268125,679512666.2341726,62108078.348655574,-29958251.80487282,-0.7489562951218205,-25527959.651135154,-96760773.93322979,-76090788.83846568,390922720.93968636,218071158.1679909,0.06805731250452314,-0.019697740036777524,-0.028388435687161224,-0.20081966810526383,2021-09-15,2023-11-18,False,False,False,True,False,0.0,0,0,False,[],鸾璋控股
2023-12-31,年报,2024-03-30,无保留意见,False,1502484874.2617621,775413800.5679123,727071073.6938498,0.5160875918627186,93514729.14742236,0.0002546006079878342,821250.9768780092,345887.2732696427,47494015.22335076,13991405.761846965,142176741.98471332,297767571.2706678,40000000,18.176776842346246,748475779.1199431,656827956.5704232,19543002.99703711,-33683232.43838473,-0.8420808109596182,-32406728.09107038,-25779027.27828258,-92204767.0379865,452585884.5501152,334602090.2338461,0.05617446954582085,0.2874601211338681,0.020839283701845925,-0.07902673418204789,2021-09-15,2024-05-23,False,False,False,True,False,0.0,0,0,False,[],鸾璋控股
2024-03-31,季报,2024-04-30,无保留意见,False,1509412519.9470537,721496563.241412,787915956.7056416,0.47799826336853246,97986839.10443214,0.0002472208187811858,806247.9164243514,345601.16455870913,47192684.141354606,11995018.582619868,157309094.5813593,308370814.65897715,40000000,19.69789891764104,716042309.7623727,626373525.8349149,102572012.09868748,-46333527.653671965,-1.1583381913417992,-43506329.62215473,-175954457.26719788,-89760806.88422628,445812764.8032529,180097500.6518287,0.08368491776556633,0.7582640391787319,-0.03808932849418615,0.08713980397611076,2021-09-15,2024-06-22,False,False,False,True,False,0.0,0,0,False,[],鸾璋控股
2024-06-30,半年报,2024-08-27,无保留意见,False,1398451991.4683251,560082659.4131917,838369332.0551336,0.40050188553496546,88986581.24349126,0.00023604137994406483,791039.7504433917,325015.51397415635,43976169.34873953,12302282.603549926,132873247.58706346,287336473.51960784,40000000,20.95923330137834,690590436.9013096,603942720.5387344,0.0,-36359818.372947454,-0.9089954593236864,-32044007.565972216,-172581717.59349027,-84638827.23882711,403476176.41904855,146255631.58673117,0.06403395555084666,-0.3400105639689744,-0.07749637783356697,0.11892734465677694,2021-09-15,2024-09-07,False,False,False,False,False,0.0,0,0,False,[],鸾璋控股
2024-09-30,季报,2024-10-27,无保留意见,False,1621092733.8257465,764666025.9945399,856426707.8312068,0.4716978924394678,101765917.07175243,0.0002669861637792869,836909.9901883432,376157.90434933256,48646352.37396843,15146224.502519215,128604673.60436116,320112713.302904,40000000,21.41066769578017,670419102.0445137,586424427.1435391,138702654.58409524,-28816192.65256546,-0.7204048163141366,-25026133.421707638,-293552808.4085386,-93425126.94749352,452647245.037863,65669309.68183088,0.021538688362810605,-0.38965374442371425,0.07119600690450234,0.07401825783135592,2021-09-15,2024-11-08,False,True,False,False,False,0.0,4,0,True,"['是否影响偿债能力、过去十二个月内是否使用过募集资金补充流动资金以及未来十二个月内是否计划使用募集资金补充流动资金等内容', '公司在相应期间是否按照中国证券监督管理委员会相关规定为中小股东参与现金分红决策提供了便利', '充分披露高送转的主要考虑及其合理性且送转股后每股收益不低于0.5元', '结合所处行业特点、发展阶段和自身经营模式、盈利水平、偿债能力、资金需求等因素，未进行现金分红或现金分红水平较低原因的说明']",鸾璋控股
2024-12-31,年报,2025-03-30,无保留意见,False,1773451791.8459778,955927723.1191581,817524068.7268198,0.5390209801666711,121113930.02831048,0.00029308130516206976,952146.8550669542,435015.5524552391,57151227.39208866,17573262.005473923,166172358.56955925,359154014.766502,40000000,20.438101718170493,651113360.4622927,569358815.0314964,89138600.18971176,-27579630.831744358,-0.689490770793609,-24379445.874346714,-219907353.49203977,-99852010.53016423,496599763.9482742,176840399.9260702,-0.0454243646872049,-0.10464976809197753,0.06732308772720327,0.08252619186368677,2021-09-15,2025-04-13,False,False,False,False,True,0.0,0,0,False,[],鸾璋控股
2017-03-31,季报,2017-04-30,无保留意见,False,248296631.9296959,97437142.63814089,150859489.29155502,0.3924223292152017,21539127.361070443,92133.96767636672,503339.412745514,1484122.4126357418,38929999.897754565,5663403.789704258,1845.9788244818192,69048833.60839397,40000000,3.7714872322888753,-4914894.864725447,-4556451.029186747,19469083.023586478,-7021278.378179211,-0.17553195945448027,-6509215.755981067,-42062754.7100587,2287547.7671005726,-21738423.17878467,-61513630.12174279,-0.16189172615802774,-0.44562657656551175,0.09242232921520169,0.02523831781845193,2021-12-20,2017-05-23,False,False,False,False,False,0.0,0,0,False,[],颢翊物流
2017-06-30,半年报,2017-08-27,无保留意见,False,293854780.64439976,122394088.40672228,171460692.23767748,0.4165121565772112,27491751.872942027,119103.69811752932,621106.2153297506,2112979.9110837923,49132637.40198427,7285513.251080041,2301.197844986018,90973956.74123262,40000000,4.2865173059419375,-14143180.653529389,-13096748.87794335,34644793.88627281,-13183265.412577057,-0.3295816353144264,-12200425.49822372,-11804809.449218517,2798987.8357350407,-25889398.15944503,-34895219.772928506,0.13655888033869734,-0.6175126702525935,0.024089827362009538,-0.02737323554049475,2021-12-20,2017-09-29,False,False,False,False,False,0.0,0,0,False,[],颢翊物流
2017-09-30,季报,2017-10-27,无保留意见,False,353393836.6704284,153986732.69824892,199407103.97217947,0.43573689385493,35260250.780941635,151158.45801998713,821944.8322259898,2349894.6541292625,65491087.70229845,9631533.44423173,3324.4502674601467,113553045.61376406,40000000,4.985177599304487,-21961045.547306716,-20118808.836830314,43564966.98128631,-11168378.4196819,-0.2792094604920475,-10031514.226981377,-23282735.99046801,3089196.232395241,-31580207.61268089,-51773747.37075366,0.1629901954190344,0.5279085948325292,0.019224737277718784,0.12809487824786653,2021-12-20,2017-11-17,False,False,False,False,False,0.0,0,0,False,[],颢翊物流
2017-12-31,年报,2018-03-30,无保留意见,False,350588079.0612806,140634051.99840584,209954027.06287473,0.4011375753989168,33597102.77789705,131221.81227948677,783843.3695614277,2484225.8541854043,63000122.35433469,8492035.285295978,2827.953863437394,105150503.01328859,40000000,5.248850676571869,-30797997.065136943,-28552827.60398278,38059676.607592374,-12624216.45404318,-0.3156054113510795,-12048598.238789236,-15141008.89829965,3060027.105132584,-31559625.51558642,-43640607.30875349,0.05289141099088794,-0.24964549127720811,-0.03459931845601318,0.10509464424182877,2021-12-20,2018-04-14,False,False,False,False,False,0.0,0,0,False,[],颢翊物流
2018-03-31,季报,2018-04-30,无保留意见,False,397310972.88453305,167239530.51745525,230071442.36707783,0.42092854698492954,36485140.208850935,173136.45633753756,926168.2528322432,2594696.2006987017,71229480.35785317,9546072.263528338,3882.0215484272703,128145881.5486365,40000000,5.751786059176946,-37949843.287836045,-35555837.87050634,17600456.644347742,-10216923.175284434,-0.25542307938211084,-10004300.380747944,-50823856.91575184,3375952.2192302,-31675353.0899935,-79123257.78651515,0.09581819213297829,0.5501399357340379,0.019790971586012736,0.08100185397264557,2021-12-20,2018-05-19,False,False,False,False,False,0.0,0,0,False,[],颢翊物流
2018-06-30,半年报,2018-08-27,无保留意见,False,378766242.4197906,157441608.35679096,221324634.06299964,0.41566958911374363,35458851.80058699,149077.06167452835,780113.0548524278,2256094.067501236,60518453.34518267,9683561.058884507,3365.9722521344074,113964294.41987194,40000000,5.5331158515749905,-40483303.13734555,-37842261.68486824,6832863.771584831,-3619228.3564421516,-0.0904807089110538,-3266319.7348027155,-50402595.596517995,3573865.0945382956,-33309453.566195346,-80138184.06817505,-0.03801779227394377,0.9726699238909092,-0.005258957871185942,-0.05088122328842401,2021-12-20,2018-09-27,False,False,False,False,False,0.0,0,0,False,[],颢翊物流
2018-09-30,季报,2018-10-27,保留意见,False,360191692.7840898,152178315.56024393,208013377.22384587,0.42249257439555776,38686251.751866795,169362.46093575406,854598.2405390776,2417566.3953017658,68933302.27616799,9441582.71969101,3233.879463541065,114887580.10240151,40000000,5.200334430596147,-37645245.75097709,-35298886.144477695,3611023.4009768898,4054367.694812093,0.10135919237030232,3633393.6291293576,-60045545.97809521,3091289.5574659053,-31940506.813203778,-88894763.23383309,-0.06014358453819802,0.5734793370417234,0.006822985281814148,0.11796626270447735,2021-12-20,2018-12-17,False,False,False,False,False,0.0,0,0,False,[],颢翊物流
2018-12-31,年报,2019-03-30,无保留意见,False,327792829.78962994,125085155.76154171,202707674.0280882,0.38159820592115623,34683540.95901935,133955.87429190666,770988.8778797197,2142702.6165333753,55594974.060899325,8608238.47030454,2905.2020786898943,105595127.49162894,40000000,5.0676918507022055,-35335349.75485644,-33057686.844743352,13867081.46482745,3299851.4230295047,0.08249628557573761,3201713.2853347724,-30909301.754660133,2983665.1142918565,-26225647.627513498,-54151284.26788177,-0.025506548023823163,-0.03583656762907711,-0.04089436847440151,-0.043657827795608804,2021-12-20,2019-05-12,False,False,False,False,False,0.0,0,0,False,[],颢翊物流
2019-03-31,季报,2019-04-30,无保留意见,False,349693015.20120156,124350213.06223728,225342802.1389643,0.35559821802757585,34926818.73486019,136360.93514334803,756146.5195113408,2157448.468855689,63149011.67712339,7857344.429990031,3305.6212047345616,104410575.97334255,40000000,5.6335700534741076,-33620690.73433416,-31580935.530172348,2672533.8325142455,2449512.886460401,0.061237822161510025,2109644.735101428,-49436449.4913858,3095846.7603904963,-34510450.067681365,-80851052.79867667,0.11166389343375152,-0.04188890444806015,-0.025999987893580382,0.025390182644698955,2021-12-20,2019-06-01,False,False,False,False,False,0.0,0,0,False,[],颢翊物流
2019-06-30,半年报,2019-08-27,无保留意见,True,342730972.5918722,112202633.84231515,230528338.74955705,0.32737815609074605,35312835.434250124,145944.2217157538,848651.9115866246,2206886.8753697956,61337534.54912353,9105747.037111972,3107.841670841727,112048361.3082903,40000000,5.7632084687389264,-27098203.264303774,-25615642.56179282,43891458.58161699,9317839.242900547,0.23294598107251366,8521847.097685037,-34658370.40850754,3078863.697081726,-26946860.730529778,-58526367.441955596,0.023011769452458312,0.3531361631797713,-0.028220061936829806,0.2056464303081871,2021-12-20,2019-09-12,False,False,False,False,False,0.0,0,0,False,[],颢翊物流
2019-09-30,季报,2019-10-27,无保留意见,False,393194180.58848035,144287584.62396565,248906595.9645147,0.36696266564275015,37466172.701609954,151940.32234802074,820041.4502432685,2354224.265896762,65985191.86889148,9620990.06866393,3451.1199886905074,116308142.83915673,40000000,6.222664899112868,-13098612.27623858,-13806861.234654268,35429914.39879285,19999415.697235994,0.49998539243089984,16869687.610197935,-25829531.794112023,3446808.1417717165,-34582229.13483012,-56964952.787170425,0.07972233398568643,0.4058682916841997,0.03958450955200409,0.007035920371266238,2021-12-20,2019-11-30,False,False,False,False,False,0.0,0,0,False,[],颢翊物流
2019-12-31,年报,2020-03-30,无保留意见,False,488121549.87377775,232990576.93274307,255130972.94103464,0.477320816901019,46761537.79921367,194920.07868330585,1071134.0968084924,3218921.5615437296,77470074.61876285,12398189.654320937,4159.7717462308865,150267054.551713,40000000,6.378274323525866,-11731681.748185145,-12534567.505095785,9646634.489802247,1952757.8972191922,0.048818947430479806,1817562.470797834,-46227375.76805103,4192682.4408048186,-38879448.89011692,-80914142.21736313,0.025006878393079305,-0.48775521072255634,0.11035815125826887,0.05875646120546014,2021-12-20,2020-05-05,False,False,False,False,False,0.0,0,0,False,[],颢翊物流
2020-03-31,季报,2020-04-30,无保留意见,False,563041678.2654431,286112454.23691136,276929224.02853173,0.508155018147742,55164882.47774021,218950.09975479296,1229942.1135474977,3730208.5136902384,100453156.93669055,12869599.848079203,4631.41619284675,167670732.39110494,40000000,6.9232306007132935,-10628187.09553781,-11558064.518609637,7157269.501477639,1576420.9323533364,0.039410523308833406,1395004.2664087818,-36669309.82178715,4900470.786839063,-51134209.17083913,-82903048.20578721,0.08543945423880422,-0.01985658060461336,0.030834201246722967,0.0727169645980412,2021-12-20,2020-06-23,False,False,False,False,False,0.0,0,0,False,[],颢翊物流
2020-06-30,半年报,2020-08-27,无保留意见,False,641460006.3473628,369095027.1239929,272364979.22336984,0.5753983466961788,67781124.64584343,246735.28887665496,1402547.600861607,4008855.499152943,111410019.6427364,15788518.008543622,5920.648155678108,203792643.5662971,40000000,6.809124480584246,-6510090.822836667,-7842603.688810387,27133978.62572748,5882994.675287347,0.14707486688218369,5307801.185427502,-67414054.59683704,5356883.367237961,-54942488.10322388,-116999659.33282296,-0.01648162927250943,0.23183011187227853,0.06724332854843686,-0.024254538104246753,2021-12-20,2020-09-08,False,False,False,False,False,0.0,0,0,False,[],颢翊物流
2020-09-30,季报,2020-10-27,无保留意见,False,698668384.432883,451430038.83822346,247238345.59465954,0.6461291921841494,69137590.55571109,259749.02429732052,1515006.825775714,4244290.079412393,113958487.26040018,17276370.25379084,6317.314909093108,206166671.89531073,40000000,6.180958639866488,-9736141.32802861,-10647818.32664138,7626721.203476816,-4608643.578845633,-0.11521608947114083,-4007449.4826157046,-51214940.56578787,6185420.280609722,-61469565.550182514,-106499085.83536066,-0.09225354045280405,-0.4584906129206725,0.07073084548797062,0.08941959998374865,2021-12-20,2020-11-23,False,False,False,False,False,0.0,0,0,False,[],颢翊物流
2020-12-31,年报,2021-03-30,无保留意见,False,639783118.5331899,393544160.4818225,246238958.05136743,0.615121201359749,63776388.302883476,272028.26607188536,1526082.5021689585,4154492.457837343,117540365.12004872,16408257.043764543,6214.133561394835,206689391.09924588,40000000,6.155973951284186,-7085722.501346973,-8393563.324462555,17538426.829415057,3786312.6095451973,0.09465781523862993,3220364.288826892,-73433351.85982509,5570913.010253877,-54739527.040136,-122601965.88970721,-0.004042202842315354,0.6774848453280762,-0.0310079908244005,0.04706770792377362,2021-12-20,2021-04-28,False,False,False,False,False,0.0,0,0,False,[],颢翊物流
2021-03-31,季报,2021-04-30,无保留意见,False,462152157.8125601,226981095.80796865,235171062.00459146,0.49113931844937475,48605278.70815133,179867.05128416038,1115901.7039928488,3087452.981475755,94661302.23498563,12346614.934839437,4109.895246282107,150691600.96513504,40000000,5.879276550114787,-13937972.400191732,-14170856.926321598,14664073.271731965,-9788928.426921088,-0.2447232106730272,-8253276.574084346,-41277490.6991393,3853626.3785473085,-40317171.0491875,-77741035.36977948,-0.04494778622506654,-0.6530855804714711,-0.12398188291037428,0.03156620651690597,2021-12-20,2021-06-13,False,False,False,False,False,0.0,0,0,False,[],颢翊物流
2021-06-30,半年报,2021-08-27,保留意见,False,501978153.3161958,271545553.6868446,230432599.6293512,0.5409509395836161,48212190.37307735,216274.10986412398,989413.4151839251,3408561.58825924,78883761.83445357,12970155.700679503,4900.7359985531875,158994534.25577244,40000000,5.76081499073378,-19435899.10603199,-19282481.488398675,29131206.984682247,-7854181.008343227,-0.19635452520858068,-7302320.80296725,-12501255.589016564,4199463.0784284435,-39902321.7438518,-48204114.25443992,-0.020149002750805143,0.2683023457707523,0.049811621134241334,-0.051065856804149344,2021-12-20,2021-09-28,False,False,False,False,False,0.0,0,0,False,[],颢翊物流
2021-09-30,季报,2021-10-27,保留意见,False,607742834.4777654,372614175.6751007,235128658.8026648,0.6131115901930604,57613375.91452218,243839.59372682954,1301239.9619276824,3922069.5474891895,116443934.3688946,16504097.399506822,6050.204467270383,191826207.33160865,40000000,5.8782164700666195,-24717774.12959233,-24296313.717406236,24584080.057158723,-7545535.74794334,-0.18863839369858348,-7162617.470010806,-64946437.55820434,5946808.803571759,-58503139.547816165,-117502768.30244875,0.020379317773905087,0.033747142894632716,0.07216065060944424,-0.12614883210755323,2021-12-20,2021-11-29,False,False,False,False,False,0.0,0,0,False,[],颢翊物流
2021-12-31,年报,2022-03-30,无保留意见,False,744194882.7848976,492969366.38469285,251225516.40020466,0.6624197206784355,73970871.1614353,333797.5684897116,1768376.717992251,5113262.712167951,131598842.04682143,18895272.2882637,6336.862181839688,235188028.29347694,40000000,6.280637910005116,-32102191.90401481,-31206769.243007623,26547278.940182652,-10549168.249174979,-0.26372920622937446,-9872079.322287697,-55008059.916915745,6376831.205030857,-63674525.76805864,-112305754.47994353,0.06845978571693129,-0.31769462776045176,0.049308130485375204,0.08640782058941564,2021-12-20,2022-04-19,False,False,False,False,False,0.0,0,0,False,[],颢翊物流
2022-03-31,季报,2022-04-30,无保留意见,False,902104357.2061825,584014295.916851,318090061.28933144,0.6473910598609052,86130684.05702946,324647.323530322,1877812.1732860447,5459764.414355929,151645985.33196816,23317653.959247313,6995.628783622099,272241545.4897559,40000000,7.952251532233286,-37500127.85364518,-36369230.28582418,24760346.03356244,-7711337.07090053,-0.19278342677251323,-7374944.346880795,-108995424.27145123,7954238.7653695205,-80790079.5509102,-181831265.05699193,0.26615347774869685,0.4399170971885147,-0.015028660817530286,0.0037484766474803017,2021-12-20,2022-05-23,False,True,True,False,False,0.0,4,9,True,"['公司为增强投资者回报水平拟采取的措施', '结合前述财务报表列报项目的具体情况说明现金分红方案确定的依据及未来增强投资者回报的规划', '公司在相应期间是否按照中国证券监督管理委员会相关规定为中小股东参与现金分红决策提供了便利']",颢翊物流
2022-06-30,半年报,2022-08-27,无保留意见,False,1465711356.8756378,1101958006.6405928,363753350.235045,0.7518247037326404,137028776.2557477,513051.1516057248,3040925.895729899,8138560.506431776,220940905.95374054,35939771.08347407,11307.777537344693,405669873.03851825,40000000,9.093833755876126,-41258463.23923327,-39792040.86669657,17619912.8331904,-5369050.550840128,-0.13422626377100322,-4889729.401246274,-33891567.08809487,13087660.75790468,-130848851.15360382,-151652757.483794,0.143554591931053,0.2521661662113393,0.10443364387173514,-0.041328344701540703,2021-12-20,2022-10-07,False,False,False,False,False,0.0,0,0,False,[],颢翊物流
2022-09-30,季报,2022-10-27,非标准无保留意见,False,1729470769.8294625,1367433102.1365664,362037667.69289625,0.7906656336674626,170803680.54457015,713136.6281366816,3689470.3301664884,12274548.134103512,301466480.5068248,46656306.17190942,14767.707511210141,510843056.93158776,40000000,9.050941692322406,-39261127.028209955,-38349903.964703016,11799661.261269536,2853337.4443190247,0.07133343610797561,2060195.5742765048,-244041924.38241935,15205842.767571723,-151492753.4658543,-380328835.08070195,-0.00471660959559595,0.7069403947717329,0.03884092993482217,0.05853741171352303,2021-12-20,2022-12-16,False,False,True,False,False,0.0,0,3,True,"['结合所处行业特点、发展阶段和自身经营模式、盈利水平、偿债能力、资金需求等因素，未进行现金分红或现金分红水平较低原因的说明', '是否影响偿债能力、过去十二个月内是否使用过募集资金补充流动资金以及未来十二个月内是否计划使用募集资金补充流动资金等内容', '充分披露高送转的主要考虑及其合理性且送转股后每股收益不低于0.5元', '上市公司控股子公司向母公司实施利润分配的情况']",颢翊物流
2022-12-31,年报,2023-03-30,非标准无保留意见,False,3345566453.5708632,2931398383.6184416,414168069.95242155,0.8762039027769535,358023952.3691857,1434296.7877496786,8450336.391182704,24030878.37597501,635289215.7124587,87346412.18373369,31059.52313788671,1091142644.198609,40000000,10.354201748810539,-40102984.457861476,-39070504.25118263,4029199.9072375116,-1202653.4709307496,-0.03006633677326874,-1029428.980685164,-390693341.4693117,31490717.08488626,-327498998.7769776,-686701623.1614031,0.143991653110929,-0.20429768680582142,0.085538269109491,-0.006645894788828912,2021-12-20,2023-05-14,False,True,False,True,False,0.0,1,0,True,"['结合前述财务报表列报项目的具体情况说明现金分红方案确定的依据及未来增强投资者回报的规划', '根据公司盈利能力、融资能力及其成本、偿债能力及现金流等情况披露现金分红方案的合理性，是否导致公司营运资金不足或者影响公司正常生产经营']",颢翊物流
2023-03-31,季报,2023-04-30,无保留意见,False,2646616241.662474,2254529723.9730735,392086517.68940085,0.8518536569385249,241484828.21159187,1141921.128037541,5489573.223769972,15563926.64603795,441787901.38052505,63020651.81691511,22862.208567048187,796810230.1627417,40000000,9.802162942235022,-37599274.710193515,-36670087.46393282,4034814.469949936,3576728.210954234,0.08941820527385586,3429166.838928302,-390952571.97743285,24296233.235451132,-229818424.4142202,-596474763.156202,-0.053315438501952514,0.3025433209995285,-0.024350245838428753,-0.11442068282330384,2021-12-20,2023-06-04,False,True,False,False,False,0.0,4,0,True,"['结合前述财务报表列报项目的具体情况说明现金分红方案确定的依据及未来增强投资者回报的规划', '公司为增强投资者回报水平拟采取的措施', '结合所处行业特点、发展阶段和自身经营模式、盈利水平、偿债能力、资金需求等因素，未进行现金分红或现金分红水平较低原因的说明']",颢翊物流
2023-06-30,半年报,2023-08-27,无保留意见,False,1966207366.0672402,1614555990.103676,351651375.96356404,0.8211524470753415,192702659.32203332,758360.7964461432,4243994.881146658,11604881.099871166,339232652.1142004,48068172.01424287,17503.07757920228,610534434.1734911,40000000,8.7912843990891,-31279585.556082886,-30847220.33808106,12763701.08474505,9028127.363015182,0.22570318407537956,8318381.608359651,-48643666.48902378,16757259.839652538,-178048936.82515556,-209935343.4745268,-0.10312811051021206,0.2649303181814317,-0.030701209863183233,-0.056661933471493564,2021-12-20,2023-09-20,False,False,True,False,False,0.0,0,7,True,['公司为增强投资者回报水平拟采取的措施'],颢翊物流
2023-09-30,季报,2023-10-27,无保留意见,False,3256703738.667424,2931033364.800682,325670373.8667424,0.9,289731713.35314137,1114028.98996994,6591188.88471472,19370361.232545502,531075508.7536852,79910544.42163396,29177.134014162686,937179665.8216954,40000000,8.14175934666856,-23692474.603037607,-24114297.41308977,47288383.426003754,10838729.932921827,0.27096824832304567,9618461.321416128,-240911870.34934235,26459183.88731365,-288855655.3454504,-503308341.8074791,-0.0738828392911327,0.06956330529100735,0.08690392196349214,0.11390315173176158,2021-12-20,2023-12-10,False,False,False,False,False,0.0,0,0,False,[],颢翊物流
2023-12-31,年报,2024-03-30,无保留意见,False,3643836576.9910874,3279452919.291979,364383657.69910866,0.9,395881439.1121208,1583563.1022189937,9060795.27131931,27091582.178605426,742988957.2346146,97156211.32939994,39113.56086925605,1233785037.8586178,40000000,9.109591442477717,-23422664.78830064,-23843811.536837436,548409.4199004796,385442.59248137847,0.009636064812034462,386408.39464618755,-512638990.519454,31571617.817726992,-337783501.63822085,-818850874.3399479,0.11887259922576493,-0.375494405298946,0.02164283948964764,-0.1089931959180267,2021-12-20,2024-05-08,True,False,False,True,True,544642.0482616171,0,0,True,"['上市公司控股子公司向母公司实施利润分配的情况', '公司在相应期间是否按照中国证券监督管理委员会相关规定为中小股东参与现金分红决策提供了便利', '公司为增强投资者回报水平拟采取的措施', '充分披露高送转的主要考虑及其合理性且送转股后每股收益不低于0.5元']",颢翊物流
2024-03-31,季报,2024-04-30,无保留意见,False,4154168081.154393,3738751273.038954,415416808.1154392,0.9,370802740.6668632,1810994.0765348577,8428952.459814288,29090481.43218438,721921327.4654564,108905008.59744968,36105.32791506608,1307651233.1435416,40000000,10.38542020288598,-12998929.225983655,-14765005.946487535,51118877.77812475,14891050.80330998,0.3722762700827495,12969722.271928433,-302829486.407396,35639250.03214013,-357113177.2751362,-624303413.650392,0.1400533458019993,0.8343536918123551,0.11884955583659895,-0.06008712818484995,2021-12-20,2024-06-08,False,False,False,False,False,0.0,0,0,False,[],颢翊物流
2024-06-30,半年报,2024-08-27,无保留意见,False,4305914022.300331,3875322620.070298,430591402.230033,0.9,462339519.71964526,1792218.213910714,8996527.220940985,26385542.353783958,713921088.9386042,103444827.31728557,36211.02562728614,1302370618.3718367,40000000,10.764785055750824,1336881.1261186553,-2588904.8841346316,77818544.22733493,20479729.074431874,0.5119932268607968,17394430.089075577,-51472107.22436735,36909054.87384652,-379551124.58889633,-394114176.9394172,0.03652859927222066,0.17524283867566515,0.025197664834447957,0.05251797159737199,2021-12-20,2024-10-11,False,True,False,True,False,0.0,0,0,True,"['结合前述财务报表列报项目的具体情况说明现金分红方案确定的依据及未来增强投资者回报的规划', '充分披露高送转的主要考虑及其合理性且送转股后每股收益不低于0.5元']",颢翊物流
2024-09-30,季报,2024-10-27,无保留意见,False,4722833354.583482,4250550019.125134,472283335.4583481,0.9,486645478.7055169,1895180.1208428266,10945957.317943329,31333722.541411333,919582644.9909873,130117799.29004082,45715.44241316742,1553374377.79765,40000000,11.807083386458702,18488554.094898965,13521688.4809649,74073581.003422,24502389.955400445,0.6125597488850111,23015133.37871362,-882102961.8790351,39110527.06804329,-401438825.1705309,-1244431259.9815226,0.0968248158518553,0.10732897436317818,0.00961500778492544,-0.003086001416409496,2021-12-20,2024-11-19,False,True,False,False,False,0.0,2,0,True,"['充分披露高送转的主要考虑及其合理性且送转股后每股收益不低于0.5元', '公司为增强投资者回报水平拟采取的措施']",颢翊物流
2024-12-31,年报,2025-03-30,无保留意见,False,5105992669.623213,4595393402.660892,510599266.9623212,0.9,462125551.9040105,1979801.343225918,10452697.177634006,29609881.55532668,917760057.868644,125032015.49437182,39131.51689533331,1464623318.739759,40000000,12.764981674058031,26567355.95265041,20668112.433238838,22984353.035361566,11541145.511073489,0.28852863777683724,10209177.074677056,-101840513.56686513,45181759.99306219,-448761738.0649647,-505420491.63876766,0.08112912022777137,-0.31230115803584924,0.003295966469836623,0.07330253123336494,2021-12-20,2025-05-11,False,False,False,False,False,0.0,0,0,False,[],颢翊物流
2017-03-31,季报,2017-04-30,无保留意见,False,282362816.02482045,97165828.0536381,185196987.97118238,0.3441169394099574,116835.6148607468,34754.49937802088,64017364.18496648,770948.9991718939,15.244253307432393,2386.345400477785,5059976.986811605,70775494.69000976,40000000,4.6299246992795595,2341632.5053096367,2062196.2459098937,10831437.814959671,3345189.2932994813,0.08362973233248704,2945994.637014134,11234520.698130814,-125768.11970869428,75767779.48952891,86876532.06795102,0.028872155395457632,0.13028829407219342,0.04411693940995744,0.056868888985245995,2021-08-16,2017-05-30,False,False,False,False,False,0.0,0,0,False,[],瑾煜农业
2017-06-30,半年报,2017-08-27,无保留意见,False,340937853.86686635,146411958.95783183,194525894.90903455,0.4294388472774413,142712.17313625113,37502.708085706625,72006846.19065973,848850.1057533869,16.69770827728461,2694.9754168570717,5178541.428744735,80613790.2479923,40000000,4.863147372725864,4245325.800470778,3890394.2980846036,10902449.672468238,2719561.850230202,0.06798904625575505,2611711.503106729,11446678.076216102,-151406.07601881737,98220840.93761872,109516112.937816,0.05037288694621661,-0.03075063269503845,0.0853219078674839,-0.03146660510839756,2021-08-16,2017-10-06,False,False,False,False,False,0.0,0,0,False,[],瑾煜农业
2017-09-30,季报,2017-10-27,无保留意见,False,406394042.28528535,227649630.89663464,178744411.3886507,0.5601697052852621,187193.72201680552,51277.602354774106,90926096.85600124,1115939.4916876908,20.983438624290088,3765.7237534475203,7806870.303104922,102588552.76431197,40000000,4.468610284716267,-3155158.822900153,-2498745.4688739246,40215365.525225684,-10572120.890529903,-0.2643030222632476,-9127342.52422647,49588701.66010512,-176750.1920173991,115715938.17443597,165127889.6425237,-0.08112793172221977,-0.6740353990474155,0.1307308580078208,-0.028760749613470343,2021-08-16,2017-12-01,False,False,False,False,False,0.0,0,0,False,[],瑾煜农业
2017-12-31,年报,2018-03-30,无保留意见,False,473718464.5699044,282293889.5357048,191424575.0341996,0.5959106740582792,211341.03485629096,53934.45526139316,103232542.8442527,1244442.4967123377,24.222923041811768,4110.002813405808,7856659.161703789,112580238.41558251,40000000,4.78561437585499,-8180899.08848184,-6943130.9282073565,29558139.331786104,-7179628.950830981,-0.17949072377077452,-6349122.084762044,45163954.549349084,-204852.73884729497,131417497.28267105,176376599.09317285,0.0709401963789399,0.5277778069442554,0.035740968773017065,0.060761698583912664,2021-08-16,2018-05-17,False,False,False,False,False,0.0,0,0,False,[],瑾煜农业
2018-03-31,季报,2018-04-30,保留意见,False,386555067.52026546,195888370.27783635,190666697.24242908,0.5067541127696296,140341.8096704158,37125.97666942229,75270996.2290656,968939.4719812225,17.62693422864722,2788.8635565911964,5919103.516601922,83123283.47029056,40000000,4.766667431060727,-13837796.94419311,-11948717.340148687,12683799.746590976,-8081282.651016101,-0.20203206627540254,-7150837.731344758,31814396.3572943,-179331.72027801332,103793430.59915614,135428495.23617244,-0.003959145745185105,-0.0918146265218173,-0.08915656128864975,0.027790969204186316,2021-08-16,2018-06-17,False,False,False,False,False,0.0,0,0,False,[],瑾煜农业
2018-06-30,半年报,2018-08-27,非标准无保留意见,False,531768133.1970797,318365992.8017329,213402140.39534682,0.5986932516765584,217777.2571124982,59510.21689253397,113630102.00613081,1355573.1837781847,24.518217311716292,4510.979849458821,8793621.339635178,122741597.91882956,40000000,5.335053509883671,-17545403.177622683,-15084017.106501605,18452569.156279616,-5296580.3334708195,-0.1324145083367705,-4478999.666218455,55257105.25287663,-230618.5567898153,155970830.94768718,210997317.643774,0.11924181559619733,0.3122312557491847,0.09193913890692892,0.02076124716483661,2021-08-16,2018-10-08,False,False,False,False,False,0.0,0,0,False,[],瑾煜农业
2018-09-30,季报,2018-10-27,无保留意见,False,476489193.9578583,280776000.3032322,195713193.65462616,0.5892599535595441,203738.60470651963,54484.465865193626,109591075.87671621,1237712.3332518071,23.719210525216138,3916.6612188501977,7959232.313982034,108256387.21471569,40000000,4.892829841365654,-16454106.82909209,-14053782.763587447,2164482.445594839,1558994.7836151347,0.038974869590378367,1471763.347020228,63993241.350153506,-196682.8213555411,133408047.15059808,197204605.67939603,-0.08289020301272654,0.5857753812496646,-0.009433298117014394,0.008857146888530065,2021-08-16,2018-11-27,False,False,False,False,False,0.0,0,0,False,[],瑾煜农业
2018-12-31,年报,2019-03-30,无保留意见,False,557275215.4887052,307214095.2318013,250061120.25690392,0.5512789492394496,228031.01245610643,56149.28369825454,122933619.4730285,1350731.061854793,24.92924800781643,4262.813182741671,8470423.60509533,124311479.98915833,40000000,6.251528006422598,-9645587.852452246,-8398333.36060395,44885682.39913077,9726455.680914063,0.24316139202285159,8079213.432833568,28031735.639936376,-231274.74068536895,152948070.80316967,180748531.70242068,0.27769168540668343,0.44008099536239964,-0.03798100432009448,0.07333624324362682,2021-08-16,2019-05-03,False,False,False,False,False,0.0,0,0,False,[],瑾煜农业
2019-03-31,季报,2019-04-30,无保留意见,False,498976688.79049015,235048673.81529838,263928014.9751918,0.4710614325191259,221156.1328397088,59631.98619236385,124108816.38964933,1353318.762017373,25.265850419947554,4297.816147420589,8451112.540915819,122289011.61111267,40000000,6.598200374379795,3806958.107959346,3221030.8794519547,65670667.95538036,19217922.80058799,0.48044807001469975,16599091.771508437,5416534.188205546,-223678.34044329697,134608796.55506226,139801652.40282452,0.05545402141701011,0.35513377579848693,-0.08021751672032369,-0.14234831948641144,2021-08-16,2019-05-18,False,False,False,False,False,0.0,0,0,False,[],瑾煜农业
2019-06-30,半年报,2019-08-27,保留意见,False,609768516.5542085,304335924.39037603,305432592.1638324,0.4991007507409093,266333.26612038695,71105.02737092582,140478543.2096549,1652278.5859629486,29.71599309927979,5036.9615500852315,8944407.526269488,144266649.22337335,40000000,7.63581480409581,37162807.37692058,30300672.193741716,221065037.5694322,47651213.241373196,1.1912803310343298,38685201.8775568,53403568.05342571,-287730.0080839764,181959520.71247604,235075358.75781778,0.15725718693614962,0.785061324398306,0.028039318221783436,0.11019633806119175,2021-08-16,2019-09-30,False,False,False,False,False,0.0,0,0,False,[],瑾煜农业
2019-09-30,季报,2019-10-27,无保留意见,False,465884255.72392553,228199897.9719612,237684357.75196433,0.48982101276929235,205234.10106562602,54029.60294438363,96116438.88209297,1226027.9358800792,21.665933670649196,3805.556734732814,7111719.142478663,106201118.42393939,40000000,5.942108943799108,35486486.99388044,28788909.622406222,7367134.694658741,-2394743.404343048,-0.059868585108576206,-2159660.8161935657,86585821.50489639,-185835.9460523878,126014338.84862137,212414324.40746537,-0.22181075677584627,-0.7740915311035432,-0.009279737971616981,0.0940218037855176,2021-08-16,2019-12-20,False,False,False,False,False,0.0,0,0,False,[],瑾煜农业
2019-12-31,年报,2020-03-30,无保留意见,False,551593720.6087079,313809826.9636674,237783893.64504057,0.5689147922448509,274764.2341781116,70915.41570927428,127646710.32718278,1583812.2089475633,28.53437911772819,5070.407541085341,10516567.543101959,143999006.33994925,40000000,5.9445973411260145,35623207.9341308,28920855.67581816,548125.2703435089,195315.62892907858,0.004882890723226964,188494.362017061,91583268.44679838,-253616.3154697279,146637591.98315656,237967244.1144852,0.0004187734271522253,0.1773374549299127,0.0790937794755585,0.09499041098903448,2021-08-16,2020-04-21,False,False,False,False,False,0.0,0,0,False,[],瑾煜农业
2020-03-31,季报,2020-04-30,无保留意见,False,632865110.444159,359134332.77803844,273730777.6661205,0.5674737425894594,276085.1993251725,64504.30359050277,121824940.22441241,1651759.8515839623,27.421693971742954,4963.123622099875,10244143.052970212,143857067.4818672,40000000,6.843269441653013,34261373.78893707,27685529.54099282,9497416.01644265,-1945477.350276757,-0.048636933756918924,-1764751.6211790596,14182755.531260585,-280375.59372868773,184872347.44083524,198774727.37836713,0.15117459584853468,-0.12449861493697761,-0.0014410496553914573,0.10426030114386883,2021-08-16,2020-05-11,False,False,False,False,False,0.0,0,0,False,[],瑾煜农业
2020-06-30,半年报,2020-08-27,非标准无保留意见,False,536121258.97688586,261601071.6151381,274520187.36174774,0.48795131182517926,218938.82060553186,59214.891969602664,118236396.76922502,1360644.9398379205,24.571717951900812,4101.879751500203,8680391.333071755,122597511.49685936,40000000,6.863004684043694,30721656.989236,24227981.834999155,24459541.08951695,-5056738.285287237,-0.12641845713218092,-4939353.865705238,66710282.179840684,-224570.68493460873,148677716.42890468,215163427.92381075,0.002883890888550735,-0.20666619642487805,-0.07952243076428019,0.08891307834101497,2021-08-16,2020-09-18,False,False,False,False,False,0.0,0,0,False,[],瑾煜农业
2020-09-30,季报,2020-10-27,无保留意见,False,573341116.0590582,265451477.98079702,307889638.0782612,0.4629904790457303,219736.10195521955,65335.336107000505,112702955.08564876,1322607.2184177605,26.549726480027857,4298.6013513085745,8994795.910490612,124931453.21286982,40000000,7.69724095195653,30787210.204173904,24287476.54675594,381032.2042528502,93647.44991129264,0.0023411862477823162,84992.44536683611,6650569.471774139,-266845.45149323554,161184171.3526285,167567895.3729094,0.12155554401010601,0.4312377856422447,-0.0249608327794489,-0.09885057533323227,2021-08-16,2020-12-18,False,False,False,False,False,0.0,0,0,False,[],瑾煜农业
2020-12-31,年报,2021-03-30,无保留意见,False,643555855.0370477,330931095.60076076,312624759.436287,0.5142228029014047,267478.7499281851,78312.62793781603,138468007.15859318,1704640.93858368,32.46978501479956,5551.1081659826905,10977140.076811517,152463030.90188855,40000000,7.815618985907174,32279762.271631457,25681585.72565313,3455046.4329250767,2132217.2392250746,0.053305430980626865,1991584.5412816978,76102348.73044206,-276998.5708118933,185945659.03810117,261771009.19773132,0.015379281315151754,0.11925891155104874,0.05123232385567432,-0.007409274455212517,2021-08-16,2021-05-27,False,False,False,False,False,0.0,0,0,False,[],瑾煜农业
2021-03-31,季报,2021-04-30,无保留意见,False,735013557.4644692,397100803.7666235,337912753.6978457,0.5402632369618835,329740.93945560086,80184.83336788058,163169489.54363424,1880316.8012246583,35.95106616507024,6026.8896006211235,10532395.277921425,174705070.906422,40000000,8.447818842446143,34346486.97281935,27533454.025513902,14684290.76577578,2952463.858839847,0.07381159647099618,2645526.142658247,110848184.76221287,-306052.71542830643,200684588.8488258,311226720.8956104,0.08088928819059958,0.04287253324372118,0.026040434060478884,0.3344342363915303,2021-08-16,2021-05-31,False,False,False,False,False,0.0,0,0,False,[],瑾煜农业
2021-06-30,半年报,2021-08-27,保留意见,False,908296559.8022413,548774883.4743823,359521676.32785904,0.6041802950281615,430128.2347978747,104320.69431891524,193090953.39792362,2505286.066747894,49.73354885085252,7587.120801298232,14666791.475033803,232094076.0758531,40000000,8.988041908196475,37145686.69845158,29989195.907710724,7060502.15329927,3998856.750903178,0.09997141877257945,3508202.6888525975,124944885.54931541,-393647.7598968265,269475100.5502877,394026338.3397063,0.06394823040427648,0.05244429457265912,0.06391705806627798,0.2130056673375389,2021-08-16,2021-09-20,False,True,False,False,False,0.0,0,0,True,"['充分披露高送转的主要考虑及其合理性且送转股后每股收益不低于0.5元', '根据公司盈利能力、融资能力及其成本、偿债能力及现金流等情况披露现金分红方案的合理性，是否导致公司营运资金不足或者影响公司正常生产经营', '公司为增强投资者回报水平拟采取的措施']",瑾煜农业
2021-09-30,季报,2021-10-27,无保留意见,False,692385012.8705118,361370603.59829354,331014409.2722182,0.5219214698193883,286300.8328598319,75970.92176670664,149014697.7833431,1924103.5642573922,31.184503644903234,5925.947222069343,12026996.438875716,165012617.9319547,40000000,8.275360231805456,37714145.06496739,30515200.938000236,1921544.150602718,812083.3807368688,0.02030208451842172,751435.7575564461,90350585.51466924,-320253.966820423,192293708.36347556,282324039.9113244,-0.07929220665305343,-0.15175937471116108,-0.08225882520877324,0.0250855788039834,2021-08-16,2021-11-07,False,False,False,True,False,0.0,0,0,False,[],瑾煜农业
2021-12-31,年报,2022-03-30,无保留意见,False,675034954.0329404,330062365.2771429,344972588.7557975,0.4889559619175461,288131.19785599085,76687.84292049933,157420778.5751163,1876001.9007002877,34.89426118983678,5785.655888627864,11739026.953451943,163681874.0339301,40000000,8.624314718894938,32344479.757780816,26027507.030912455,16385929.329242984,-7670950.43883796,-0.191773760970949,-6410991.295839691,104017272.24888158,-298717.0968844513,195264881.10524637,298983436.2572435,0.04216789086090939,-0.4762516342557057,-0.032965507901842155,-0.08160140181247984,2021-08-16,2022-05-14,False,False,False,False,False,0.0,0,0,False,[],瑾煜农业
2022-03-31,季报,2022-04-30,无保留意见,False,669629885.835664,350869387.36427265,318760498.47139144,0.5239751014493708,264617.72297322354,66026.18666809915,129917904.32681218,1698862.5963707452,31.83800086154119,5152.044881405596,10520447.13853869,144719616.85030925,40000000,7.969012461784786,28854754.882236972,22775892.352509048,6168951.11986337,-4985321.250776913,-0.12463303126942282,-4645163.826290576,12845965.343565457,-286980.1954709496,173817791.68659487,186376776.83468938,-0.0759831103652161,0.28787811346202363,0.03501913953182471,0.08085901325951085,2021-08-16,2022-05-13,False,False,False,False,False,0.0,0,0,False,[],瑾煜农业
2022-06-30,半年报,2022-08-27,非标准无保留意见,False,785093991.8966477,423843248.67582625,361250743.2208215,0.5398630648693364,337254.9146863037,99828.4265229269,184530370.46024215,2110151.5778757725,38.773858042624965,7371.672514429575,14249500.273615738,201746656.61514485,40000000,9.031268580520537,27468790.316014774,21464226.27224523,8036591.5961472895,-1979949.3803174254,-0.049498734507935634,-1873808.6860911744,9670290.554194594,-350958.11441506736,237986991.3949456,247306323.8347251,0.13329833826082915,0.25014167529479925,0.015887963419965644,-0.05348706673984868,2021-08-16,2022-09-26,False,False,False,False,False,0.0,0,0,False,[],瑾煜农业
2022-09-30,季报,2022-10-27,无保留意见,False,650120696.2622916,334105419.0754024,316015277.1868892,0.5139129103199744,329465.3112155209,87885.73670001466,154557504.19379547,2066196.180969694,33.232040688536756,6035.300782354769,12683608.06744281,171647855.95808482,40000000,7.900381929672229,30263251.30881659,24113361.49501292,17257669.73185345,3992087.132574022,0.09980217831435055,3784478.8896681312,96240636.28978676,-293331.48924089014,172158073.2956785,268105378.09622437,-0.12521902551846456,0.39760428670363945,-0.02595015454936196,0.12394571513469517,2021-08-16,2022-12-04,False,True,False,False,False,0.0,1,0,True,"['是否影响偿债能力、过去十二个月内是否使用过募集资金补充流动资金以及未来十二个月内是否计划使用募集资金补充流动资金等内容', '留存未分配利润的预计用途以及收益情况']",瑾煜农业
2022-12-31,年报,2023-03-30,无保留意见,False,764860735.8687148,421995959.24365693,342864776.62505794,0.5517291442138962,329831.06843041774,80235.7154795363,155074191.77582037,1861867.227350395,38.33987073843104,6410.039439399562,11817210.36254496,176536515.9065625,40000000,8.571619415626449,33439573.6045911,27023643.809509058,10844502.572654614,4537603.279677879,0.11344008199194698,4157546.163565908,144498250.9124441,-333043.4275519568,210397388.682615,354562596.1675072,0.08496266280914681,0.02598675127721658,0.03781623389392171,0.07971994871046323,2021-08-16,2023-04-13,False,True,False,False,False,0.0,4,0,True,"['根据公司盈利能力、融资能力及其成本、偿债能力及现金流等情况披露现金分红方案的合理性，是否导致公司营运资金不足或者影响公司正常生产经营', '公司在相应期间是否按照中国证券监督管理委员会相关规定为中小股东参与现金分红决策提供了便利', '结合前述财务报表列报项目的具体情况说明现金分红方案确定的依据及未来增强投资者回报的规划']",瑾煜农业
2023-03-31,季报,2023-04-30,无保留意见,False,1049805477.9662981,693520001.8354019,356285476.13089615,0.6606176252565392,395578.56170809874,97612.61543078226,210528700.6687987,2585536.212751802,47.46927005099426,8063.6866940826485,15491772.890083043,232158438.8911141,40000000,8.907136903272404,26426707.429613426,20642022.227517866,6493761.061780533,-10018380.24996811,-0.25045950624920277,-9116602.259987421,22344068.80911825,-472286.5132910337,291821973.0240669,313693755.31989413,0.03914283537067603,-0.6758404517266088,0.1088884810426431,0.09680358845526836,2021-08-16,2023-06-03,False,False,False,False,True,0.0,0,0,False,[],瑾煜农业
2023-06-30,半年报,2023-08-27,保留意见,False,933363275.24887,563518821.849981,369844453.39888906,0.6037507975656375,373930.9577050245,99726.1420903787,216614557.40470672,2599108.8603349077,42.611856406451274,7337.9042797219445,13770258.011845365,209747731.5787898,40000000,9.246111334972227,20218775.648571655,14424480.14308969,15263091.864847662,-8868473.972916815,-0.22171184932292037,-8882202.977754537,27583008.844843157,-394912.57840997813,267086624.3024422,294274720.5688754,0.0380564973212982,0.16470479891805054,-0.056866827690901754,-0.020074262799167228,2021-08-16,2023-09-18,False,False,False,False,False,0.0,0,0,False,[],瑾煜农业
2023-09-30,季报,2023-10-27,无保留意见,False,837501339.8804836,503964748.18233746,333536591.6981462,0.6017479903426258,376411.60181548045,100044.46107554203,203947838.34124863,2495220.0968950037,46.17240288541186,7344.953642154816,13871531.65409242,210219720.35176972,40000000,8.338414792453655,12726017.909689032,7465864.727658182,40329726.59856941,-10703939.626975175,-0.26759849067437935,-9940879.164902152,108325994.90829094,-351891.48141053563,253183753.91108575,361157857.33796614,-0.09817062650817586,-0.22572216432009,-0.0020028072230117333,-0.06212511338980026,2021-08-16,2023-12-04,False,False,False,False,False,0.0,0,0,False,[],瑾煜农业
2023-12-31,年报,2024-03-30,无保留意见,False,953284845.1337807,563174423.0293179,390110422.10446286,0.590772449498328,423607.15171558823,113410.07576362105,212008379.73589534,2467443.44957565,47.671170369612696,8023.233234869436,17053374.468733996,229419877.31315467,40000000,9.752760552611571,6892297.324385278,2213550.2309460854,22437521.09703716,-8333886.550433936,-0.2083471637608484,-7503306.423874425,105602990.50526442,-425400.19732859376,256277910.2520119,361455500.5599477,0.16961806234896243,0.37643429956542657,-0.010975540844297936,0.07745233124152621,2021-08-16,2024-05-16,False,False,False,False,True,0.0,0,0,False,[],瑾煜农业
2024-03-31,季报,2024-04-30,无保留意见,False,856639880.2913101,519599586.6138698,337040293.6774403,0.6065554482907964,369828.71624594304,103563.27519464504,193185902.3151119,2320589.807069498,41.554386717174715,6745.615923748263,13331238.524789754,197652333.44426006,40000000,8.426007341936007,-781083.6603902485,-4967034.537976221,20481873.559099443,-10961972.83539361,-0.27404932088484024,-10257978.241317581,111268057.37083325,-353625.769463786,229314024.81691435,340228456.4182838,-0.13603873523997165,-0.303260083110413,0.015782998792468445,0.01950618404848917,2021-08-16,2024-06-25,False,False,False,False,False,0.0,0,0,False,[],瑾煜农业
2024-06-30,半年报,2024-08-27,无保留意见,False,926537014.5073209,616030054.6443447,310506959.86297613,0.6648736585789982,389523.769271774,96028.93370059306,204542033.0047401,2567166.296939061,46.16437169581113,7982.829261861817,14987666.099372318,228529961.05431536,40000000,7.762673996574403,-10808001.63190025,-14033580.570512075,69306358.38793476,-14324168.530728575,-0.35810421326821434,-12952208.617908364,182665468.26123515,-418715.28573541384,264848987.04347944,447095740.0189792,-0.07872451547249573,-0.5568367951445181,0.05831821028820176,0.023331420241715074,2021-08-16,2024-10-21,False,False,False,False,False,0.0,0,0,False,[],瑾煜农业
2024-09-30,季报,2024-10-27,无保留意见,False,1205290639.38757,874877516.6828558,330413122.70471394,0.7258643584317531,554753.5904521309,135734.07230673634,297811977.8544402,3095517.6337173567,57.15052480424461,10460.197728179506,22530450.125773374,305256299.2649471,40000000,8.260328067617849,-21397629.36450796,-23159833.272188645,39219814.73620574,-15128039.618011015,-0.3782009904502754,-13037503.859537961,34137917.22206878,-517036.1518823386,339478288.20620877,373099169.2763952,0.06410858826005779,-0.3004191768106074,0.060990699852754945,0.018872375521697283,2021-08-16,2024-12-18,False,False,True,True,False,0.0,0,0,True,"['上市公司控股子公司向母公司实施利润分配的情况', '根据公司盈利能力、融资能力及其成本、偿债能力及现金流等情况披露现金分红方案的合理性，是否导致公司营运资金不足或者影响公司正常生产经营', '公司为增强投资者回报水平拟采取的措施']",瑾煜农业
2024-12-31,年报,2025-03-30,无保留意见,False,1593075583.7844944,1222064353.014565,371011230.76992935,0.7671100890966147,722586.1914333308,203488.63136185083,405027158.7598995,4822001.684867693,82.59411282367546,14735.5634164136,29795467.695452433,423117923.06176746,40000000,9.275280769248234,-32021240.291949842,-33809341.492626905,44878698.52386407,-15176587.03920269,-0.37941467598006723,-15213583.172054656,161341085.87260538,-685647.2299787703,417041262.169466,577696700.8120927,0.12287074960245274,-0.025934000344651466,0.04124573066486151,0.07854109231379085,2021-08-16,2025-05-16,False,False,False,True,True,0.0,0,0,False,[],瑾煜农业
2017-03-31,季报,2017-04-30,无保留意见,True,241396713.4817892,72823334.39542982,168573379.08635938,0.301674920694078,6539435.423352762,2.9822218647315593e-10,20566737.749762148,4309942.187342216,29336773.452238187,755664.9047937552,10836232.231092732,70838035.89052303,40000000,4.214334477158984,6147749.405519018,5687514.742656542,30252794.528673086,8782499.150741454,0.21956247876853635,8125021.060937918,-5822905.958430996,19442661.316064972,40672099.158120565,54291854.51575454,-0.06348122729800344,0.43236106393008084,0.0016749206940780005,0.17636562498868813,2021-12-23,2017-06-23,False,False,False,False,False,0.0,0,0,False,[],钧翊食品
2017-06-30,半年报,2017-08-27,无保留意见,False,240273239.89532125,73542832.2471156,166730407.64820564,0.3060799957546486,5193511.905236095,2.617873682038338e-10,17921226.551300965,3722964.16015896,24860918.22548477,680630.478867758,8401486.34164861,61434789.6984159,40000000,4.168260191205141,16548385.18439912,15557294.245701127,61363772.295626506,14858051.112685863,0.3714512778171466,14099685.004349407,-34641640.32608441,20144161.181764964,38734503.619534515,24237024.475215066,-0.010932754911495179,0.2356463555539257,0.004405075060570607,-0.09249801535405958,2021-12-23,2017-09-20,False,False,False,False,False,0.0,0,0,False,[],钧翊食品
2017-09-30,季报,2017-10-27,无保留意见,False,259054713.6457914,86553464.07404833,172501249.57174307,0.33411267780440357,6219903.182894011,2.6490533527872173e-10,19537920.241432626,4339790.837644552,32008797.99261078,799057.6121352735,9561636.96118089,70659193.92553775,40000000,4.312531239293577,27508075.49208919,24329600.28907275,68109508.62280436,15656700.43955724,0.39141751098893096,12531865.776245171,-23568254.4245759,21821054.901215352,41968027.46928201,40220827.945921466,0.0346118143950903,0.025068995088445754,0.028032682049754943,-0.09068237554280155,2021-12-23,2017-12-21,False,False,False,False,False,0.0,0,0,False,[],钧翊食品
2017-12-31,年报,2018-03-30,无保留意见,False,253418392.91177574,79409664.694237,174008728.21753874,0.3133539905364423,6325873.129453325,2.6690508723686537e-10,20978826.76046151,4044739.7308963644,30522943.94497282,837473.4568033469,10676714.341630572,69111105.90784577,40000000,4.350218205438469,52247682.317338966,45691838.5987184,102155201.2802582,35342295.46464253,0.8835573866160633,30517483.299493786,-21560769.86269611,20443521.475764807,40318371.09834045,39201122.71140915,0.008738943338313085,0.6028041645395387,-0.020758687267961234,-0.0713770778630147,2021-12-23,2018-05-28,False,False,False,False,False,0.0,0,0,False,[],钧翊食品
2018-03-31,季报,2018-04-30,无保留意见,False,242221392.59638655,64163835.7627423,178057556.83364424,0.26489747695265914,5561100.434623799,2.554188716928515e-10,18773284.076415516,4165007.4909996465,24474539.66211172,697375.1170907769,9818131.97966896,66161005.45610443,40000000,4.451438920841106,84807213.24671203,75995473.93130518,217164438.53500646,46513615.61339008,1.162840390334752,43290907.61798112,-33855116.16650653,18183351.477312814,34841760.99649547,19169996.307301756,0.023267962806117513,0.21342816644894425,-0.04845651358378316,-0.08087535133886947,2021-12-23,2018-05-14,False,False,False,False,False,0.0,0,0,False,[],钧翊食品
2018-06-30,半年报,2018-08-27,无保留意见,False,290667485.8032199,96084137.49984851,194583348.30337137,0.3305637616616565,7554595.934141846,3.310870158907772e-10,24768584.20400724,5268981.3175825635,36228098.38517585,982717.8235133651,13614305.18885516,86456388.72902752,40000000,4.864583707584284,117987133.61696321,104855618.00859235,228307507.73402223,47399886.24321597,1.1849971560803993,41228777.2532674,-18236190.628307864,22096315.636587266,45305020.83343128,49165145.84171069,0.09281151422945152,0.013954025782765389,0.06566628470899737,-0.05025656883909646,2021-12-23,2018-09-20,False,False,False,False,False,0.0,0,0,False,[],钧翊食品
2018-09-30,季报,2018-10-27,非标准无保留意见,False,292989249.8839547,99209908.03761159,193779341.84634313,0.3386127923700477,7270776.200635662,3.248047140475783e-10,22275764.01677098,4826907.113217701,33634107.32890125,840319.3430330249,12537622.180454832,79237146.41364083,40000000,4.844483546158578,149371808.28967586,133956920.85548702,61007419.266345136,44835249.53244665,1.1208812383111664,41573289.781278096,-39763076.37414326,22382689.875796665,43871617.20468984,26491230.706343245,-0.004131938647569753,-0.039823621754292854,0.008049030708391216,-0.02734920441293671,2021-12-23,2018-12-25,False,False,False,False,False,0.0,0,0,False,[],钧翊食品
2018-12-31,年报,2019-03-30,无保留意见,False,302050050.74409884,97213433.64098515,204836617.10311368,0.32184544714195656,7959903.207272524,3.6422951387693983e-10,24050441.327222243,5130052.260962826,36529765.60953904,858551.5944696082,13256773.214673234,86843174.7170559,40000000,5.120915427577842,159740902.17034692,143037786.6484555,18152633.12311422,14812991.25810153,0.3703247814525383,12972665.418526411,-52801097.02548797,25549670.438100625,46779517.320441306,19528090.733053964,0.057061166331849725,-0.4855201281041426,-0.016767345228091174,0.12751389091750245,2021-12-23,2019-04-30,False,False,False,False,False,0.0,0,0,False,[],钧翊食品
2019-03-31,季报,2019-04-30,无保留意见,False,307171914.43408775,99570245.56399973,207601668.870088,0.32415152846067014,6795051.908159533,3.459274675283342e-10,24207599.667919602,4768280.668223043,31579276.36731955,983858.3967080875,13220066.833909813,85599491.73006172,40000000,5.1900417217522,158049346.72277904,141439988.42520785,8201395.566320857,-2416507.7822398264,-0.06041269455599566,-2282568.89035379,-34123171.73949083,26097622.3590056,48417468.81857803,40391919.4380928,0.01349881581759571,-0.5415868913601035,0.002306081318713562,0.03701344128663523,2021-12-23,2019-06-20,False,False,False,False,False,0.0,0,0,False,[],钧翊食品
2019-06-30,半年报,2019-08-27,无保留意见,False,284271283.39588857,89659289.26868336,194611994.12720522,0.3154004449468782,6497402.043304636,3.1632454127282774e-10,20988613.53858038,4592225.478435606,28484871.56696681,754612.8630378648,10807304.07496578,76681364.837522,40000000,4.86529985318013,158330454.07235327,141701887.5938243,516725.326763974,401581.92796315625,0.010039548199078907,374141.6694520682,-8419192.233289171,23590783.617211524,43064011.172290206,58235602.55621256,-0.06257018459235689,0.19323833195255105,-0.00875108351379194,0.041375504894258244,2021-12-23,2019-09-14,False,False,False,False,False,0.0,0,0,False,[],钧翊食品
2019-09-30,季报,2019-10-27,无保留意见,False,308166381.1328936,89274784.33308421,218891596.79980943,0.2896967021674742,7211046.942649131,3.2123218416806646e-10,22698380.606225,4986838.501902889,32272037.881235614,841012.2326528258,12526240.701596968,80886441.58778061,40000000,5.4722899199952355,170509089.3035458,151362573.7087843,12734195.781839922,17398050.33027506,0.43495125825687647,13800980.164228588,-28887222.4737151,26599203.603004187,44442672.691014014,42154653.8203031,0.12475902516437007,0.9767197300033813,-0.02570374277940399,-0.0914541736977653,2021-12-23,2019-11-30,False,False,False,False,False,0.0,0,0,False,[],钧翊食品
2019-12-31,年报,2020-03-30,无保留意见,False,339368206.14855444,114376262.83406514,224991943.31448928,0.3370270424920073,8408146.391340945,3.6321941903573236e-10,29139314.273422137,5967890.554630117,37109855.99284853,985332.2583803419,15629435.730454015,96532203.7838989,40000000,5.6247985828622316,183313443.99289873,162210580.63406044,47352419.13386492,18291935.270504177,0.4572983817626044,15497152.750394465,-28548264.468312483,29619844.935536202,54003903.58861957,55075484.055843286,0.027869258591315383,0.025986500154701407,0.047330340324533156,0.025578706511056957,2021-12-23,2020-04-22,False,False,False,False,False,0.0,0,0,False,[],钧翊食品
2020-03-31,季报,2020-04-30,无保留意见,False,360169395.75655663,143487487.9463103,216681907.81024635,0.3983888959940823,8709714.916191243,4.0033577409217603e-10,29241634.005736213,5611872.177943919,40486597.54789879,1209498.869021081,15843889.972709496,100133737.97771159,40000000,5.417047695256159,205860413.48154032,182054778.37345266,28770624.44139206,32209956.412345126,0.8052489103086281,28348853.913417444,-43117620.83266611,32135545.38411406,57764257.48700202,46782182.03844997,-0.03693481367298247,0.3943683177236575,0.06136185350207495,0.03206985672590506,2021-12-23,2020-05-30,False,False,False,False,False,0.0,0,0,False,[],钧翊食品
2020-06-30,半年报,2020-08-27,无保留意见,False,334473220.502213,139892803.15486813,194580417.3473449,0.4182481423918437,9131028.504122643,3.4249052843931145e-10,28512044.575750872,5799837.632808002,39029627.22031331,999920.1866082757,15259824.817636624,93620829.55882877,40000000,4.8645104336836225,238909076.15890408,211624938.56600928,158652653.6697808,47212375.25337681,1.1803093813344203,42243085.989366606,-40534775.09952161,28194977.31651918,51930490.518828586,39590692.73582616,-0.1019997040189264,0.30486551776884085,0.019859246397761397,-0.027748542794201667,2021-12-23,2020-09-24,False,False,False,False,False,0.0,0,0,False,[],钧翊食品
2020-09-30,季报,2020-10-27,无保留意见,False,297370645.13632417,93907714.5397106,203462930.5966136,0.3157934923154917,6851491.995516511,3.1020199494742856e-10,21666281.112953886,4235142.120815254,27984479.419462096,796618.9799138771,11273945.420713577,72436082.91401409,40000000,5.08657326491534,265856435.9498546,235822003.35477838,73212550.99812959,38496228.27278652,0.962405706819663,34567235.41252729,-14143940.871562999,23856847.203836873,46348409.962512724,56061316.2947866,0.045649574455442384,-0.1357393640431005,-0.10245465007635196,-0.022641432746782802,2021-12-23,2020-12-07,False,False,False,False,False,0.0,0,0,False,[],钧翊食品
2020-12-31,年报,2021-03-30,无保留意见,False,327294052.25530344,125854479.5355358,201439572.71976766,0.3845302982694103,8056838.622524126,3.3938329809715055e-10,24425298.6726542,4802933.379329557,33830840.218454644,903060.9993740144,13291986.025386857,87821016.45657946,40000000,5.035989317994192,284852431.5953186,251322686.556165,36319590.512063205,27137136.63637717,0.6784284159094293,22143833.144838035,-37878228.09528651,28461481.45950982,50728552.251994975,41311805.616218284,-0.00994460205066772,-0.20468222778266654,0.06873680595391857,0.09470846232863879,2021-12-23,2021-05-10,False,False,False,False,False,0.0,0,0,False,[],钧翊食品
2021-03-31,季报,2021-04-30,无保留意见,False,447118713.9387584,213162258.89324728,233956455.0455111,0.476746448421848,10428422.467643617,4.3617725547911874e-10,30173379.35525995,6346297.799116685,44491666.98796486,1149329.268226244,18207426.39597654,109753672.4272673,40000000,5.848911376137777,308394632.78448534,273957557.67809194,148580524.82557362,33631715.98452391,0.8407928996130977,32335530.174181264,-42723749.72305735,36243715.24518127,71799892.5420166,65319858.06414051,0.16142251438836824,0.14714546169254675,0.09221615015243773,0.1244348803839939,2021-12-23,2021-05-15,False,False,False,False,False,0.0,0,0,False,[],钧翊食品
2021-06-30,半年报,2021-08-27,无保留意见,False,450684034.9564792,191368800.4188448,259315234.53763437,0.42461854775336016,11028378.856427863,4.6409949616640744e-10,35775729.739114836,7573561.927657946,49332034.25209035,1360780.8431237703,18452361.04259096,123690783.45819183,40000000,6.482880863440859,319183646.7001939,284094604.57859033,47326602.55551297,15412877.022440732,0.3853219255610183,14481495.57214059,-33284019.533071943,38948998.45260676,68144645.5005449,73809624.42007972,0.10839102296703156,-0.35983056485093157,-0.05212790066848782,0.11087600508589761,2021-12-23,2021-09-23,False,False,False,False,False,0.0,0,0,False,[],钧翊食品
2021-09-30,季报,2021-10-27,无保留意见,False,452321238.0559256,179043098.19309822,273278139.86282736,0.39583173003908584,10615520.093969347,4.305842510273263e-10,31892694.86060822,6748645.490265681,44826692.68176734,1145601.2626757468,18297018.795111332,115783725.21880004,40000000,6.831953496570684,314093975.4798093,279317115.0701638,12692368.878220825,-7270958.886263685,-0.18177397215659213,-6824985.012037856,-47689955.682187565,39109067.03435689,70444594.52419601,61863705.87636534,0.05384529509069974,-0.6998402484604958,-0.028786817714274337,0.09971771593131988,2021-12-23,2021-12-04,False,False,False,False,False,0.0,0,0,False,[],钧翊食品
2021-12-31,年报,2022-03-30,无保留意见,False,484263403.59622735,194352638.88387668,289910764.71235067,0.401336622673898,12415170.971086547,5.675143318107852e-10,38609265.23766717,8033382.024331408,50972009.36154435,1422169.1858602755,23376471.9348413,136907533.57807592,40000000,7.247769117808767,310641554.9130065,276072831.4636164,6449527.949369512,-4932029.381146835,-0.12330073452867088,-4634690.866496313,-23996155.68701991,44714846.51175941,81936330.48766078,102655021.31240028,0.06086335649778705,0.24040699158055207,0.005504892634812194,0.06505589737009707,2021-12-23,2022-04-26,False,False,False,False,False,0.0,0,0,False,[],钧翊食品
2022-03-31,季报,2022-04-30,非标准无保留意见,False,541080236.156002,225835908.0461334,315244328.1098687,0.4173797025937227,13347903.549969632,5.68778108065661e-10,40141695.99859736,8438552.154731996,57766079.841834605,1542308.137141693,22962582.360023297,143403212.02777934,40000000,7.881108202746717,309142437.7033977,274659472.9851021,1976137.0136382123,-2141596.013726862,-0.053539900343171555,-2019083.5407346713,-67866330.42715648,47137074.94541223,87258785.23205316,66529529.750308916,0.08738400391118292,0.2312263971757292,0.01604307991982466,-0.05957210875835063,2021-12-23,2022-05-20,False,False,False,True,False,0.0,0,0,False,[],钧翊食品
2022-06-30,半年报,2022-08-27,保留意见,False,553531016.3427846,249298750.65504095,304232265.6877437,0.4503790091152867,13143088.88872497,6.019570700782242e-10,37518726.771175504,9300040.757522298,59362370.42483777,1611065.774641465,23007690.342449673,146072458.6070498,40000000,7.605806642193593,306826309.04615337,272548316.80973697,13103973.699415386,-3308755.224634791,-0.08271888061586977,-3015937.39337879,-26507429.179101314,47133618.34573712,87540765.3696628,108166954.53629862,-0.03493183362933365,-0.07855212524751665,0.03299930652156403,0.07796459589932148,2021-12-23,2022-09-23,False,False,False,False,False,0.0,0,0,False,[],钧翊食品
2022-09-30,季报,2022-10-27,无保留意见,False,582717593.9924518,257769173.66103426,324948420.33141756,0.44235694325778885,15012165.210308472,6.583261276650701e-10,45016659.68561948,8630400.125402957,64810314.96120987,1774733.5917133242,26273497.5461793,161702842.41618016,40000000,8.12371050828544,318000755.3818643,283573893.7345887,54501773.33536729,15963494.765301343,0.39908736913253356,15750824.17835961,-111663171.87473717,47524900.82875781,87513259.39266151,23374988.346682146,0.06809322014824151,1.4076331484930342,-0.008022065857497897,-0.026025292234881293,2021-12-23,2022-11-20,False,False,False,False,False,0.0,0,0,False,[],钧翊食品
2022-12-31,年报,2023-03-30,无保留意见,False,484502458.04908097,154692584.88607827,329809873.16300267,0.31928132110819474,10732999.869210133,4.777910429614882e-10,37601762.28852087,7887347.884692867,48588206.02524023,1267261.2021411788,19927070.703564294,122292401.1279206,40000000,8.245246829075066,319452052.58616334,284906955.114491,1154993.6089852697,2073281.7204272337,0.051832043010680846,1904373.3998604678,-66230921.95145758,40381080.32456509,74301476.98392585,48451635.35703336,0.014960690766327918,-0.4213816873414614,-0.12307562214959411,0.044728709014672234,2021-12-23,2023-05-09,True,True,False,False,True,2166094.4325841633,0,0,True,['结合前述财务报表列报项目的具体情况说明现金分红方案确定的依据及未来增强投资者回报的规划'],钧翊食品
2023-03-31,季报,2023-04-30,无保留意见,False,535767846.61722636,180110683.22011682,355657163.3971095,0.3361729979828278,12681801.931798099,5.925343080956733e-10,41357780.869590044,8687876.126551092,56811182.11471425,1657853.306985932,24324793.55457225,148306041.5660047,40000000,8.891429084927738,327759829.93080926,292202717.26137954,37837925.86869584,11868253.34949416,0.296706333737354,10422517.352697901,-33293827.293635156,41527504.66533579,83089914.6565566,91323592.02825724,0.07837027432266201,0.5135441175063565,0.016891676874633044,0.2002355670042828,2021-12-23,2023-06-19,True,False,True,False,False,5068825.591701683,0,2,True,['是否影响偿债能力、过去十二个月内是否使用过募集资金补充流动资金以及未来十二个月内是否计划使用募集资金补充流动资金等内容'],钧翊食品
2023-06-30,半年报,2023-08-27,无保留意见,False,490526727.76032484,124595523.34751631,365931204.41280854,0.25400353598753267,11609200.689064851,5.773181714844884e-10,41314881.655031815,8215828.834033437,54592936.124556735,1348889.80822981,21376097.868512988,136406157.21000856,40000000,9.148280110320213,331682428.7127654,296027058.74442315,4176714.117620454,5603712.545651618,0.14009281364129045,5463344.97577659,-42391766.020484984,41489510.369504556,77245641.38112661,76343385.73014618,0.028887485120684838,-0.21700449722401763,-0.08216946199529514,-0.11346686543138691,2021-12-23,2023-09-21,False,False,False,False,True,0.0,0,0,False,[],钧翊食品
2023-09-30,季报,2023-10-27,无保留意见,False,514604005.1477308,144846650.7827264,369757354.3650044,0.2814720626613551,13729452.43126899,6.186139798994752e-10,42713094.417642266,9802533.160074262,55862100.60323628,1607612.9256800658,26479986.762177322,150682249.81073135,40000000,9.24393385912511,337172939.5427637,300881296.340246,32789864.156135626,7843586.899997674,0.19608967249994186,6934625.136889801,-45840141.08706322,40095800.527348444,80067526.20781805,74323185.64810327,0.010455926977683045,0.0990932064731532,0.027468526673822474,0.16194720457408987,2021-12-23,2023-11-19,True,False,False,False,True,4583762.229097422,0,0,True,"['结合前述财务报表列报项目的具体情况说明现金分红方案确定的依据及未来增强投资者回报的规划', '根据公司盈利能力、融资能力及其成本、偿债能力及现金流等情况披露现金分红方案的合理性，是否导致公司营运资金不足或者影响公司正常生产经营']",钧翊食品
2023-12-31,年报,2024-03-30,无保留意见,False,437721833.700328,110835904.36066702,326885929.339661,0.25321081981153176,11228805.900825376,4.585781520592372e-10,36444192.55904242,6420171.011361792,48208060.939826675,1331671.6444173197,18091824.255554184,117766157.24926756,40000000,8.172148233491525,338511970.9115129,302079174.68091285,6304129.175797841,1912901.9553559162,0.047822548883897906,1711254.7723811574,-9741827.32666112,37410120.05232713,67035633.680106945,94703926.40577295,-0.11594475273917906,-0.2387209612087986,-0.028261242849823353,0.06230384723856921,2021-12-23,2024-04-18,False,False,False,False,False,0.0,0,0,False,[],钧翊食品
2024-03-31,季报,2024-04-30,保留意见,False,442389238.6100014,119536110.80173498,322853127.8082664,0.27020573822573213,10800532.818347065,4.5855205810262827e-10,32191269.793572474,7065800.6084401505,42399058.1032082,1207284.198016813,18408372.88539128,112959326.93094054,40000000,8.071328195206661,345826968.14271766,308737361.9367461,51244047.088058926,10449996.04457824,0.261249901114456,9511696.079761779,-73758576.1568653,38803225.0896431,69415114.02449937,34459762.95727717,-0.012337030044521101,0.45138996169779855,0.01699491841420035,0.10614831704137735,2021-12-23,2024-06-17,True,True,False,False,False,7194825.196051152,3,0,True,"['留存未分配利润的预计用途以及收益情况', '公司为增强投资者回报水平拟采取的措施', '根据公司盈利能力、融资能力及其成本、偿债能力及现金流等情况披露现金分红方案的合理性，是否导致公司营运资金不足或者影响公司正常生产经营', '公司在相应期间是否按照中国证券监督管理委员会相关规定为中小股东参与现金分红决策提供了便利']",钧翊食品
2024-06-30,半年报,2024-08-27,无保留意见,False,458147353.3562231,104166398.70915087,353980954.64707226,0.22736440131338795,11173799.463044688,5.222630943178811e-10,36598843.41951392,7208689.618833877,52939763.08762132,1277395.6641043648,18624682.994929295,122360097.03196692,40000000,8.849523866176806,359476832.113669,321445568.2267828,35778737.80947192,19499805.6727876,0.48749514181969,18154580.414338045,-63212669.288835295,35105814.40793983,64571633.78402636,36464778.9031309,0.09641482196601737,0.32968345836963514,-0.042841336912344166,0.17822597670113813,2021-12-23,2024-10-10,False,False,False,False,False,0.0,0,0,False,[],钧翊食品
2024-09-30,季报,2024-10-27,无保留意见,False,549112007.5071704,149727730.3959967,399384277.11117375,0.2726724754676604,12547759.539525595,5.448124558906709e-10,41315504.41118408,8007636.186517313,54247574.23942352,1476345.1598761417,23556769.73801519,137172839.1743226,40000000,9.984606927779344,364439249.418425,325977765.2274778,13121196.35026235,7089167.578222904,0.17722918945557262,6474567.143850039,-67406532.95429143,43229415.349787936,86584240.08658856,62407122.482085064,0.12826487376805243,-0.3400192923168749,0.04530807415427244,-0.009132876354629912,2021-12-23,2024-11-11,True,False,False,False,False,9051736.821910482,0,0,True,['公司为增强投资者回报水平拟采取的措施'],钧翊食品
2024-12-31,年报,2025-03-30,无保留意见,False,579544715.2012764,182576664.33087525,396968050.87040114,0.3150346462351334,13634344.214845106,5.698364126360282e-10,39853095.434930906,8832934.558419213,59338973.327159986,1649161.0474731368,22598889.29031845,146233512.11249366,40000000,9.924201271760028,370032553.6545056,331089852.48643523,0.0,7990434.6229722425,0.19976086557430606,7302981.798510632,-20131925.930553153,47209390.28899977,89948324.16655912,117025788.52500573,-0.006049878223173052,0.03741378948951715,0.04236217076747299,0.012251898874642115,2021-12-23,2025-05-09,True,False,False,True,False,9110438.228208264,0,0,True,"['公司在相应期间是否按照中国证券监督管理委员会相关规定为中小股东参与现金分红决策提供了便利', '公司为增强投资者回报水平拟采取的措施']",钧翊食品
2017-03-31,季报,2017-04-30,无保留意见,False,225029463.52246684,63668104.23334846,161361359.28911838,0.2829323024493273,35702528.17331482,182864.42990793183,64355369.80347234,0.008666315903315649,28909364.523685876,13159730.67946618,324543.18775082094,143461286.82294196,40000000,4.034033982227959,1551501.298499726,1394198.6947936278,6844197.7526384825,2216430.42642818,0.0554107606607045,1991712.4211337543,21660340.737677086,9879360.054316545,15747259.989636617,47286960.78163025,-0.10354800394934241,0.06757946813489896,-0.017067697550672688,0.07624995391320386,2021-01-06,2017-05-13,False,False,False,False,False,0.0,0,0,False,[],瑾滢食品
2017-06-30,半年报,2017-08-27,无保留意见,False,246543856.91452438,68962260.41584812,177581596.49867627,0.27971599568086997,42167294.00689824,187750.12212266604,82240013.47922352,0.010101752490721892,30114049.99564359,15844053.768721158,412617.628310113,166647640.2417787,40000000,4.439539912466906,9065912.29519477,7588860.567888833,18262818.07553034,10734872.852421492,0.26837182131053733,8849516.961564578,14926179.086548034,11239346.767938625,16531411.063402858,42696936.91788952,0.10052119838985349,0.44328953072772437,-0.0032163067684573285,0.021746036520896652,2021-01-06,2017-10-15,False,False,False,False,False,0.0,0,0,False,[],瑾滢食品
2017-09-30,季报,2017-10-27,非标准无保留意见,False,225484575.77649677,46693603.92614136,178790971.85035542,0.20708114408865227,35118156.976453,187158.12842748573,68695517.86941816,0.00836428028281853,26893935.657618713,14235266.357524566,357611.1702523449,143906684.35552764,40000000,4.469774296258885,18395909.623725403,16460456.193491122,55061758.307619065,13328567.612186622,0.33321419030466554,12673708.036574699,14200903.514951656,10857912.109082695,15701158.963017305,40759974.58705166,0.006810251599963339,0.09351745629288788,-0.07263485159221769,0.07762782412489222,2021-01-06,2017-11-06,False,False,False,False,False,0.0,0,0,False,[],瑾滢食品
2017-12-31,年报,2018-03-30,无保留意见,True,255209227.45917627,67134784.55417657,188074442.9049997,0.2630578260142086,40061047.98770105,184821.81474949457,72452011.7586514,0.009225822361179848,29959741.116066217,15162535.901895205,380078.14571153955,160218698.35610974,40000000,4.701861072624992,25232532.062155303,22895243.836635385,43552450.854076475,9766603.483471278,0.24416508708678195,9192553.775920378,8622400.153343117,12926300.6888852,16397272.771282401,37945973.61351071,0.05192360083155834,-0.11744584097285465,0.055976681925556285,0.09750327791048513,2021-01-06,2018-05-24,False,False,False,False,False,0.0,0,0,False,[],瑾滢食品
2018-03-31,季报,2018-04-30,非标准无保留意见,False,315709975.09768414,102404327.05793017,213305648.03975394,0.32436202570490574,48419675.907266654,257094.39966722697,89166122.6456208,0.010548047864210628,35096284.53269927,18559271.916375443,479514.8988714934,199126688.011929,40000000,5.332641200993849,29889848.99362998,26721341.522409026,18120164.595659375,6653309.902106684,0.16633274755266708,5465853.836819481,42037460.08342163,14848691.279573668,20835938.518754102,77722089.88174939,0.13415541604182252,-0.11631261259154867,0.061304199690697184,0.024634317163822878,2021-01-06,2018-06-14,False,False,False,False,False,0.0,0,0,False,[],瑾滢食品
2018-06-30,半年报,2018-08-27,无保留意见,False,284997061.49279845,76090475.72796433,208906585.7648341,0.2669868781432578,48456928.97392429,254639.27316667303,85160498.50328885,0.01088036160754587,36378553.00538122,18507714.921699528,516761.1919091673,191839056.76211038,40000000,5.222664644120853,39129301.13200488,35689829.7310613,58565992.657688685,13199217.34053557,0.32998043351338924,12812126.0123604,40853783.62432506,13843000.639383333,18063733.846829537,72760518.11053793,-0.020623280796108992,0.27674382424786464,-0.05737514756164798,-0.022540818685923166,2021-01-06,2018-10-01,False,False,False,False,False,0.0,0,0,False,[],瑾滢食品
2018-09-30,季报,2018-10-27,无保留意见,False,285198055.6234247,58992810.68287652,226205244.9405482,0.2068485724908678,45813175.128352776,219113.957026878,86844534.7875714,0.009277412765892062,35924236.202292606,18227910.41253724,453377.59421345143,185536118.81242386,40000000,5.655131123513705,42056260.02881911,38292184.45293597,15895362.240357067,4181369.8525917567,0.10453424631479392,3717649.602678089,20872596.939379964,12730664.629073214,20270587.96049596,53873849.52894914,0.08280571487194369,-0.2986119602457182,-0.06013830565238998,-0.011800289895500414,2021-01-06,2018-12-14,False,False,False,False,False,0.0,0,0,False,[],瑾滢食品
2018-12-31,年报,2019-03-30,保留意见,False,330236529.5199009,81447388.81400172,248789140.70589918,0.24663349306756052,50544126.96216932,258358.07461984546,90860693.1250545,0.0114396761008273,38326099.16653218,17271159.417815108,549903.6621790063,199962733.84323403,40000000,6.2197285176474795,48936501.45330575,44409358.67206307,7834639.45625679,9828916.320695207,0.24572290801738017,8738820.31303871,4710217.35373842,15148092.944047784,20719762.955991514,40578073.25377772,0.09983807303533776,0.2666280088307138,0.03978492057669273,-0.15016056879840187,2021-01-06,2019-05-13,False,False,False,False,False,0.0,0,0,False,[],瑾滢食品
2019-03-31,季报,2019-04-30,无保留意见,False,332626878.6579032,104418953.67032978,228207924.98757342,0.3139221763786611,51820013.951223895,280280.671009513,106742904.27254376,0.011454544628641384,43243311.13500635,19058001.083031308,528400.6253342901,214544119.15102512,40000000,5.7051981246893355,49484136.61679557,44911944.79765708,935440.1519753335,782335.947842598,0.01955839869606495,717980.1794200162,23656746.837497476,15651381.167436415,21746745.459058378,61054873.46399227,-0.08272553882347877,-0.33719514663640304,0.0672886833111006,-0.08485520784527043,2021-01-06,2019-05-11,False,False,False,False,False,0.0,0,0,False,[],瑾滢食品
2019-06-30,半年报,2019-08-27,无保留意见,False,334746767.9479039,85719836.7437071,249026931.20419675,0.256073680021453,56997100.265049554,270513.40666551277,92743801.5369111,0.012805037186676025,38155810.44481053,18598698.262986917,514067.4547362866,209440357.01330483,40000000,6.225673280104918,58370972.77060012,52944714.0441074,63178441.540738545,12695480.219720785,0.3173870054930196,11475384.637786169,59843205.242382005,15022697.120699218,22897368.465999283,97763270.82908049,0.09122823503065033,0.6699425939775658,-0.05784849635720812,-0.1388004961968861,2021-01-06,2019-10-23,False,False,False,False,False,0.0,0,0,False,[],瑾滢食品
2019-09-30,季报,2019-10-27,无保留意见,False,245715041.8503988,49143008.370079756,196572033.48031905,0.2,38444469.52345845,191161.986432477,69914011.50582847,0.00872664255122597,27438903.7050746,13752754.082277441,385820.09334638045,149650048.68559828,40000000,4.914300837007977,82242024.61330152,73888897.61271796,61613221.398432,34101502.63243058,0.8525375658107646,29920262.24087221,24663926.98204132,12690349.368671836,15656431.165075881,53010707.51578904,-0.21063945762904573,0.7208511953443353,-0.08915392964710839,0.0942472082789664,2021-01-06,2019-11-28,False,False,False,False,False,0.0,0,0,False,[],瑾滢食品
2019-12-31,年报,2020-03-30,无保留意见,False,257040198.06386915,51408039.61277383,205632158.4510953,0.2,37506698.74887757,189503.3080749829,71552985.25288658,0.008400509002896352,27669170.740398534,13271706.66537366,384119.79434958746,151816831.60093367,40000000,5.140803961277383,100649424.27248535,90204554.60975587,35036118.986830585,26296285.227405466,0.6574071306851367,23308081.424339883,40232604.86717311,11347753.171045965,17389572.60333273,68969930.64155181,0.046090610197016366,-0.15273948911380325,-0.1001844804762292,-0.004803940789962231,2021-01-06,2020-05-02,False,False,False,False,False,0.0,0,0,False,[],瑾滢食品
2020-03-31,季报,2020-04-30,无保留意见,False,297055113.1242858,71470062.21417221,225585050.9101136,0.240595293790717,42280720.202377215,245214.5569403425,85300979.75083825,0.009843128656219731,34011550.57448532,16634363.648767794,438206.9219670197,184380629.7346238,40000000,5.63962627275284,124370414.71773571,111691439.95442201,70126506.16136436,33887129.20750053,0.8471782301875133,30695550.492380198,33293648.14595339,13683138.828763902,18847523.41003085,65824310.38474814,0.09703196527873632,0.17532321630425343,0.1738600238926016,-0.09405798971502999,2021-01-06,2020-06-19,False,False,False,False,False,0.0,0,0,False,[],瑾滢食品
2020-06-30,半年报,2020-08-27,无保留意见,False,264371418.4406121,72472280.845539,191899137.5950731,0.27413054434180084,44590087.12150596,197911.85247312518,78565129.40084027,0.0087451366061411,32449923.690191403,15347760.811270187,406303.8094715191,165527201.62895167,40000000,4.797478439876827,158581192.10869434,141513081.58006915,211954692.94716433,48872539.12994092,1.221813478248523,42602345.17949589,4695392.031700071,11340360.21855582,16458216.243925724,32493968.494181614,-0.1493268865961466,0.294483303652972,0.033535250551083855,0.10537349433428882,2021-01-06,2020-09-09,False,False,False,False,False,0.0,0,0,False,[],瑾滢食品
2020-09-30,季报,2020-10-27,无保留意见,False,290312752.4409749,76882294.29689823,213430458.14407665,0.2648257565348584,42030181.01761075,212737.18843196824,83858155.25645378,0.009188875151628861,34537834.52998587,16634097.39341782,450612.5167427912,177060922.4568373,40000000,5.335761453601916,189661410.34708133,168971400.30520386,204918231.71398693,44400311.769124284,1.110007794228107,39226169.60733529,54884584.99211457,14154889.818959776,20132628.075342435,89172102.88641678,0.11220123664357924,-0.06789213562869752,-0.009304787806942473,0.05414502330959029,2021-01-06,2020-12-21,False,False,False,False,False,0.0,0,0,False,[],瑾滢食品
2020-12-31,年报,2021-03-30,无保留意见,False,289799072.7617102,75599130.88446455,214199941.87724566,0.2608674008651042,46580119.39816337,237080.87087706054,84185376.58129834,0.010755587627536693,34907652.91043324,16376495.997326722,467213.37366197497,181685456.17175114,40000000,5.354998546931141,183454394.19969052,163446564.20709294,15580387.944864923,-8867165.924844047,-0.22167914812110118,-7892622.997301312,44590938.18155938,13578683.682047801,19768352.132625803,77937973.99623299,0.0036053135989126306,-0.867544091539196,-0.003958355669754189,0.07011198803138476,2021-01-06,2021-04-26,False,False,False,False,False,0.0,0,0,False,[],瑾滢食品
2021-03-31,季报,2021-04-30,无保留意见,False,233743617.85524017,57403662.08740072,176339955.76783946,0.24558386925863104,37964229.41616999,196661.07133672305,67446387.99949843,0.008233617659124382,29453134.24014705,13334030.117247272,375745.9402189168,150726876.5246872,40000000,4.408498894195986,175396841.33066687,156292466.49416018,8667113.959205134,-11510789.812890904,-0.2877697453222726,-10220139.58990394,26645318.37762013,11106978.83031916,16120659.769732013,53872956.9776713,-0.1767506833923564,-0.32505567722358375,-0.01528353160647316,0.10865605708297706,2021-01-06,2021-06-05,False,True,False,False,True,0.0,0,0,True,"['公司为增强投资者回报水平拟采取的措施', '充分披露高送转的主要考虑及其合理性且送转股后每股收益不低于0.5元', '结合前述财务报表列报项目的具体情况说明现金分红方案确定的依据及未来增强投资者回报的规划', '根据公司盈利能力、融资能力及其成本、偿债能力及现金流等情况披露现金分红方案的合理性，是否导致公司营运资金不足或者影响公司正常生产经营']",瑾滢食品
2021-06-30,半年报,2021-08-27,无保留意见,True,200918046.18737602,40183609.2374752,160734436.9499008,0.2,28422912.37750155,143250.56854320463,53095806.26490131,0.006186319924780628,21760703.691951983,10739252.981930077,263839.5964575148,113287682.53439423,40000000,4.01836092374752,168117742.90176952,149692367.1475882,19964498.548205633,-10398712.041281907,-0.2599678010320477,-9428713.352245664,7485278.125499187,9308848.683107004,12886510.110060323,29680636.918666515,-0.08849678310277063,0.202593403003698,-0.059129304687649334,0.135125012768597,2021-01-06,2021-09-13,False,False,False,False,False,0.0,0,0,False,[],瑾滢食品
2021-09-30,季报,2021-10-27,无保留意见,False,217863737.56647316,43572747.51329463,174290990.05317852,0.2,34253275.861250445,167049.78191273462,59516743.99029273,0.007129297924006835,22752333.257943716,12165623.299076766,343564.0063340371,132987306.87060016,40000000,4.357274751329463,161947929.3216132,143980769.68286294,11059640.632212147,-8814019.400223358,-0.22035048500558393,-8159424.949607507,23174065.214857657,9916247.35379243,14772809.393260287,47863121.961910374,0.08434131080138822,0.24005809941463008,0.01273010061333972,-0.003641290542402078,2021-01-06,2021-12-20,False,False,True,True,False,0.0,0,3,True,['结合所处行业特点、发展阶段和自身经营模式、盈利水平、偿债能力、资金需求等因素，未进行现金分红或现金分红水平较低原因的说明'],瑾滢食品
2021-12-31,年报,2022-03-30,无保留意见,False,262726296.30948526,61078132.725117914,201648163.58436733,0.23247818578909718,37639305.81881088,213913.61650377396,62036574.749628715,0.00811873217047503,28839884.46285892,13766509.240144392,398286.3913919912,153353487.48033804,40000000,5.041204089609184,155533671.06400332,138436897.36849385,28159880.711113654,-9163226.082299802,-0.22908065205749506,-7919817.591955846,3067427.7452666196,12880802.357923312,18056722.840129267,34004952.9433192,0.15696263772924685,-0.042659114301586754,0.033293520604775764,-0.043542357477408686,2021-01-06,2022-05-21,False,True,False,False,False,0.0,4,0,True,['结合前述财务报表列报项目的具体情况说明现金分红方案确定的依据及未来增强投资者回报的规划'],瑾滢食品
2022-03-31,季报,2022-04-30,无保留意见,False,273515014.87820804,73627954.77566068,199887060.10254738,0.2691916376453631,39746080.517382465,216360.16940278775,84780871.25997837,0.009702454686688344,29558933.461555894,15014572.05019752,409668.6163398484,168781442.60077977,40000000,4.9971765025636845,149516726.90956634,132930945.71961005,23452332.676686402,-8595634.50633854,-0.21489086265846352,-7865645.212691152,28954266.665154852,12762416.212049913,18046663.310170885,59763346.18737565,-0.008733545847954851,0.07242668755306243,0.036713451856265865,0.0352301705727346,2021-01-06,2022-05-26,False,True,False,True,False,0.0,2,0,True,"['留存未分配利润的预计用途以及收益情况', '结合前述财务报表列报项目的具体情况说明现金分红方案确定的依据及未来增强投资者回报的规划']",瑾滢食品
2022-06-30,半年报,2022-08-27,保留意见,False,286375247.8297129,82912402.84977707,203462844.97993585,0.2895236354333221,43823845.19079712,232536.68381809277,84094036.34856007,0.009810404135892603,35093896.996001996,16889319.72569164,461070.8199534608,179015656.9785199,40000000,5.086571124498397,143556405.55943722,127375386.3049183,34244124.18270147,-8514744.785898779,-0.21286861964746948,-7936513.449559622,28717110.15692711,11927478.127768334,18375681.80753707,59020270.09223252,0.017889026310927918,0.009624726637694342,0.02033199778795903,0.044518909950189436,2021-01-06,2022-10-23,False,False,False,True,True,0.0,0,0,False,[],瑾滢食品
2022-09-30,季报,2022-10-27,无保留意见,False,261361788.2753677,76841621.03360999,184520167.24175772,0.2940048028468896,41422495.0766941,209077.82752901997,79535522.30108383,0.008975805473919378,29334687.59658139,14584404.447937915,413144.0507941559,162258265.21491656,40000000,4.613004181043943,137101718.52489427,121849798.52443948,30486553.824524846,-9220981.477918506,-0.23052453694796265,-7893696.829255474,34251044.572577216,11469667.650235064,17053018.310130462,62773730.53294274,-0.09310140994070015,-0.08323104894312057,0.00448116741356752,-0.03330428618397908,2021-01-06,2022-11-28,False,False,False,False,False,0.0,0,0,False,[],瑾滢食品
2022-12-31,年报,2023-03-30,无保留意见,False,274406220.0848717,70534538.58053243,203871681.50433928,0.25704424104787654,45129215.815410145,246691.11804524154,77167616.19390139,0.009606902625351382,32183498.12056538,16345279.701164555,400609.2219699102,181724877.52010387,40000000,5.096792037608482,127593609.19900039,113221666.5931074,56646188.116875,-13583013.322705546,-0.33957533306763865,-12325902.759045832,15916609.067495048,11795565.464327972,18798919.29209624,46511093.82391926,0.10487479255981418,-0.5607432136078597,-0.03696056179901309,0.08832500299193638,2021-01-06,2023-05-22,False,False,False,False,False,0.0,0,0,False,[],瑾滢食品
2023-03-31,季报,2023-04-30,无保留意见,False,357350456.82029307,101842372.49108867,255508084.3292044,0.28499298251157373,54121276.35054646,259023.09227512873,101034752.5103879,0.012652445364232403,43194054.30455508,19819121.48231898,573017.968552278,219343771.07518396,40000000,6.38770210823011,118614096.03671055,105117408.62238571,7997537.196022385,-12827875.946128327,-0.32069689865320816,-11577511.386745282,18789542.317430213,15460807.25310778,22137909.50980046,56388259.08033845,0.2532789372405608,0.2209951187679581,0.027948741463697194,0.11661791092273915,2021-01-06,2023-05-19,False,False,False,False,False,0.0,0,0,False,[],瑾滢食品
2023-06-30,半年报,2023-08-27,非标准无保留意见,False,398045326.070291,115949063.42567243,282096262.6446186,0.29129613094664736,54015691.79351995,276998.3694628611,103461233.03671455,0.012725982728123272,39988284.14633205,19999427.067424595,587631.745587875,222900927.31171203,40000000,7.052406566115464,110704761.4187674,97972374.16436109,32793527.90946072,-11299049.454204489,-0.2824762363551122,-10207192.082892308,7468090.8189551905,17857477.887246292,24446411.944846727,49771980.65104821,0.10406002763167838,0.3664384069560708,0.006303148435073631,-0.02620058768819421,2021-01-06,2023-10-20,False,False,False,False,False,0.0,0,0,False,[],瑾滢食品
2023-09-30,季报,2023-10-27,无保留意见,False,396912278.52952194,99564442.0273134,297347836.50220853,0.2508474728879114,59959648.52830018,315469.8036035106,118418275.32355815,0.014940593004462656,48896355.43631464,23980313.289671592,590974.0480307246,256384088.8673231,40000000,7.433695912555213,103055464.99945226,90921886.30127862,53318471.029314145,-10927566.31330733,-0.27318915783268327,-10072125.518689241,62987053.63944132,18306723.13429537,27508779.089409202,108802555.86314589,0.05406513973141035,0.06516161435063314,-0.04044865805873592,0.16223909364862762,2021-01-06,2023-11-29,False,False,False,True,False,0.0,0,0,False,[],瑾滢食品
2023-12-31,年报,2024-03-30,无保留意见,False,452058237.6981958,127731999.76235878,324326237.93583703,0.2825565139853408,70917840.21169567,376574.1363760155,123727503.9932532,0.016602204952592865,57845754.11985761,27539370.5883171,811806.4272994644,302511366.17096454,40000000,8.108155948395925,97603202.08671816,86346586.70994106,34393104.43925941,-7788947.018191587,-0.1947236754547897,-6536142.27333937,74697608.748291,20865637.580435146,31212522.030160163,126775768.3588863,0.09073010838411862,0.5168634944493204,0.0317090410974294,0.04311428644063558,2021-01-06,2024-05-26,False,False,False,False,False,0.0,0,0,False,[],瑾滢食品
2024-03-31,季报,2024-04-30,无保留意见,False,362380744.9223255,79326514.73026235,283054230.19206315,0.21890377963449908,55163194.74154951,292022.6990796944,100114837.57934944,0.012290717002369837,41425028.203336224,19273326.953769404,548577.93978494,217024372.98284608,40000000,7.076355754801579,95976583.04265778,84788848.99759926,5411949.241811203,-2323741.491514841,-0.058093537287871026,-2225339.5890597077,32370791.53399993,17134283.144578274,25226095.947008725,74731170.62558693,-0.1272546063693402,0.5933312442638624,-0.06365273435084175,0.06839771400610734,2021-01-06,2024-06-18,False,False,True,False,False,0.0,0,8,True,"['结合前述财务报表列报项目的具体情况说明现金分红方案确定的依据及未来增强投资者回报的规划', '充分披露高送转的主要考虑及其合理性且送转股后每股收益不低于0.5元']",瑾滢食品
2024-06-30,半年报,2024-08-27,无保留意见,False,357634616.24468887,71526923.24893777,286107692.9957511,0.2,54376715.27791477,304642.83838596905,98744172.86246821,0.012966104459693858,42910697.94272068,19971444.256940026,543175.7692954341,220664322.32415655,40000000,7.152692324893777,93790558.77730204,82956421.13923274,2807201.2739120405,-3122891.8076510485,-0.07807229519127622,-2617754.083380761,57968158.876192875,15514178.598421583,23444773.99295455,96927111.46756901,0.010787554037316495,-0.05445191059248333,-0.0756367453243004,-0.07941818139976287,2021-01-06,2024-09-14,False,False,False,True,True,0.0,0,0,False,[],瑾滢食品
2024-09-30,季报,2024-10-27,无保留意见,False,337790694.21080554,67558138.8421611,270232555.3686444,0.2,55288580.858582586,286277.1559826156,94136752.94500393,0.011930280468871306,35291835.541735664,19881026.987971466,577250.5328716006,213346407.18489945,40000000,6.755813884216111,100438282.86939329,88740624.41915275,40995316.50942282,9496748.7029875,0.2374187175746875,8263147.542742889,6755428.093927383,15980961.88640454,23254198.0099253,45990587.99025722,-0.0554865808076767,0.9093854667499314,0.036686968299503436,0.01298182822198504,2021-01-06,2024-11-21,False,False,True,False,False,0.0,0,1,True,['结合所处行业特点、发展阶段和自身经营模式、盈利水平、偿债能力、资金需求等因素，未进行现金分红或现金分红水平较低原因的说明'],瑾滢食品
2024-12-31,年报,2025-03-30,无保留意见,False,341031362.5480496,68206272.50960992,272825090.0384397,0.2,52953821.227613255,249177.88066303212,97945300.99969245,0.011448449959092668,36632682.417756826,19424637.829870954,553619.6035084099,207676906.0016417,40000000,6.820627250960992,101935144.07641974,90003852.80074003,7183092.194056884,2138373.1528949365,0.05345932882237341,1804611.9736960994,6384318.167832585,15436822.457585696,23045008.543528765,44866149.16894705,0.009593717034791047,-0.2777086212567245,-0.01360856622893333,-0.025145805511776188,2021-01-06,2025-04-15,False,True,False,False,False,0.0,1,0,True,"['是否影响偿债能力、过去十二个月内是否使用过募集资金补充流动资金以及未来十二个月内是否计划使用募集资金补充流动资金等内容', '结合所处行业特点、发展阶段和自身经营模式、盈利水平、偿债能力、资金需求等因素，未进行现金分红或现金分红水平较低原因的说明', '上市公司控股子公司向母公司实施利润分配的情况', '根据公司盈利能力、融资能力及其成本、偿债能力及现金流等情况披露现金分红方案的合理性，是否导致公司营运资金不足或者影响公司正常生产经营']",瑾滢食品
2017-03-31,季报,2017-04-30,非标准无保留意见,False,265150580.0455356,86319729.97022307,178830850.07531253,0.32554984399958303,26534054.121646293,1.613566731149911,105903.07535466,88504440.6250683,13178430.522857271,5790.602759889221,29029825.176024955,151163942.10502976,40000000,4.470771251882813,-4516443.509594868,-3998280.3589748293,31993802.064781513,-6452062.156564098,-0.16130155391410245,-5711829.084249756,-30500922.59663453,-1008404.3634743645,2936658.7192347725,-28572668.240874123,-0.006495277359374885,-0.41400345314244985,0.02554984399958304,-0.03817263292674012,2021-06-18,2017-06-14,False,False,False,False,False,0.0,0,0,False,[],芷璨医药
2017-06-30,半年报,2017-08-27,非标准无保留意见,False,281212933.0103145,101224693.2278012,179988239.78251332,0.3599574605058737,26998915.278472733,1.7528677397332821,113986.3211050302,90186181.53418487,13882440.202905064,5461.70544287766,33875342.61978755,164191801.18858683,40000000,4.499705994562833,-7677799.310123654,-6856070.162415138,22532709.03838688,-4516222.57218398,-0.1129055643045995,-4082556.862057584,-44243459.08164991,-1099554.1668995724,3352478.9523629597,-41990534.296186514,0.006471980123750264,0.18352777700380657,0.03440761650629064,0.05800517594303519,2021-06-18,2017-10-24,False,False,False,False,False,0.0,0,0,False,[],芷璨医药
2017-09-30,季报,2017-10-27,保留意见,False,308001513.6060861,119671214.8289334,188330298.7771527,0.3885409958796018,26782496.610532127,1.7389081195651912,104238.8383069993,80798984.94268808,13626154.127404833,6131.73079415704,32520854.19689375,163514056.12061664,40000000,4.708257469428817,-4931580.206571947,-4230749.246061964,17579111.68226968,3923170.1479310095,0.09807925369827523,3750458.4519331064,-57291351.679050304,-1144049.4209657244,3654240.646979304,-54781160.453036726,0.04634780030472769,0.6760287716529261,0.028583535373728125,-0.0704501479807084,2021-06-18,2017-11-30,False,False,False,False,False,0.0,0,0,False,[],芷璨医药
2017-12-31,年报,2018-03-30,无保留意见,False,317132102.1082291,117749914.15381803,199382187.95441106,0.37129610459187445,28906283.350224514,1.85169924133237,100083.41539005922,84872335.7621485,15134991.947066888,6288.452341404613,31826809.04920377,165084191.32046157,40000000,4.9845546988602765,-1274274.291038184,-1023761.6183496156,24489121.09565397,5224722.736476805,0.1306180684119201,4581410.896731926,-62472251.4266064,-1259658.8369518288,3887725.464833778,-59844184.79872445,0.05868354295097183,0.06220628037451091,-0.017244891287727337,-0.003100771208020376,2021-06-18,2018-04-12,False,False,False,False,False,0.0,0,0,False,[],芷璨医药
2018-03-31,季报,2018-04-30,无保留意见,False,357937116.493433,131143067.75089638,226794048.7425366,0.3663857747853943,37622114.47745189,2.2845906311749204,151264.81968020342,109563261.68959273,18667771.88508018,8406.47392559594,39544405.998937204,217874871.74834108,40000000,5.669851218563415,-970256.5568641786,-732963.0863844346,2027161.5667808794,434311.0488200076,0.01085777622050019,415426.474235973,-3858966.9219372123,-1423891.7925455936,4372735.994175661,-910122.7203071443,0.13748400029792662,-0.21554427222592212,-0.004910329806480147,0.13487591419540207,2021-06-18,2018-05-19,False,False,False,False,False,0.0,0,0,False,[],芷璨医药
2018-06-30,半年报,2018-08-27,保留意见,False,270523154.3926592,70882461.10317619,199640693.28948298,0.26201994155476854,24238844.59435323,1.2925838821554,83996.29557266585,74913138.16377819,11494028.484236268,5265.930568543387,25257491.844798617,135459183.0655134,40000000,4.9910173322370746,8179490.8537946865,7757910.196602013,63569900.2623483,13071067.729512665,0.32677669323781666,12129818.975694926,-48619118.29739628,-1033825.3462775692,3187301.400598146,-46465642.243075706,-0.11972693112365967,0.7248211096674186,-0.10436583323062577,0.002736365586205583,2021-06-18,2018-09-19,False,False,False,False,False,0.0,0,0,False,[],芷璨医药
2018-09-30,季报,2018-10-27,无保留意见,True,294391290.5519371,99161064.55271108,195230225.99922603,0.3368342329924223,26607154.2820707,1.6039427989444308,107724.71309856865,87369768.18577914,12100737.465203077,5924.746097429297,30435010.444797754,155906689.5100873,40000000,4.880755649980651,20180131.14989225,18445194.971535977,32611002.850700468,17143771.851567946,0.42859429628919865,15267549.678477094,-18622572.04704964,-1195673.75731409,2815896.738370716,-17002349.065993015,-0.022092025516369414,0.13543596651402579,0.07481429143765378,0.17149213253589282,2021-06-18,2018-11-29,False,False,False,False,False,0.0,0,0,False,[],芷璨医药
2018-12-31,年报,2019-03-30,无保留意见,False,357464666.0885049,136780644.18109813,220684021.90740675,0.38264101925876093,35658820.90723788,2.146282702054491,131061.97829426576,109768236.37028797,16911108.029178176,6732.148734464381,38945029.85386592,200246506.5977362,40000000,5.517100547685168,19073156.987755317,17460794.08598829,2162854.5483370563,-1581391.6601956133,-0.03953479150489033,-1406286.9793538372,-21028218.217369333,-1307615.052247045,4186234.6110427463,-18149598.65857363,0.13037835600457512,-0.5484210588439621,0.04580678626633861,0.08916122214659544,2021-06-18,2019-04-19,False,False,False,False,False,0.0,0,0,False,[],芷璨医药
2019-03-31,季报,2019-04-30,无保留意见,False,360256923.28107756,138388328.55661434,221868594.72446322,0.3841378738713144,37531921.8630394,2.33778212232705,131295.9334641061,104277092.03029665,18691803.466607027,7901.431020629394,36925954.93058147,208733588.28314745,40000000,5.5467148681115805,18054057.05812476,16634109.154409625,1721162.682882574,-1455857.042329369,-0.036396426058234226,-1180978.4736838068,-54325525.31657897,-1242711.4653451422,4714951.085718989,-50853285.696205124,0.005367732592591176,0.008141760598598764,0.0014968546125534296,0.03260896785430597,2021-06-18,2019-06-05,False,False,False,False,False,0.0,0,0,False,[],芷璨医药
2019-06-30,半年报,2019-08-27,无保留意见,False,344186951.5341368,122940491.11751822,221246460.4166186,0.35719102821747983,35413610.34875306,1.9356156156249182,122880.4503011078,108500855.17642444,17936181.543520894,6427.174792581634,34844551.76365274,186610810.10767785,40000000,5.5311615104154646,23956353.497044407,22233262.284543347,4469839.157172552,8431852.055599496,0.2107963013899874,7998790.185905316,-52447604.575508855,-1328479.9134288856,4017971.9794050204,-49758112.50953272,-0.0028040665629907716,0.6361051313575019,-0.02694684565383454,0.17496350021441237,2021-06-18,2019-10-20,False,False,False,False,False,0.0,0,0,False,[],芷璨医药
2019-09-30,季报,2019-10-27,保留意见,False,313281129.16329527,119670335.81228285,193610793.35101244,0.3819902466895976,29159227.880581263,1.7754267272415525,126126.85196861227,93083047.6001429,14432552.568431005,6359.442719888284,33428546.678943273,167161409.21230105,40000000,4.840269833775311,31461409.079389654,28985032.450641893,27201364.516232412,10721507.974778932,0.2680376993694733,9645385.951569349,-15128553.287657108,-1162461.7101672997,3863264.655627639,-12427750.34219677,-0.1249089680963335,0.090031033295324,0.02479921847211777,0.04608127299002196,2021-06-18,2019-12-01,False,False,False,False,False,0.0,0,0,False,[],芷璨医药
2019-12-31,年报,2020-03-30,无保留意见,False,374932785.6336216,174906997.31096497,200025788.3226566,0.46650227457537236,36741479.67072086,2.171353330950276,141164.08928131612,116411617.35737073,17635009.12855658,7577.854470898132,40094812.75765821,202526996.3443595,40000000,5.000644708066415,36185133.76095771,32940030.196039096,25879775.911980193,6748178.116525803,0.16870445291314506,5649996.779138864,-45707997.19936156,-1378472.5208478714,4233959.1109507345,-42852510.6092587,0.03313345738950578,-0.14333022077543803,0.08451202788577476,0.12343699739266446,2021-06-18,2020-04-16,False,False,False,False,False,0.0,0,0,False,[],芷璨医药
2020-03-31,季报,2020-04-30,无保留意见,False,424739532.3371405,224434140.90942925,200305391.42771125,0.5284041720215551,41574029.111135274,2.285915871990817,163564.89239001615,126388325.7989183,17100317.884927105,8407.363825790351,40425535.80464888,224318057.63432518,40000000,5.007634785692781,33577918.03078038,30582581.94612791,17243257.849749554,-3724593.9002533313,-0.09311484750633328,-3367783.214158833,-14136190.124590501,-1591466.6480512326,4584634.244087651,-11143022.528554082,0.001397835286136334,-0.44099265069480736,0.0619018974461827,-0.043855997464719604,2021-06-18,2020-05-12,False,False,False,False,False,0.0,0,0,False,[],芷璨医药
2020-06-30,半年报,2020-08-27,非标准无保留意见,False,447351882.88093114,224795462.8766453,222556420.0042858,0.5025025521944159,44754454.9019498,2.52314020670464,160582.2197220623,128719827.85392466,20422261.85543846,9293.699836668924,46428083.50713682,247461823.1763338,40000000,5.563910500107145,30656526.421868466,28074790.39304728,11632155.347758077,-4173416.584159879,-0.10433541460399698,-3582559.3615437606,-66962826.88934985,-1690513.0012148689,5270499.661245309,-63382840.2293194,0.11108552005503437,-0.033808584124225986,-0.025901619827139143,0.005922841877335275,2021-06-18,2020-10-19,False,False,False,False,False,0.0,0,0,False,[],芷璨医药
2020-09-30,季报,2020-10-27,保留意见,False,567647411.6924502,341454719.2193697,226192692.47308046,0.6015260744364478,54189665.23954652,3.652266790508936,225830.6923914756,169150740.33422884,28230148.383722633,12661.31181337632,68480661.84030373,332456231.64574885,40000000,5.654817311827012,29793302.805028696,27308903.280262604,2442789.2568250024,-1233176.5954853836,-0.03082941488713459,-1094124.4468352525,-70382415.17088303,-2108107.5794126936,6855785.923345532,-65634736.82695019,0.016338654570039378,0.22923017715251134,0.09902352224203191,0.07002573391482486,2021-06-18,2020-12-12,False,False,False,False,False,0.0,0,0,False,[],芷璨医药
2020-12-31,年报,2021-03-30,无保留意见,False,563037369.7747238,311772686.4172066,251264683.35751712,0.5537335586480692,58587405.99995508,3.6315639192896674,227411.0515502834,171937404.43647906,27409063.62520517,12686.843525306773,62078659.3153073,322456586.8502345,40000000,6.281617083937928,39744900.21753984,36255705.90391685,26300099.067095093,14216567.732158776,0.3554141933039694,12781146.60522035,-28338807.97403448,-2134156.290246025,6566183.526529624,-23906780.73775088,0.11084350520041915,0.9798894762289487,-0.047792515788378655,-0.03843212108569679,2021-06-18,2021-05-01,False,False,False,False,False,0.0,0,0,False,[],芷璨医药
2021-03-31,季报,2021-04-30,无保留意见,False,651866646.9845115,391440918.6382164,260425728.3462951,0.6004923253076286,63498459.6254514,4.134890750996125,252201.09828497807,216809210.77699015,31134108.681464188,15375.83591776861,71759069.63157201,385415091.09169114,40000000,6.510643208657378,43119178.13569244,39076576.57982689,22200396.836524628,4820397.025932286,0.12050992564830715,4029815.25130007,-39089800.21606113,-2488157.116493759,7050670.278655852,-34527287.05389904,0.0364597398502797,-0.3009994816485451,0.046758766659559574,0.04019275219873928,2021-06-18,2021-05-31,False,False,False,False,False,0.0,0,0,False,[],芷璨医药
2021-06-30,半年报,2021-08-27,无保留意见,False,633581775.881389,330075912.71191347,303505863.16947556,0.5209681295721265,63292922.00678018,3.991701685533628,274600.8140313025,207953403.2097934,32211881.856332157,14867.975904847766,67043911.119974636,374058762.96747565,40000000,7.587646579236889,45164333.96062117,40765443.892523006,5595647.085482012,2921651.178469613,0.07304127946174033,2412667.5895658717,-31352573.9308067,-2351131.2645443943,7842990.924685577,-25860714.27066552,0.16542196155786737,-0.08701701647344551,-0.07952419573550228,0.005653059048969754,2021-06-18,2021-09-21,False,False,True,True,True,0.0,0,1,True,"['公司为增强投资者回报水平拟采取的措施', '充分披露高送转的主要考虑及其合理性且送转股后每股收益不低于0.5元', '根据公司盈利能力、融资能力及其成本、偿债能力及现金流等情况披露现金分红方案的合理性，是否导致公司营运资金不足或者影响公司正常生产经营']",芷璨医药
2021-09-30,季报,2021-10-27,非标准无保留意见,False,635988577.9131052,343112170.92236185,292876406.9907434,0.5394942343905444,67057288.20626951,3.5266285603081498,244550.6540225158,166465360.0716338,28508894.80585437,12606.264305146276,67980586.04783994,346151290.31652,40000000,7.321910174768585,51081125.74150247,46502441.09657713,37683745.09466602,8452559.686973289,0.21131399217433222,8195710.291505894,-121830384.08219741,-2287660.225889971,7926240.875734643,-116191803.43235274,-0.035022243286274575,0.27763303648651494,0.01852610481841802,0.07358881157556527,2021-06-18,2021-12-12,True,False,False,True,False,6243997.096832473,0,0,True,"['公司在相应期间是否按照中国证券监督管理委员会相关规定为中小股东参与现金分红决策提供了便利', '留存未分配利润的预计用途以及收益情况', '充分披露高送转的主要考虑及其合理性且送转股后每股收益不低于0.5元', '上市公司控股子公司向母公司实施利润分配的情况']",芷璨医药
2021-12-31,年报,2022-03-30,无保留意见,False,747271632.5459725,431277743.5847197,315993888.96125275,0.5771365120810836,75842789.06855597,4.665068815520544,288008.35542970255,203369039.980069,35837911.59697086,15786.113419619245,74613626.32636838,412928834.6266928,40000000,7.899847224031319,61068337.26133323,55582999.947289355,38233285.91695412,14267445.028329663,0.3566861257082416,12972226.92958889,-31447195.793800022,-2888802.7874460393,8252681.134328125,-26083317.446917936,0.07893255113321544,0.2284597467944434,0.03764227769053922,0.058302797356103,2021-06-18,2022-05-05,True,True,False,False,False,7273290.283199527,1,0,True,"['结合前述财务报表列报项目的具体情况说明现金分红方案确定的依据及未来增强投资者回报的规划', '公司在相应期间是否按照中国证券监督管理委员会相关规定为中小股东参与现金分红决策提供了便利']",芷璨医药
2022-03-31,季报,2022-04-30,非标准无保留意见,False,880226641.4049132,550315877.7795688,329910763.62534434,0.6251979341379852,97761494.60098319,5.328486867849791,369288.9352129775,275530823.37647927,44840795.176755354,19340.036244159393,103059618.19959643,524703742.49513745,40000000,8.247769090633609,57567725.82426313,52371377.87731311,18276214.38141287,-5000873.48152872,-0.125021837038218,-4588031.528537498,-60241206.085873306,-3294558.958327485,9995575.922734639,-53540189.12146615,0.04404159431639552,-0.6162421807218482,0.04806142205690161,0.06224621761612932,2021-06-18,2022-06-14,False,False,False,False,False,0.0,0,0,False,[],芷璨医药
2022-06-30,半年报,2022-08-27,无保留意见,False,791843084.3990836,477035065.6292967,314808018.7697869,0.6024363602181493,82019203.1845574,4.6698075353999915,300567.6968214292,247852825.97702914,34371027.67403796,16078.066943195763,85610328.23429698,437205595.3969082,40000000,7.870200469244672,52229517.40231161,47620041.723199315,10721877.786578037,-7626012.031359319,-0.19065030078398296,-6787623.077305428,-97108444.66492549,-3222667.048158466,9664955.541098693,-90666156.17198525,-0.04577827255344864,-0.21877747065917666,-0.022761573919836048,-0.08197745130695772,2021-06-18,2022-09-17,False,False,False,False,False,0.0,0,0,False,[],芷璨医药
2022-09-30,季报,2022-10-27,无保留意见,False,871708888.6869271,565109925.7234764,306598962.9634506,0.6482782647481238,88310650.89020015,5.6638257104880845,358547.9684191702,279512754.566663,44857182.75869728,20044.980028033864,100839404.01488844,509911786.1217569,40000000,7.664974074086265,44912552.028935485,41135852.562010676,13871789.563767789,-10452807.676251609,-0.26132019190629024,-9263127.373126626,-109198496.59870234,-3121222.0311799324,10771056.737905383,-101548661.8919769,-0.026076387248380142,-0.30155742191572316,0.04584190452997459,0.014419870662248918,2021-06-18,2022-12-25,False,True,False,True,False,0.0,3,0,True,"['上市公司控股子公司向母公司实施利润分配的情况', '结合前述财务报表列报项目的具体情况说明现金分红方案确定的依据及未来增强投资者回报的规划']",芷璨医药
2022-12-31,年报,2023-03-30,非标准无保留意见,False,907765954.9619694,589985915.2159803,317780039.74598914,0.6499317494680636,78132190.987365,4.867637580908627,305484.7022633416,254697661.9934341,38235050.02620532,18603.982403830352,77960285.42155376,478234493.1843589,40000000,7.944500993649728,36740856.86057922,34049403.747202806,39417663.110197,-11673850.24050895,-0.29184625601272374,-10123498.306868391,-59541266.28334751,-3457386.285606884,10910400.897151416,-52088251.671802975,0.03646808415288558,-0.1864986552828603,0.0016534847199398091,0.24554840707664533,2021-06-18,2023-04-12,False,False,False,True,False,0.0,0,0,False,[],芷璨医药
2023-03-31,季报,2023-04-30,无保留意见,False,961238606.2381741,641603970.1011446,319634636.1370295,0.6674762810579093,100781759.5838445,6.523219516197539,402953.80232996837,292708222.20185155,44434981.83778876,19702.46147078216,103973702.0308574,555802418.5152854,40000000,7.990865903425738,28197675.209304783,25991720.326712936,8645685.173807342,-12204545.21610634,-0.3051136304026585,-11510976.314985527,-48490681.890881635,-3598964.9037873265,11629389.050656352,-40460257.74401261,0.005836100947444159,-0.09963951438873969,0.017544531589845733,0.07240280984505866,2021-06-18,2023-05-13,False,True,True,False,False,0.0,2,6,True,['结合所处行业特点、发展阶段和自身经营模式、盈利水平、偿债能力、资金需求等因素，未进行现金分红或现金分红水平较低原因的说明'],芷璨医药
2023-06-30,半年报,2023-08-27,无保留意见,True,930792550.2342075,593277798.1257454,337514752.1084621,0.6373899296642027,87384393.04848272,5.344303846759877,355862.7274606662,274608307.28281844,43963840.99707355,18807.758424051608,96316628.43791933,502330844.0099805,40000000,8.437868802711552,21445102.196698144,20094247.39862108,6725595.165935778,-9646532.875152342,-0.24116332187880854,-8424961.325845508,-180582885.09806755,-3999200.9525316353,11462674.227658479,-173119411.8229407,0.055939231703810675,0.5334243478940748,-0.030086351393706707,-0.08367518891450292,2021-06-18,2023-09-15,False,False,False,False,False,0.0,0,0,False,[],芷璨医药
2023-09-30,季报,2023-10-27,无保留意见,False,999138809.207554,617890025.0465271,381248784.16102684,0.6184226048997072,96392334.37261158,6.249377968020317,331534.4428273737,298983746.707611,42695249.53888986,20506.548958647785,94555184.16066946,532546820.0915723,40000000,9.53121960402567,15311953.8824115,14626705.90906967,10279706.085427001,-8761640.44898092,-0.219041011224523,-7810773.55650201,-34898267.94858616,-3574764.305705397,11583377.256818116,-26889654.99747344,0.12957665340361368,0.12033676239352946,-0.018967324764495447,-0.01105436353574553,2021-06-18,2023-11-29,False,False,False,False,True,0.0,0,0,False,[],芷璨医药
2023-12-31,年报,2024-03-30,无保留意见,False,1305890705.3124962,849541773.2266926,456348932.0858035,0.6505458456597251,122521544.17220378,7.900974853466051,490757.9732098588,408069695.71387994,59521187.14454398,26658.014110535256,145446626.74075702,748439573.2712227,40000000,11.408723302145088,10180204.779090764,9967500.125037942,16741574.47645601,-7331070.147601053,-0.18327675369002633,-6656008.26290247,-195509955.11637148,-4375188.914528831,17460667.2939744,-182424476.7369259,0.1969846227576605,0.17364747101902167,0.032123240760017706,0.024705591168922833,2021-06-18,2024-04-25,False,False,True,False,False,0.0,0,2,True,['结合前述财务报表列报项目的具体情况说明现金分红方案确定的依据及未来增强投资者回报的规划'],芷璨医药
2024-03-31,季报,2024-04-30,无保留意见,True,1461233906.4920833,998511776.3596315,462722130.13245183,0.6833346611540876,141415413.08271837,7.177747910077023,534169.1844368062,431149241.9629623,62420782.176419765,25951.690586343175,155583472.00550425,756727237.9683135,40000000,11.568053253311296,6905482.059987232,7059088.112921584,19496640.319076393,-4678175.313005045,-0.11695438282512613,-4154874.3030233686,-195557270.65135434,-5174213.3240073025,16688704.718167119,-184042779.25719452,0.013965624982442259,0.27437315970782444,0.03278881549436261,0.014391652923906999,2021-06-18,2024-05-16,False,False,False,True,True,0.0,0,0,False,[],芷璨医药
2024-06-30,半年报,2024-08-27,无保留意见,False,1669663962.9957132,1171957230.0056667,497706732.9900466,0.7019120349839374,146613773.2623497,10.285293476600366,626634.141791348,512639458.55984086,77528744.7072374,30941.348168897057,183282918.6407759,936151384.2867401,40000000,12.442668324751166,4816966.946648081,5186391.1963240905,6554879.864389682,-2983593.019055931,-0.07458982547639827,-2675281.3094249917,-68975775.06990065,-6595353.760742687,20389696.995138984,-55181431.83550434,0.07560607236913594,0.13752689532562948,0.018577373829849704,0.09019875532400351,2021-06-18,2024-09-19,False,False,False,False,True,0.0,0,0,False,[],芷璨医药
2024-09-30,季报,2024-10-27,无保留意见,False,1664437931.9874125,1211080208.686718,453357723.3006945,0.7276211298793429,169986137.27813137,9.87306292127804,664748.6935914331,496095448.66820997,78824302.82566072,36155.69156030474,166683910.57443517,933149248.3850162,40000000,11.333943082517363,6472243.678297647,6604083.439488622,8843597.116536234,2364681.045213666,0.05911702613034164,2025274.6330921887,-312423782.9307994,-6284047.073634095,20614917.361030824,-298092912.6434027,-0.08910671033706713,0.3815724009398996,0.025709094895405595,-0.01192753213594454,2021-06-18,2024-12-24,False,True,False,False,False,0.0,0,0,True,"['留存未分配利润的预计用途以及收益情况', '是否影响偿债能力、过去十二个月内是否使用过募集资金补充流动资金以及未来十二个月内是否计划使用募集资金补充流动资金等内容', '上市公司控股子公司向母公司实施利润分配的情况', '结合所处行业特点、发展阶段和自身经营模式、盈利水平、偿债能力、资金需求等因素，未进行现金分红或现金分红水平较低原因的说明']",芷璨医药
2024-12-31,年报,2025-03-30,无保留意见,False,1965981156.7490752,1522835744.1184733,443145412.6306019,0.7745932553273388,173045516.7918987,10.396172405012162,718559.377907738,583741685.535493,98660512.55626594,42890.85142552445,235997125.43823904,1086295930.5515966,40000000,11.078635315765046,4953936.217678474,5191992.836273587,10116239.30105026,-2169010.65802739,-0.05422526645068475,-2017272.2903071917,-24532965.888944052,-7838805.53829052,24662842.450483635,-7708928.976750936,-0.022525943962620636,-0.2341216822861971,0.0469721254479959,-0.00495956368111109,2021-06-18,2025-04-25,False,False,True,False,False,0.0,0,2,True,"['公司为增强投资者回报水平拟采取的措施', '结合前述财务报表列报项目的具体情况说明现金分红方案确定的依据及未来增强投资者回报的规划']",芷璨医药
2017-03-31,季报,2017-04-30,无保留意见,False,309028858.4162825,97172273.76930292,211856584.64697957,0.3144440110457431,32169287.50062939,2642204.1781412866,18039246.986826193,0.2795153909384144,28083.196941435337,1724.3486121038375,107415601.50430232,158064538.55279693,40000000,5.29641461617449,7055740.568943991,6064364.764235989,13766770.692411596,10079629.384205703,0.25199073460514254,8663378.234622842,-18870692.645958055,-49259748.68868981,-32183785.000370365,-100314226.33501823,0.17698102581655317,0.5044238546780947,0.014444011045743135,0.1507461536234354,2021-11-15,2017-05-23,False,False,False,False,False,0.0,0,0,False,[],暄瑄科技
2017-06-30,半年报,2017-08-27,无保留意见,False,345339795.495479,136725148.87341166,208614646.6220673,0.3959148370874668,34503568.53339974,2648070.9138846807,19315699.89812414,0.28070485498214337,30196.345088494836,1488.2117743019799,105169169.37917838,160428713.18904805,40000000,5.215366165551683,22245986.93778071,18942521.959357396,55284668.917106785,21700351.95548103,0.5425087988870257,18397367.42160201,-23969263.55939197,-58080786.7984454,-37145839.4041798,-119195889.76201718,-0.015302512453480589,0.42913152194221516,0.08147082604172362,0.08821733400575205,2021-11-15,2017-09-10,False,False,False,False,False,0.0,0,0,False,[],暄瑄科技
2017-09-30,季报,2017-10-27,无保留意见,False,343221188.11710787,128380592.21318674,214840595.90392113,0.3740462321614684,30957003.7389029,2941938.920270998,16973697.495702256,0.25471892191825996,29628.439422236188,1600.33036255188,106179819.40498212,156158695.51360327,40000000,5.3710148975980285,27724742.62845475,23497245.589186758,17391243.300140433,7826793.843820054,0.19566984609550137,6506748.042613373,-56084545.351057656,-59479235.48716577,-34019196.866046086,-149582977.70426953,0.029844257738685622,-0.3584866134452842,-0.021868604925998403,-0.05160738003149394,2021-11-15,2017-12-16,False,False,False,False,False,0.0,0,0,False,[],暄瑄科技
2017-12-31,年报,2018-03-30,无保留意见,False,331958494.78802323,116868795.88296917,215089698.9050541,0.3520584582647821,35654583.13158186,2835351.125142109,19130042.373023763,0.3202954983266336,29767.110329727668,1685.2000536370017,114806809.31802358,161803898.54863188,40000000,5.377242472626352,25647894.240928765,21608340.042296186,7228976.896286821,-2966926.2678942587,-0.07417315669735647,-2698436.4955579573,-46199077.99270385,-58429771.615846366,-34664376.53074363,-139293226.13929385,0.0011594782638025818,-0.43476093528690224,-0.02198777389668624,0.10024601481741927,2021-11-15,2018-05-24,False,False,False,False,False,0.0,0,0,False,[],暄瑄科技
2018-03-31,季报,2018-04-30,无保留意见,False,305512287.19205904,99220422.802736,206291864.38932303,0.3247673725815207,32171541.781687513,2381763.750236277,17346560.342622537,0.2639620077375878,24535.44769201437,1563.6559555041538,101687525.75888431,144709459.85059336,40000000,5.157296609733075,26261708.38307497,22120412.42653144,2700516.0461189565,876877.3459231518,0.021921933648078797,731531.977478933,-16282468.585580437,-51419601.404612325,-29793115.410916664,-97495185.40110943,-0.04090309559461823,0.2739103126796318,-0.02729108568326136,0.051816397993948396,2021-11-15,2018-06-08,False,False,False,False,False,0.0,0,0,False,[],暄瑄科技
2018-06-30,半年报,2018-08-27,无保留意见,False,306081995.9912371,76279839.46002766,229802156.53120944,0.249213741608675,31112878.79800514,2526602.1436084704,16953163.609324306,0.2857856098030917,29423.861024170583,1576.361772694035,100270375.43936072,148272087.0906764,40000000,5.745053913280236,29590569.135009672,25286495.228094272,9204242.488975748,4755515.359906714,0.11888788399766786,4522975.4308040505,-19125290.7555482,-51191253.92652209,-31453473.32712193,-101770018.00919221,0.11396616251194862,0.2169639551097602,-0.07555363097284577,0.08060214548926863,2021-11-15,2018-09-29,False,False,False,False,False,0.0,0,0,False,[],暄瑄科技
2018-09-30,季报,2018-10-27,无保留意见,False,262433770.29565898,57748189.02305871,204685581.27260026,0.2200486201070821,25550289.95521521,2084333.1120678978,15146768.762858506,0.23848177496252956,25301.030887717327,1293.6785581758313,80775233.37086958,126711177.50164156,40000000,5.117139531815007,41999997.3362878,36180348.48071277,29215750.683047034,17727754.573254466,0.44319386433136165,15562647.503740711,-19825941.02193656,-45343574.14902671,-28440137.29446459,-93609652.46542785,-0.10929651678529011,0.5962735885013472,-0.029165121501592894,0.0316191561344388,2021-11-15,2018-12-01,False,False,False,False,False,0.0,0,0,False,[],暄瑄科技
2018-12-31,年报,2019-03-30,无保留意见,False,298959468.8453909,65713152.10375707,233246316.74163383,0.21980622442750294,29721855.965092547,2585862.1608694596,18531814.310326006,0.2778146956283102,27127.65068940112,1558.7520493855002,103023218.50735363,149706027.44183722,40000000,5.831157918540846,44729865.638195075,38710865.722780205,15389663.192218844,3899811.8598675393,0.09749529649668848,3615024.6315249032,-48067167.2533597,-51687083.30815165,-29985713.133963887,-129739963.69547522,0.13953467211252338,-0.39818130723707945,-0.00024239567957913912,0.05582484654036526,2021-11-15,2019-05-16,False,False,False,False,False,0.0,0,0,False,[],暄瑄科技
2019-03-31,季报,2019-04-30,无保留意见,False,388365226.96812403,96949790.51833943,291415436.4497846,0.2496356104669917,41819794.07913066,3573488.0379158626,23352154.67007109,0.37343474188622394,40014.971218664614,1927.4007577557186,129328166.0581019,193860470.58826807,40000000,7.285385911244615,47780739.69330493,41454688.270054236,12291247.198613089,4358391.507299803,0.10895978768249508,3919746.496105754,-17675466.320307933,-61775520.838625826,-42928437.680399604,-122379424.83933336,0.24938923161039456,0.02194180744338864,0.029829386039488755,-0.016835912174380754,2021-11-15,2019-06-22,False,False,False,False,False,0.0,0,0,False,[],暄瑄科技
2019-06-30,半年报,2019-08-27,无保留意见,False,409055092.9694371,102222663.93673563,306832429.0327015,0.24989950178758263,37341345.11374184,3853805.825906658,25513602.014148306,0.36423699669994153,36885.82239667898,2134.6218848768253,135326811.4182306,205333025.05459315,40000000,7.670810725817537,51457034.66680018,44961079.72484077,22035138.207272258,5251849.962136053,0.13129624905340131,5009130.649695043,-45589833.59287539,-67755657.45469026,-46141140.603947945,-159486631.6515136,0.052903829566260746,0.04183172944137119,0.00026389132059094814,0.04612877559174088,2021-11-15,2019-09-17,False,False,False,False,False,0.0,0,0,False,[],暄瑄科技
2019-09-30,季报,2019-10-27,无保留意见,False,389474785.76500124,92883794.47571766,296590991.2892836,0.2384847437383566,45225086.18064086,3802975.7614577813,24007896.396722108,0.3587643482496461,32663.271257370885,2052.293734182269,130423356.36661406,200809719.02275205,40000000,7.414774782232089,54602489.97715508,47879596.815871134,14807486.006013952,4493507.586221293,0.11233768965553231,4169310.1300433935,-7515944.510391058,-64527094.105133794,-38915333.64188535,-110958372.2574102,-0.03337795087600203,-0.03407996985442394,-0.011414758049226049,0.10907828903347895,2021-11-15,2019-11-14,False,False,False,False,False,0.0,0,0,False,[],暄瑄科技
2019-12-31,年报,2020-03-30,非标准无保留意见,False,395095584.7136326,121189101.58365026,273906483.12998235,0.306733626677931,38546073.40601753,3437666.7295798403,21811553.717903815,0.32884345881599786,32900.11272292801,1966.0755178696486,122246193.97643264,185676579.43983075,40000000,6.8476620782495585,57880907.46795399,50594901.926783666,6369415.376478881,4683453.558284149,0.11708633895710371,3879007.3013036107,-55458845.08590589,-69586206.04661384,-41315758.7786604,-166360809.91118014,-0.07648414424420476,0.008837365018291549,0.06824888293957446,0.1625605090610116,2021-11-15,2020-05-08,False,False,False,False,False,0.0,0,0,False,[],暄瑄科技
2020-03-31,季报,2020-04-30,无保留意见,False,407914301.1661663,153264036.99648637,254650264.16967994,0.3757260693197745,42543224.0212089,3484521.039004164,23870463.279833917,0.37789121687997673,39107.203074727404,2086.126054394411,134676001.933401,203076012.38188142,40000000,6.366256604241999,60351509.59102736,52824196.80340722,14483966.391434051,3529431.604390528,0.0882357901097632,3184706.9666050766,-59840368.483260855,-67944230.88794665,-42895034.86479065,-170679634.23599815,-0.07030216568902602,-0.053221316926829125,0.06899244264184345,0.09956784751868807,2021-11-15,2020-05-26,False,False,False,False,False,0.0,0,0,False,[],暄瑄科技
2020-06-30,半年报,2020-08-27,保留意见,False,535308137.73070097,257564881.7283883,277743256.00231266,0.4811525616260334,53646211.35189669,4351324.293383899,31092327.81186642,0.48119173553276817,45288.632319213415,2692.52564650993,178800408.95451164,266541119.78744957,40000000,6.943581400057816,64142818.16380862,56604571.16151076,23396979.43240578,5416155.103973236,0.1354038775993309,5400534.797290774,-84054263.62756565,-93903570.70832331,-50590147.91037182,-228547982.2462608,0.09068512812240904,0.09190334812675485,0.10542649230625892,0.05118199132185351,2021-11-15,2020-09-20,False,False,False,False,False,0.0,0,0,False,[],暄瑄科技
2020-09-30,季报,2020-10-27,无保留意见,False,562541135.4062281,272474401.4178084,290066733.9884197,0.48436351453844584,59642186.90964112,4680077.455657276,31244633.6400374,0.4489363668155053,44327.847152904746,2491.1578232707366,170785761.56333566,259226789.23522034,40000000,7.251668349710493,75460788.79538582,66813504.39584196,10380775.607920578,16168529.473681722,0.404213236842043,14584190.334758857,-24800958.034939777,-96963449.82444812,-61480248.12992754,-183244655.98931545,0.04437003498657196,0.4796707695782602,0.0032109529124124286,-0.040329792163789686,2021-11-15,2020-11-29,False,False,False,False,False,0.0,0,0,False,[],暄瑄科技
2020-12-31,年报,2021-03-30,无保留意见,False,674773880.3623517,372204946.38730747,302568933.97504425,0.5515995168447161,75267971.68891332,6164584.393803394,39875189.63283733,0.6127896456102495,59311.97811942111,3227.785567292304,207405827.67416894,327949522.3984031,40000000,7.564223349376106,85463352.28490113,75552338.36903542,50223009.1979211,14289376.413593296,0.3572344103398324,12484048.533133522,-98402290.41058269,-119863746.92466457,-72665590.20318033,-290931627.5384276,0.04310111612841352,-0.05665469919549735,0.06723600230627014,0.09432367595218472,2021-11-15,2021-04-21,False,False,False,False,False,0.0,0,0,False,[],暄瑄科技
2021-03-31,季报,2021-04-30,无保留意见,False,671265238.8989532,358887987.14077276,312377251.75818044,0.5346440815696653,69258176.64171529,5972535.050213625,40654195.21474161,0.6063552730147752,66074.3367642763,3519.2254208917716,207838896.53297856,348314998.1857475,40000000,7.809431293954511,93787299.83147044,83250320.53865616,16073581.173372302,11891353.637956165,0.29728384094890414,10997117.385172475,-112658979.28682688,-121318623.43404157,-70868617.7402641,-304846220.4611326,0.032416803847896594,-0.07664015875354223,-0.01695543527505077,0.002188542549912687,2021-11-15,2021-06-23,False,False,False,False,False,0.0,0,0,False,[],暄瑄科技
2021-06-30,半年报,2021-08-27,无保留意见,False,673414125.1341757,357371286.54830486,316042838.5858708,0.5306857596387657,65231850.04585965,6026256.303776459,37981110.9232217,0.5851074135448395,69509.92407383815,3256.1408257627454,212261274.80470708,330514500.6847022,40000000,7.90107096464677,104423657.52133217,92198963.73114735,63659945.066833586,15194796.699802447,0.37986991749506116,12783775.989273138,-27722919.578602422,-116961982.44530605,-70182217.75371672,-214867119.7776252,0.011734487089117365,0.11434019683682692,-0.003958321930899507,0.008030529125513006,2021-11-15,2021-10-19,False,False,False,False,False,0.0,0,0,False,[],暄瑄科技
2021-09-30,季报,2021-10-27,保留意见,False,781930470.2437844,481759204.2288911,300171266.01489335,0.6161151439445656,71591337.598871,6335589.675179128,42066804.70182726,0.6409830705821903,65495.13647317088,3715.070158612444,237507372.26354644,353348461.8965371,40000000,7.5042816503723335,112802811.76014644,99823700.8757447,55718163.956135094,11970220.341163252,0.2992555085290813,10892481.635139065,-43337379.62997476,-132759892.07943521,-81398292.68213323,-257495564.3915432,-0.050219687438559237,-0.10015830783795521,0.08542938430579985,0.16583870838610099,2021-11-15,2021-11-26,True,False,False,True,False,1296978.2001632743,0,0,True,['是否影响偿债能力、过去十二个月内是否使用过募集资金补充流动资金以及未来十二个月内是否计划使用募集资金补充流动资金等内容'],暄瑄科技
2021-12-31,年报,2022-03-30,无保留意见,False,815191352.8211031,538166181.9181875,277025170.90291566,0.6601716027234285,80251776.64537697,7692653.577676539,49558426.84872021,0.7283478397004893,82994.31655270315,4482.800824307278,280392442.6746471,429978915.11774844,40000000,6.925629272572891,129397882.84777197,114157664.57494304,30136685.46452798,23707244.410893604,0.59268111027234,20477090.998854753,-41406946.97511676,-140762736.4098311,-87313148.96815886,-269482832.35310674,-0.07710962951007203,0.4051410010524992,0.04405645877886283,-0.04930490406216127,2021-11-15,2022-04-24,False,False,True,True,False,0.0,0,3,True,['公司为增强投资者回报水平拟采取的措施'],暄瑄科技
2022-03-31,季报,2022-04-30,保留意见,False,868645847.9677417,565893571.8079323,302752276.15980947,0.6514663865968855,89515454.50539917,7029598.907417963,54292481.39994328,0.7658601230715509,74673.29686813158,4578.710103084657,270414029.2905855,429586479.18161637,40000000,7.568806903995236,140069780.55639225,124013628.77523825,61096835.98624126,15245568.15517183,0.38113920387929573,14079948.857564611,-32807130.894140843,-160378107.91458398,-88735953.77532028,-281921192.5840451,0.09286919731171274,-0.20786659421872722,-0.008705216126543007,0.04423113967934617,2021-11-15,2022-05-23,True,False,False,False,False,9734146.595930785,0,0,True,['充分披露高送转的主要考虑及其合理性且送转股后每股收益不低于0.5元'],暄瑄科技
2022-06-30,半年报,2022-08-27,无保留意见,False,779686840.7187691,471440787.6156711,308246053.103098,0.6046540264563969,82211880.71037015,6595152.74956434,47290554.88888607,0.6292752560934328,75278.67790915632,4182.581220292024,263024988.20900166,390534507.5158375,40000000,7.70615132757745,155685943.93564588,137759288.14317074,18580599.572249074,22308804.82750518,0.5577201206876294,19636656.239903558,-84951190.80420019,-135060839.4750905,-91195275.26467375,-311207305.54396445,0.018146112765766872,0.21904519214372983,-0.0468123601404885,-0.14491402898345776,2021-11-15,2022-10-18,False,False,False,False,False,0.0,0,0,False,[],暄瑄科技
2022-09-30,季报,2022-10-27,非标准无保留意见,False,836061872.4453387,509411033.8310183,326650838.6143204,0.6092982476776243,84739200.92814629,7689203.189036543,43248106.327823386,0.8069947124731917,76209.21893566275,4418.20339461162,291031714.2719381,413984079.17667025,40000000,8.16627096535801,164319803.1103413,145887106.6329175,38120589.659991845,12334084.535279192,0.3083521133819798,11611169.271066776,-35513784.77889179,-154481585.98516804,-89673703.02931404,-279669073.7933739,0.059708097884603226,-0.2537528255055588,0.004644221221227431,0.03914682810765855,2021-11-15,2022-12-20,True,False,True,True,False,7122365.907480265,0,0,True,['是否影响偿债能力、过去十二个月内是否使用过募集资金补充流动资金以及未来十二个月内是否计划使用募集资金补充流动资金等内容'],暄瑄科技
2022-12-31,年报,2023-03-30,无保留意见,False,937526011.6876199,577531520.3545204,359994491.3330995,0.616016529839976,101414079.51669241,7990105.380107904,60069102.30197826,0.9110065599496102,85515.07616546485,5207.131963013623,342493293.5365552,487266176.36432743,40000000,8.999862283327488,172996893.2696653,153406927.35596338,10677663.654710812,12395843.084748581,0.30989607711871453,10742601.032922681,-50739928.44516443,-150560863.067408,-97618575.10341527,-298919366.61598766,0.10207735225853269,0.0021053511792778422,0.006718282162351707,0.1811064189737702,2021-11-15,2023-05-03,False,True,True,True,False,0.0,1,4,True,['充分披露高送转的主要考虑及其合理性且送转股后每股收益不低于0.5元'],暄瑄科技
2023-03-31,季报,2023-04-30,无保留意见,False,1438206233.5873277,1108606274.2287438,329599959.35858387,0.7708256634818913,128245060.06594798,10674327.726988211,86399621.37915066,1.1652716372741314,122112.41654071696,6667.567050689664,430906858.4818507,643810759.3692958,40000000,8.239998983964597,187947320.9964044,166308733.85814086,47003374.44660458,21357753.89534159,0.5339438473835397,18431152.14596781,-187946625.5448449,-221180901.0733724,-151099334.79153907,-560226861.4097564,-0.08443054742854889,0.30487000440013623,0.15480913364191531,-0.03906082597895696,2021-11-15,2023-05-22,False,False,False,False,False,0.0,0,0,False,[],暄瑄科技
2023-06-30,半年报,2023-08-27,无保留意见,False,965950274.5744634,673030582.3754374,292919692.199026,0.6967548952475138,92191403.30953188,8456203.530271307,57779284.63748174,0.7986715593160328,89682.32837361064,5043.5709294062035,312453836.03602123,468861835.90135276,40000000,7.322992304975649,202831667.0071798,179177101.7706308,60078237.14857611,21263351.44396486,0.5315837860991215,18383382.732128512,-49866113.639014676,-174738433.54095843,-101849340.1275452,-326453887.3075183,-0.11128723204620325,-0.0024611047777797993,-0.07407076823437755,0.039710193665686434,2021-11-15,2023-10-01,False,True,False,False,False,0.0,2,0,True,"['留存未分配利润的预计用途以及收益情况', '上市公司控股子公司向母公司实施利润分配的情况']",暄瑄科技
2023-09-30,季报,2023-10-27,无保留意见,False,1022654574.2003661,729312402.8028407,293342171.3975254,0.713156153800128,111875615.73802869,8631174.040087549,63312167.27457759,1.0220038420618132,102053.31594238187,5803.841413585573,371776834.2832625,523860473.3015372,40000000,7.333554284938136,237683380.32729423,212242688.90901572,82299664.85741435,49788161.88587779,1.2447040471469446,47236553.0548356,-100453949.59434776,-177688488.07697862,-102638616.39138146,-380781054.06270784,0.001442303845561722,0.7454864606851379,0.01640125855261414,0.18331615077803298,2021-11-15,2023-11-20,False,False,False,False,False,0.0,0,0,False,[],暄瑄科技
2023-12-31,年报,2024-03-30,无保留意见,False,1153905737.8069646,875156700.3303474,278749037.47661716,0.7584299753926271,115537747.77424797,8672879.773576919,68940665.1117211,0.9353147299979772,96591.94315706543,4986.606850064998,373970403.96156627,538273361.4621934,40000000,6.968725936915429,272419947.7966387,243425818.36970976,54182510.27573693,49623667.813349254,1.2405916953337313,44547327.800991535,-124296559.27214883,-194323168.20382357,-125151945.7147783,-443771673.1907507,-0.04974782129478496,-0.002462922588131811,0.045273821592499174,-0.006025437238191118,2021-11-15,2024-04-30,True,False,False,False,False,45022388.04423521,0,0,True,['是否影响偿债能力、过去十二个月内是否使用过募集资金补充流动资金以及未来十二个月内是否计划使用募集资金补充流动资金等内容'],暄瑄科技
2024-03-31,季报,2024-04-30,无保留意见,False,1486493150.4588976,1246956431.979076,239536718.47982165,0.8388578390651353,131707068.91109583,11251787.805786915,83861064.63776979,1.3388363867835136,121866.01607676,6359.728998292876,401019721.08702725,664898373.8096561,40000000,5.988417961995541,318163946.8234434,283402112.1131538,183665167.8758879,65348570.03829247,1.6337142509573117,57108991.062062934,-257801108.69476312,-244367450.3776605,-154151383.43362018,-656319942.5060438,-0.14067248214295558,0.23602576593347568,0.08042786367250815,0.06477255631924117,2021-11-15,2024-05-28,False,True,False,True,False,0.0,3,0,True,['结合前述财务报表列报项目的具体情况说明现金分红方案确定的依据及未来增强投资者回报的规划'],暄瑄科技
2024-06-30,半年报,2024-08-27,无保留意见,False,1743467221.9283116,1483698320.216647,259768901.71166462,0.8510044247207844,169974270.07982317,15000734.251595085,105068911.04916783,1.5312054279684848,166938.8794924146,8854.431647087547,617199529.1095581,860170706.7408677,40000000,6.494222542791616,368574268.2406816,326675542.907902,180863008.0384067,72014744.88176882,1.8003686220442205,61819186.849640295,-68014420.43617734,-304207072.58723104,-183577224.7997525,-555798717.8231609,0.08446380730371117,0.08095070552380644,0.012146585655649023,0.037244536553129676,2021-11-15,2024-10-14,False,False,False,False,True,0.0,0,0,False,[],暄瑄科技
2024-09-30,季报,2024-10-27,无保留意见,False,1563913187.1943665,1315766519.2644887,248146667.92987785,0.8413296403139559,154002546.80596185,13045947.53041748,90962617.30087693,1.318090651512837,131970.25487068103,7521.757814499409,495761233.1002801,747475744.0742651,40000000,6.203666698246947,375506482.5526269,333394178.28375536,6555560.285541158,9903163.302778963,0.24757908256947408,9598050.536933377,-265122531.81740794,-274213113.6407823,-169229894.2885293,-708565539.7467195,-0.0447406664354577,-0.6977673380009988,-0.009674784406828561,-0.010758028069883362,2021-11-15,2024-12-07,False,False,False,False,False,0.0,0,0,False,[],暄瑄科技
2024-12-31,年报,2025-03-30,无保留意见,False,1086371566.3289242,822872919.1543263,263498647.1745979,0.7574507145239315,116125806.37939872,10566302.349374484,66471620.443715915,0.9747605941267294,103260.68721669386,6193.6284476040155,361831633.36159885,559069974.3572094,40000000,6.587466179364947,377371730.1964147,335034282.61405474,11192701.86101754,2664639.491125498,0.06661598727813745,2343006.186141953,-59823376.821479365,-177522904.70566478,-114769620.69776759,-352115902.2249117,0.0618665540536624,-0.26905846461950284,-0.08387892579002422,-0.14457685287756275,2021-11-15,2025-04-09,True,True,False,False,False,2902160.9742279807,3,0,True,"['公司为增强投资者回报水平拟采取的措施', '结合前述财务报表列报项目的具体情况说明现金分红方案确定的依据及未来增强投资者回报的规划', '根据公司盈利能力、融资能力及其成本、偿债能力及现金流等情况披露现金分红方案的合理性，是否导致公司营运资金不足或者影响公司正常生产经营']",暄瑄科技
2017-03-31,季报,2017-04-30,无保留意见,False,298076527.1764031,97014724.31520288,201061802.86120024,0.3254691848237654,5348970.892414344,204.1560986329517,43161.76842155588,0.000544270078837036,4897167.4120013695,85163367.21201865,115103770.15190873,201985959.33743167,40000000,5.026545071530006,1611675.6590149405,1403425.8127783563,4961466.434054241,2302393.7985927723,0.05755984496481931,2004894.0182547946,3118523.4373817635,-54173212.6807516,-58436824.896307856,-109491514.13967769,0.11701001589555693,0.07235521103293176,0.025469184823765426,0.0003254311077975185,2021-09-20,2017-05-11,False,False,False,False,False,0.0,0,0,False,[],珣珹信息
2017-06-30,半年报,2017-08-27,无保留意见,False,347516404.8882329,120909460.52435,226606944.36388287,0.3479244686685698,7529379.221472746,266.04654840740824,56845.69296282726,0.0006587060417225413,6842842.437314831,101611654.45614837,136233171.03087237,262429556.3606749,40000000,5.665173609097072,10368383.26586294,9791666.857175909,12821582.182046173,12509582.295497142,0.31273955738742854,11983201.491996506,13800519.65500979,-63836949.5210683,-72348872.31361324,-122385302.17967173,0.12705119092320727,0.5288042821739819,0.022455283844804382,-0.01249844527431476,2021-09-20,2017-09-28,False,False,False,False,False,0.0,0,0,False,[],珣珹信息
2017-09-30,季报,2017-10-27,无保留意见,False,340451522.1288718,126143011.95834851,214308510.1705233,0.37051681005731957,5498153.420473315,228.34663203821341,42218.93440670197,0.0005324536496868106,6407075.88804406,87664803.26186517,130578730.56938493,224675523.95933157,40000000,5.3577127542630825,35790314.41803622,33196229.25184492,116732918.06840621,36317044.5031047,0.9079261125776176,33435089.135241445,35857285.65733755,-61412909.91959984,-73237768.30575477,-98793392.56801707,-0.05427209756471943,0.8067705591088739,0.022592341388749788,0.030044380213150222,2021-09-20,2017-12-09,False,False,False,False,False,0.0,0,0,False,[],珣珹信息
2017-12-31,年报,2018-03-30,无保留意见,False,344152430.7261495,109840591.74935864,234311838.97679085,0.3191626208119433,5822803.580872449,250.77326730637196,46169.075123594324,0.000654558331708499,6719239.770105162,91166167.7160592,127943972.06880707,234899440.7330106,40000000,5.857795974419771,79207595.90121078,72945453.82923737,255586681.02735916,62024687.83310652,1.5506171958276629,56784606.53913207,40679843.37663422,-59453187.44178903,-69402465.05700241,-88175809.12215722,0.09333893829204953,0.4821655733093918,-0.05135418924537629,-0.0499566476722999,2021-09-20,2018-05-11,False,False,False,False,False,0.0,0,0,False,[],珣珹信息
2018-03-31,季报,2018-04-30,非标准无保留意见,False,387044214.8945545,159777874.9355924,227266339.9589621,0.41281556159965327,7313976.40165218,276.67554366966004,55801.24972526876,0.0006866725171844211,7229074.852587982,109387607.59003699,142293753.30373523,271016967.5780931,40000000,5.681658498974053,84874700.65881832,78175520.01945578,5280356.946226282,8095863.93943933,0.20239659848598326,7471523.128883434,50698389.054318495,-75599492.19943565,-75468361.12076779,-100369464.26588494,-0.030068898987757057,-0.6824300781492528,0.09365294078771,0.05162829545630427,2021-09-20,2018-06-06,False,False,False,False,False,0.0,0,0,False,[],珣珹信息
2018-06-30,半年报,2018-08-27,无保留意见,False,345692753.18024814,96596218.92532614,249096534.254922,0.2794279545540828,6270653.910139017,258.62751529250306,47127.83439375961,0.0006418593176870511,7099904.907015103,92556976.43230815,129348399.44777784,246693640.8748205,40000000,6.2274133563730505,81882421.78519338,75660397.30660628,17469553.136649407,-4274684.105178483,-0.10686710262946207,-3593032.4469278594,34450395.4278425,-64018206.11193899,-71170224.50962093,-100738035.19371742,0.09605555446487063,-0.4929317466204826,-0.13338760704557048,0.06512736444662784,2021-09-20,2018-09-30,False,False,False,False,False,0.0,0,0,False,[],珣珹信息
2018-09-30,季报,2018-10-27,无保留意见,False,380775589.34526134,116329430.69997858,264446158.64528275,0.3055065344393676,7738846.309353146,282.235883063001,54172.09421327725,0.0006876750861782082,7093511.494545071,96935410.17270826,162038955.03118747,271511263.5851954,40000000,6.611153966132068,87714826.11926137,81076773.15075672,7903273.952090209,8332006.19152569,0.20830015478814226,7737679.777357786,34093346.38596617,-68332040.6430061,-74056502.09953989,-108295196.35657983,0.061621188091890995,0.9906779840203715,0.026078579885284756,0.013875878870830268,2021-09-20,2018-11-23,False,False,False,False,False,0.0,0,0,False,[],珣珹信息
2018-12-31,年报,2019-03-30,无保留意见,False,313057017.4062129,79947816.6770241,233109200.7291888,0.2553778137267766,6123741.7327991435,236.05551300707884,44408.31440863508,0.0005595504752377126,5383502.987217065,89931425.5852814,121128051.05211414,213333405.35829994,40000000,5.82773001822972,95787076.09145239,88673359.55552463,38581708.99010135,11531785.674558617,0.2882946418639654,10852266.292525591,38128789.594674885,-57386022.46187747,-65315100.07784472,-84572332.9450473,-0.1185003332119793,0.12631370207478262,-0.050128720712590995,-0.025945658566569982,2021-09-20,2019-04-10,False,False,False,False,False,0.0,0,0,False,[],珣珹信息
2019-03-31,季报,2019-04-30,无保留意见,False,308116802.9338281,71584838.26148508,236531964.67234302,0.2323301993914912,5531534.249672941,223.76037369981847,43487.41244557976,0.0005669927137731674,6508638.567157935,88670262.0110672,124520711.0408389,219758631.63050693,40000000,5.913299116808576,108299646.4020653,99653359.61219871,26405369.070878614,17875100.443732746,0.44687751109331864,15685714.366677247,14887924.840085529,-53428420.00380421,-63465088.88854284,-102005584.05226152,0.014683092440999619,0.22232449246351846,-0.02304761433528538,0.12501712120041225,2021-09-20,2019-05-15,False,False,False,False,False,0.0,0,0,False,[],珣珹信息
2019-06-30,半年报,2019-08-27,无保留意见,False,329874372.4742009,111171324.87574364,218703047.59845725,0.33701109923123307,6131331.325839111,262.6754235687525,49388.99165651848,0.0006454189398465693,6512999.799611274,89499362.19004153,142071902.9639034,238250470.42830738,40000000,5.467576189961431,133507896.4917239,124922746.03186138,76681599.84826379,36011785.84236941,0.9002946460592351,36099123.45666097,12860826.273438679,-59186956.40824317,-71255766.76194908,-117581896.89675358,-0.07537635388343109,0.5200468290520989,0.10468089983974184,-0.10952537896121971,2021-09-20,2019-10-23,False,False,False,False,False,0.0,0,0,False,[],珣珹信息
2019-09-30,季报,2019-10-27,保留意见,False,371693589.13952756,131285595.2850393,240407993.85448825,0.3532092000536412,7364224.129004149,296.3142319148337,59140.026427721044,0.0007243684640300539,7416720.960041176,112374758.28261448,142626250.93985134,279182446.49803185,40000000,6.010199846362206,133247825.50536484,124687222.23964234,484899.7877451419,-371529.98051294126,-0.009288249512823532,-336462.56031293713,56440570.471026786,-64086374.73343149,-72891275.00776036,-80537079.27016506,0.09924391312498602,-0.6863250359282023,0.01619810082240817,0.05343930035027962,2021-09-20,2019-11-25,False,False,False,False,False,0.0,0,0,False,[],珣珹信息
2019-12-31,年报,2020-03-30,无保留意见,False,304669928.3660706,124408081.38736048,180261846.97871011,0.40833725223409717,5320080.901528117,200.16409669863577,42102.494903067774,0.0005178879391577908,5220571.967243015,81247954.74114971,103045839.93126449,202408745.6579272,40000000,4.506546174467753,137062639.02224833,127775074.02850494,24842783.57750128,5449733.595547847,0.1362433398886962,4411216.841232294,56463040.49345632,-56270249.64189623,-62070034.74678057,-61877243.89522048,-0.25018363953481015,0.35007812319707066,0.055128052180455946,0.036058727215620895,2021-09-20,2020-04-12,False,False,False,False,False,0.0,0,0,False,[],珣珹信息
2020-03-31,季报,2020-04-30,无保留意见,False,344016264.6617489,153553439.34774846,190462825.31400046,0.446355173057671,6626679.491106854,241.37805122791386,48927.40550228054,0.0006242824949843933,6257258.00505001,93107483.32383846,124234876.11848669,236154905.01007113,40000000,4.761570632850011,139596149.5394256,130036475.81275074,8869340.439686822,3619300.7388246916,0.09048251847061729,3230573.9774939925,30490580.58410327,-66322529.32280349,-64244191.221967936,-100076139.96066815,0.05658978040147957,-0.0815347250751411,0.03801792082357381,-0.055294324388341816,2021-09-20,2020-06-28,False,False,False,False,False,0.0,0,0,False,[],珣珹信息
2020-06-30,半年报,2020-08-27,无保留意见,False,310058205.86771184,133991492.8554098,176066713.01230204,0.43214948135440756,5191198.6343863765,235.3517250989691,43527.97593474112,0.0005192065850951679,5725976.721688373,80593845.48511775,113280140.7540018,209200885.68815944,40000000,4.401667825307551,136485199.07274595,127264870.43509829,19446175.125166617,-4444214.9523995165,-0.11110537380998792,-3959436.2537892247,30085329.79783306,-54076915.21918191,-61430274.5692672,-85421859.99061605,-0.07558489315678654,-0.39106639906760643,-0.014205691703263386,0.024112477267188535,2021-09-20,2020-09-29,False,False,False,False,False,0.0,0,0,False,[],珣珹信息
2020-09-30,季报,2020-10-27,无保留意见,False,263986966.63487655,109727059.12661347,154259907.50826308,0.415653320030675,5645586.420562321,201.824864067923,37783.00419477147,0.0004608329602003562,5008733.978242016,71841381.76754019,102091416.8349474,187619130.50424656,40000000,3.856497687706577,131954683.65639855,123402558.71707292,13616081.09216367,-6472164.880496295,-0.16180412201240738,-5517588.168607693,24713243.966981746,-48534786.355688944,-52964870.65828103,-76786413.04698822,-0.12385535647794646,-0.16151518367099926,-0.016496161323732567,-0.08350139177761705,2021-09-20,2020-12-04,False,False,False,False,False,0.0,0,0,False,[],珣珹信息
2020-12-31,年报,2021-03-30,保留意见,True,285880012.45156306,127973736.19586955,157906276.2556935,0.4476484210925808,5641944.820616054,205.33908771321356,40191.20160702167,0.0005185924241787897,5449977.158029957,81245874.3448214,106201480.55391607,199635782.85701215,40000000,3.9476569063923375,134209270.67551906,125414918.16004713,1830031.544633692,3220838.5987435877,0.0805209649685897,2874799.2042488838,6568331.567313217,-51093739.67584943,-59755654.77396318,-104281062.8824994,0.0236378253191621,0.9207024396955812,0.03199510106190578,0.014982027525533213,2021-09-20,2021-05-21,False,False,False,False,False,0.0,0,0,False,[],珣珹信息
2021-03-31,季报,2021-04-30,保留意见,False,271350920.0093954,128049606.1512342,143301313.85816124,0.4718967090540932,5363813.670164715,201.07265505112116,37508.37942782118,0.0005139423770770036,4987885.470241594,75158244.06798562,102864020.40129793,190280069.15714243,40000000,3.582532846454031,129133783.5813128,121135245.89166023,19706291.54832704,-7250695.848866081,-0.18126739622165203,-6113817.526266986,28554056.487651434,-50341854.584088326,-53429081.48336663,-75216879.57980353,-0.09249133564446042,-0.5178585643950647,0.02424828796151239,-0.016919857834889973,2021-09-20,2021-06-03,False,False,False,False,False,0.0,0,0,False,[],珣珹信息
2021-06-30,半年报,2021-08-27,无保留意见,False,272741168.6773757,137366882.81431666,135374285.863059,0.5036529082883242,5243372.399682906,192.94951785955132,35556.407637145276,0.0005126484465024334,5079190.553943762,72352119.85163283,104783915.49281172,196156099.92769563,40000000,3.3843571465764755,123343516.48582037,115666078.97308597,37667881.36461589,-8271810.136417791,-0.20679525341044477,-7813095.5979632465,11688959.962249126,-52278790.37747662,-53088472.4730579,-93678302.8882854,-0.055317203880966184,-0.10473714551545169,0.031756199234231015,0.011056957990121286,2021-09-20,2021-10-24,False,False,False,True,True,0.0,0,0,False,[],珣珹信息
2021-09-30,季报,2021-10-27,非标准无保留意见,False,226855623.47521746,115059886.37417707,111795737.10104041,0.5071943318466894,4511000.772317172,161.92251100289252,32103.496985325633,0.00043280415412495516,4226487.679937139,61105744.30799417,87464316.61219575,159258370.71904403,40000000,2.79489342752601,120243978.94333194,112903517.95366724,0.0,-4427910.774983473,-0.11069776937458682,-3946515.74202674,35317399.29918098,-42189963.15505242,-47529393.39990413,-54401957.25577558,-0.1741730241581481,0.4404005207852699,0.0035414235583652413,-0.036969041523978056,2021-09-20,2021-12-17,False,False,False,True,False,0.0,0,0,False,[],珣珹信息
2021-12-31,年报,2022-03-30,无保留意见,False,245410531.5960716,128304166.08065061,117106365.51542097,0.5228144254698499,4926513.922819522,200.01564631070818,34821.41248543381,0.00044444051882903414,4807309.439196447,76027627.60429704,102328398.20137678,185607822.7824548,40000000,2.927659137885524,118130914.79670228,110999043.03517115,10471020.232637448,-3018663.066613782,-0.07546657666534455,-2720678.454994417,42423276.40481823,-44501125.31117052,-45373740.01187376,-47451588.91822605,0.047502959881027006,0.11209335880034191,0.015620093623160497,0.07487990725593648,2021-09-20,2022-04-24,False,True,False,False,False,0.0,0,0,True,"['上市公司控股子公司向母公司实施利润分配的情况', '根据公司盈利能力、融资能力及其成本、偿债能力及现金流等情况披露现金分红方案的合理性，是否导致公司营运资金不足或者影响公司正常生产经营']",珣珹信息
2022-03-31,季报,2022-04-30,无保留意见,False,221989168.15250543,112686194.19318475,109302973.95932068,0.5076202371990056,4376660.008058036,164.7338697356961,29074.863223041324,0.0003602237581429901,4377469.406427491,62891251.69997935,88753998.53024709,155249842.3198888,40000000,2.7325743489830168,115924359.09007533,109102063.04203567,12040197.38747082,-3152222.438038511,-0.07880556095096278,-2709971.418764966,24578706.93330557,-43300540.96361113,-41072031.07648,-59793865.106785566,-0.06663507591372317,-0.009552689564743956,-0.015194188270844304,0.035602087358435404,2021-09-20,2022-05-20,False,False,False,False,False,0.0,0,0,False,[],珣珹信息
2022-06-30,半年报,2022-08-27,无保留意见,False,286947623.13406765,159396283.72177884,127551339.41228881,0.5554891236973436,5565567.4360755505,211.54866642128454,40610.850346934676,0.0005025492367763033,5443933.892296673,83267016.78648466,110013834.13852887,205649910.12398148,40000000,3.1887834853072206,118557077.08917402,111625638.03876676,18052155.616689082,3761025.7129981183,0.09402564282495296,3605107.138187267,13327572.07931368,-55935530.95680699,-58634842.946845844,-101242801.82433915,0.16695214038512463,0.4992316001685826,0.04786888649833806,0.049194331074833175,2021-09-20,2022-09-08,False,False,False,False,False,0.0,0,0,False,[],珣珹信息
2022-09-30,季报,2022-10-27,无保留意见,False,333770859.7782032,200681820.4332619,133089039.34494129,0.6012562647518679,5944743.057586498,225.43273494370357,41315.2195733831,0.0005739962916569658,5472083.359621433,97206632.03461538,123080958.53109346,223404667.31283492,40000000,3.3272259836235323,122382387.41169994,114991981.52757968,18102775.832757596,5464729.032179888,0.1366182258044972,4809062.12687561,12410401.552596055,-57744366.67268115,-67925817.22172898,-113259782.34181407,0.04341545889026504,0.08206257931250058,0.04576714105452424,0.06816057087992486,2021-09-20,2022-12-01,False,False,False,True,False,0.0,0,0,False,[],珣珹信息
2022-12-31,年报,2023-03-30,无保留意见,False,365632402.4381927,220103299.0712516,145529103.36694115,0.6019797414110701,6834168.462283648,247.54142747378813,47784.12643892241,0.0005782460322361802,6523386.320117905,94564634.42423731,129971923.99114196,241575823.14358357,40000000,3.6382275841735288,129641294.23694767,120978516.78811797,12758838.1034386,10369866.893211033,0.2592466723302758,8552193.22934044,22475488.084847584,-63595328.5059328,-76095038.7537601,-117214879.17484531,0.09347173954541532,0.2183484098118754,0.0007234766592023217,0.12338094478311741,2021-09-20,2023-04-11,True,True,True,False,False,10815760.37261172,0,1,True,"['公司为增强投资者回报水平拟采取的措施', '充分披露高送转的主要考虑及其合理性且送转股后每股收益不低于0.5元']",珣珹信息
2023-03-31,季报,2023-04-30,无保留意见,False,343312227.9470089,190546803.75002408,152765424.19698483,0.5550248090185574,5673336.829219343,247.42756982509448,47268.49986140857,0.0006012816438155604,6170870.351403584,89444400.67245872,128927173.44957344,224360027.13198477,40000000,3.819135604924621,134590820.95945677,125524029.0111102,9406563.496203234,7070752.460727308,0.1767688115181827,6493588.889988912,54165252.75053826,-58397307.803229846,-74494131.91035308,-78726186.96304467,0.04972421778616865,-0.12053819791509675,-0.04695493239251273,-0.02687892059632761,2021-09-20,2023-05-29,False,False,False,False,False,0.0,0,0,False,[],珣珹信息
2023-06-30,半年报,2023-08-27,无保留意见,True,318735986.8985737,173184236.42530638,145551750.47326732,0.5433469816522979,6339796.845958997,235.5604786735427,47714.93334780866,0.0005698887268796835,5942970.9190924335,92778419.66567971,136966328.24701414,227119661.7909374,40000000,3.638793761831683,140290123.83855605,130456789.94107701,16479869.315285292,8141861.255856082,0.20354653139640205,7046801.328523994,55781540.1979897,-61517883.388638996,-67300801.68395522,-73037144.87460452,-0.04722059171200784,0.04449835113697999,-0.011677827366259578,0.0469895906039682,2021-09-20,2023-09-26,False,True,False,False,False,0.0,0,0,True,"['上市公司控股子公司向母公司实施利润分配的情况', '公司为增强投资者回报水平拟采取的措施', '是否影响偿债能力、过去十二个月内是否使用过募集资金补充流动资金以及未来十二个月内是否计划使用募集资金补充流动资金等内容']",珣珹信息
2023-09-30,季报,2023-10-27,无保留意见,False,383371603.5150132,243226541.34334016,140145062.1716731,0.6344406813474779,6770019.157834765,269.963772877554,45997.28375509157,0.0006468241506362831,7338130.691872503,100981028.619478,134816156.74845207,257263804.2536807,40000000,3.5036265542918272,158292539.55769238,147359040.41793683,123306612.68374147,25717736.741623335,0.6429434185405833,24146072.10979974,16206180.813340938,-70044365.99591343,-76801039.09412819,-130639224.27670068,-0.03714615787178208,0.6990681917661704,0.09109369969518005,0.054009351513444395,2021-09-20,2023-12-03,False,False,False,False,False,0.0,0,0,False,[],珣珹信息
2023-12-31,年报,2024-03-30,保留意见,False,453339787.7201804,295602241.0314189,157737546.68876144,0.6520544832783938,8627469.119070252,340.87911194839313,63154.775643856025,0.0008092652883463329,8678412.293976095,109281530.08670396,186669509.11504132,320456664.4823387,40000000,3.943438667219036,172846115.51273176,159860266.50737965,55748309.703189805,20790822.792913385,0.5197705698228346,17858894.41348977,34648587.167388454,-85500353.16581126,-84036019.69184631,-134887785.6902691,0.12553053417992122,-0.11533649309443073,0.017613801930915805,-0.036750438761828756,2021-09-20,2024-05-24,False,True,False,True,True,0.0,1,0,True,"['充分披露高送转的主要考虑及其合理性且送转股后每股收益不低于0.5元', '结合所处行业特点、发展阶段和自身经营模式、盈利水平、偿债能力、资金需求等因素，未进行现金分红或现金分红水平较低原因的说明']",珣珹信息
2024-03-31,季报,2024-04-30,保留意见,False,615993916.7361066,422047451.4299289,193946465.3061778,0.6851487327442798,12058689.144917732,431.2693764956483,87525.61579015151,0.0010425602291224182,10721324.598078463,152782123.7620203,233765210.26771903,398085344.1680149,40000000,4.848661632654445,181106874.74222636,167559126.4322089,15986109.88434216,11801084.613563742,0.29502711533909354,10998371.321184646,6574260.829529533,-114844789.29283218,-121849529.41592154,-230120057.87922418,0.22955167857949293,-0.23788151500727364,0.03309424946588609,0.15805732125488098,2021-09-20,2024-05-10,True,False,True,True,False,3344801.659518018,0,0,True,"['根据公司盈利能力、融资能力及其成本、偿债能力及现金流等情况披露现金分红方案的合理性，是否导致公司营运资金不足或者影响公司正常生产经营', '上市公司控股子公司向母公司实施利润分配的情况', '留存未分配利润的预计用途以及收益情况', '公司为增强投资者回报水平拟采取的措施']",珣珹信息
2024-06-30,半年报,2024-08-27,无保留意见,False,769849529.9906394,567014791.5895078,202834738.40113166,0.7365267750392757,15623967.824319098,575.3015036258308,120759.33967687996,0.001417105692379528,14290175.589103654,212263506.87770402,291153967.13059825,551641930.1462694,40000000,5.070868460028292,185951753.06704623,172160161.54111448,17485047.436893787,6921254.749742635,0.17303136874356587,6572907.298436555,120575346.97989216,-148104495.024321,-144821821.63370514,-172350969.67813396,0.04582848715970262,-0.16943215609050283,0.05137804229499581,0.14816898467809522,2021-09-20,2024-09-21,True,False,False,True,False,10043860.581567114,0,0,True,"['留存未分配利润的预计用途以及收益情况', '公司在相应期间是否按照中国证券监督管理委员会相关规定为中小股东参与现金分红决策提供了便利', '上市公司控股子公司向母公司实施利润分配的情况', '根据公司盈利能力、融资能力及其成本、偿债能力及现金流等情况披露现金分红方案的合理性，是否导致公司营运资金不足或者影响公司正常生产经营']",珣珹信息
2024-09-30,季报,2024-10-27,无保留意见,False,862206407.2683414,656360726.968077,205845680.3002645,0.7612570742168008,15018371.562806595,567.2239292300123,110839.59091167517,0.0013519557920264828,14535722.63225415,214955750.5710064,275845176.15565324,544709035.8569521,40000000,5.146142007506612,179399335.0529848,166340444.27896795,46157793.792992294,-9360597.162944889,-0.23401492907362223,-8313881.803066472,157201446.07723823,-146578358.47313344,-178940361.88016826,-168317274.27606347,0.014844310806259866,-0.6806437238775151,0.024730299177525054,-0.011723253156158242,2021-09-20,2024-12-09,False,False,False,False,True,0.0,0,0,False,[],珣珹信息
2024-12-31,年报,2025-03-30,保留意见,False,825694379.8169167,612939441.7273589,212754938.08955774,0.7423320985462776,15772092.079619981,564.4385399355857,119841.8664043942,0.0014451277016790081,16025786.767043967,230315340.72624558,311752543.5232329,576476781.3171154,40000000,5.318873452238943,175446819.9974264,162555928.94395214,11986455.862157958,-5646450.0793691315,-0.1411612519842283,-5406450.47859404,19833576.629733037,-168092294.18973538,-151017390.99933067,-299276108.559333,0.03356523090120143,0.4861829075906554,-0.018924975670523123,-0.09770459436728621,2021-09-20,2025-05-23,False,False,True,False,True,0.0,0,9,True,['公司在相应期间是否按照中国证券监督管理委员会相关规定为中小股东参与现金分红决策提供了便利'],珣珹信息
2017-03-31,季报,2017-04-30,无保留意见,True,244631773.36433062,59008572.83710731,185623200.52722332,0.24121385388980404,6111545.25397565,2.7368427840540776e-05,16813.952507970753,24604088.555202737,7.536981253400815,60050.261209473545,67326339.70386192,93760218.59074609,40000000,4.640580013180583,-1059541.6641216676,-931504.8061199146,3471391.9693237664,-1513630.9487452395,-0.03784077371863099,-1330721.1515998782,44983931.91189559,12889133.784258049,125647478.90785018,183520544.60400382,0.031240002929018566,-0.1396461638191799,-0.05878614611019596,0.0698424484142307,2021-03-03,2017-05-23,False,False,False,False,False,0.0,0,0,False,[],暄琛信息
2017-06-30,半年报,2017-08-27,无保留意见,False,314092011.7303629,110985351.58589225,203106660.14447066,0.3533529903370141,8001199.023054788,3.911784717946631e-05,23460.444767117464,28786740.392505955,9.742136092350425,86486.3340375178,83622363.8297031,124831571.15429495,40000000,5.077666503611766,-3482235.632867289,-3041732.9582902994,7276629.614509246,-3460991.383922316,-0.0865247845980579,-3014611.645957693,21553662.19561864,17718505.4303522,132921835.80154604,172194003.42751688,0.09418790090672549,-0.12574674081006074,0.11213913644721009,0.03304374972639565,2021-03-03,2017-09-21,False,False,False,False,False,0.0,0,0,False,[],暄琛信息
2017-09-30,季报,2017-10-27,无保留意见,False,306220683.014066,96158044.8169205,210062638.19714546,0.31401551283361084,6860737.158901384,3.955699970555511e-05,22966.763727401005,29914674.357969977,9.21101801650649,78921.73755290589,86436186.4236895,119136880.82357849,40000000,5.251565954928637,-4058024.156209779,-3566367.641563615,3641963.9834522423,-822555.0333464146,-0.020563875833660365,-749478.1189618788,54136566.72130134,15832319.270365525,130918917.44806963,200887803.4397365,0.0342479072213929,0.19487662837017017,-0.03933747750340325,0.06025067960937453,2021-03-03,2017-12-20,False,False,False,False,False,0.0,0,0,False,[],暄琛信息
2017-12-31,年报,2018-03-30,无保留意见,False,299830661.40568995,72102780.523593,227727880.88209698,0.24047834262698484,6492275.520456044,3.482827628261688e-05,21432.30707580481,22691701.481950924,8.417187219367493,81896.67102675146,74400093.2779112,111948674.39074066,40000000,5.693197022052424,-970052.3046136423,-654407.3932671607,5665599.495441533,4411388.3594230525,0.11028470898557631,4159943.2118520774,53316484.03334289,15953967.871502168,147005417.72626168,216275869.63110673,0.08409511961081133,0.32353337647311686,-0.07353717020662602,0.06670448217483055,2021-03-03,2018-05-12,False,False,False,False,False,0.0,0,0,False,[],暄琛信息
2018-03-31,季报,2018-04-30,保留意见,False,340252067.9572334,111166225.4071359,229085842.55009753,0.3267172660390957,9054996.186019877,4.296303512607106e-05,24998.529133887274,30350884.654235624,10.511542339667782,94345.99882588396,109920943.64748639,137996220.4115089,40000000,5.727146063752438,2298249.254533368,2273507.876992924,2890067.879384447,4669002.2273528725,0.11672505568382181,4182736.1003715503,12491392.272685975,16627225.156833997,161546685.1578241,190665302.58734408,0.005963089204275214,0.01203162838417466,0.08623892341211084,-0.01732483685822526,2021-03-03,2018-06-13,False,False,False,False,False,0.0,0,0,False,[],暄琛信息
2018-06-30,半年报,2018-08-27,无保留意见,False,369953875.5440877,151333709.06070787,218620166.48337984,0.40906101831787217,9494968.520266604,5.095009805627521e-05,30969.938320395042,39232046.475671485,12.821964165838422,107522.97771078924,116697812.66347042,162828973.481024,40000000,5.465504162084496,4171538.9238415794,4109135.206665461,2540199.2259540544,2676128.0990117304,0.06690320247529326,2622324.756675053,32130574.766796637,19707824.515171945,181779580.0770225,233617979.3589911,-0.04568451699248486,-0.09196889212672327,0.0823437522787765,-0.10938485827482394,2021-03-03,2018-09-30,False,False,False,False,False,0.0,0,0,False,[],暄琛信息
2018-09-30,季报,2018-10-27,无保留意见,False,385124924.953033,143146456.2635802,241978468.6894528,0.3716883717174039,9105935.48794882,4.668984519630709e-05,28332.459240726825,34000759.341409706,11.080898419972803,101308.1622401278,117258163.1175453,153813339.79814777,40000000,6.04946171723632,18494149.16063831,16219735.199447704,99185530.89353581,20460871.766852476,0.5115217941713119,17300857.132546064,37177187.170504965,20409454.687896688,176445663.06850782,234032304.92690948,0.10684422476573649,0.9038741554408776,-0.03737264660046828,-0.049186377214827846,2021-03-03,2018-12-10,False,False,False,False,False,0.0,0,0,False,[],暄琛信息
2018-12-31,年报,2019-03-30,非标准无保留意见,False,331051936.28053534,93548538.64666723,237503397.63386813,0.28257964504818256,7282800.941108919,4.0803456717722475e-05,24988.808625670088,28910588.814491104,10.624034996565026,85175.90229979555,89145164.32481837,128015200.3333142,40000000,5.937584940846703,19450622.240774624,17149304.773933668,4418360.627606997,1366390.114480447,0.03415975286201117,1327956.5349799457,39767380.15041709,16547415.755303094,160768031.86620623,217082827.7719264,-0.018493674581137372,-0.5097180271514108,-0.0891087266692213,0.12121203123124402,2021-03-03,2019-04-27,False,False,False,False,False,0.0,0,0,False,[],暄琛信息
2019-03-31,季报,2019-04-30,非标准无保留意见,False,385643266.3906703,149424139.79669356,236219126.5939767,0.38746726007999743,8799644.507106883,4.5156103155457964e-05,25362.521533003244,39177358.25695371,11.238794117935859,105925.94030092534,107588390.50673063,153741697.31560272,40000000,5.905478164849417,19036276.413923454,16767033.397433586,526941.3282905247,-591922.6097873859,-0.014798065244684648,-546101.9664286864,19833223.05741347,22355162.644826233,166903269.7115592,209091655.41379893,-0.00540737965303234,-0.10662480280890144,0.10488761503181483,0.029915843512230745,2021-03-03,2019-06-03,False,False,False,False,False,0.0,0,0,False,[],暄琛信息
2019-06-30,半年报,2019-08-27,无保留意见,False,407509619.63761926,156394088.36195546,251115531.2756638,0.38378011419958624,9564813.079422478,4.69864370744019e-05,29109.470100170318,34650962.46856935,11.690382587474863,89133.70034486601,106004684.39940546,146956593.98433912,40000000,6.277888281891594,25286206.361233607,22223016.820830733,13517087.446702145,8928471.353300218,0.22321178383250545,7794262.033424496,9013300.908668874,22562209.50657705,178381068.66277388,209956579.0780198,0.0630618057753286,0.5802260518814044,-0.003687145880411159,0.08792072059952684,2021-03-03,2019-09-10,False,False,False,False,False,0.0,0,0,False,[],暄琛信息
2019-09-30,季报,2019-10-27,无保留意见,False,434970149.70194924,157004907.6228228,277965242.0791264,0.36095559139036526,10762723.43283428,5.11533025072825e-05,33226.94064292523,43821193.66522957,11.979625521734702,124297.93194787441,120588144.97974119,174188666.49129346,40000000,6.949131051978161,35301412.2715525,31399323.619228583,46250900.35643339,14307437.014741283,0.35768592536853205,13109009.711996928,21511881.412783105,23076502.005105175,215968656.47180396,260557039.88969225,0.10692174501141533,0.20745402180280934,-0.02282452280922102,0.0719151814252145,2021-03-03,2019-12-07,False,False,False,False,False,0.0,0,0,False,[],暄琛信息
2019-12-31,年报,2020-03-30,无保留意见,False,442947409.5372654,177277144.13523102,265670265.4020344,0.4002216523185617,10109268.994812373,5.502814347065396e-05,29744.239288248376,37719971.411754854,13.694978976971003,121647.10116093916,129041800.30419825,171174112.2427827,40000000,6.64175663505086,57260757.594848245,52737336.37166931,60266812.59178065,31370493.318993933,0.7842623329748484,30482875.360629596,33001441.80655698,24660373.109863322,197187703.9559299,254849518.87235022,-0.04423206507809372,0.5450160706613708,0.0392660609281965,-0.010140448053722164,2021-03-03,2020-05-08,False,False,False,False,False,0.0,0,0,False,[],暄琛信息
2020-03-31,季报,2020-04-30,无保留意见,False,477072794.463107,169778529.4672563,307294264.9958507,0.35587552138311174,12072459.525559846,5.957399196913604e-05,36473.425349927136,48602804.613670915,16.355639942459916,124805.47996614782,119915655.88175847,193968884.6826762,40000000,7.682356624896267,57144884.479552,52629945.78034836,129551.24203065963,-165533.02185178548,-0.004138325546294637,-153415.13045848388,80703473.20693746,25258882.218033165,213310184.95872137,319272540.383692,0.15667541691512749,-0.6519682595104375,-0.044346130935450014,0.09208509802112666,2021-03-03,2020-05-16,False,False,False,False,False,0.0,0,0,False,[],暄琛信息
2020-06-30,半年报,2020-08-27,无保留意见,False,552242808.7266823,262795907.97411254,289446900.75256974,0.47587022197726125,11323551.481550446,5.81763870756662e-05,36868.22176111508,49264476.31109156,15.137842327028237,125904.60600180396,155922543.30517283,196569743.3477691,40000000,7.236172518814243,59601053.75908979,54666797.255029194,4773369.169273312,3508813.2564825565,0.08772033141206391,2909787.8209726196,100765084.33890133,29894116.152401168,249523683.5893266,380182884.0806291,-0.05807906712324079,0.2182632977393215,0.11999470059414953,-0.004649461299243193,2021-03-03,2020-10-21,False,False,False,False,False,0.0,0,0,False,[],暄琛信息
2020-09-30,季报,2020-10-27,无保留意见,False,473440678.35955966,184541182.18081418,288899496.1787455,0.3897873389761037,10868021.468872998,5.825337494097547e-05,36284.47230303498,46323918.96076131,15.492374644582027,116771.45701784675,129962402.20074101,188964524.71564916,40000000,7.222487404468637,56718506.393369034,52227313.951056354,17763472.449754085,-4117924.808172511,-0.10294812020431278,-3484976.148532634,58273172.010791704,26782831.758999523,227233960.7752953,312289964.5450865,-0.001891208965792941,-0.37187612804677334,-0.08608288300115756,0.12286026324402656,2021-03-03,2020-11-10,False,False,False,False,False,0.0,0,0,False,[],暄琛信息
2020-12-31,年报,2021-03-30,保留意见,False,576660682.7764213,246548746.32921746,330111936.4472039,0.42754561511315575,12502860.21013162,6.569271060055357e-05,40599.653918740325,55505129.49938493,16.909289402528355,154010.05735147564,161737737.4704062,223398255.8265478,40000000,8.252798411180096,51575957.86739043,47662269.73821695,17399567.025836665,-7346497.89425515,-0.18366244735637877,-6521491.73262772,44003783.04376884,31397780.745471865,259992445.9510319,335394009.7402726,0.14265320920795144,-0.25062523219324756,0.037758276137052064,0.19064586502141875,2021-03-03,2021-04-23,False,False,False,True,False,0.0,0,0,False,[],暄琛信息
2021-03-31,季报,2021-04-30,无保留意见,False,663550950.1160762,328576378.6912433,334974571.424833,0.4951788233198442,13782974.73523324,7.53096330766538e-05,45202.177156402395,56099529.65055954,20.33867858943719,176052.86466321503,179934426.04754293,255496500.39550665,40000000,8.374364285620825,46048095.54812007,42892318.215869226,29233232.850823436,-7896946.170386236,-0.1974236542596559,-6814216.460496753,89054225.62511286,36450843.50041171,264870152.61509216,390375221.74061674,0.014730260983479735,-0.05702057865647652,0.06763320820668846,-0.04046488556405118,2021-03-03,2021-05-19,False,False,False,False,False,0.0,0,0,False,[],暄琛信息
2021-06-30,半年报,2021-08-27,无保留意见,False,757484716.79443,405119116.11015195,352365600.6842781,0.5348215048147238,19159328.125356194,9.711655950824427e-05,52452.158885309545,69321393.2021627,24.07897035882083,203686.3244311026,226960446.70192203,303882473.69567996,40000000,8.809140017106952,45118760.266420595,42019608.948114045,6357808.0115172565,-1327621.8309992366,-0.033190545774980915,-1246727.5253645503,95680025.5834436,41290591.20228355,339485432.85975695,476456049.6454841,0.05191746103434478,0.7216615942680558,0.039642681494879525,-0.021583741399712322,2021-03-03,2021-10-18,False,False,False,False,False,0.0,0,0,False,[],暄琛信息
2021-09-30,季报,2021-10-27,无保留意见,False,657789453.1899807,340475694.55673367,317313758.6332471,0.5176058887925017,14753771.752104413,8.434655014241583e-05,49730.82994789531,61999427.76206014,19.400968051845,172613.8035558324,175626943.40370497,256639622.38724074,40000000,7.932843965831177,54342842.04310502,50195014.09229267,11984595.983577844,13177259.680977747,0.32943149202444366,11679150.205969475,91310170.64631876,32515534.146257564,286361499.178623,410187203.97119933,-0.09947577738281461,0.9255060945802701,-0.017215616022222064,-0.05063618988243725,2021-03-03,2021-11-15,True,False,False,False,False,17063429.060636904,0,0,True,['公司在相应期间是否按照中国证券监督管理委员会相关规定为中小股东参与现金分红决策提供了便利'],暄琛信息
2021-12-31,年报,2022-03-30,非标准无保留意见,False,716162623.8206537,400014976.3312615,316147647.48939216,0.5585532713187724,16013374.385767635,8.670725163334618e-05,50535.07681133854,63283620.67706123,22.930879758856076,181172.39526759542,210480003.92152968,278959550.01821345,40000000,7.903691187234804,61461038.68687653,56561776.421587564,39654874.26583595,10168852.348245014,0.25422130870612536,9095374.756135566,50480915.49613188,37486385.14564841,333708767.881156,421676068.52293634,-0.0036749466801491836,-0.09969120339409365,0.04094738252627078,0.13346158849846343,2021-03-03,2022-04-10,True,False,False,True,False,3361415.534176138,0,0,True,"['结合前述财务报表列报项目的具体情况说明现金分红方案确定的依据及未来增强投资者回报的规划', '是否影响偿债能力、过去十二个月内是否使用过募集资金补充流动资金以及未来十二个月内是否计划使用募集资金补充流动资金等内容', '充分披露高送转的主要考虑及其合理性且送转股后每股收益不低于0.5元']",暄琛信息
2022-03-31,季报,2022-04-30,无保留意见,False,985393861.5641807,629752802.379207,355641059.1849737,0.6390874014371866,22541776.172218606,0.00012308528505310074,74018.4098900932,89438111.16196844,27.259531911611973,268044.5259159647,273239024.5645222,397179891.62748533,40000000,8.891026479624342,65609079.52438471,59960044.21939177,11086116.508433979,5925772.6250116825,0.14814431562529207,4854668.282577435,177700565.19781104,55390545.877232,474684681.5426565,707775792.6176995,0.12492078308729666,-0.15617441873680812,0.08053413011841407,0.10166562803924112,2021-03-03,2022-06-03,False,False,False,False,True,0.0,0,0,False,[],暄琛信息
2022-06-30,半年报,2022-08-27,无保留意见,False,1266365303.6870015,927401993.6055858,338963310.0814157,0.7323337041100781,27795143.71398167,0.00013122695492954033,90602.19921119702,113312086.16311605,38.565223174629516,316869.4315051584,314852524.64855766,469591888.5932732,40000000,8.474082752035393,63126352.352429315,57759356.85541089,1836951.8340162071,-3546753.102793416,-0.0886688275698354,-3143839.0914012645,216165625.98019177,67544914.36800371,573496904.0080492,857207444.3562448,-0.04689489211897685,-0.41318239881131485,0.09324630267289166,-0.015601902635611158,2021-03-03,2022-09-15,False,False,False,False,False,0.0,0,0,False,[],暄琛信息
2022-09-30,季报,2022-10-27,无保留意见,False,1246677982.8310516,895916884.8407811,350761097.99027056,0.7186433844016917,29829867.26724152,0.0001385977995252883,89770.9490395211,109922053.52816603,35.35786512833288,300479.1492802338,357312243.5250709,472428373.2139912,40000000,8.769027449756765,60091751.98073853,55182557.57619083,15797159.614584591,-4335143.388129702,-0.10837858470324255,-3681141.8274572357,71405044.00487164,70397445.57016113,567752896.9978341,709555386.5728669,0.034805501238529726,-0.05860223122047847,-0.013690319708386394,-0.07703565017716353,2021-03-03,2022-11-21,False,False,False,False,True,0.0,0,0,False,[],暄琛信息
2022-12-31,年报,2023-03-30,无保留意见,False,1095223891.2487373,773777696.7618984,321446194.4868389,0.706501842175542,25492482.019056745,0.00014211816899019488,76132.2331936146,108315181.0572482,33.54477563896003,286579.97641362605,317161929.07002765,442727926.5475683,40000000,8.036154862170973,54768232.48081733,50482686.98365323,14810230.766322983,-7605027.857030289,-0.19012569642575722,-6714100.846482273,213138960.04741523,56109093.69521883,491556377.00141567,760804430.7440498,-0.0835751275480522,-0.2581856683506268,-0.012141542226149776,-0.047595466751486494,2021-03-03,2023-05-25,False,True,False,False,False,0.0,4,0,True,"['是否影响偿债能力、过去十二个月内是否使用过募集资金补充流动资金以及未来十二个月内是否计划使用募集资金补充流动资金等内容', '充分披露高送转的主要考虑及其合理性且送转股后每股收益不低于0.5元']",暄琛信息
2023-03-31,季报,2023-04-30,无保留意见,False,1067853462.3882456,721154209.0729316,346699253.3153139,0.6753306839124501,27280851.70516242,0.00012756862177186538,80444.90167752237,99117407.29200834,34.37099322234969,307890.6410631731,325767922.5209749,437804694.8421069,40000000,8.667481332882847,52267099.0840471,48240862.297184356,13392233.42458621,-3573047.709671745,-0.08932619274179363,-3202606.694955541,169585576.39073804,57557589.28892912,482304522.41244936,709447688.0921166,0.0785607646367984,0.4291636085771353,-0.031171158263091914,-0.03207892403478658,2021-03-03,2023-05-24,False,False,True,False,False,0.0,0,2,True,['结合前述财务报表列报项目的具体情况说明现金分红方案确定的依据及未来增强投资者回报的规划'],暄琛信息
2023-06-30,半年报,2023-08-27,无保留意见,False,1224525956.0081072,801795860.4381574,422730095.5699496,0.654780616535048,26832862.56610804,0.0001437659732613276,93314.98909932068,103934551.27065441,37.51517320122209,330830.6504778038,343347573.1678317,488574833.588005,40000000,10.568252389248741,51860891.19517673,47862767.8630412,375280.8562553754,-580296.9841005318,-0.014507424602513294,-540134.9059187974,40669498.81329165,63665128.146456756,584523815.2062873,688858442.1660357,0.21929912316680908,0.22289129065625424,-0.02055006737740209,0.12122693386144258,2021-03-03,2023-10-19,False,False,True,False,False,0.0,0,2,True,"['公司为增强投资者回报水平拟采取的措施', '公司在相应期间是否按照中国证券监督管理委员会相关规定为中小股东参与现金分红决策提供了便利']",暄琛信息
2023-09-30,季报,2023-10-27,无保留意见,False,1585258919.2476628,1125917825.3819022,459341093.86576056,0.7102422271285778,37957739.636139765,0.00018105110434632558,112324.90068329811,150494067.35020944,44.034211957879606,415396.45178091887,478099338.0014794,629383499.947146,40000000,11.483527346644014,56789520.932672955,52448730.88908806,33896066.045259945,7040899.6249946095,0.17602249062486525,6551375.751495506,245672879.86295187,78552384.55996114,704457964.2315128,1028683228.6544259,0.08660608430646471,0.46414947954389973,0.05546161059352976,0.04464708052525808,2021-03-03,2023-12-22,True,False,False,False,False,2066280.9178433365,0,0,True,['公司在相应期间是否按照中国证券监督管理委员会相关规定为中小股东参与现金分红决策提供了便利'],暄琛信息
2023-12-31,年报,2024-03-30,保留意见,False,2052585827.2010036,1539979171.025296,512606656.1757077,0.7502629856532135,49202425.91375906,0.0002249337982856459,133589.6855470437,177032407.05723363,54.94139005791032,484709.63040134544,535619029.7943158,752335673.4943944,40000000,12.815166404392693,54755803.00823548,50621128.501989335,9789928.995163161,-2905311.320624966,-0.07263278301562416,-2610860.5529981633,250642807.5711321,97778428.20530449,913325832.2329525,1261747068.009389,0.11596080346670141,-0.41372041399311005,0.04002075852463569,0.1378877433720029,2021-03-03,2024-04-25,False,False,False,False,False,0.0,0,0,False,[],暄琛信息
2024-03-31,季报,2024-04-30,无保留意见,False,1697591164.449232,1236253612.6306658,461337551.8185662,0.7282398957535556,41920028.82169635,0.00020483117364859698,123403.47542621447,147395993.5593568,54.39684417480262,404841.30142660346,463103228.77304024,679357566.9000565,40000000,11.533438795464155,52172627.68861573,48313127.91780941,7711217.889087536,-3690250.4565996435,-0.09225626141499109,-3297143.6916856044,144783776.98309922,92684339.7121743,797787605.8943427,1035255722.5896162,-0.10001646240732345,-0.05569042025903628,-0.02202308989965791,0.24723534372828113,2021-03-03,2024-05-25,False,False,False,True,False,0.0,0,0,False,[],暄琛信息
2024-06-30,半年报,2024-08-27,无保留意见,False,2505041167.7800245,2048835407.039574,456205760.7404507,0.8178849247636351,57703935.76036535,0.00029560114435740417,177054.14285980584,232570655.69900545,81.27104842015652,632923.3336404543,738800714.8064989,999212623.9962018,40000000,11.405144018511267,48704214.58052467,45259506.97699196,20714403.28557131,-4954875.868701516,-0.1238718967175379,-4362315.629739225,354208292.66765946,127366215.19886771,1149887069.067818,1631461576.9343452,-0.011123722874685322,-0.09501496688410167,0.08964502901007937,0.07852068490920802,2021-03-03,2024-10-14,False,False,False,False,False,0.0,0,0,False,[],暄琛信息
2024-09-30,季报,2024-10-27,无保留意见,False,2446302942.137871,1971677873.8751283,474625068.26274246,0.8059827096279586,60147359.167203285,0.0002848159670207934,170321.6622500284,227652013.70481575,72.1445891943278,632135.4677837059,625091768.5996246,929627407.7162554,40000000,11.86562670656856,42669099.862351805,39404462.995931655,23455229.117073867,-8621592.454532664,-0.2155398113633166,-8364348.544371861,419503450.5952302,132806610.15982166,1107998698.2504754,1660308759.0055273,0.04037499985181267,-0.30441501024496875,-0.011902215135676318,0.1570330182647129,2021-03-03,2024-12-13,False,False,False,False,False,0.0,0,0,False,[],暄琛信息
2024-12-31,年报,2025-03-30,非标准无保留意见,False,2889656637.906913,2392336048.2753477,497320589.63156533,0.8278963032812807,64133369.39204936,0.00034101469700552084,196471.026968752,261647916.46870726,81.0176221885158,764072.5558708153,858424416.2317039,1103324579.7895148,40000000,12.433014740789133,34833218.8523567,32183378.16961724,21408176.499574937,-11194115.728564436,-0.2798528932141109,-10315835.466163453,247787751.0511606,152002427.65413377,1372931669.2293873,1772721847.9346817,0.04781778900110512,-0.30704203156404,0.02191359365332202,-0.08716455266562409,2021-03-03,2025-04-29,False,False,False,False,False,0.0,0,0,False,[],暄琛信息
2017-03-31,季报,2017-04-30,无保留意见,False,328793142.3868187,142013421.62949583,186779720.75732288,0.4319233077629697,91392702.6676939,16587.59915599625,243937.52434219775,2720101.965575906,20813.249355999396,1378195.7673834066,15054360.707679039,100009671.22411679,40000000,4.669493018933072,4524423.797521859,3765800.2975087683,13313907.547463676,6463462.567888372,0.1615865641972093,5379714.7107268125,-63434574.57598623,-19634042.234661672,42107679.52330623,-40960937.28734168,0.0376651153184605,0.30352569821602055,0.13192330776296976,0.13675649544452065,2021-10-14,2017-06-01,False,False,False,False,False,0.0,0,0,False,[],祎璱食品
2017-06-30,半年报,2017-08-27,非标准无保留意见,False,395486667.7549491,201331916.7678203,194154750.98712876,0.5090738403666475,113276081.58235037,20827.59245037218,272399.2526918874,3149258.9240777884,27905.04301840152,1654140.1924372069,17330027.852689516,125715826.47486879,40000000,4.853868774678219,9230065.90964771,8013428.531903389,23584510.32293533,6722345.874465503,0.16805864686163757,6068040.334849457,-22762267.638712447,-24861876.17779799,44583414.77446466,-3040729.0420457795,0.03948517644154749,0.011033465577729058,0.07715053260367777,0.10781524856478968,2021-10-14,2017-10-08,False,False,False,False,False,0.0,0,0,False,[],祎璱食品
2017-09-30,季报,2017-10-27,无保留意见,False,447439947.47123706,257982912.39773974,189457035.07349735,0.5765755021556803,112332605.78383505,23707.639183136445,347467.442119662,3597686.902716382,29528.483255670886,2329491.977173225,19814359.712370142,142926266.84578246,40000000,4.736425876837433,20613439.88403635,18602420.17617034,17116483.76493883,16261962.820555199,0.40654907051387995,15127130.920381365,-27067530.492320925,-27603226.39625079,55270787.43335321,600030.5447814912,-0.024195729899717234,0.40213632313480613,0.06750166178903279,0.19983563756361455,2021-10-14,2017-11-20,False,False,False,False,False,0.0,0,0,False,[],祎璱食品
2017-12-31,年报,2018-03-30,无保留意见,False,591110815.0283021,371735560.12521863,219375254.9030834,0.6288762625793273,157639366.82400408,32265.670574622363,440554.746144673,5204816.495919346,42761.28655214403,2989653.6280279597,26399184.26869342,198320595.55919933,40000000,5.484381372577086,31532667.86009632,29094821.473103117,55821742.97638682,15598897.1086571,0.3899724277164275,14989144.709903963,-87256495.76913123,-35178962.42143121,64846672.7622701,-57588785.42829234,0.15791559188065862,-0.019934653750750365,0.05230076042364695,0.08812227867884347,2021-10-14,2018-05-16,False,False,False,False,False,0.0,0,0,False,[],祎璱食品
2018-03-31,季报,2018-04-30,非标准无保留意见,False,503960777.71029186,317859546.4443089,186101231.26598296,0.6307227873734143,131237823.62211868,26156.019276894047,439455.6335182147,4471831.279696142,32344.066976317186,2481532.777576009,23954269.241081588,156837079.94566175,40000000,4.652530781649574,39372182.85292499,35801330.11366311,34757384.1630799,11199307.132612377,0.27998267831530943,9580726.62937142,-90065627.13719444,-32170158.78614162,56337756.92552829,-65898028.99780777,-0.15167628478335168,-0.13496131361070948,0.0018465247940869392,-0.016081749416335295,2021-10-14,2018-06-13,False,False,False,False,False,0.0,0,0,False,[],祎璱食品
2018-06-30,半年报,2018-08-27,保留意见,False,538582631.9380711,333223890.5553,205358741.38277116,0.6187052288637775,161147223.2542445,31947.98910075525,455862.6958149902,4684545.382659093,44584.32608476613,2589834.8798680985,23808232.40935686,189368884.26446977,40000000,5.133968534569279,54199045.4565771,49721892.624649554,89467749.11230698,21181232.290931597,0.5295308072732899,19886517.872837786,-89102786.50509217,-35496116.75470809,64243231.56604307,-60355671.693757184,0.10347868192910883,0.3539776743938212,-0.012017558509636662,0.022767132887036315,2021-10-14,2018-10-08,False,False,False,False,False,0.0,0,0,False,[],祎璱食品
2018-09-30,季报,2018-10-27,保留意见,False,723908292.3363004,517351735.3269266,206556557.00937378,0.714664745250058,183719154.13711908,38104.36083105761,531500.0387278657,5644245.572944943,49377.39400790644,3056707.236127433,31696391.843365446,224576524.58539933,40000000,5.163913925234344,69916837.65104504,64194212.42893052,62985095.45899518,22453988.849239893,0.5613497212309974,20674742.57754424,-85874883.20603299,-48081536.53389397,83240713.46670932,-50715706.27321765,0.005832795908940508,0.03333461184830821,0.0959595163862804,0.15350288411715313,2021-10-14,2018-11-13,False,False,False,False,False,0.0,0,0,False,[],祎璱食品
2018-12-31,年报,2019-03-30,非标准无保留意见,False,995272671.5926025,764724152.1294103,230548519.46319222,0.7683564252856696,237660707.0450995,49473.72452853518,675978.5292804339,7850816.333744852,66210.45694003139,4356992.724478113,37323124.04747755,296120234.4751696,40000000,5.763712986579805,87905864.45689233,79895966.22480653,18780150.56310344,25698609.722639002,0.6424652430659751,22431076.851251435,-169441681.65945238,-61138382.16406018,116788846.64216048,-113791217.18135208,0.11615202538803762,0.08223809475379887,0.053691680035611644,0.03130556749811977,2021-10-14,2019-05-17,False,False,False,False,False,0.0,0,0,False,[],祎璱食品
2019-03-31,季报,2019-04-30,无保留意见,False,1598096403.9493778,1336935727.58483,261160676.3645477,0.8365801489076998,458004302.0256127,89979.97334071404,1363623.842977799,14680411.199254688,117337.8407908248,7608564.832321567,77016834.77959123,544902310.6866797,40000000,6.529016909113692,111751547.53551368,101565608.63148417,97184849.0828559,34065261.54088765,0.8516315385221912,30956632.00953947,-47297172.53554867,-94146814.95774482,172825677.19932857,31381689.706035078,0.13277967246388145,0.19594670347809007,0.06822372362203032,0.073377186737789,2021-10-14,2019-05-25,False,False,False,False,False,0.0,0,0,False,[],祎璱食品
2019-06-30,半年报,2019-08-27,非标准无保留意见,False,2264421923.914787,2011197564.5768106,253224359.33797604,0.8881726251350739,602726738.3903788,121298.52638361706,1750134.8456674023,19974745.486917663,157283.303753281,10635822.332255136,96982070.50176477,699215671.5356238,40000000,6.330608983449401,115598868.31820251,105003002.4908637,21343083.57898336,5496172.546698339,0.13740431366745848,4910562.656256459,-77364382.25724408,-131843051.30792113,257400103.20166755,48192669.636502326,-0.03038863712963254,-0.5594623063139353,0.05159247622737392,-0.02447499265219185,2021-10-14,2019-10-24,False,False,False,False,False,0.0,0,0,False,[],祎璱食品
2019-09-30,季报,2019-10-27,无保留意见,False,2720052583.0758853,2435166989.6756115,284885593.4002736,0.8952646742298931,648701282.6631911,144398.6074949852,2060954.0759511096,22675305.72406604,188755.01510315246,11334489.723689472,110510240.28623128,850298034.7384571,40000000,7.12213983500684,128650535.60263582,116224979.64961708,66463230.082742184,18645238.977761865,0.4661309744440466,16031395.941076256,-346356455.0441791,-157198750.1677732,299936837.00296444,-203618368.20898783,0.1250323394837369,0.5845023816281739,0.007092049094819184,0.061323189986142564,2021-10-14,2019-12-15,False,False,False,False,False,0.0,0,0,False,[],祎璱食品
2019-12-31,年报,2020-03-30,保留意见,False,2717910338.0866246,2446119304.277962,271791033.8086624,0.9,676914193.9588604,131795.1208811733,2303658.0639821687,23410860.713347524,176839.10719194278,11907947.16175673,123587797.83522023,835885114.5573952,40000000,6.79477584521656,143301941.54639107,128041101.94421963,17097262.43118737,20930579.919650376,0.5232644979912594,16880174.706575107,-351576933.86452824,-172597580.1005527,321983351.5411143,-202191162.4239667,-0.04596427441388,0.06411349755052219,0.05307641887229325,0.1233082401704413,2021-10-14,2020-04-21,False,False,False,False,False,0.0,0,0,False,[],祎璱食品
2020-03-31,季报,2020-04-30,无保留意见,False,2916563956.115163,2624907560.503647,291656395.61151624,0.9,764916129.3454889,168773.82030053475,2323888.068092679,24094066.33710321,205882.9324042303,13014485.539049735,119770448.90354869,923215378.255425,40000000,7.291409890287906,155732605.20685238,139304466.9881543,35230786.02615223,17758090.943516143,0.44395227358790357,16090521.491335215,-267741293.27678064,-192989178.30086225,359960348.69349194,-100770122.88415098,0.07309057081271787,-0.08363934806308326,0.03882897829448348,0.051648994575164,2021-10-14,2020-06-27,False,False,False,False,False,0.0,0,0,False,[],祎璱食品
2020-06-30,半年报,2020-08-27,非标准无保留意见,False,3150335168.4267807,2835301651.5841026,315033516.842678,0.9,854254344.506669,184775.07386578998,2486280.6014930713,26082684.175305743,210494.24349459144,14996159.286381776,137538736.11927995,1008863320.5402838,40000000,7.8758379210669505,155753973.42501763,139325722.9421115,58166.97621686019,30526.02595036477,0.0007631506487591192,30365.648510291958,-366056719.720949,-188730244.78239143,349210562.6778613,-205576401.8254792,0.08015295252534044,-0.5100270019539931,-0.0016967894095408105,-0.03686392194780202,2021-10-14,2020-10-25,False,False,False,False,False,0.0,0,0,False,[],祎璱食品
2020-09-30,季报,2020-10-27,无保留意见,False,3122264596.759491,2810038137.083542,312226459.675949,0.9,860694888.6424841,172952.11588116662,2427193.254800943,26734005.39532134,233118.52951449077,14660613.803338753,150990195.29358476,1025527323.6220807,40000000,7.805661491898724,153192805.9935572,137240230.14837652,7606137.443608612,-3658810.6163720395,-0.09147026540930099,-2979275.419621365,-298467250.3046562,-191538365.44642887,365439848.8054509,-124565766.94563413,-0.008910344508298194,-0.21663080968261084,0.07246935086482328,0.07265813036537618,2021-10-14,2020-12-02,False,False,False,False,False,0.0,0,0,False,[],祎璱食品
2020-12-31,年报,2021-03-30,无保留意见,False,2575336414.4008036,2317802772.9607234,257533641.44008034,0.9,713348468.6077769,134673.5741719833,1998364.339171884,24341800.017483402,162886.34261232056,11852233.099650497,108929131.5869138,846374593.4067626,40000000,6.438341036002009,150220978.1735679,134611985.39742675,7630583.948155186,-4245468.314270431,-0.10613670785676078,-3754635.3584996494,-404301332.39832217,-147616346.6476358,321512027.91864836,-230405651.12730956,-0.17517035004859222,-0.04397341803859911,-0.06007697860276774,0.16950498386528515,2021-10-14,2021-05-02,False,False,False,False,False,0.0,0,0,False,[],祎璱食品
2021-03-31,季报,2021-04-30,无保留意见,False,2728761391.6523185,2455885252.487087,272876139.16523176,0.9,682274952.249326,135332.82839111626,2228480.3332404443,22345351.052001707,169159.12876737493,11555445.479662387,104298252.89412656,846600640.3424854,40000000,6.821903479130794,148571836.32276037,133159060.08999853,9510644.289955499,-2355916.9297250174,-0.058897923243125434,-2075607.5820403276,-377586655.9290093,-156364918.0496077,310758705.43738157,-223192868.54123545,0.05957473221501873,0.14814745308599161,0.07509232027783092,0.03644945562031802,2021-10-14,2021-05-30,False,False,False,False,False,0.0,0,0,False,[],祎璱食品
2021-06-30,半年报,2021-08-27,无保留意见,False,2615713273.7226377,2354141946.3503737,261571327.3722637,0.9,683822405.6189657,129336.75335990947,2274394.602452575,23370592.47805169,174710.86480904766,12259333.540158588,112980143.65788174,851096190.5954119,40000000,6.539283184306592,153183019.07062656,136932154.34924012,28047230.111128926,6587403.925523095,0.16468509813807736,5390134.656059447,-62135429.46923623,-164290909.2743362,295180717.6985177,68754378.95494527,-0.0414283631670806,0.6107122455076444,-0.024206185780380494,0.02721414566026696,2021-10-14,2021-10-05,False,False,False,False,False,0.0,0,0,False,[],祎璱食品
2021-09-30,季报,2021-10-27,无保留意见,False,3058256555.6580973,2752430900.0922875,305825655.56580967,0.9,776308329.5789361,155824.61853011043,2252925.0105646397,24432684.577488434,198582.52353404125,15071993.388575723,132893432.32530591,938347861.5653067,40000000,7.645641389145242,165215624.54037067,147496090.07039392,80544096.10279715,17189436.38534873,0.42973590963371827,15091336.744505411,-385827635.4337484,-201392903.67941558,365597140.99884075,-221623398.1143232,0.16918646488559497,0.4494785646314196,-0.057120186274265065,0.03851960332183306,2021-10-14,2021-11-07,False,False,False,True,False,0.0,0,0,False,[],祎璱食品
2021-12-31,年报,2022-03-30,无保留意见,False,3136547617.124921,2822892855.412429,313654761.71249205,0.9,781946398.7249949,144664.64039826198,2312532.035883129,24732518.47610497,200401.17944858514,13091276.556643523,125803017.33241065,936289292.2352806,40000000,7.8413690428123015,175037647.28952155,156404354.17351276,7385442.367236937,14031461.07021555,0.35078652675538874,12726091.57588403,-152907827.650048,-181720496.87047023,335237314.5539785,608990.033460319,0.025599899825924467,-0.09236698960286097,-0.014620355920035964,0.012157349540161585,2021-10-14,2022-04-10,False,False,False,False,False,0.0,0,0,False,[],祎璱食品
2022-03-31,季报,2022-04-30,无保留意见,False,3169730640.5479517,2852757576.4931564,316973064.0547951,0.9,873766800.349906,175733.13046007254,2568817.0024750656,29053989.766973075,225446.25846576574,16144606.293695679,145110934.94321144,1052265306.4626609,40000000,7.924326601369877,184711002.06176138,165552784.15044233,50905525.54307486,13819078.246056896,0.3454769561514224,13069185.68132796,-358002644.0861009,-186702613.5649269,362520407.95966405,-182184849.69136375,0.010579473827165198,-0.006844112936805969,0.047208164570289125,-0.04764268111247692,2021-10-14,2022-05-24,True,False,False,False,False,7301652.198581239,0,0,True,"['结合所处行业特点、发展阶段和自身经营模式、盈利水平、偿债能力、资金需求等因素，未进行现金分红或现金分红水平较低原因的说明', '根据公司盈利能力、融资能力及其成本、偿债能力及现金流等情况披露现金分红方案的合理性，是否导致公司营运资金不足或者影响公司正常生产经营']",祎璱食品
2022-06-30,半年报,2022-08-27,无保留意见,False,3489076095.809294,3140168486.228365,348907609.58092934,0.9,938056429.4190996,170555.91987303586,2952225.051992289,29096537.233204044,215832.26797252294,16742208.107088825,145971562.55416596,1087639457.2544658,40000000,8.722690239523233,198418787.49894208,177463256.30827054,70057998.82269315,19582550.624543846,0.48956376561359616,17014960.22546887,-502444640.85046446,-208489738.13614592,402930783.73779225,-308003595.24881816,0.10074845199027312,0.18700988824103956,0.05176344471865541,0.020174964492950403,2021-10-14,2022-09-17,False,False,False,True,False,0.0,0,0,False,[],祎璱食品
2022-09-30,季报,2022-10-27,无保留意见,True,3916664290.589115,3524997861.530204,391666429.05891144,0.9,1000749527.5960863,178986.8350743827,2691955.750682891,31428422.08492174,243135.4310115939,18737809.114709944,151825479.4076357,1151463133.731685,40000000,9.791660726472786,218833331.19803196,196369232.6336411,61863918.488811985,29163633.855842724,0.7290908463960681,27008537.60767224,-118468323.34859549,-229853083.72303832,441637350.22173196,93315943.15009815,0.12255055007066037,0.26190309499280157,0.02646017891221109,0.060940158352068875,2021-10-14,2022-12-03,False,False,True,False,False,0.0,0,7,True,"['留存未分配利润的预计用途以及收益情况', '根据公司盈利能力、融资能力及其成本、偿债能力及现金流等情况披露现金分红方案的合理性，是否导致公司营运资金不足或者影响公司正常生产经营', '结合所处行业特点、发展阶段和自身经营模式、盈利水平、偿债能力、资金需求等因素，未进行现金分红或现金分红水平较低原因的说明', '是否影响偿债能力、过去十二个月内是否使用过募集资金补充流动资金以及未来十二个月内是否计划使用募集资金补充流动资金等内容']",祎璱食品
2022-12-31,年报,2023-03-30,非标准无保留意见,False,3740940317.8484774,3366846286.0636296,374094031.7848476,0.9,847347771.2814974,175937.8274027122,2716285.5972263142,28714764.47492855,256899.4195332423,16676557.797834877,143791896.99594727,1130550638.26525,40000000,9.35235079462119,252224676.604487,226618772.75590703,100151058.52054155,47701922.00922152,1.192548050230538,43213628.74609414,-273812817.35074085,-234549031.40458348,433973917.0791869,-74387931.67613745,-0.04486572238597633,0.40157774865100826,0.13879788917184838,0.07216602143485353,2021-10-14,2023-04-26,False,True,True,True,False,0.0,4,2,True,"['结合前述财务报表列报项目的具体情况说明现金分红方案确定的依据及未来增强投资者回报的规划', '结合所处行业特点、发展阶段和自身经营模式、盈利水平、偿债能力、资金需求等因素，未进行现金分红或现金分红水平较低原因的说明', '公司在相应期间是否按照中国证券监督管理委员会相关规定为中小股东参与现金分红决策提供了便利', '是否影响偿债能力、过去十二个月内是否使用过募集资金补充流动资金以及未来十二个月内是否计划使用募集资金补充流动资金等内容']",祎璱食品
2023-03-31,季报,2023-04-30,无保留意见,False,4655333390.94611,4189800051.8514986,465533339.09461087,0.9,1242800008.4977462,259231.67656237606,3727446.628538327,42841672.08125123,336004.617246927,23980588.53488958,193306909.47849348,1506946121.3305316,40000000,11.638333477365272,278283833.7526181,249110609.50299332,60343750.86691026,37227367.35447293,0.9306841838618232,32131195.352980435,-326079991.53738993,-281657034.6935258,536256187.60280055,-71480838.62811524,0.24442867177937924,-0.16188938951853277,0.0719271523770847,-0.08876410288356844,2021-10-14,2023-06-04,True,False,True,True,True,55450040.903785385,0,0,True,"['结合前述财务报表列报项目的具体情况说明现金分红方案确定的依据及未来增强投资者回报的规划', '根据公司盈利能力、融资能力及其成本、偿债能力及现金流等情况披露现金分红方案的合理性，是否导致公司营运资金不足或者影响公司正常生产经营', '留存未分配利润的预计用途以及收益情况']",祎璱食品
2023-06-30,半年报,2023-08-27,保留意见,False,4765472201.447309,4288924981.302578,476547220.1447308,0.9,1125642663.8212476,217680.6097860609,3500735.921400884,38552194.82677845,320880.5514427899,20350584.65421179,189010573.99815473,1381372214.1258075,40000000,11.91368050361827,319256788.92209446,285486309.187576,92306037.9271025,58532793.099251986,1.4633198274812997,51965285.263689496,-518920414.99456996,-293446222.5141891,533375604.9026273,-278991032.60613173,0.023658630059750784,0.3928906525280853,0.03226943247464015,-0.04964596236353641,2021-10-14,2023-09-07,False,True,False,False,True,0.0,2,0,True,"['公司为增强投资者回报水平拟采取的措施', '公司在相应期间是否按照中国证券监督管理委员会相关规定为中小股东参与现金分红决策提供了便利', '结合前述财务报表列报项目的具体情况说明现金分红方案确定的依据及未来增强投资者回报的规划']",祎璱食品
2023-09-30,季报,2023-10-27,无保留意见,False,4432846886.569095,3989562197.9121857,443284688.6569094,0.9,1183488643.8356812,220064.9308469409,3572400.7474542186,33420567.514241476,271110.91788704315,18057758.980190396,201641485.90327182,1373779723.7279603,40000000,11.082117216422736,400698155.4044804,363562856.06958294,291316896.1891574,116344809.26055132,2.908620231513783,111537924.11715282,-80155577.33593865,-283783376.0164429,524520802.7907623,160581849.43838078,-0.06979902532579954,0.765389624680407,-0.03305286421019754,0.06463039525789083,2021-10-14,2023-11-14,False,False,False,True,False,0.0,0,0,False,[],祎璱食品
2023-12-31,年报,2024-03-30,非标准无保留意见,False,4310630433.273561,3879567389.946204,431063043.3273559,0.9,1209390987.144898,219700.92688049425,3513527.581076649,36381111.58059345,276575.4096455807,19131086.95906864,205109438.85215244,1395626381.6028826,40000000,10.776576083183897,472188049.7521866,419375079.68266,436055289.7874517,102128420.49672313,2.553210512418078,79731748.01868147,-809449857.1807841,-264935619.8093017,493839339.8277005,-580546137.1623853,-0.027570646228687316,-0.10661373954234568,0.036409851342782955,0.05623581856643974,2021-10-14,2024-05-17,False,False,False,False,False,0.0,0,0,False,[],祎璱食品
2024-03-31,季报,2024-04-30,无保留意见,False,4791248300.059768,4312123470.053791,479124830.0059767,0.9,1252722643.7176752,262816.3408123171,3578971.1592468005,42558643.90187224,299834.72779862373,20986903.03814897,198183028.8411391,1507063410.9725485,40000000,11.978120750149417,545953059.4037296,481084404.7831869,317893117.20330423,105378585.21648993,2.634464630412248,88156178.71503855,-174840360.75886142,-291038714.90246123,487371119.99196625,21492044.330643594,0.11149595731435019,0.02728286588720586,-0.04844634940080019,0.06112352801812698,2021-10-14,2024-05-24,False,False,False,True,False,0.0,0,0,False,[],祎璱食品
2024-06-30,半年报,2024-08-27,无保留意见,False,4528798287.840362,4075918459.0563254,452879828.78403604,0.9,1212766264.1489244,259946.9327902701,3487440.956806041,40492525.69901939,307492.24249488395,22040264.399870083,201943296.54941756,1466971388.4626682,40000000,11.321995719600901,635555004.6597253,563716456.062797,78288080.12454915,128002778.93713686,3.2000694734284214,118045787.54229999,-579684153.0315139,-264594967.87327033,492171371.14113915,-352107749.76364505,-0.054776959110245355,0.1848705284558105,-0.06575653532453521,0.09938483385514624,2021-10-14,2024-09-10,False,False,True,True,False,0.0,0,7,True,"['充分披露高送转的主要考虑及其合理性且送转股后每股收益不低于0.5元', '根据公司盈利能力、融资能力及其成本、偿债能力及现金流等情况披露现金分红方案的合理性，是否导致公司营运资金不足或者影响公司正常生产经营']",祎璱食品
2024-09-30,季报,2024-10-27,无保留意见,False,4527542221.665418,4074787999.498876,452754222.1665417,0.9,1095130932.2123284,229614.60094168904,3633592.747699347,40154680.7368663,314945.2121820314,19954059.495352607,213129383.53455788,1414440134.5598881,40000000,11.318855554163543,650648852.1336895,577503252.7577065,84759774.48300251,21562639.248520233,0.5390659812130059,19695423.849870928,-218623756.1255354,-273456996.62806445,521400670.9210285,29319918.167428613,-0.000277350876570398,-0.7340558606449996,0.0018205219586979507,0.046430592420766914,2021-10-14,2024-12-05,False,True,False,False,False,0.0,0,0,True,['是否影响偿债能力、过去十二个月内是否使用过募集资金补充流动资金以及未来十二个月内是否计划使用募集资金补充流动资金等内容'],祎璱食品
2024-12-31,年报,2025-03-30,无保留意见,False,4953826635.808737,4458443972.227863,495382663.5808736,0.9,1331163148.6204178,246751.74055026134,3722910.09583564,39828759.50552272,287072.9311035806,21146362.61224567,181081880.24987552,1444881955.0798345,40000000,12.38456658952184,652347497.1396706,579070425.7115009,10417794.64281982,2426635.722830005,0.060665893070750126,2238818.505420425,-876493347.6820084,-302830077.19069016,593864960.0355034,-585458464.8371952,0.09415360327363533,-0.49623168690209757,-0.0252928887407671,-0.03408743973464274,2021-10-14,2025-05-09,False,True,False,False,True,0.0,1,0,True,"['公司为增强投资者回报水平拟采取的措施', '留存未分配利润的预计用途以及收益情况', '结合所处行业特点、发展阶段和自身经营模式、盈利水平、偿债能力、资金需求等因素，未进行现金分红或现金分红水平较低原因的说明']",祎璱食品
2017-03-31,季报,2017-04-30,无保留意见,False,280961309.2109074,87634948.72043048,193326360.4904769,0.3119110918387917,26959273.584936053,12962.000022934611,80328.49679058908,17155245.38338939,11149571.408411287,2340879.292033425,119115451.22976391,183003606.51043665,40000000,4.833159012261922,1833539.0652675128,1484745.9772805837,4191604.9894888327,2619341.521810733,0.06548353804526832,2121065.6818294055,-38259951.193201475,-43984677.06643876,83764589.99161442,1519961.7319741845,0.07403533605820502,0.08996341787837413,0.011911091838791675,0.042769531221168874,2021-05-20,2017-05-31,False,False,False,False,False,0.0,0,0,False,[],筠璐交通
2017-06-30,半年报,2017-08-27,无保留意见,False,317580496.70532113,102481200.54033084,215099296.1649903,0.3226936213133448,32865728.320154145,14737.768524795483,87716.74796801603,18305910.317385484,11503330.406844128,2634976.7025518995,153826391.4014904,201624331.1253129,40000000,5.377482404124757,8342610.48299247,6953466.16964998,31062623.677441277,9298673.453892797,0.23246683634731993,7812457.4176705675,-18757930.984622512,-53050656.45842719,85191482.97341712,13382895.53036742,0.1126226946975805,0.3404462848386975,0.0107825294745531,0.03106489064799155,2021-05-20,2017-09-07,False,False,False,False,False,0.0,0,0,False,[],筠璐交通
2017-09-30,季报,2017-10-27,非标准无保留意见,False,373907283.1622993,149800243.23435214,224107039.9279471,0.40063472946401374,40909578.85714801,17842.962993494657,102625.5637386531,22989618.72482027,12255604.30539191,2970847.6425166577,158707880.41022313,240828416.93630865,40000000,5.602675998198678,10268679.059576571,8813983.969640296,11447573.968027694,2751526.5379772857,0.06878816344943214,2657882.571414736,-30411206.41448126,-66744586.14950848,104807723.8787455,7651931.314755753,0.04187714196910936,-0.24895350434287342,0.07794110815066899,-0.057898160872940745,2021-05-20,2017-12-04,False,False,False,False,False,0.0,0,0,False,[],筠璐交通
2017-12-31,年报,2018-03-30,无保留意见,False,395004057.4915884,176574681.37678003,218429376.11480838,0.4470199179676532,41511230.90907037,17008.610419281544,103775.2333884148,20739913.455633923,12991000.160131166,2961129.6126792165,167840020.3146569,242648847.15977058,40000000,5.46073440287021,7793462.530862945,6658108.191033513,15436968.728211978,-3536023.6124480367,-0.08840059031120091,-3079822.540866834,-66984636.64621075,-66311882.4858644,116411081.62218092,-16885437.509894237,-0.025334607136679656,-0.31833236475853777,0.046385188503639464,0.055779152779126935,2021-05-20,2018-04-20,False,False,False,False,False,0.0,0,0,False,[],筠璐交通
2018-03-31,季报,2018-04-30,无保留意见,False,361168747.4410815,161978412.72494334,199190334.71613815,0.4484840226973607,43999434.15960902,18075.2401394848,119449.50425474117,23456750.628525928,14731693.514418578,3081521.2133234916,179156675.53142765,258457364.49738228,40000000,4.979758367903454,9856032.847983038,8534283.314304112,2094251.7494756752,2946529.024457276,0.07366322561143189,2680250.1761008543,-38056718.00264614,-62324836.5725092,102647629.86219648,2266075.2870411277,-0.0880790017390244,0.4814738566311447,0.0014641047297074957,0.047128778543132833,2021-05-20,2018-06-24,False,False,False,False,False,0.0,0,0,False,[],筠璐交通
2018-06-30,半年报,2018-08-27,无保留意见,False,359809255.8095114,160571742.09179428,199237513.71771714,0.4462690703454373,38655429.129801944,16453.599020660757,104576.1165686587,19650617.72716562,12871766.637710135,2966601.0087413806,156894133.09931457,224930783.75694048,40000000,4.980937842942929,5673647.401151344,4873378.321635996,12025936.131341416,-5974836.352616705,-0.14937090881541762,-5229864.275240164,-8771102.480195861,-63952613.463646345,102656324.95589483,29932609.012052625,0.00023685386967309152,-0.4472640511106028,-0.0022149523519234588,0.023291579552758245,2021-05-20,2018-10-09,False,False,False,False,False,0.0,0,0,False,[],筠璐交通
2018-09-30,季报,2018-10-27,无保留意见,False,289913473.0823704,117995808.38683617,171917664.69553423,0.4070035349937363,33738299.81168275,14656.786971303945,82026.36227103524,18022423.11960978,11082829.629070941,2735231.3861505454,134339953.8538898,199501549.1775775,40000000,4.297941617388355,1341771.4929354975,997491.8416779715,4370445.69275102,-6188394.1545940675,-0.1547098538648517,-5536980.685654321,-42020918.47260175,-50203267.678457744,85866782.34358038,-6357403.807479113,-0.13712201338192823,-0.01937003465958055,-0.03926553535170091,0.1747343282950383,2021-05-20,2018-12-15,False,False,False,False,False,0.0,0,0,False,[],筠璐交通
2018-12-31,年报,2019-03-30,无保留意见,False,306146405.05654097,106905852.87104666,199240552.1854943,0.34919845898991575,28524161.30485845,12121.391356159264,76149.54490958044,16045611.741851134,9926971.11428064,1938204.5795951656,118958045.9720381,173676582.69264394,40000000,4.9810138046373575,-891674.8392838967,-871544.7302187943,13141744.363465967,-3190637.617456278,-0.07976594043640695,-2670052.2455668086,-23085976.19120018,-45900055.1785951,91080891.60793638,22094860.23814109,0.15893007584967409,0.2772720889017237,-0.05780507600382062,-0.10614350905548994,2021-05-20,2019-05-14,False,False,False,False,False,0.0,0,0,False,[],筠璐交通
2019-03-31,季报,2019-04-30,无保留意见,False,317365372.14943635,121159587.90140271,196205784.24803367,0.3817668798609599,30072850.738223284,13678.242584883068,79961.43697080128,17756846.403180994,11510997.524619507,2203259.419902803,141467787.2015555,186758255.02292708,40000000,4.9051446062008415,-2101411.58181001,-1862095.6653702895,1759546.3490883,-1728195.3464658763,-0.04320488366164691,-1415072.7645021358,-49178747.38749096,-51209037.4728177,102948421.51831323,2560636.658004582,-0.01523167801018371,0.10590222998558275,0.03256842087104423,0.11241777182118011,2021-05-20,2019-06-21,False,False,False,False,False,0.0,0,0,False,[],筠璐交通
2019-06-30,半年报,2019-08-27,无保留意见,False,347251420.4413725,137377689.38062495,209873731.06074756,0.3956144778501168,41010764.49940777,14862.435867068049,111705.32936984573,17694064.157094996,12156288.18896574,2790917.290889407,160938461.1421381,221410478.7616685,40000000,5.246843276518689,4224874.645803709,3825448.389110687,10903945.681665713,9037551.753733885,0.2259387938433471,8125062.9349728245,-42444511.01442719,-56501546.57507435,93769815.54296416,-5176242.046537384,0.0696612837643745,0.7049426930502548,0.013847597989156819,-0.07282924218634695,2021-05-20,2019-09-30,False,False,False,False,False,0.0,0,0,False,[],筠璐交通
2019-09-30,季报,2019-10-27,无保留意见,True,367610849.61539924,125587179.484176,242023670.13122323,0.34163077508612016,39206991.36489809,17099.504516935584,98527.15699571602,22516929.490031827,12174986.066544894,3093848.667979374,158465380.29462993,232519293.0041508,40000000,6.050591753280581,6350270.687469293,5729669.374226828,14285199.96582798,3036280.0595222637,0.0759070014880566,2720315.6930230586,-29669946.613023486,-57971820.6167672,105732070.51560155,18090303.285810858,0.1531870563694792,-0.23048525264480824,-0.05398370276399659,0.05239407274352656,2021-05-20,2019-12-01,False,False,False,False,False,0.0,0,0,False,[],筠璐交通
2019-12-31,年报,2020-03-30,无保留意见,False,386827718.52873945,136178985.00722224,250648733.52151725,0.35204040063407394,38348919.59856814,17241.632973433563,116129.52149351568,22042430.695785996,13860987.176880429,2709876.765843614,171804172.3123374,236506512.1810016,40000000,6.266218338037931,7320685.076643761,6642240.923534453,3960328.437611519,1386306.27024924,0.034657656756231,1303673.6418680358,-50284801.963237025,-62195521.29837822,111288543.59915848,-1191779.6624567658,0.035637272113167855,-0.08234930757462977,0.010409625547953763,0.09542121149812476,2021-05-20,2020-05-07,False,False,False,False,False,0.0,0,0,False,[],筠璐交通
2020-03-31,季报,2020-04-30,无保留意见,False,357532579.9124175,98607190.88778125,258925389.0246362,0.27579917587352865,43931911.98294869,20364.980346658223,120862.79149836593,23422371.441695545,13824709.49170446,2929054.404609974,169063690.66117367,243933384.51225945,40000000,6.473134725615905,14420187.22165621,13586730.12478339,36479630.43477782,10142145.921446357,0.25355364803615893,9920698.858927054,-50089616.12763444,-58225477.20649297,101844883.33250189,-6470210.001625523,0.033020934863045914,0.4762152616463744,-0.07624122476054532,-0.01626076849795717,2021-05-20,2020-06-27,False,False,False,False,False,0.0,0,0,False,[],筠璐交通
2020-06-30,半年报,2020-08-27,无保留意见,False,353098133.27053154,82202560.27225862,270895572.9982729,0.23280372374350072,33532589.271606453,15816.638540172988,98203.17228143463,19136426.03733007,12754787.33508849,2795725.245866813,151715361.90513515,217542447.25525302,40000000,6.772389324956823,8578126.718822848,7852990.818702966,17703712.61601218,-8345800.718333375,-0.20864501795833437,-8191056.151543463,-7112366.001127432,-62594920.10026734,107642959.2639236,37935673.16252883,0.04623024423648827,-0.6811527243751013,-0.04299545213002788,0.13050071015040396,2021-05-20,2020-09-15,False,False,False,False,False,0.0,0,0,False,[],筠璐交通
2020-09-30,季报,2020-10-27,非标准无保留意见,False,401880842.96846634,80376168.59369327,321504674.3747731,0.2,43821368.85422341,18968.858690214613,125646.74404079224,24426965.41695953,14254477.780637147,3100215.0757211433,169799979.01211473,256920035.8785415,40000000,8.037616859369328,3156597.579823365,3271908.5734236473,34398868.333291896,-7745041.62714212,-0.193626040678553,-6544403.207541884,-43780105.86805128,-68037820.60789165,110771191.93170422,-1046734.5442387164,0.1868214412526514,0.06941821786608564,-0.08650184752911066,-0.018723762536313093,2021-05-20,2020-12-09,False,False,False,False,False,0.0,0,0,False,[],筠璐交通
2020-12-31,年报,2021-03-30,无保留意见,False,442119988.43641484,88423997.68728296,353695990.74913186,0.2,45644814.72246625,20649.100767586042,120169.48308496516,25259690.990917567,15799723.382843863,3652143.800092799,182481930.12850177,280483295.19888157,40000000,8.842399768728296,-1042020.7099809892,-677434.7469219287,18025232.514071666,-5998026.128291935,-0.14995065320729836,-5641919.029065109,-40344469.6874112,-72002073.28683427,131042705.86817321,18696162.893927753,0.10012705549914921,0.18876535457724775,-0.04005658742666936,-0.20935810803804408,2021-05-20,2021-04-29,False,False,False,False,False,0.0,0,0,False,[],筠璐交通
2021-03-31,季报,2021-04-30,无保留意见,False,463923715.04317355,92784743.00863472,371138972.03453887,0.2,43604730.025847524,19792.567776663964,126162.2477314766,25381621.449925598,16712028.417852327,3382715.956258716,192181121.5053157,276818338.0285302,40000000,9.278474300863472,-2035490.0704967116,-1560405.2583950693,4733988.354921657,-1419241.9435938895,-0.035481048589847235,-1261386.4449616293,-69619278.76125914,-74287825.54291008,152467918.06606492,8560813.761895686,0.049316310451986194,0.4161784274431461,-0.03750183426855387,0.13938329081373727,2021-05-20,2021-05-31,False,True,False,True,True,0.0,4,0,True,['结合所处行业特点、发展阶段和自身经营模式、盈利水平、偿债能力、资金需求等因素，未进行现金分红或现金分红水平较低原因的说明'],筠璐交通
2021-06-30,半年报,2021-08-27,无保留意见,False,491215192.7080494,98243038.54160988,392972154.16643953,0.2,56519332.908803664,21833.79995278756,135162.52249701184,27344676.838581268,17745783.033038598,4236468.214450465,206936559.76025024,312257917.63127023,40000000,9.824303854160988,-245562.62607523424,16325.99479511869,10719698.581944223,2557039.2063163966,0.06392598015790991,2252473.2188431257,-66456036.94880726,-86332378.45709063,142188567.1345874,-10599848.271310478,0.058827511463465786,0.2552046014394927,0.03451672694299455,-0.052788565692455,2021-05-20,2021-10-07,False,False,False,False,False,0.0,0,0,False,[],筠璐交通
2021-09-30,季报,2021-10-27,无保留意见,False,572476288.4098195,114495257.68196389,457981030.72785556,0.2,63688232.74615717,24924.876219632333,157547.44486285083,32374819.55506896,19408303.090893142,4357629.857504812,245194612.04435337,360001271.40775645,40000000,11.44952576819639,9455801.44665308,9250895.561604628,61142070.41942273,13859091.53246902,0.3464772883117255,13192242.2382993,-23336677.91259487,-95362096.86446908,164121865.69771898,45423090.92065503,0.165428710080771,0.5779020130256914,0.046120530847553416,0.0777166413128644,2021-05-20,2021-11-21,False,False,False,False,False,0.0,0,0,False,[],筠璐交通
2021-12-31,年报,2022-03-30,无保留意见,False,560438037.5955216,112087607.51910433,448350430.07641727,0.2,56252071.86954095,25392.77147158135,164740.21388936258,32789766.447164908,21311617.774876866,4333616.914094101,241948289.80856773,356327502.60331047,40000000,11.208760751910432,16688284.04437365,15945474.997327272,28413329.32000742,10332117.996743675,0.2583029499185919,9563684.908175206,-83670976.04898444,-89296219.8926314,169572489.61879817,-3394706.3228176534,-0.02102838328507335,-0.11429285052070848,-0.07803047470760491,0.20116883669896143,2021-05-20,2022-04-16,False,False,False,True,False,0.0,0,0,False,[],筠璐交通
2022-03-31,季报,2022-04-30,非标准无保留意见,False,671512559.6835886,134302511.93671772,537210047.7468709,0.2,72696294.50395186,29636.379273993454,206374.62735159916,38459518.38540066,26065188.447350588,5702367.707790194,301818103.1031835,429510812.9473953,40000000,13.430251193671772,25070272.032105062,24321622.020164683,25792821.994067498,11974268.553902019,0.29935671384755047,11965924.318339158,-133258641.47202684,-104946669.51112175,198876161.9311044,-39329149.05204418,0.1981923328484558,0.06008135034957727,0.09624155500919612,-0.06841901868949572,2021-05-20,2022-05-14,False,True,True,False,False,0.0,1,5,True,['是否影响偿债能力、过去十二个月内是否使用过募集资金补充流动资金以及未来十二个月内是否计划使用募集资金补充流动资金等内容'],筠璐交通
2022-06-30,半年报,2022-08-27,无保留意见,False,642161967.9321029,128432393.5864206,513729574.3456824,0.2,67981443.86936432,29448.280415714777,206091.2818062189,39318072.6951039,22793894.889001254,5254020.283411089,286888768.8855133,417893810.5747155,40000000,12.843239358642059,22202273.27060629,21737927.20020026,11893590.72798632,-4097141.0878553893,-0.10242852719638473,-3690992.5999491727,-23749157.838029634,-100391665.06228189,194955285.46746448,70814462.56715295,-0.04370817988172175,-0.5546787009259304,-0.027538069678222154,-0.05498512908397679,2021-05-20,2022-10-12,False,False,False,False,False,0.0,0,0,False,[],筠璐交通
2022-09-30,季报,2022-10-27,无保留意见,False,799167780.6277425,162033192.01493976,637134588.6128027,0.2027524081209373,87617153.78503825,37663.67262431567,259353.87510382562,52063384.29280877,30648272.448090237,6838970.548080678,365966615.74885845,538647143.3850285,40000000,15.928364715320068,14311799.487139262,14373839.738310084,39489787.83226858,-11272105.404952897,-0.2818026351238224,-10520124.945557397,-110662224.93781611,-133263856.59474279,248726903.31760508,4800821.78504616,0.240213957750625,-0.5560755461988495,0.06269868518785343,0.06729274286098377,2021-05-20,2022-12-08,False,False,False,False,False,0.0,0,0,False,[],筠璐交通
2022-12-31,年报,2023-03-30,无保留意见,False,628230580.7042434,125646116.1408487,502584464.5633948,0.2,70811839.63803248,30319.369657319538,180654.94239096006,38168040.22722075,21839105.360341057,4863482.704895591,287325246.10929453,410274323.2623761,40000000,12.56461161408487,9313748.069634836,10071459.646860238,8597989.22997042,-7140073.453577749,-0.17850183633944375,-6146257.273499781,-46340458.19934286,-107231606.11597075,176518777.54595137,22946713.23063776,-0.21118006533338013,0.7213875679465375,-0.01628856112696835,-0.014733668915997849,2021-05-20,2023-04-22,False,False,True,False,False,0.0,0,2,True,"['根据公司盈利能力、融资能力及其成本、偿债能力及现金流等情况披露现金分红方案的合理性，是否导致公司营运资金不足或者影响公司正常生产经营', '是否影响偿债能力、过去十二个月内是否使用过募集资金补充流动资金以及未来十二个月内是否计划使用募集资金补充流动资金等内容']",筠璐交通
2023-03-31,季报,2023-04-30,无保留意见,False,764224565.796388,200527956.14138713,563696609.6550009,0.2623940201823003,78797412.82815252,34302.083548840295,200217.4125063897,41654234.60652372,26396752.587571424,6140024.658137643,331474537.6901494,484000588.7326648,40000000,14.092415241375024,2491007.517396644,4422696.761447715,45772967.89387729,-9746772.217483133,-0.24366930543707832,-8069661.264875033,-68719055.04101288,-120356491.78880456,228607638.49139446,39532091.661577016,0.12159577026459716,-0.26437304087739316,0.07593017318833135,-0.08480511809920206,2021-05-20,2023-05-27,False,True,False,False,False,0.0,3,0,True,['公司在相应期间是否按照中国证券监督管理委员会相关规定为中小股东参与现金分红决策提供了便利'],筠璐交通
2023-06-30,半年报,2023-08-27,无保留意见,False,719032896.950798,167427729.36018285,551605167.5906152,0.2328512785300832,69294826.1825404,32600.52131566225,216414.96677393228,41722287.409118176,24161246.349791635,5641286.8371825125,319607222.13383603,468568264.6378013,40000000,13.790129189765379,-4565775.965839135,-1973753.1767996291,15505284.282297436,-10081119.2617654,-0.25202798154413497,-9137785.626067635,-46490672.73031062,-121842718.18836688,216009443.35014176,47676052.431464255,-0.021450265723233764,-0.04609631109175614,-0.029542741652217118,-0.04698386467378357,2021-05-20,2023-10-17,False,False,True,False,False,0.0,0,2,True,"['是否影响偿债能力、过去十二个月内是否使用过募集资金补充流动资金以及未来十二个月内是否计划使用募集资金补充流动资金等内容', '上市公司控股子公司向母公司实施利润分配的情况', '公司在相应期间是否按照中国证券监督管理委员会相关规定为中小股东参与现金分红决策提供了便利']",筠璐交通
2023-09-30,季报,2023-10-27,无保留意见,False,726740271.0339901,150108361.6038764,576631909.4301137,0.20655021826478054,86686174.19317502,38933.34239655583,218647.79273160335,49759062.93737403,29716778.821339637,5378249.648202546,326769670.53401417,512724097.9809733,40000000,14.415797735752841,-11645761.273354698,-8270525.172262046,26364671.998935748,-10114264.725022234,-0.2528566181255559,-8995388.564946309,-54714812.60894749,-124502613.81318922,226026886.9008101,46809460.47867337,0.0453707530493487,-0.004790581672215955,-0.026301060265302666,0.17097130106701613,2021-05-20,2023-12-14,False,True,False,False,True,0.0,4,0,True,"['充分披露高送转的主要考虑及其合理性且送转股后每股收益不低于0.5元', '结合所处行业特点、发展阶段和自身经营模式、盈利水平、偿债能力、资金需求等因素，未进行现金分红或现金分红水平较低原因的说明']",筠璐交通
2023-12-31,年报,2024-03-30,无保留意见,False,821841900.7087713,164368380.14175427,657473520.5670171,0.2,80343106.2325457,34494.314121461335,208526.0173132054,40027797.616175205,27945479.312819466,6288210.041298758,328704063.1585187,488289238.7817706,40000000,16.43683801417543,-18046519.007158,-14602301.818375345,29145661.81713606,-9143939.619719006,-0.22859849049297515,-9045395.208733289,-115213437.79155727,-123222368.66096066,239974169.288036,1538362.835518062,0.14019621497672463,0.1409181542063221,-0.007245495349648749,-0.04844785578041731,2021-05-20,2024-05-11,False,False,False,False,False,0.0,0,0,False,[],筠璐交通
2024-03-31,季报,2024-04-30,无保留意见,False,945877242.1003962,224318978.46805942,721558263.6323367,0.23715443028308955,102935608.54918769,47283.87088128017,293866.7999222292,55602933.45524796,35897399.84816308,7747969.499042843,437989503.90687275,625926156.9795376,40000000,18.038956590808418,-22562714.957328174,-18551760.9383801,6547091.169764275,-6451708.500243103,-0.16129271250607757,-5642084.457149649,-53758920.74756637,-163010967.02156153,296842768.26957625,80072880.50044835,0.0974712152818746,0.34269481001361723,0.037849707367957765,-0.06380757526046797,2021-05-20,2024-05-24,False,False,False,False,True,0.0,0,0,False,[],筠璐交通
2024-06-30,半年报,2024-08-27,无保留意见,False,996209268.0712388,221355725.8504169,774853542.2208219,0.22219801897545463,94539068.20890082,44737.139892582854,262683.3502445937,55017701.79541542,35376748.88060623,7651879.825042229,401082613.5893859,611877838.2833357,40000000,19.371338555520545,-22896280.762486435,-18850210.796126045,0.0,-476522.5787975155,-0.011913064469937886,-426356.93963706616,-73067855.11787137,-160349988.05230394,303855798.78789955,70437955.61772424,0.07386136542903095,0.5664600681146609,-0.014956411307634919,-0.0756003183685118,2021-05-20,2024-09-14,False,False,False,False,False,0.0,0,0,False,[],筠璐交通
2024-09-30,季报,2024-10-27,保留意见,False,1125270390.170747,257240278.31815842,868030111.8525887,0.22860308114845634,125607826.68040313,60680.47053039228,338392.4629261072,70263449.40936415,43314168.44532746,8649128.845371801,499706094.14934146,765762248.5849717,40000000,21.700752796314717,-25765358.50379925,-21463342.965096176,10353757.876036813,-4098682.4875897337,-0.10246706218974334,-3733045.9556716178,-154058412.03224015,-194092810.24805376,340195566.1963163,-7955656.08397764,0.12025055646607968,-0.21921293057503488,0.006405062173001709,0.01237541673491727,2021-05-20,2024-12-10,False,False,False,False,False,0.0,0,0,False,[],筠璐交通
2024-12-31,年报,2025-03-30,无保留意见,False,973613451.6011953,205841428.13573068,767772023.4654646,0.21142007415489777,112915694.76358883,50817.76720519068,272893.5936913675,62728188.16056721,36834608.61089197,8384530.449300939,464232557.9303124,658920613.4756103,40000000,19.194300586636615,-29098017.10376973,-24651623.386378985,16867308.34485834,-4760940.857100684,-0.1190235214275171,-4554686.316118302,-165775883.34231126,-175934193.6029971,286926381.8844424,-54783695.06086594,-0.11550070327992286,-0.05133261536071015,-0.017183006993558573,-0.09575718627755113,2021-05-20,2025-05-23,False,False,True,False,False,0.0,0,2,True,"['公司为增强投资者回报水平拟采取的措施', '结合前述财务报表列报项目的具体情况说明现金分红方案确定的依据及未来增强投资者回报的规划', '上市公司控股子公司向母公司实施利润分配的情况', '是否影响偿债能力、过去十二个月内是否使用过募集资金补充流动资金以及未来十二个月内是否计划使用募集资金补充流动资金等内容']",筠璐交通
2017-03-31,季报,2017-04-30,非标准无保留意见,False,224366376.06724453,63408133.22659957,160958242.84064496,0.28260978466575404,15525813.682765324,2.3782191763916624e-08,49.83190546236074,19745507.58763565,131465.2336290646,6921316.527558869,95000370.44585973,138842930.43779162,40000000,4.023956071016124,4591496.328038406,4344546.982781884,10508291.329796553,6559280.468626294,0.16398201171565735,6206495.689688407,-43290219.5719259,-25085393.2052948,-17054616.34680831,-85430229.12402901,-0.10578753977419464,0.3088489149236831,-0.017390215334245944,0.09313954292317335,2021-06-28,2017-06-08,False,False,False,False,False,0.0,0,0,False,[],淼祺能源
2017-06-30,半年报,2017-08-27,无保留意见,False,222135439.47371075,60385838.12161722,161749601.35209352,0.2718424320976652,17277130.200872183,2.4199051937135422e-08,58.194637253975806,21632364.774104785,154942.57782438438,8230388.630652372,94427527.09100829,148280441.05227137,40000000,4.043740033802338,527348.709542226,794943.8611137439,7574792.846090122,-5805925.169280257,-0.14514812923200643,-5070861.6023830585,-12227262.626729399,-27212433.686859127,-17042337.618761465,-56482033.932349995,0.004916545418752011,-0.5248549782483042,-0.010767352568088865,-0.08298771110166484,2021-06-28,2017-10-01,False,False,False,False,False,0.0,0,0,False,[],淼祺能源
2017-09-30,季报,2017-10-27,无保留意见,False,239556190.3523533,63001897.41457007,176554292.93778324,0.2629942366419468,18415478.87732574,2.9536113183606194e-08,59.19969986231086,23675180.64128863,146525.0514970623,8805124.530433767,106850980.46834233,160459134.1287358,40000000,4.413857323444581,-3149373.8843253786,-2371841.037610262,10602860.814547738,-5252460.848382292,-0.1313115212095573,-4523978.42674858,-11189313.743170012,-26806127.925746683,-17285785.879130594,-55281227.54804729,0.09152845794941497,0.04944261399603105,-0.008848195455718352,0.029441784444749056,2021-06-28,2017-12-12,False,False,False,False,False,0.0,0,0,False,[],淼祺能源
2017-12-31,年报,2018-03-30,无保留意见,False,262733493.75470018,68568237.29770876,194165256.4569914,0.26098019067841866,19468088.229640987,2.7143200497432623e-08,63.2355912678783,23097252.891830813,168072.40101080845,9327532.837112937,112970547.79585387,165332155.94617653,40000000,4.8541314114247855,-3160312.0826670304,-2381950.6526418207,33021.12104960151,-15625.997630931437,-0.0003906499407732859,-14442.30718794072,-24676287.727535307,-28585310.72492802,-21134707.776877433,-74396306.22934076,0.0997481467381491,0.4457814341508464,-0.0020140459635281686,0.11456477457208937,2021-06-28,2018-04-23,False,False,False,False,False,0.0,0,0,False,[],淼祺能源
2018-03-31,季报,2018-04-30,保留意见,False,249605041.20352858,53746876.49915786,195858164.7043707,0.21532768825503218,18370730.24149705,2.7730024702330397e-08,58.174033322319346,22946141.613471236,137932.79090919803,8520603.546744246,92968065.27862503,147497296.29930782,40000000,4.8964541176092675,-377397.2049231188,100629.71994293202,5274606.318317311,3975592.6824913025,0.09938981706228256,3546543.38940679,-42705843.85992552,-29434360.3837212,-18415984.9262172,-90556189.16986392,0.00871890408341051,0.2349935699464413,-0.045652502423386476,0.02015902421206201,2021-06-28,2018-06-12,False,False,False,False,False,0.0,0,0,False,[],淼祺能源
2018-06-30,半年报,2018-08-27,无保留意见,False,278077500.5718391,67733822.53037095,210343678.04146814,0.24357893893279026,22988740.17974288,3.1457860772655214e-08,67.52765313232486,25900716.00224051,177314.5293854011,9988708.116272872,134630480.8911432,182780203.61628196,40000000,5.258591951036704,3026792.359931415,3180370.9776378996,21738249.486918252,4863127.949792191,0.12157819874480479,4399630.368135668,-38659247.45452499,-29591276.995617557,-21247568.41759404,-89498092.8677366,0.07395920082760893,0.042312762301192644,0.02825125067775806,-0.008437644423082296,2021-06-28,2018-10-25,False,False,False,False,False,0.0,0,0,False,[],淼祺能源
2018-09-30,季报,2018-10-27,无保留意见,False,256853325.3377698,51370665.06755397,205482660.27021584,0.2,17973029.2931786,2.927104935192953e-08,62.492546191180054,22715634.008655842,160110.02817733347,8066487.166606983,114856490.75018077,159114098.7577253,40000000,5.137066506755396,14933304.35679237,14432158.764312727,28188088.765455045,17009302.85265851,0.42523257131646275,16073982.552392611,-46162549.35865179,-28414179.735268716,-20682022.181269277,-95258751.27518977,-0.023109882914065894,0.5555552220505467,-0.08879103195484478,0.19374452368696735,2021-06-28,2018-11-21,False,False,False,False,False,0.0,0,0,False,[],淼祺能源
2018-12-31,年报,2019-03-30,无保留意见,False,267478780.09050095,53495756.018100195,213983024.07240075,0.2,21435566.612740397,3.0770351340023774e-08,70.93145767396439,23341249.924781818,172096.55482454394,10099755.540217733,122948005.48313886,174859529.11008397,40000000,5.3495756018100185,32158876.448194504,29242670.27174062,82851412.61142613,24607960.13057448,0.6151990032643619,21157873.58203985,-38999223.92816997,-30749899.73127245,-20778867.80665008,-90527991.4660925,0.04136779128227491,0.2234287868480075,-0.09191277696339567,-0.04934162552516345,2021-06-28,2019-04-18,False,False,False,False,False,0.0,0,0,False,[],淼祺能源
2019-03-31,季报,2019-04-30,无保留意见,False,243399255.0658667,48679851.013173334,194719404.05269337,0.2,18785200.948968094,3.0058441536495987e-08,68.6317067792366,25349521.174843103,167952.72900964876,10158289.353054566,119736533.56276886,176657619.58897832,40000000,4.867985101317334,57395009.94057894,50889105.77160407,174181424.91194037,36051619.2748349,0.9012904818708726,30923479.28551922,-29148086.05154111,-27825211.188890506,-18782172.57414115,-75755469.81457277,-0.09002405729713203,0.27503533238226113,-0.0899887630576975,0.09472761199158,2021-06-28,2019-06-25,False,False,False,False,False,0.0,0,0,False,[],淼祺能源
2019-06-30,半年报,2019-08-27,无保留意见,False,258650158.9909529,51730031.798190586,206920127.19276232,0.2,18021776.78952507,2.795385672664364e-08,55.617080143517626,25821807.628647562,143027.066173294,9892636.928371511,112866644.56149754,167748403.07874632,40000000,5.173003179819058,97974185.73595476,87814874.65513068,113971709.38253127,57970251.13625118,1.4492562784062795,52751098.40503803,-10838934.916697565,-27369095.268124465,-18540143.239639018,-56748173.42446105,0.06265797288886144,0.41315669834442564,-0.03196320477115725,0.04559578135649802,2021-06-28,2019-09-06,False,False,False,False,False,0.0,0,0,False,[],淼祺能源
2019-09-30,季报,2019-10-27,无保留意见,False,273667889.2117689,54733577.84235378,218934311.36941513,0.2,22909468.505055025,2.871298572232322e-08,68.72113124012154,26149038.764245007,181507.26154332206,10967660.787029782,125725480.50906815,185266963.79114315,40000000,5.473357784235378,125789664.44624898,114335742.18559514,172209531.3174823,39736398.15756319,0.9934099539390797,37886953.61494922,-30348582.556588028,-27223665.790226314,-19798946.689742047,-77371195.0365564,0.05806194080608061,-0.24321451112054748,0.06098984611960052,-0.0005706102823615495,2021-06-28,2019-12-17,False,False,False,False,False,0.0,0,0,False,[],淼祺能源
2019-12-31,年报,2020-03-30,无保留意见,False,282329845.3588991,56465969.071779825,225863876.2871193,0.2,21768802.147423837,3.520296022605164e-08,69.58156572044459,26691884.797837824,198549.65202610896,9920877.766776288,138139429.42283306,185669289.04022336,40000000,5.646596907177982,156280799.1303728,141783390.94367757,115242602.98393625,43558763.83446258,1.0889690958615645,39210926.79726066,-6215650.404668557,-33677748.53755461,-19334685.940915953,-59228084.88313912,0.031651342698914245,0.06737060865732554,0.0075349388600352155,-0.16650246103815655,2021-06-28,2020-04-28,False,False,False,False,False,0.0,0,0,False,[],淼祺能源
2020-03-31,季报,2020-04-30,非标准无保留意见,False,280076160.58899075,56015232.11779815,224060928.4711926,0.2,23575089.9907406,3.614301567349355e-08,78.00968619166771,27449798.794912938,196056.78841840985,11634766.768130872,130896300.47849837,193760398.6416619,40000000,5.601523211779815,183147067.33933684,166421267.0914433,190805361.36710835,38380383.15566293,0.9595095788915733,35196965.92537959,-19084407.8897001,-31203717.685933534,-21277974.589950413,-71566100.16558404,-0.00798245317296672,-0.08551001293478766,0.04426938754340299,0.09382365225999736,2021-06-28,2020-06-06,False,False,False,False,False,0.0,0,0,False,[],淼祺能源
2020-06-30,半年报,2020-08-27,无保留意见,False,287945311.8458103,57589062.36916205,230356249.4766482,0.2,20712241.417720817,3.30062062171247e-08,73.48812538423662,29313627.22005283,197516.13530206683,11003130.230678014,121053753.41144027,188039010.25965235,40000000,5.758906236916205,205730203.23242047,187016576.81951314,133420972.81531528,32261622.70440521,0.8065405676101303,29421871.040099785,-54493279.250131905,-29856209.664415695,-21832917.96148437,-106182406.87603197,0.028096469332737784,-0.11048606207831997,0.034751541582070715,-0.07273312773230389,2021-06-28,2020-10-02,False,False,False,False,False,0.0,0,0,False,[],淼祺能源
2020-09-30,季报,2020-10-27,无保留意见,True,307872744.4565835,61574548.8913167,246298195.5652668,0.2,20221998.821163885,3.214918570425011e-08,74.21614934288756,27355928.908306222,180407.0889452128,9639163.115609013,127468189.38709739,182116344.04667833,40000000,6.15745488913167,206751387.6889345,187933493.54701468,2045159.5069906577,1458834.9378771633,0.036470873446929085,1309881.0392879432,-50140910.21719912,-34030483.1210864,-22575390.362740677,-106746783.70102619,0.06920561575749501,-0.625289750428248,0.037680087621912335,0.05151165786890356,2021-06-28,2020-12-22,False,False,False,False,False,0.0,0,0,False,[],淼祺能源
2020-12-31,年报,2021-03-30,保留意见,False,371157294.01382273,74231458.80276455,296925835.2110582,0.2,28086937.33120238,3.83099065081167e-08,91.90345546786236,31250846.468471043,212944.99984173093,14171513.127344579,158815508.38548025,230418502.60913664,40000000,7.423145880276455,210475037.98146778,191323227.57002538,21744048.877339695,5319500.41790469,0.13298751044761725,4842477.175729576,-54396187.95960857,-39310810.323328346,-28291207.31397892,-121998205.59691584,0.2055542450467348,0.20915000827628186,-0.0016542517574291283,0.24797555399109775,2021-06-28,2021-04-22,False,False,False,False,False,0.0,0,0,False,[],淼祺能源
2021-03-31,季报,2021-04-30,保留意见,False,410193917.81639326,87422954.01717162,322770963.79922163,0.21312591489058347,29043773.856634602,4.516992223766766e-08,93.99424453927163,37387186.44419072,243368.0474870875,13712526.476869328,156960700.32321125,250743231.38421997,40000000,8.06927409498054,207291719.34499627,188588795.4667995,0.0,-4547598.052102137,-0.11368995130255344,-3906331.576037,-77210325.41985175,-42774930.041241296,-28979110.42508364,-148964365.88617668,0.087042370596659,-0.4420841992543636,0.08863120273529579,-0.07311961743720162,2021-06-28,2021-06-27,False,False,False,False,False,0.0,0,0,False,[],淼祺能源
2021-06-30,半年报,2021-08-27,无保留意见,False,520070572.566623,147565976.9365928,372504595.63003016,0.28374221638485236,38941395.26577956,5.979102736270134e-08,128.35465972443527,51105195.5527973,364996.0693186648,18547719.525102243,216899255.673862,339469155.98309624,40000000,9.312614890750753,209728993.16660276,190903990.8225662,8766535.285520134,3481819.745152101,0.08704549362880253,3307421.936809611,-81524357.6896362,-61279946.8568793,-40952526.07867145,-183756830.62518695,0.15408335138146192,0.6448087550377954,0.07061630149426891,-0.011231768490124614,2021-06-28,2021-09-10,False,False,False,False,False,0.0,0,0,False,[],淼祺能源
2021-09-30,季报,2021-10-27,非标准无保留意见,False,593220342.3938307,210198930.2586858,383021412.1351449,0.3543353375416409,43139071.96386422,6.438045041007496e-08,136.66329730384572,49711128.49018171,324228.11095477705,20218050.7303987,267432000.2491991,356878512.7992265,40000000,9.575535303378622,222230947.54162443,201809382.23268187,69323783.58264753,17859934.821459547,0.44649837053648866,15579130.585879508,-114574468.01257832,-64025050.06387434,-44827988.321053654,-223427506.39750633,0.028232716128850137,0.7019940247111413,0.07059312115678858,-0.04972994364312338,2021-06-28,2021-12-16,True,False,False,False,False,25011244.17698743,0,0,True,"['充分披露高送转的主要考虑及其合理性且送转股后每股收益不低于0.5元', '留存未分配利润的预计用途以及收益情况', '根据公司盈利能力、融资能力及其成本、偿债能力及现金流等情况披露现金分红方案的合理性，是否导致公司营运资金不足或者影响公司正常生产经营', '上市公司控股子公司向母公司实施利润分配的情况']",淼祺能源
2021-12-31,年报,2022-03-30,保留意见,False,534600722.6977149,161972731.81305125,372627990.88466364,0.30297888673943535,35591087.33908546,5.2982271248316623e-08,111.74578625358963,43422800.473106235,292731.2202627583,17890951.823188808,233838776.19495085,319390576.0735691,40000000,9.315699772116592,241524919.2529647,219618803.8025402,58534337.74136423,27562816.730486117,0.689070418262153,25442030.81408332,-75615208.42740527,-56070201.823273726,-40004730.19440949,-171690140.44508848,-0.027135353066929793,0.27833907202412617,-0.051356450802205626,-0.022733701588727825,2021-06-28,2022-04-09,False,True,False,False,False,0.0,4,0,True,"['结合前述财务报表列报项目的具体情况说明现金分红方案确定的依据及未来增强投资者回报的规划', '是否影响偿债能力、过去十二个月内是否使用过募集资金补充流动资金以及未来十二个月内是否计划使用募集资金补充流动资金等内容']",淼祺能源
2022-03-31,季报,2022-04-30,无保留意见,False,594871883.2045001,212631912.88644135,382239970.3180587,0.3574415246204275,38965005.50063641,6.415567526937844e-08,133.97765326582078,51577195.18094335,351741.61747856817,19661213.428665277,256641436.35052586,361304887.07040995,40000000,9.555999257951468,241819232.09182516,219883931.4882795,1081503.2356070657,420446.91265781596,0.010511172816445398,378753.8367704047,-48657106.00478335,-65057744.54548803,-40791752.981511734,-154506603.5317831,0.025795108442001616,-0.6090811086288399,0.054462637880992155,0.007915901916944404,2021-06-28,2022-05-23,False,True,False,False,False,0.0,4,0,True,"['是否影响偿债能力、过去十二个月内是否使用过募集资金补充流动资金以及未来十二个月内是否计划使用募集资金补充流动资金等内容', '充分披露高送转的主要考虑及其合理性且送转股后每股收益不低于0.5元']",淼祺能源
2022-06-30,半年报,2022-08-27,无保留意见,False,585103149.8783095,227609008.2914566,357494141.5868529,0.38900663641751887,46610047.38273837,5.928350192024191e-08,133.4678967497668,55251375.87747321,371888.4123593292,21373561.146579362,265208474.7669734,364591606.95454025,40000000,8.937353539671323,255955536.21923107,232563696.5483501,94101856.27363151,20194720.182008475,0.5048680045502119,18113950.085815158,-90346335.04472657,-63565331.647608064,-43845805.933495596,-197757472.62583023,-0.06473898768518377,1.135118597616605,0.03156511179709138,0.04399128911944406,2021-06-28,2022-10-14,True,True,True,False,False,4455853.943738738,0,3,True,"['留存未分配利润的预计用途以及收益情况', '结合所处行业特点、发展阶段和自身经营模式、盈利水平、偿债能力、资金需求等因素，未进行现金分红或现金分红水平较低原因的说明', '上市公司控股子公司向母公司实施利润分配的情况']",淼祺能源
2022-09-30,季报,2022-10-27,无保留意见,False,743184334.1117114,311758833.7565273,431425500.3551841,0.4194905886022961,54143518.409774266,8.69928550040831e-08,172.55980943479855,70327115.12504466,432102.1944736775,25629282.757928133,330573782.3431401,462962581.6266774,40000000,10.785637508879603,265375688.53191632,241042093.95626217,45042235.26265415,13457360.446693227,0.3364340111673307,12111996.297017261,-89851628.75328371,-82429973.35440156,-57190389.0306777,-229471991.13836297,0.2068043924864418,-0.1811375297984951,0.03048395218477724,-0.010782744933381362,2021-06-28,2022-11-25,True,False,False,False,False,6569045.1649100445,0,0,True,"['结合前述财务报表列报项目的具体情况说明现金分红方案确定的依据及未来增强投资者回报的规划', '结合所处行业特点、发展阶段和自身经营模式、盈利水平、偿债能力、资金需求等因素，未进行现金分红或现金分红水平较低原因的说明']",淼祺能源
2022-12-31,年报,2023-03-30,无保留意见,False,681922391.6509843,266737550.54232118,415184841.1086631,0.3911552895286661,49432478.4295083,7.098746455780472e-08,165.1286857861612,58374116.775932744,392198.51625293086,24574063.452672344,273503676.33628136,409802253.4175955,40000000,10.379621027716578,256563722.31996712,233158672.17850193,14769501.264959672,-12588523.159927428,-0.3147130789981857,-11262031.111086095,-64708594.36608349,-72832717.10596584,-52610827.60200895,-190152139.0740583,-0.037644180126465275,-0.8551589246286269,-0.028335299073630044,-0.027515113661607016,2021-06-28,2023-04-16,False,False,False,False,False,0.0,0,0,False,[],淼祺能源
2023-03-31,季报,2023-04-30,无保留意见,False,814283332.0297368,353941448.5555553,460341883.47418153,0.4346662084722983,63084814.33604648,9.184262825413298e-08,219.53796563466622,73117631.16069204,512122.9715973325,30426202.9246607,378653281.1981958,543440591.7952894,40000000,11.508547086854538,247988929.06090686,225195965.23364216,34168411.41531208,-12249704.655800426,-0.30624261639501066,-11375295.63551395,-57194176.79008475,-89195729.2990348,-64793113.95206568,-211183020.04118523,0.10876370689482825,0.0768038723561397,0.04351091894363227,0.05274002947964868,2021-06-28,2023-06-07,False,False,False,False,False,0.0,0,0,False,[],淼祺能源
2023-06-30,半年报,2023-08-27,无保留意见,False,759590853.8940098,301586052.67840713,458004801.21560264,0.3970374987170254,57066666.45743179,9.016540807625743e-08,188.67744355688086,68055450.66623527,460523.7291945545,27802262.84066124,321727055.80037785,479822421.7711937,40000000,11.450120030390066,240577212.661517,218400724.16671824,12237307.179588009,-10588166.284842642,-0.26470415712106604,-9707487.238462763,-107310587.02951682,-79206426.0697675,-54357714.94548745,-240874728.04477176,-0.005076840371206412,0.34977580351643445,-0.0376287097552729,0.006504367607303417,2021-06-28,2023-10-16,False,True,False,False,False,0.0,0,0,True,"['结合所处行业特点、发展阶段和自身经营模式、盈利水平、偿债能力、资金需求等因素，未进行现金分红或现金分红水平较低原因的说明', '是否影响偿债能力、过去十二个月内是否使用过募集资金补充流动资金以及未来十二个月内是否计划使用募集资金补充流动资金等内容', '充分披露高送转的主要考虑及其合理性且送转股后每股收益不低于0.5元', '上市公司控股子公司向母公司实施利润分配的情况']",淼祺能源
2023-09-30,季报,2023-10-27,无保留意见,False,789565414.3722246,310019295.986883,479546118.3853416,0.39264548616706596,66512945.24846848,8.92397702153848e-08,215.7192254598994,68578370.10946739,513724.989245308,27519469.73634438,365326968.6445765,516497245.5678537,40000000,11.988652959633539,232808805.42507818,211190138.40289572,44125626.409610316,-11097724.623484014,-0.27744311558710033,-10300836.805460779,-93952108.99010965,-84625378.96440943,-61222104.451707445,-239799592.40622655,0.047032950555464775,-0.07947154609402803,-0.0043920125499594545,0.08718716865087725,2021-06-28,2023-12-05,False,True,True,False,True,0.0,3,9,True,"['公司在相应期间是否按照中国证券监督管理委员会相关规定为中小股东参与现金分红决策提供了便利', '结合前述财务报表列报项目的具体情况说明现金分红方案确定的依据及未来增强投资者回报的规划']",淼祺能源
2023-12-31,年报,2024-03-30,无保留意见,False,742986978.0085523,272678665.4615191,470308312.54703325,0.36700329014162125,49886101.45547931,6.741171502646485e-08,172.21252977345512,63796422.077419795,421155.81759474345,23291966.835629765,307329989.6490602,433031576.88556683,40000000,11.75770781367583,223403363.536488,202352188.71338487,22869137.38943886,-13436345.555128798,-0.3359086388782199,-12625642.413586888,-138714086.10534796,-74565499.41245247,-60490047.164791845,-273769632.6825923,-0.019263644275575698,-0.39622362266418576,-0.0256421960254447,0.10561171914285204,2021-06-28,2024-04-14,False,False,False,True,True,0.0,0,0,False,[],淼祺能源
2024-03-31,季报,2024-04-30,无保留意见,False,782149582.2635663,295157354.0252194,486992228.23834693,0.37736688827605636,57499310.41699509,9.321952517379252e-08,201.07263171649657,66482556.048431605,464124.0581715436,28013764.30263011,353531745.0983199,491797444.5094331,40000000,12.174805705958674,213642320.79106182,193487817.99565262,51802843.68469745,-13944346.779180314,-0.34860866947950786,-12663386.739617545,-136533216.06623524,-84070923.62631653,-56907397.91474097,-277511537.6072928,0.03547442230174303,-0.14255064061630002,0.010363598134435052,0.07067560402076511,2021-06-28,2024-05-30,False,False,True,True,True,0.0,0,9,True,"['根据公司盈利能力、融资能力及其成本、偿债能力及现金流等情况披露现金分红方案的合理性，是否导致公司营运资金不足或者影响公司正常生产经营', '公司在相应期间是否按照中国证券监督管理委员会相关规定为中小股东参与现金分红决策提供了便利']",淼祺能源
2024-06-30,半年报,2024-08-27,无保留意见,False,774822168.3957388,308664578.8813452,466157589.5143936,0.3983682856163395,56511221.609130986,8.490066468974138e-08,196.98219537890105,68669391.14568044,530376.817538484,26944886.61808352,339463473.8323756,497464209.3343111,40000000,11.65393973785984,203790242.37446436,184466941.12691963,30331690.048388008,-14074397.737996314,-0.35185994344990784,-12886966.955332818,-78289420.32071401,-83113808.47197562,-57087699.11092664,-218490927.90361625,-0.04278228176108845,-0.04256077159865443,0.021001397340283164,-0.048144427767410784,2021-06-28,2024-09-24,False,False,False,False,False,0.0,0,0,False,[],淼祺能源
2024-09-30,季报,2024-10-27,无保留意见,False,718558775.6350839,278070477.9472105,440488297.6878734,0.38698362246212,57678284.12321513,8.316211625138623e-08,179.9149316956604,70125767.12883973,472564.16077601694,26660947.397919886,355772755.9108656,485041559.4921718,40000000,11.012207442196836,194165665.68366024,176315948.38688576,11887177.736803573,-13749395.27257736,-0.343734881814434,-11644275.342905555,-50171969.38147369,-80146727.51716146,-55037169.83330076,-185355866.73193592,-0.055065695386962245,0.11108908057664856,-0.011384663154219531,0.13786491440528306,2021-06-28,2024-12-21,False,False,False,False,False,0.0,0,0,False,[],淼祺能源
2024-12-31,年报,2025-03-30,无保留意见,False,847043030.9260244,346553714.11937803,500489316.80664635,0.4091335404064542,62924073.01509725,9.87514490672606e-08,229.2209498587957,86152393.41934617,541503.3527864547,33213259.499257438,412485744.21868324,575634286.7944033,40000000,12.51223292016616,186198216.24253625,169491419.54037797,26205534.84992458,-11382070.630177107,-0.28455176575442764,-9749326.92358253,-136283286.41937754,-91163342.17147784,-61851994.80494519,-289298623.39580053,0.13621478580411492,0.7282720727097677,0.022149917944334286,0.1352187672083608,2021-06-28,2025-04-25,False,False,False,False,False,0.0,0,0,False,[],淼祺能源
2017-03-31,季报,2017-04-30,无保留意见,False,304103916.0040318,109265965.97233206,194837950.03169972,0.3593046988940564,15941645.037659012,3993.8398488482408,45.519922259661264,21647291.81071073,38476704.996704176,1066.376605509483,441175.7041441392,82380986.83887936,40000000,4.870948750792493,-2419593.832691811,-2079453.194143988,16916733.465970024,-3456562.618131159,-0.08641406545327897,-2970647.4202056974,-43079036.498522855,-10342245.306411577,91766167.56446107,38344885.75952663,0.08243305573166501,-0.24758681211839773,0.05930469889405645,0.03960448376717829,2021-11-24,2017-05-22,False,False,False,False,False,0.0,0,0,False,[],翊珹传媒
2017-06-30,半年报,2017-08-27,无保留意见,False,257627416.59370965,79633523.08978245,177993893.5039272,0.30910344924728334,16839610.393831294,3354.8527661436974,40.44672048632268,19167941.951460384,35213569.61167618,817.2818852842111,369253.2008646894,69844264.89817335,40000000,4.44984733759818,-2748867.609483399,-2365061.1930100475,393354.9089811167,-470391.1097022686,-0.011759777742556715,-408011.42695151357,-8003672.627402499,-8154204.4323228495,79726024.07457793,63568147.01485258,-0.08645162056484373,0.22048844944095228,-0.050201249646773104,-0.015361060608177806,2021-11-24,2017-09-09,False,False,False,False,False,0.0,0,0,False,[],翊珹传媒
2017-09-30,季报,2017-10-27,保留意见,False,338043715.8768002,155919101.51806185,182124614.35873836,0.4612394616289405,20661313.282840606,4032.294819534312,51.5722212821841,23280544.28023419,47551457.03318428,1167.2341274049293,461261.8526542467,89148031.54142357,40000000,4.553115358968459,-5908441.251883494,-5195153.257612291,2387619.2799438583,-4513676.632000135,-0.11284191580000338,-4042988.663717491,-43262772.693985246,-10463454.323882494,115211571.15664254,61485344.1387748,0.023207093083336787,-0.24460866249963875,0.15213601238165717,-0.02782281553730173,2021-11-24,2017-12-04,False,False,False,False,False,0.0,0,0,False,[],翊珹传媒
2017-12-31,年报,2018-03-30,无保留意见,False,350575223.23166823,155660950.56007499,194914272.67159325,0.4440158352468926,20080475.10909093,4252.675787798849,52.280885761378755,22269326.054742973,42003633.38247356,1082.644363334313,463529.51081052446,90213590.91195072,40000000,4.872856816789831,-8351343.710942295,-7335046.400053476,0.0,-3489860.655798288,-0.0872465163949572,-3056990.2034874074,-36877033.66221785,-11787710.04120376,112400588.50480239,63735844.80138078,0.07022476537774619,0.08199499132192094,-0.017223626382047913,0.05292569854875309,2021-11-24,2018-05-03,False,False,False,False,False,0.0,0,0,False,[],翊珹传媒
2018-03-31,季报,2018-04-30,非标准无保留意见,True,325931318.77342004,141070749.5998118,184860569.17360824,0.43282354739858836,21369944.71436088,4042.339564236751,49.4281169537718,22063962.409845907,39264028.21616485,1121.7145197481889,446541.4663164797,83836828.92164576,40000000,4.621514229340206,-4719119.673104172,-3937444.4505881723,11626479.309651691,5188891.4826258905,0.12972228706564726,4853717.07066472,-37796642.694506,-10293348.134114206,102906876.85858384,54816886.029963635,-0.05158012987034701,0.6423880551719792,-0.011192287848304238,0.09165880732710671,2021-11-24,2018-06-26,False,False,False,False,False,0.0,0,0,False,[],翊珹传媒
2018-06-30,半年报,2018-08-27,无保留意见,False,281685238.66452926,115143973.57244925,166541265.09208,0.40876821986962203,15346358.061903417,3130.532278346019,41.00337430239966,17842461.375867955,35163990.26962211,938.0788127173971,346516.7190560983,69381758.26142903,40000000,4.1635316273019995,-4908170.877892881,-4107098.8425167613,891482.4610670464,-270073.149698155,-0.006751828742453875,-242363.41704084203,-40017686.07650615,-8872010.268264424,91959564.50042413,43069868.15565355,-0.09909795346526301,-0.24602241335933642,-0.02405532752896632,0.08331259133098601,2021-11-24,2018-09-08,False,False,False,False,False,0.0,0,0,False,[],翊珹传媒
2018-09-30,季报,2018-10-27,非标准无保留意见,False,319751140.1609584,151529964.90397575,168221175.25698262,0.47389968594857124,19310005.912214454,4003.778368940956,49.81250565658166,22666099.48209593,41848315.47861587,1153.917127035186,434884.65919110645,83052644.34670177,40000000,4.205529381424566,-7008584.376669727,-5934074.666898962,1618919.0460379475,-3000590.7125383522,-0.07501476781345881,-2609965.463403145,-47435021.68175728,-10029024.685916541,101097734.57998456,43633688.21231074,0.01008705058157117,-0.16321156615164362,0.06513146607894921,-0.042718145132594545,2021-11-24,2018-12-12,False,False,False,False,False,0.0,0,0,False,[],翊珹传媒
2018-12-31,年报,2019-03-30,无保留意见,False,387490887.8518871,202638690.3821518,184852197.4697353,0.5229508531297582,22186254.031409796,4611.535158054764,60.4927339635691,26742590.313881747,45835688.13033513,1221.9636679481669,512229.25998536154,95389334.86447762,40000000,4.621304936743383,-4120846.747635838,-3546749.8029770576,18783552.354221564,4125339.4700484127,0.10313348675121031,3410464.0913170064,-60399999.34247699,-12805911.566269567,126435586.33209927,53229675.42335272,0.09886402343430506,0.5090164903578461,0.04905116718118698,-0.1746464725435095,2021-11-24,2019-04-27,False,False,False,False,False,0.0,0,0,False,[],翊珹传媒
2019-03-31,季报,2019-04-30,无保留意见,False,394280985.65432453,207645551.34866613,186635434.30565837,0.5266435839001222,25599682.255034484,5603.017817968873,63.964265726331085,31003377.488974757,52035297.80728661,1448.2467900635638,569451.1055675783,109214493.80597438,40000000,4.6658858576414595,10559969.720541958,10026973.031299738,58746178.23126319,20972594.95453971,0.5243148738634927,19391032.620395426,-15290344.77399167,-12769144.629701683,126749305.30245294,98689815.89875957,0.009646825195113081,0.7974904028584913,0.0036927307703640646,0.09213886901066522,2021-11-24,2019-06-16,False,False,False,False,False,0.0,0,0,False,[],翊珹传媒
2019-06-30,半年报,2019-08-27,非标准无保留意见,False,454540985.6977878,277387056.2815028,177153929.41628504,0.6102575235447085,27376237.18206935,5442.506190541242,66.69039315905223,27287478.932022776,56751882.897606924,1452.8061890162885,579085.7776336116,113423997.76141441,40000000,4.428848235407126,37041563.347668886,34051148.64502568,135826124.48090345,37830848.03875276,0.945771200968819,34320250.87675135,-88776972.75289197,-14762382.913313843,152101135.25257257,48561779.58636674,-0.05080227623788315,0.44395841538866465,0.0836139396445862,0.11161978344434663,2021-11-24,2019-09-11,False,False,False,False,False,0.0,0,0,False,[],翊珹传媒
2019-09-30,季报,2019-10-27,无保留意见,False,625190294.0569719,448853031.4332979,176337262.62367406,0.7179462568438324,35116321.76095865,7384.274219572657,91.97366232731092,42402838.31520245,76018163.168006,2057.266710100331,809604.4752364357,153492026.21790516,40000000,4.408431565591852,49431933.91239582,45251739.55912965,43745580.475001596,17700529.37818134,0.44251323445453344,16000844.163005674,-16138456.277987238,-18491452.312827636,187160857.195365,152530948.60455012,-0.0046099276222765235,-0.3671349136592585,0.1076887332991239,-0.004491016701881742,2021-11-24,2019-12-04,False,False,False,False,False,0.0,0,0,False,[],翊珹传媒
2019-12-31,年报,2020-03-30,无保留意见,False,779353483.6962787,600151410.515137,179202073.1811417,0.7700631652645843,50382455.18888939,8795.197073666277,132.12302851797355,53858145.83970254,105097480.05567423,2684.9082531120466,1023034.5773783871,205081614.00205144,40000000,4.480051829528542,52280424.65380808,47839029.94811452,5854114.5521218395,4069272.487731792,0.1017318121932948,3696129.1271212446,-144097413.29352716,-22880617.95411672,235475270.2763505,68497239.02870661,0.0162462006886287,-0.392825617784969,0.05211690842075193,-0.09150448279640219,2021-11-24,2020-04-30,False,False,False,False,False,0.0,0,0,False,[],翊珹传媒
2020-03-31,季报,2020-04-30,无保留意见,False,996492372.6057909,816832503.95431,179659868.65148085,0.8197077332547194,54141904.422153756,13047.812997088096,148.48803447933525,70117667.50659612,120981124.22337198,3150.512774222849,1232853.3676826807,249555395.08421198,40000000,4.491496716287021,51684649.71317326,47354305.94573452,0.0,-851107.0580497459,-0.021277676451243645,-692462.8605428528,-80528622.53862704,-27274441.297147598,307274108.83526516,199471044.9994905,0.002554632668096199,-0.23353343351777217,0.04964456799013504,0.017203564009378593,2021-11-24,2020-06-25,False,False,False,False,False,0.0,0,0,False,[],翊珹传媒
2020-06-30,半年报,2020-08-27,无保留意见,False,1201956561.589301,1009519133.5323992,192437428.0569018,0.8398965202182938,66273996.58070037,15094.661594475352,175.32335990665752,76675414.58404395,145900402.63718566,3639.539730811545,1503887.4184370218,296998232.77949584,40000000,4.810935701422546,49722054.43417734,45488670.44810821,2645277.343071033,-2803707.5414227527,-0.07009268853556881,-2665193.5680375937,-211221871.63813764,-36363121.34105419,370262443.2563707,122677450.27717888,0.07112083238916271,-0.12091234305608055,0.02018878696357453,-0.10650090398135943,2021-11-24,2020-09-14,False,False,False,False,False,0.0,0,0,False,[],翊珹传媒
2020-09-30,季报,2020-10-27,无保留意见,True,1028657482.6554382,852276326.8606085,176381155.7948298,0.8285326663453525,61880654.89670907,12904.57601693397,158.86604928260215,67821625.36083406,131380829.07619077,3643.639333987921,1197805.4253971917,260613333.3905794,40000000,4.4095288948707445,55579351.473185636,50453805.82984325,31978099.212411292,8367567.198583286,0.20918917996458217,7093050.54533578,-41558561.25860024,-31711992.876313195,336967436.4126493,263696882.27773583,-0.08343632745561508,0.7869149478712294,-0.01136385387294125,0.00398099434970052,2021-11-24,2020-12-04,False,False,False,False,False,0.0,0,0,False,[],翊珹传媒
2020-12-31,年报,2021-03-30,无保留意见,False,1003551196.7501159,833233777.2262287,170317419.5238871,0.8302852708706439,57949136.0060636,12130.889264235835,165.10018690197117,67594708.06326663,138149891.7395034,3409.0634646088643,1451261.0148995214,262752407.83620188,40000000,4.257935488097178,63781915.44760021,56949235.78342352,53120285.14011247,11717948.53487796,0.292948713371949,9279185.647971809,-120200880.42015395,-33407015.524816692,309126126.47352946,155518230.52855882,-0.03437859471788548,0.13207341918391702,0.0017526045252913506,-0.04617952114249828,2021-11-24,2021-04-26,False,False,False,False,False,0.0,0,0,False,[],翊珹传媒
2021-03-31,季报,2021-04-30,无保留意见,False,984833591.0226965,786407628.9442159,198425962.07848063,0.7985182838123688,68383500.09653537,15029.66267363362,159.49609152110506,74571224.01310281,144772776.6444016,3643.1685952253497,1421257.3272528427,277147947.9641044,40000000,4.960649051962016,65368401.03137344,58297141.47911988,1352742.456745838,2266407.976818908,0.0566601994204727,1925579.5652805092,-40903442.429268606,-33012334.78758752,292377756.10777754,218461978.8909214,0.16503621668981033,-0.3291161465304582,-0.03176698705827517,0.14177296028522027,2021-11-24,2021-06-09,False,False,False,False,False,0.0,0,0,False,[],翊珹传媒
2021-06-30,半年报,2021-08-27,无保留意见,False,1301589672.421019,1060713741.2575623,240875931.1634567,0.8149371216848886,80184372.3538406,16331.049294314484,203.494544841134,96974700.45877323,176842795.4651967,4823.406620955452,1908665.6882955343,341097293.3858827,40000000,6.021898279086417,70852666.33159369,63189232.82566237,31079383.513371248,7834664.714600354,0.19586661786500886,6988701.923632135,-176145676.80691272,-40085834.03381543,403859336.4782297,187627825.63750154,0.21393354297149075,0.28901374581505274,0.016418837872519874,-0.018857746186463607,2021-11-24,2021-10-16,False,False,False,False,False,0.0,0,0,False,[],翊珹传媒
2021-09-30,季报,2021-10-27,无保留意见,False,1934678807.0361042,1698294797.573298,236384009.46280634,0.8778174399786067,114499201.5988565,25139.027063319085,293.7473485826738,140446721.82705897,240787302.31745207,6325.824400595059,2498727.791570146,509928486.49245685,40000000,5.909600236570158,80787988.45280918,72460853.65547884,16286072.773770958,14193317.316022139,0.35483293290055345,13245172.614023516,-92997227.99933931,-59349992.63147109,643473481.2900463,491126260.65923595,-0.01864827954770695,0.25603939793411085,0.06288031829371817,0.10166979274104311,2021-11-24,2021-12-05,False,False,False,False,False,0.0,0,0,False,[],翊珹传媒
2021-12-31,年报,2022-03-30,保留意见,False,1942631393.703154,1687006002.650158,255625391.05299622,0.8684128178502724,111143382.5617086,22748.217753832825,288.67826104411273,121736156.66461666,254513826.99004972,6394.208387635856,2668306.057636645,484645460.41750705,40000000,6.390634776324905,89683337.45833164,79727360.308417,21129300.508595597,12707641.436460655,0.3176910359115164,10380723.789911672,-176447213.01300538,-66039279.79057943,637140895.1392813,394654402.33569646,0.0813988291082668,-0.047628018030592,-0.009404622128334521,0.07959449605751806,2021-11-24,2022-04-28,False,False,False,False,True,0.0,0,0,False,[],翊珹传媒
2022-03-31,季报,2022-04-30,保留意见,False,2324102687.0528507,2091692418.3475657,232410268.705285,0.9,143245998.1848688,27623.967604996673,384.94974106281614,153136543.2979607,312182969.71301293,8127.149842360091,3166113.6013806514,609389914.3161244,40000000,5.810256717632125,98615622.9637439,88032086.11722739,21254337.51550688,12760407.864874616,0.3190101966218654,11863894.012586271,-276252630.3171017,-76160817.5000178,767433778.8033689,415020330.9862494,-0.09081696560768578,0.0017761904298870868,0.05298659958658043,0.029719701010973796,2021-11-24,2022-05-10,True,False,False,False,False,13544156.801974181,0,0,True,['是否影响偿债能力、过去十二个月内是否使用过募集资金补充流动资金以及未来十二个月内是否计划使用募集资金补充流动资金等内容'],翊珹传媒
2022-06-30,半年报,2022-08-27,无保留意见,False,2832778507.09594,2549500656.3863463,283277850.70959395,0.9,163072453.8831116,31772.092495377077,452.86700832468006,196638668.62414542,336342097.422254,9810.58926059131,3938857.2999296845,710543437.83315,40000000,7.081946267739848,89680222.1202109,79617057.46584156,55249871.42194492,-12764858.347904263,-0.31912145869760655,-12021469.501979757,-242820154.5432276,-90878480.26081945,965919383.6320176,632220748.8279705,0.21886976977257902,-0.85769208300756,0.07368619202471346,-0.030470121729582984,2021-11-24,2022-10-08,False,False,False,True,False,0.0,0,0,False,[],翊珹传媒
2022-09-30,季报,2022-10-27,无保留意见,False,3263787072.403929,2937408365.1635365,326378707.24039286,0.9,204029433.3813999,47716.50611498593,549.4929448310005,239912291.00772876,427405086.2550713,11787.294988692069,4534831.892889504,880801069.0471603,40000000,8.159467681009822,79055017.01515698,70330551.29354836,52331840.61087897,-15178864.435791317,-0.37947161089478293,-13266437.38899029,-323100082.10476965,-101583297.88910444,1018860706.2339549,594177326.2400808,0.15215046436858348,-0.5699941787525564,0.02001018797161114,0.07626908091695472,2021-11-24,2022-11-14,False,False,False,False,False,0.0,0,0,False,[],翊珹传媒
2022-12-31,年报,2023-03-30,无保留意见,False,3228392413.3534536,2905553172.0181084,322839241.3353453,0.9,191820528.9855043,40529.401678408685,449.16336141411773,217946925.71709293,412069760.68735987,11033.564223986796,4439182.536029694,806833199.67307,40000000,8.070981033383633,69359139.52920033,61351346.69371353,14945470.223088922,-13851253.551366644,-0.3462813387841661,-12827435.142621184,-487306801.14153576,-101933484.31006137,1024620504.7773459,435380219.3257488,-0.010844659368175705,0.7290016792360785,-0.08407840990846964,0.18273426229568776,2021-11-24,2023-05-05,False,True,False,False,False,0.0,2,0,True,['结合前述财务报表列报项目的具体情况说明现金分红方案确定的依据及未来增强投资者回报的规划'],翊珹传媒
2023-03-31,季报,2023-04-30,无保留意见,False,3261542006.2786736,2935387805.6508064,326154200.6278673,0.9,165820590.84157246,36233.75981286681,483.51970212352296,195311386.54516616,394069126.08569175,9181.664270909903,4023830.428113906,762410289.8775389,40000000,8.153855015696681,60131496.821019806,52886148.17379209,55404643.69715664,-13182346.725972189,-0.32955866814930473,-12093140.742744915,-149132487.33123404,-97892655.94344907,985673782.9909344,738648639.7162513,0.010268142369590652,0.21243591261048667,0.014773148743532642,0.00947539896243115,2021-11-24,2023-06-16,False,False,False,False,False,0.0,0,0,False,[],翊珹传媒
2023-06-30,半年报,2023-08-27,无保留意见,False,3505115782.452841,3154604204.2075567,350511578.245284,0.9,219918186.5827046,42448.86550223844,556.1205615074228,259778445.99727976,471325618.1913144,12043.027570990826,4927146.065662354,928852495.3053558,40000000,8.7627894561321,52141207.58771658,45932599.35507106,47445520.49429184,-11414698.90471889,-0.2853674726179723,-9933641.16960147,-496816755.90861124,-110266917.99271496,1135930773.8988945,528847099.99756837,0.07468055775620017,0.46301947672381005,0.06017489821363951,-0.06417827337686115,2021-11-24,2023-10-07,False,False,False,False,False,0.0,0,0,False,[],翊珹传媒
2023-09-30,季报,2023-10-27,无保留意见,False,3516111400.730173,3164500260.657156,351611140.07301724,0.9,199882801.9310907,46131.31265829686,505.74486715010926,225860310.89906102,439520758.54759306,11083.067536739856,4538802.181990433,879308062.5624563,40000000,8.790278501825432,41169145.822828315,36153946.61309731,12756721.204024563,-15674373.949840385,-0.39185934874600964,-13969503.917105353,-489573467.1155476,-118558830.22114848,1159233254.479022,551100957.142326,0.0031370199901464522,-0.7626580863689507,0.019140218423142234,0.011426533310670272,2021-11-24,2023-12-09,False,False,False,False,False,0.0,0,0,False,[],翊珹传媒
2023-12-31,年报,2024-03-30,无保留意见,False,3724812375.351064,3352331137.815958,372481237.5351063,0.9,230096170.6830786,44525.04318063948,580.63716513242,266995856.3207794,449631747.77608573,11301.567477740562,5153860.173025557,908657251.5805532,40000000,9.312030938377658,29505686.744575825,24999614.176593304,50744753.94226634,-16662084.397503557,-0.4165521099375889,-15934760.623577151,-263474329.7649122,-123064250.96787322,1258376610.1175025,871838029.384717,0.0593556206943702,-0.7450897993021819,0.0041069971864910295,-0.04340422474401405,2021-11-24,2024-04-10,False,False,False,False,False,0.0,0,0,False,[],翊珹传媒
2024-03-31,季报,2024-04-30,无保留意见,False,3620693730.293675,3258624357.2643075,362069373.0293674,0.9,209480175.2892823,41280.19489317017,546.9976592545759,222481649.37919205,388130218.6216682,11709.027421539451,4529233.576306547,854109506.6009324,40000000,9.051734325734184,18038450.631050512,14166735.494898286,10918831.849422466,-16381765.876464736,-0.4095441469116184,-15475540.973850029,-465362881.11630446,-105138386.01167975,1106920989.7892313,536419722.66124713,-0.027952722060953887,0.8295518732129942,-0.04204217102536591,0.03118709208644909,2021-11-24,2024-06-23,False,False,False,False,False,0.0,0,0,False,[],翊珹传媒
2024-06-30,半年报,2024-08-27,无保留意见,False,3801225327.0219245,3421102794.319732,380122532.70219237,0.9,207540981.1621731,44073.6872799229,580.7522529508108,277929248.2208068,476064053.09255826,11709.24048941269,4971215.585192881,938041390.4835894,40000000,9.50306331755481,6402836.215951018,3064742.6221616725,11733086.421172671,-16622306.307284992,-0.4155576576821248,-15859989.818195162,-145004169.80295292,-114498629.34370755,1160011247.2028785,900508448.056218,0.04986105154870623,-0.3890766000504294,-0.041482674944186185,0.060079103467682776,2021-11-24,2024-09-20,False,True,False,True,False,0.0,2,0,True,"['结合所处行业特点、发展阶段和自身经营模式、盈利水平、偿债能力、资金需求等因素，未进行现金分红或现金分红水平较低原因的说明', '公司为增强投资者回报水平拟采取的措施', '充分披露高送转的主要考虑及其合理性且送转股后每股收益不低于0.5元', '是否影响偿债能力、过去十二个月内是否使用过募集资金补充流动资金以及未来十二个月内是否计划使用募集资金补充流动资金等内容']",翊珹传媒
2024-09-30,季报,2024-10-27,无保留意见,False,4916121699.315422,4424509529.38388,491612169.93154204,0.9,297269104.9543016,61022.56872250027,751.4725243858551,325132289.0070269,557105605.2247603,15327.934544152928,6459703.4598774165,1198523117.5934458,40000000,12.290304248288551,-5120087.292329405,-7742779.852588237,45614096.786457226,-16461319.297543464,-0.4115329824385866,-15439317.8210713,-61204713.218902245,-159224450.38118482,1610815366.7122464,1390386203.1121593,0.2932992065395304,0.42623695562478586,0.038522020142776434,0.029315896941059922,2021-11-24,2024-11-15,False,False,False,False,False,0.0,0,0,False,[],翊珹传媒
2024-12-31,年报,2025-03-30,无保留意见,False,4676204660.644096,4208584194.5796866,467620466.06440955,0.9,284498669.29134023,53518.721259980215,714.1465293078465,321919937.96688515,597517914.6681681,14402.761724945716,6253681.487230141,1183359954.4169874,40000000,11.690511651610239,-16718518.49495736,-18813055.878777456,77598511.80407454,-16569187.43232565,-0.41422968580814123,-15814680.03741317,-861028583.4008795,-144142320.00987235,1508897086.7087512,503726183.2979994,-0.04880209509555753,-0.20024503252163264,-0.0695478709239874,-0.05783825040959489,2021-11-24,2025-04-16,False,False,True,False,False,0.0,0,8,True,"['是否影响偿债能力、过去十二个月内是否使用过募集资金补充流动资金以及未来十二个月内是否计划使用募集资金补充流动资金等内容', '结合前述财务报表列报项目的具体情况说明现金分红方案确定的依据及未来增强投资者回报的规划', '结合所处行业特点、发展阶段和自身经营模式、盈利水平、偿债能力、资金需求等因素，未进行现金分红或现金分红水平较低原因的说明']",翊珹传媒
2017-03-31,季报,2017-04-30,无保留意见,False,291288792.33935547,87671848.19943805,203616944.1399174,0.3009791330979159,19191912.443119284,243641.23038902564,310148.1136442951,13577029.183131518,1251623.6957897637,720351.8830980345,38381861.60752597,77766090.12310837,40000000,5.090423603497935,-1830882.9233395122,-1571459.489750323,2313794.3102875906,-2615547.0333421603,-0.06538867583355401,-2244942.128214747,-47868871.752438106,19990768.266992282,-31149806.95356345,-59027910.43900928,0.13120524522176338,-0.20086372407456446,0.0009791330979159315,-0.05983155140590787,2021-02-08,2017-06-13,False,False,False,False,False,0.0,0,0,False,[],铄琛化工
2017-06-30,半年报,2017-08-27,无保留意见,True,341409452.3399844,128334542.32890901,213074910.01107538,0.3758962777665281,23114529.711690575,281979.51448064443,351728.47506383434,17316048.799059656,1320079.209666194,871731.8750816542,42992474.92905255,86957782.84070323,40000000,5.326872750276884,1349945.25214067,1450545.7159370272,14081675.464538334,4544040.250685975,0.11360100626714938,4317150.293839072,-53572027.31226147,25603987.780036133,-36013753.894007064,-63981793.4262324,0.046449797737160986,0.4977309391343253,0.07491714466861221,0.07493648609051375,2021-02-08,2017-09-25,False,False,False,False,False,0.0,0,0,False,[],铄琛化工
2017-09-30,季报,2017-10-27,保留意见,False,306407387.452164,104684302.13923866,201723085.31292534,0.3416507121767156,21025900.75382561,264709.7364606412,355213.75264446996,16682959.370420836,1213157.3353573733,783903.1601599407,44079057.51991941,84658622.10063568,40000000,5.043077132823133,11193967.242215764,10190054.35132957,46701964.18680078,14062888.557250135,0.3515722139312534,12485012.336275063,-15168241.71700411,21709339.359835226,-32171634.681125645,-25630537.038294528,-0.0532762149122109,0.4418320888655541,-0.034245565589812496,0.06288397415267082,2021-02-08,2017-11-24,False,False,False,False,False,0.0,0,0,False,[],铄琛化工
2017-12-31,年报,2018-03-30,无保留意见,False,291853792.9893778,94327387.50898598,197526405.4803918,0.32320082786252874,18990734.19715057,259011.39603113677,286884.9459736743,14159855.376474362,1146113.351887929,694609.2315459459,41418740.70651203,79314996.47679229,40000000,4.938160137009795,28776288.538247153,26842438.305407997,24479092.907624107,25117601.851473413,0.6279400462868353,23789119.934397753,-30172486.259363145,18045177.965677116,-31114107.90986248,-43241416.203548506,-0.020804162429021805,0.3558816905855038,-0.01844988431418691,0.09149263128571612,2021-02-08,2018-05-10,False,False,False,False,False,0.0,0,0,False,[],铄琛化工
2018-03-31,季报,2018-04-30,无保留意见,False,258116174.0636385,59107613.69634272,199008560.3672958,0.2289961638814999,17562863.62191897,230701.59080702058,273076.7086190401,12784778.630182147,1000991.5382731692,656058.5806665213,37427216.76051608,69046155.23422214,40000000,4.975214009182395,30238994.79723891,28203974.063281376,4295976.018765909,2089580.3699882217,0.052239509249705544,1945051.0826762568,-34088868.68100512,16776757.074728848,-26320010.896358784,-43632122.50263506,0.007503578487642345,-0.5467552868440347,-0.09420466398102882,0.11529989843671158,2021-02-08,2018-05-27,False,False,False,False,False,0.0,0,0,False,[],铄琛化工
2018-06-30,半年报,2018-08-27,保留意见,False,250893481.43641847,63049253.329851456,187844228.10656703,0.25129888974747805,16510968.761962669,221116.72914188358,246837.63994258142,12255574.89962109,912973.6388989995,673046.4243122272,34086786.14803701,66160812.4443017,40000000,4.696105702664176,35286192.98451191,32821687.213996932,15274360.813241469,7210283.124675721,0.180257078116893,6596733.072450797,-31970986.625641342,16576475.7601047,-28230509.416772213,-43625020.282308854,-0.05609975892556367,0.2682459569796537,0.02230272586597817,0.029936392761768082,2021-02-08,2018-10-16,False,False,False,False,False,0.0,0,0,False,[],铄琛化工
2018-09-30,季报,2018-10-27,无保留意见,False,268915075.75749123,80487160.80559222,188427914.95189902,0.29930326731914386,17832440.47753338,221688.46202658644,254524.36113687875,14078843.725221314,945543.1306341458,625930.6863598282,39776294.235438876,69979086.12037063,40000000,4.710697873797476,40762703.7221785,37504307.72225221,10495260.377039071,7823586.7680951245,0.1955896692023781,6689457.868936113,-29217931.485805772,17682815.01150573,-28109753.319544043,-39644869.79384409,0.0031072918833624473,0.025332361470581412,0.048004377571665764,-0.12323940967711763,2021-02-08,2018-11-07,False,False,False,False,False,0.0,0,0,False,[],铄琛化工
2018-12-31,年报,2019-03-30,无保留意见,False,233059860.87435663,46611972.174871325,186447888.6994853,0.2,15630337.646486795,224982.75031489387,249352.57385234177,12560477.3273775,932148.4905382168,611813.889577495,35359072.606524,63873362.04268069,40000000,4.661197217487133,56237568.78016039,52263103.04959645,41289835.13528634,22106950.08283128,0.552673752070782,21083993.32477748,-43978470.33508415,15314808.44176308,-23478982.64787084,-52142644.541191906,-0.010508136508962438,0.5753948230033402,-0.10753386906566677,0.011196668035161377,2021-02-08,2019-05-16,False,False,False,False,False,0.0,0,0,False,[],铄琛化工
2019-03-31,季报,2019-04-30,非标准无保留意见,False,224810487.88640696,44962097.57728139,179848390.30912557,0.2,13969153.953023052,181664.58255951,224042.2025674387,11024159.591541048,860377.0641884363,501675.3041915086,26196582.698027123,58296814.153689474,40000000,4.496209757728139,85923171.96325968,78471162.09117737,180693180.91591907,42408004.54728469,1.0602001136821173,37440084.3451156,-17146429.070861366,14810248.889391445,-24871367.443319816,-27207547.624789737,-0.035395940583680986,0.5191162803914484,-0.062295451954251124,0.0028676519957112605,2021-02-08,2019-06-27,False,False,False,False,False,0.0,0,0,False,[],铄琛化工
2019-06-30,半年报,2019-08-27,无保留意见,False,223250200.9776303,44650040.195526056,178600160.78210422,0.2,15407975.945735157,210242.38929360718,217946.41936707537,10614117.324091546,780684.5932522723,516376.8841282774,29625528.16133324,58002930.95443781,40000000,4.465004019552605,101991498.70202528,93020499.95877506,107864397.57942112,22954752.48395086,0.5738688120987715,20784768.38228241,-37333709.89847548,15420484.805022715,-21334189.662259784,-43247414.755712554,-0.006940454261925125,-0.3274516996754264,0.023804273159148046,0.10300248402733454,2021-02-08,2019-10-24,False,False,False,False,False,0.0,0,0,False,[],铄琛化工
2019-09-30,季报,2019-10-27,非标准无保留意见,False,230759858.90873504,46151971.781747006,184607887.12698802,0.2,19571714.324769326,228463.68477695386,264207.6411310694,11910496.550486973,903898.6050595684,658958.2320400245,35229910.21109876,65885753.30221285,40000000,4.615197178174701,125470314.4676209,112314620.4110175,127803402.13305177,33541165.379422292,0.8385291344855573,27563029.217489235,-20760503.008439712,16179220.455035316,-23252683.57235172,-27833966.125756115,0.033637855187674544,0.26496004198058326,-0.08373994938610228,0.1774754080041944,2021-02-08,2019-12-12,False,False,False,False,False,0.0,0,0,False,[],铄琛化工
2019-12-31,年报,2020-03-30,无保留意见,False,225574278.6690292,45114855.73380584,180459422.93522337,0.2,15649156.924833579,184781.35498740422,224117.8347248788,10865609.064304585,926856.5223344781,560723.0681408586,30725611.183348916,60519170.22615916,40000000,4.511485573380584,131582032.42875838,118178702.10302585,14708375.076306969,8731025.65876785,0.21827564146919623,8377259.560011928,-35279640.06099207,15960822.171486422,-24445416.711366564,-43764234.60087221,-0.02247176031493728,-0.4908897437247426,0.06232777880900299,0.13227395857043972,2021-02-08,2020-05-01,False,False,False,False,False,0.0,0,0,False,[],铄琛化工
2020-03-31,季报,2020-04-30,无保留意见,False,242111460.4056658,48422292.081133164,193689168.32453266,0.2,17259774.556278624,226886.83984947528,310008.64069750335,13336667.890790328,1115638.6256728729,660543.3803054969,35285429.6799776,72685894.92899984,40000000,4.8422292081133165,134394409.1928205,120710963.91025198,7046975.321274281,4017681.0915172696,0.10044202728793174,3617516.867465884,-12832724.580389963,15614012.098716084,-25002663.186242547,-22221375.667916425,0.0733114689946569,-0.1831774850235909,0.012385869846001242,0.11911079378632776,2021-02-08,2020-06-28,False,False,False,False,False,0.0,0,0,False,[],铄琛化工
2020-06-30,半年报,2020-08-27,保留意见,False,259984684.81546542,52230056.21454532,207754628.6009201,0.20089666532325817,18573521.646203786,260996.89188428235,282658.38772143656,13649226.924266594,1106455.3936400602,682563.9286384165,37657816.30456918,73642078.66747113,40000000,5.193865715023003,129932863.23477781,116603716.54344434,13150171.075668266,-6373637.082918119,-0.15934092707295297,-5867496.238296633,-48359865.63094759,16584140.599038813,-28033889.88819769,-59809614.92010647,0.07261872410345803,-0.49440840448518,0.056644746595982245,-0.08620483271129546,2021-02-08,2020-09-30,False,False,False,False,False,0.0,0,0,False,[],铄琛化工
2020-09-30,季报,2020-10-27,无保留意见,False,281885212.9515082,56377042.59030165,225508170.3612066,0.2,18279713.733871948,219184.93245951962,278040.500033074,12390176.976895029,1057587.1204135118,695393.7352243444,36180885.64172634,69427087.70868707,40000000,5.637704259030165,128266510.89814065,115095216.30568948,9092620.447300306,-2380503.338053081,-0.05951258345132703,-2155000.339649803,-14661105.531986425,18062892.66833705,-31102095.967775494,-27700308.83142487,0.0854543741328121,0.37577614994177116,-0.06873995390528818,-0.014090122660929556,2021-02-08,2020-11-09,False,False,False,False,False,0.0,0,0,False,[],铄琛化工
2020-12-31,年报,2021-03-30,无保留意见,False,259455777.02405426,51891155.40481085,207564621.6192434,0.2,17964100.16341025,245182.48479313322,294160.5496045748,13185475.3553843,971012.505998349,683498.4919546286,37023454.189470164,72288224.15743867,40000000,5.189115540481085,125475275.2760235,112889409.87194633,17496755.989152037,-3987479.4601673614,-0.09968698650418403,-3151152.048204484,-5361858.99742692,17350036.606904373,-27438778.960867107,-15450601.351389654,-0.07956939526058948,-0.10992007175575864,-0.0072016846711581445,0.04753580263353005,2021-02-08,2021-05-14,False,True,False,False,False,0.0,0,0,True,"['公司为增强投资者回报水平拟采取的措施', '是否影响偿债能力、过去十二个月内是否使用过募集资金补充流动资金以及未来十二个月内是否计划使用募集资金补充流动资金等内容', '公司在相应期间是否按照中国证券监督管理委员会相关规定为中小股东参与现金分红决策提供了便利']",铄琛化工
2021-03-31,季报,2021-04-30,无保留意见,False,264560792.4494518,52912158.48989036,211648633.95956144,0.2,18168842.257652827,222799.95887833476,280942.5446913489,12609092.08102582,959124.490387407,616867.253288458,35458904.40037786,68730521.50907831,40000000,5.291215848989036,122436673.70360325,110156854.62545973,0.0,-4340859.38917179,-0.10852148472929476,-3903650.3521237387,-5387443.707601122,17650460.76964638,-28022324.00989825,-15759306.947852992,0.01967585953934735,-0.027156916134940902,-0.013838844826832205,0.047413176408204916,2021-02-08,2021-05-11,False,False,False,True,False,0.0,0,0,False,[],铄琛化工
2021-06-30,半年报,2021-08-27,无保留意见,False,241979760.6779486,48395952.13558972,193583808.54235888,0.2,16702286.190251062,212879.29254567256,258166.1665332186,12511939.237072727,1028937.9190051204,579768.907175978,34084858.72683426,67945398.4648631,40000000,4.8395952135589715,119753408.68660173,107844430.3686086,11492519.02470887,-3833235.738573605,-0.09583089346434014,-3303463.2240730673,-25151030.60056919,17057880.178515967,-26654214.732530717,-34747365.15458394,-0.08535290343831893,0.04009937690114469,-0.0321960570302592,0.013997181205236279,2021-02-08,2021-09-21,False,False,False,True,False,0.0,0,0,False,[],铄琛化工
2021-09-30,季报,2021-10-27,无保留意见,False,238043365.6425689,47608673.128513776,190434692.5140551,0.2,17466998.81030526,222059.8309098692,255276.24369416363,13350742.128104994,1060410.5474205022,621367.3770557093,33713938.26432268,66810193.462465174,40000000,4.760867312851378,116333156.41422635,104818338.6749442,9220477.43583102,-4886074.674821988,-0.1221518668705497,-4322988.133806251,-11599860.589306967,15888461.464042043,-24875898.9420493,-20587298.067314222,-0.016267455692786953,-0.07996185815620616,0.04847655810557933,0.05501214867492006,2021-02-08,2021-12-25,False,False,False,True,True,0.0,0,0,False,[],铄琛化工
2021-12-31,年报,2022-03-30,保留意见,False,273290802.62706584,63357911.21110398,209932891.41596186,0.23183330943472163,18284509.870664313,242398.0213996104,279701.00968548533,14626631.182302618,1149718.0074172255,652052.3060067332,38979906.96264625,75510922.28470464,40000000,5.2483222853990465,113929617.04628016,102584567.40808314,13600640.58467922,-3433627.6684945486,-0.08584069171236372,-3191101.809801511,-36873311.232434705,18622052.562102787,-29387356.914634306,-47638615.58496623,0.10238785089259739,0.1198989565594087,0.10443662643942188,0.014724264243511514,2021-02-08,2022-04-25,False,False,True,True,True,0.0,0,2,True,"['留存未分配利润的预计用途以及收益情况', '充分披露高送转的主要考虑及其合理性且送转股后每股收益不低于0.5元']",铄琛化工
2022-03-31,季报,2022-04-30,无保留意见,False,265410151.80435115,60918432.816606045,204491718.9877451,0.2295256319415863,20419545.2462449,239675.28562662893,288248.8355091868,13015663.847033095,1116248.8290407958,712759.7366760945,38895985.496228985,73824127.08235465,40000000,5.112292974693628,118153384.39876373,106513285.1726269,30072359.467015494,6033953.360690787,0.15084883401726967,5612453.949348201,-38759591.15075891,17470497.426219422,-25115120.029773384,-46404213.75431287,-0.02591862757434994,0.697871236159322,-0.0023076774931353556,0.1466469384647485,2021-02-08,2022-06-14,False,False,False,False,False,0.0,0,0,False,[],铄琛化工
2022-06-30,半年报,2022-08-27,无保留意见,False,306902936.45982885,86617531.33874796,220285405.12108088,0.2822310282784978,18902142.819445267,254646.42072440902,315667.3526746282,14242807.255404228,1038163.7107760597,659068.9184569264,38025159.557643496,73337335.87645872,40000000,5.507135128027022,118386034.49614175,106739292.35451898,710298.0530682399,332357.2819685973,0.008308932049214932,322867.40270298556,-57011018.473937914,21718685.30422274,-31827358.931765605,-67119692.10148078,0.07723386654245043,-0.24753006960812912,0.052705396336911466,0.02573818806547808,2021-02-08,2022-09-18,False,False,False,False,False,0.0,0,0,False,[],铄琛化工
2022-09-30,季报,2022-10-27,无保留意见,False,306572596.5499617,88441410.13841452,218131186.41154715,0.2884843953233157,20561305.435393255,256147.24740328052,307496.14329816285,15289748.043462163,1125140.5871204438,707851.1396361657,48122436.7903815,79440733.93044987,40000000,5.453279660288679,125777171.59365894,113456502.37972528,13227918.593512388,10558767.282167446,0.2639691820541861,9596014.321723294,-32472441.22469447,19365369.870539453,-30520720.221341755,-43627791.57549678,-0.0097792166864149,0.5900184166430557,0.006253367044817979,0.10943315984089272,2021-02-08,2022-11-18,False,True,False,False,True,0.0,2,0,True,"['结合前述财务报表列报项目的具体情况说明现金分红方案确定的依据及未来增强投资者回报的规划', '留存未分配利润的预计用途以及收益情况', '充分披露高送转的主要考虑及其合理性且送转股后每股收益不低于0.5元']",铄琛化工
2022-12-31,年报,2023-03-30,无保留意见,False,429210558.1052364,150039607.34724078,279170950.75799567,0.34957110097569677,29007678.6084666,363565.123964005,436937.8586585843,20580084.228438698,1462407.4121578487,989806.5645212063,59551665.14970052,107329533.09439169,40000000,6.979273768949891,142988645.69853818,128321470.14614001,41442811.979177885,24587820.149827488,0.6146955037456872,21235668.237735327,-29281573.803268217,27632188.24326791,-44253510.113101505,-45902895.67310181,0.2798305246975782,0.5090595208421342,0.06108670565238101,0.09141955480426626,2021-02-08,2023-05-10,False,False,False,False,True,0.0,0,0,False,[],铄琛化工
2023-03-31,季报,2023-04-30,无保留意见,False,442705761.1517986,149463753.07958725,293242008.0722114,0.33761420382405616,28614321.314243417,364583.1698271442,419786.7498091217,19599595.965828627,1781905.1507205593,988391.2633137264,60033860.89469934,114254041.02823654,40000000,7.331050201805285,147601062.9423378,132652299.45967491,0.0,6589167.491142347,0.16472918727855868,6186899.01933558,-41042978.01939347,30454338.49770219,-44009173.05584348,-54597812.57753476,0.05040301390961505,-0.4327866330536635,-0.011956897151640609,-0.04187430983415111,2021-02-08,2023-06-18,False,False,False,False,False,0.0,0,0,False,[],铄琛化工
2023-06-30,半年报,2023-08-27,保留意见,False,377416856.8223903,109245656.2037347,268171200.61865565,0.2894562185788774,26630623.950240765,355725.43064593547,388285.1149310308,18409626.4404581,1668113.7765705278,921713.035820404,61557648.00644396,105102128.66989298,40000000,6.7042800154663915,136577587.30907324,123316367.41695283,63782509.48699579,-15747822.333235122,-0.39369555833087805,-13337045.775317254,-57173812.968450785,23857975.368679587,-38150783.839465246,-71466621.43923645,-0.0854952795418792,-0.9469172590666853,-0.048157985245178746,0.12737828042745017,2021-02-08,2023-09-07,False,False,False,True,False,0.0,0,0,False,[],铄琛化工
2023-09-30,季报,2023-10-27,无保留意见,False,399491037.3847052,121272852.76845407,278218184.6162511,0.3035683943308839,26350256.5811606,348384.70181699406,361928.22202785127,18658603.644006614,1425438.1341400077,876452.1426331511,56698827.6375317,102663522.89376113,40000000,6.9554546154062775,125631894.66021422,113864447.43082769,33417102.083025932,-15636703.784084331,-0.3909175946021083,-13502742.837321628,-43557119.84301231,27347286.49329341,-40341199.49213368,-56551032.841852576,0.0374648134267126,0.08874024198009903,0.01411217575200652,0.057468830805419216,2021-02-08,2023-12-06,False,True,False,True,False,0.0,3,0,True,"['根据公司盈利能力、融资能力及其成本、偿债能力及现金流等情况披露现金分红方案的合理性，是否导致公司营运资金不足或者影响公司正常生产经营', '是否影响偿债能力、过去十二个月内是否使用过募集资金补充流动资金以及未来十二个月内是否计划使用募集资金补充流动资金等内容', '结合所处行业特点、发展阶段和自身经营模式、盈利水平、偿债能力、资金需求等因素，未进行现金分红或现金分红水平较低原因的说明']",铄琛化工
2023-12-31,年报,2024-03-30,无保留意见,False,420020439.5702392,134264060.58705822,285756378.983181,0.31966077823364,27801290.65700716,386814.0948249317,410024.8558322079,20937666.325745035,1616952.108859833,1000297.5069583529,56752150.143809676,105614029.72302899,40000000,7.143909474579525,114138527.39748685,104357690.70302963,49918824.23132526,-16419096.089610523,-0.4104774022402631,-13581081.0397115,-10983537.235636236,28713276.376882467,-41095584.26857843,-23365845.127332203,0.027094542282803728,-0.573897511334828,0.016092383902756066,0.04780222491688763,2021-02-08,2024-04-09,False,False,False,True,False,0.0,0,0,False,[],铄琛化工
2024-03-31,季报,2024-04-30,无保留意见,False,405444062.3587147,130789917.87283877,274654144.48587596,0.32258437110153804,30817753.390292577,366666.0527897996,414152.06128926855,21426873.762389842,1738118.4552929336,1043246.678897809,57566724.66718749,111806488.93393466,40000000,6.8663536121468995,102493791.61840972,93742997.55681787,40582942.352332346,-16635336.827253047,-0.41588342068132617,-15163847.351731082,-66166254.021619596,27292817.647889264,-44028984.84848113,-82902421.22221147,-0.038852096799415536,-0.372248720958932,0.0029235928678980386,-0.013167986478118962,2021-02-08,2024-05-19,False,True,False,False,False,0.0,1,0,True,"['上市公司控股子公司向母公司实施利润分配的情况', '结合前述财务报表列报项目的具体情况说明现金分红方案确定的依据及未来增强投资者回报的规划', '根据公司盈利能力、融资能力及其成本、偿债能力及现金流等情况披露现金分红方案的合理性，是否导致公司营运资金不足或者影响公司正常生产经营', '是否影响偿债能力、过去十二个月内是否使用过募集资金补充流动资金以及未来十二个月内是否计划使用募集资金补充流动资金等内容']",铄琛化工
2024-06-30,半年报,2024-08-27,非标准无保留意见,False,368927090.7898891,116708771.1573226,252218319.6325665,0.31634643828254516,27798827.26972082,318897.4948850198,394915.3753466661,18655088.931931946,1336225.631853203,937614.6036508932,54805131.94701729,103744644.90897767,40000000,6.305457990814163,90766760.50482275,82694540.96277377,46100305.87640983,-16752901.590838542,-0.41882253977096356,-15783509.42006302,-21458082.43073676,25361688.924016807,-42367467.7570065,-38463861.26372646,-0.08168755252285391,-0.322392751370797,-0.006237932818992854,0.003641087573852125,2021-02-08,2024-10-12,False,True,False,True,False,0.0,1,0,True,['结合所处行业特点、发展阶段和自身经营模式、盈利水平、偿债能力、资金需求等因素，未进行现金分红或现金分红水平较低原因的说明'],铄琛化工
2024-09-30,季报,2024-10-27,无保留意见,False,387090792.187768,129937817.23274529,257152974.95502272,0.33567788192108616,23636247.39144957,303645.80358231877,356502.51188174635,19031595.767266907,1346439.8150130059,916303.6961869533,56079356.04127007,99444083.95141885,40000000,6.428824373875568,79023297.7306087,72456391.73949143,81403533.01219471,-16776375.391734349,-0.4194093847933587,-14625927.461831912,-43122387.12993751,25842765.188139338,-40272647.99675785,-57552269.938556015,0.01956501545821519,-0.09499778236317513,0.019331443638541036,0.010665585154463305,2021-02-08,2024-11-26,False,False,True,True,False,0.0,0,0,True,"['公司为增强投资者回报水平拟采取的措施', '留存未分配利润的预计用途以及收益情况', '结合前述财务报表列报项目的具体情况说明现金分红方案确定的依据及未来增强投资者回报的规划']",铄琛化工
2024-12-31,年报,2025-03-30,非标准无保留意见,False,434248067.47647166,170190507.85511357,264057559.62135813,0.3919200120892531,30973460.10993352,432393.5262498375,472582.7457226527,20375557.563820086,1677606.5828302577,1081267.70869983,63484259.81867332,117946117.04044627,40000000,6.601438990533953,67291350.61217935,61373010.77881656,24332506.679267246,-16759924.45489908,-0.418998111372477,-15833401.372392675,-75532860.65380162,26475649.673314,-42490258.21776908,-91547469.1982567,0.026850106118908482,0.07356496658778357,0.05624213016816692,0.10513541132470004,2021-02-08,2025-05-19,False,False,True,False,False,0.0,0,4,True,"['是否影响偿债能力、过去十二个月内是否使用过募集资金补充流动资金以及未来十二个月内是否计划使用募集资金补充流动资金等内容', '充分披露高送转的主要考虑及其合理性且送转股后每股收益不低于0.5元']",铄琛化工
2017-03-31,季报,2017-04-30,无保留意见,False,291137884.10906386,84800280.51830903,206337603.59075487,0.2912718857520507,24133036.881273657,372080.7376633085,0.0006239402610111994,21588674.60203416,5944042.398009411,17415850.33108192,58047.52783333444,68489721.50273022,40000000,5.158440089768872,-1814417.2439097422,-1721873.7113967228,3307716.7012385367,-2592024.6341567747,-0.06480061585391937,-2459819.5877096043,5714297.948731113,-44402466.370439686,-25574087.94976911,-64262256.37147768,0.14632001994863808,-0.19955692411982087,-0.008728114247949307,-0.09393724011445517,2021-10-25,2017-05-18,False,False,False,False,False,0.0,0,0,False,[],旻琮交通
2017-06-30,半年报,2017-08-27,无保留意见,False,293252876.1966955,86358910.55892922,206893965.6377663,0.29448615024326347,21997396.137326337,351673.42922657396,0.0005457922523617005,17698035.02595398,5866635.870236923,16480012.39799118,51150.61905686621,61490111.943590164,40000000,5.172349140944157,-11146978.829588247,-9978955.351984685,20097912.971786194,-13332230.836683579,-0.33330577091708946,-11795830.91512566,29039265.269978236,-46902846.644662865,-25942283.954785634,-43805865.32947026,0.002696367687369954,-0.7454347977293501,0.003214264491212802,-0.03996093861529163,2021-10-25,2017-10-02,False,False,False,False,False,0.0,0,0,False,[],旻琮交通
2017-09-30,季报,2017-10-27,无保留意见,False,335358784.9039294,117842016.13468054,217516768.76924887,0.3513908728183127,31851190.132893346,494319.40461031115,0.0007117125784468448,25713620.903377224,7983830.502079895,21283065.015612926,71057.54390662056,87027818.75237095,40000000,5.437919219231222,-19962958.63435854,-17783350.114230614,29253505.90346933,-12594256.863957562,-0.31485642159893906,-11149135.374637043,27984866.1223907,-50042322.84891142,-31323379.53141898,-53380836.2579397,0.051344190241300575,0.2012051303846871,0.05690472257504926,-0.1691428604054019,2021-10-25,2017-12-13,False,False,False,False,False,0.0,0,0,False,[],旻琮交通
2017-12-31,年报,2018-03-30,无保留意见,False,274316230.47022957,95975884.49218108,178340345.97804847,0.3498731530673937,24095985.47329857,342830.995380847,0.0005559143647126003,19559468.81744845,5976455.042334949,15369968.025295367,52011.62685562922,63726315.90878807,40000000,4.458508649451212,-27915474.041632812,-25230866.863765057,16010808.66157807,-11360736.2961061,-0.2840184074026525,-10639309.642192064,40583267.53099984,-40691100.18700677,-23707569.64698104,-23815402.30298797,-0.1801075981997527,0.27998013723503246,-0.0015177197509190605,0.1075704440179532,2021-10-25,2018-04-19,False,False,False,False,False,0.0,0,0,False,[],旻琮交通
2018-03-31,季报,2018-04-30,无保留意见,False,297903662.6094083,122526107.0102954,175377555.5991129,0.4112943961046346,24284363.010767784,370439.34902614955,0.0006170269676646986,20593363.502864115,6030901.458572279,16162506.4669709,46865.40399885331,67129403.50887176,40000000,4.384438889977822,-36081757.79087433,-33111573.36745659,46169679.666620634,-11666119.641773604,-0.2916529910443401,-11258152.148130758,55021684.71501225,-45887320.65369576,-23895714.407860346,-14761350.346543856,-0.016613124543900376,-0.05415305289884516,0.0614212430372409,-0.02798327103216939,2021-10-25,2018-05-15,False,False,False,False,False,0.0,0,0,False,[],旻琮交通
2018-06-30,半年报,2018-08-27,无保留意见,False,307343421.4213752,124315902.0203359,183027519.40103933,0.404485319534124,25398966.96382273,429432.1596365326,0.0006183816270305556,21900607.004893735,7003368.742545941,18422005.706400793,58567.1642777464,73527283.345528,40000000,4.575687985025984,-43477094.083410636,-39758565.41146491,5968409.22932118,-10564766.132194718,-0.26411915330486796,-9495702.920011882,36113206.63961763,-44319855.996452615,-24021027.714077532,-32227677.070912518,0.0436199705018876,0.20648260471014818,-0.006809076570510593,0.12861584072124033,2021-10-25,2018-10-16,False,False,False,False,False,0.0,0,0,False,[],旻琮交通
2018-09-30,季报,2018-10-27,无保留意见,False,280334016.5017881,101049031.47258444,179284985.02920365,0.3604594003023529,27455018.08311063,384055.5272907651,0.0006328837039223095,21144140.288533892,7135830.541040047,18742160.215032205,57649.1201322549,73609892.28390813,40000000,4.4821246257300915,-46919359.4323589,-42988797.26552941,7865986.193943284,-4917521.927068945,-0.12293804817672363,-4614616.934377856,53368372.4459448,-39169493.180735506,-23970970.90473001,-9772091.639520716,-0.020447932551799844,0.87755073415098,-0.04402591923177107,-0.044805591144655446,2021-10-25,2018-11-17,False,False,False,False,False,0.0,0,0,False,[],旻琮交通
2018-12-31,年报,2019-03-30,无保留意见,False,256748001.94310403,76277316.29571521,180470685.64738882,0.29709020408508746,21181919.603846926,301111.6892050939,0.0005024741469082333,19394845.090147767,5711259.6454231255,14506501.617403734,46349.75975369966,60021280.92857463,40000000,4.511767141184721,-47952487.25657473,-43881655.37287798,4778861.643724328,-1475896.8917368986,-0.036897422293422466,-1275511.5819265265,32482702.42616849,-37074825.40716844,-24413786.56745429,-29005909.54845424,0.006613496484337576,0.2848443021835463,-0.06336919621726549,-0.11989959016100489,2021-10-25,2019-04-09,False,False,False,False,False,0.0,0,0,False,[],旻琮交通
2019-03-31,季报,2019-04-30,无保留意见,False,263773580.454197,80471515.4397981,183302065.01439887,0.3050779964438918,21370485.68634391,352394.3504327758,0.0005469551689748913,18860054.71086937,5621196.342615699,16010915.067888612,52801.541246237444,62364450.53787811,40000000,4.582551625359971,-45211318.181220606,-41277828.939281,10055809.329355957,3915955.8219344653,0.09789889554836163,3719752.047995678,27336570.756463088,-41292935.15712999,-24472973.06170034,-38429337.46236724,0.01568886025369305,0.34732136704254507,0.007987792358804329,-0.034661731367865996,2021-10-25,2019-06-18,False,False,False,False,False,0.0,0,0,False,[],旻琮交通
2019-06-30,半年报,2019-08-27,无保留意见,False,291909215.7724941,92545583.59456733,199363632.17792672,0.31703549800460834,26110518.25816531,377232.64081832557,0.0005988394543871824,21375396.924943,6599225.7217881335,17536920.24494326,61349.39131802095,70547130.10500309,40000000,4.984090804448168,-36605039.327821516,-33429365.56610072,20396409.06967566,12294684.076284409,0.3073671019071102,11212090.533114683,8591481.193942746,-40486371.67547333,-27949236.6634192,-59844127.14494978,0.08762349274279133,0.40059026351371474,0.0119575015607166,0.07043244211173887,2021-10-25,2019-10-01,False,False,False,False,False,0.0,0,0,False,[],旻琮交通
2019-09-30,季报,2019-10-27,无保留意见,False,273495881.05797946,85571684.179229,187924196.87875044,0.31288107099897544,26163990.799544793,389594.09286115755,0.0007196455184677692,19745475.08056512,6689914.716997414,16981399.484412957,54505.50175428164,69529481.11479354,40000000,4.698104921968761,-41418660.06983259,-37787174.444660746,31149551.963617645,-6876601.060015822,-0.17191502650039556,-6225441.255085749,39831001.48500651,-39969778.93781225,-24284333.462584127,-24423110.915389862,-0.05737974962738881,-0.6544288064816646,-0.004154427005632897,0.11427550587458535,2021-10-25,2019-12-09,False,False,False,False,False,0.0,0,0,False,[],旻琮交通
2019-12-31,年报,2020-03-30,无保留意见,False,314260271.3819777,110852935.82434936,203407335.5576283,0.3527424428702591,23879874.105382152,420463.2284460099,0.0006467288530647039,21869361.220044773,7082392.624133359,19717957.71661043,65073.7988405646,75665046.68684086,40000000,5.085183388940708,-46531579.374209754,-42545036.153400026,26007836.32130823,-7304170.43482451,-0.18260426087061274,-6796945.298198977,15559855.489558466,-47882925.95923767,-28727218.58037306,-61050289.05005227,0.08239034108453648,-0.042235752768758905,0.039861371871283614,0.18176412731809324,2021-10-25,2020-04-12,False,False,False,False,False,0.0,0,0,False,[],旻琮交通
2020-03-31,季报,2020-04-30,无保留意见,False,308957012.4222919,120281920.25052495,188675092.1717669,0.3893160388478898,25238219.3826942,433206.11220087874,0.0006335155171708473,22089544.38201503,6789813.531258289,18083128.008850936,54355.84217327917,74597560.97054029,40000000,4.716877304294172,-51664960.20295102,-47033843.53373883,11206550.062145822,-7333401.1839160975,-0.18333502959790243,-6412581.971912577,26250457.659900285,-46128637.845684,-25632779.064429577,-45510959.250213295,-0.07242729641718124,-0.0030147754655852955,0.03657359597763074,0.11873050332683684,2021-10-25,2020-05-31,False,False,False,False,False,0.0,0,0,False,[],旻琮交通
2020-06-30,半年报,2020-08-27,无保留意见,False,299962477.84941643,131198527.1234269,168763950.72598955,0.4373831289301778,23138971.58771822,414718.0092448019,0.0005809974445176781,20310355.783386152,6621090.189076517,18070418.39124616,56931.168703265896,69836440.26407357,40000000,4.219098768149739,-56064960.6999286,-50839308.31676548,4952643.663747257,-6285714.995682258,-0.15714287489205644,-5436378.261466653,15269073.013355233,-41399952.57639931,-28891461.930343825,-55022341.49338791,-0.10553137256533335,0.10838209055398375,0.04806709008228796,0.07093560678802512,2021-10-25,2020-09-24,False,False,False,False,False,0.0,0,0,False,[],旻琮交通
2020-09-30,季报,2020-10-27,保留意见,False,277298463.7866131,114569634.91491587,162728828.87169722,0.4131636120533274,22438479.55832489,333162.0408168557,0.0005790255805984292,19589125.040559538,6268008.980773229,15619920.754200714,52273.2055583511,65180755.884336434,40000000,4.06822072179243,-60594450.60416832,-55113283.934003405,28212451.576251253,-6470699.863199607,-0.16176749657999015,-6105679.453197031,38539838.023518294,-38624362.992990226,-25073671.93835219,-25158196.90782412,-0.035760728688386534,-0.017265255445678418,-0.02421951687685036,-0.01992476890314848,2021-10-25,2020-12-25,False,False,False,False,False,0.0,0,0,False,[],旻琮交通
2020-12-31,年报,2021-03-30,无保留意见,False,273462564.83795446,102673758.32029417,170788806.5176603,0.37545818522230084,24215916.279983222,343578.4279242928,0.0006000612597729989,19879558.63759062,5719950.367843164,17656354.79092572,56069.60566464615,67114769.3657713,40000000,4.269720162941507,-65427387.4905734,-59614090.143450096,11834154.548922379,-6904195.55200726,-0.1726048888001815,-6429723.156352419,24149094.09655278,-40360622.82166771,-25080195.872921243,-41291724.59803617,0.04953011523433206,-0.04117041808814667,-0.03770542683102655,0.004863978799425629,2021-10-25,2021-05-12,False,False,False,False,False,0.0,0,0,False,[],旻琮交通
2021-03-31,季报,2021-04-30,无保留意见,False,235988256.40705413,69242597.67511217,166745658.73194197,0.293415438248233,21043439.502277605,301287.1733147492,0.00042684737563472043,17017654.389410086,4947626.865801817,15479070.237697402,44575.8155714004,55535768.03371095,40000000,4.168641468298549,-66055168.62384314,-60191227.798603974,3137316.1957566356,-896830.1903853342,-0.022420754759633354,-824482.364505544,30405706.070984732,-38223885.64489908,-21307808.354139198,-29125987.928053543,-0.023673376892532228,0.5950358282559954,-0.08204274697406781,-0.01747369682896973,2021-10-25,2021-06-19,False,False,False,False,False,0.0,0,0,False,[],旻琮交通
2021-06-30,半年报,2021-08-27,无保留意见,False,249697333.82707906,77702817.93744369,171994515.88963538,0.3111880160933341,22104978.129035644,350624.0678815466,0.0006089313867436504,18505386.324868586,5825986.535357833,17648017.379306175,54321.46148194651,63981688.76517994,40000000,4.299862897240884,-56237791.974775895,-50870288.511721335,22773672.459013965,14024823.784381777,0.3506205946095444,13315627.55268949,19225226.910783347,-37752104.41905752,-22523423.813737083,-41050301.322011255,0.03147822376672127,0.9266283688977736,0.017772577845101015,0.013039029646747791,2021-10-25,2021-09-18,False,False,False,False,False,0.0,0,0,False,[],旻琮交通
2021-09-30,季报,2021-10-27,无保留意见,False,283600374.80346376,92915030.36621957,190685344.43724418,0.32762661343663624,24024517.171503004,317764.5782656997,0.0005430428821993804,19438665.232070185,6375761.171356952,15127614.54183386,48058.19922896271,62818494.96843577,40000000,4.767133610931104,-35606522.41559733,-31166678.06967525,91687334.78050621,29473242.227397956,0.7368310556849489,28148014.917208683,16680460.383920107,-42582613.36248917,-25653149.276240177,-51555302.254809245,0.10867107274282052,0.49793734689294455,0.016438597343302195,0.12075581222131568,2021-10-25,2021-11-09,False,True,False,True,False,0.0,3,0,True,"['充分披露高送转的主要考虑及其合理性且送转股后每股收益不低于0.5元', '公司为增强投资者回报水平拟采取的措施']",旻琮交通
2021-12-31,年报,2022-03-30,无保留意见,False,324685767.25222254,91545303.0746765,233140464.17754602,0.2819504650586123,27845724.21491387,479818.8113203638,0.0007640083704270954,24892871.229069922,8059918.32616813,22525852.20000551,69194.98572701488,86603586.15341443,40000000,5.828511604438651,-38719330.286526315,-34044253.51212671,3437975.3107104097,-4446868.387041412,-0.1111717096760353,-4110822.060644932,63656309.98596195,-45993257.540406175,-32458525.2607008,-14795472.815145023,0.22264490155547373,-0.7298847463334938,-0.04567614837802394,-0.022713347163513736,2021-10-25,2022-05-02,False,False,False,False,False,0.0,0,0,False,[],旻琮交通
2022-03-31,季报,2022-04-30,无保留意见,False,323697080.23537993,78097842.0830821,245599238.15229782,0.2412682932644693,31047039.69145238,464769.81772757915,0.0007314368766790632,26328348.452514768,7684176.911735795,22629997.49782967,67518.74805438306,84882804.68444148,40000000,6.139980953807446,-42232851.69979667,-37046196.588085905,23156113.969793685,-5019316.304671925,-0.12548290761679812,-4288490.108513149,11480192.791988978,-50394478.21624115,-28002501.92502028,-66916787.34927246,0.05343891725832696,-0.0456020007819862,-0.040682171794143,-0.029761604367702026,2021-10-25,2022-05-24,False,False,False,False,False,0.0,0,0,False,[],旻琮交通
2022-06-30,半年报,2022-08-27,无保留意见,False,327548690.0464902,80782224.66902094,246766465.37746927,0.24662661498525676,28985790.055528052,389637.2739069112,0.0006240038133226961,22068411.692766044,6605123.821515376,19928926.729979116,56639.78438722076,74453386.06717606,40000000,6.1691616344367315,-42722444.1017638,-37537372.95982421,2158182.588754437,-699417.7170959059,-0.01748544292739765,-701680.5310547191,24229137.3342089,-49877395.34873121,-29646441.308670696,-55294699.32319301,0.004752568590817966,0.3605719587823342,0.0053583217207874385,-0.030953879936588734,2021-10-25,2022-10-24,False,False,False,False,True,0.0,0,0,False,[],旻琮交通
2022-09-30,季报,2022-10-27,无保留意见,False,371369827.53568536,111066728.3350337,260303099.20065165,0.29907310745206184,32910938.30052798,484425.81921748264,0.000810701355968704,29024536.07436517,8962532.399965,24097819.494105715,75386.45218340048,93109105.82948023,40000000,6.507577480016291,-38724632.47979558,-34037472.74496117,21810896.015820064,5711159.459954593,0.14277898649886483,4999857.449804346,37572218.4395685,-57587484.55021576,-33526972.89931987,-53542239.00996713,0.05485605105408432,0.39327289453787523,0.052446492466805106,0.032425996738832875,2021-10-25,2022-12-03,True,False,False,True,False,2556363.343019226,0,0,True,"['公司为增强投资者回报水平拟采取的措施', '上市公司控股子公司向母公司实施利润分配的情况']",旻琮交通
2022-12-31,年报,2023-03-30,无保留意见,False,341867989.35190576,113079733.47646585,228788255.8754399,0.33077017152391514,29012086.75980423,421191.5021458054,0.0007385590549222178,24191366.169286095,8330007.164232652,23841335.210561346,70061.10532799266,84719881.80950087,40000000,5.719706396885998,-34887129.170634516,-30395046.206559647,0.0,5482147.584515806,0.13705368961289516,5203466.483430749,49809145.076246984,-56559616.1572964,-32415810.126766466,-39166281.20781588,-0.12106979679453932,-0.010083671678788188,0.03169706407185326,-0.030690520341501985,2021-10-25,2023-04-16,False,True,False,False,False,0.0,0,0,True,"['留存未分配利润的预计用途以及收益情况', '公司为增强投资者回报水平拟采取的措施', '根据公司盈利能力、融资能力及其成本、偿债能力及现金流等情况披露现金分红方案的合理性，是否导致公司营运资金不足或者影响公司正常生产经营']",旻琮交通
2023-03-31,季报,2023-04-30,无保留意见,False,274067828.4820729,59393231.13612923,214674597.34594366,0.21670997090420707,19488509.519848958,360530.37613319984,0.0006303413221636214,17233329.550053563,6818631.175582328,15493597.897361504,51647.8009557877,66028474.18323043,40000000,5.366864933648592,-26116156.617577236,-22390801.930663858,52582021.648465656,12529960.790081833,0.31324901975204583,11434634.67985113,29410889.0995689,-39039562.84435356,-23936068.514923483,-33564742.25970814,-0.061688736930536316,0.31348487412386206,-0.11406020061970805,0.0064498071666877115,2021-10-25,2023-06-14,True,False,False,False,False,11763891.995685626,0,0,True,['是否影响偿债能力、过去十二个月内是否使用过募集资金补充流动资金以及未来十二个月内是否计划使用募集资金补充流动资金等内容'],旻琮交通
2023-06-30,半年报,2023-08-27,无保留意见,False,319536723.826123,75693578.11413094,243843145.71199206,0.23688537958259803,26128287.647708926,446739.2196983103,0.0006975289637679264,20981269.209059507,6711181.685593513,16887193.091833655,57564.37214905216,75243169.38945319,40000000,6.096078642799801,-19495998.407340415,-16536004.530792428,32287462.425312854,9457368.871766891,0.23643422179417228,8363996.285530612,45499939.28873052,-47690249.984223135,-24538742.059358895,-26729052.754851513,0.13587331117264845,-0.10404998300393697,0.020175408678390978,-0.07008938213655105,2021-10-25,2023-10-11,False,False,False,False,False,0.0,0,0,False,[],旻琮交通
2023-09-30,季报,2023-10-27,无保留意见,False,292580682.40620464,58516136.48124093,234064545.9249637,0.2,24962402.68877562,370546.59025748976,0.0006015328219859964,20549247.28712409,6189540.992015432,16970798.005681917,51508.55049246551,69980365.4143976,40000000,5.851613648124093,-15651147.823091928,-12943702.61172134,3264688.5025671497,5492643.691783551,0.13731609229458877,5131859.884387268,19077522.62298457,-41157957.262009494,-26395429.69819533,-48475864.33722025,-0.04010200802846457,-0.14985334328592914,-0.0822009080341716,-0.05569468919426422,2021-10-25,2023-11-08,False,False,True,False,False,0.0,0,4,True,"['结合所处行业特点、发展阶段和自身经营模式、盈利水平、偿债能力、资金需求等因素，未进行现金分红或现金分红水平较低原因的说明', '留存未分配利润的预计用途以及收益情况']",旻琮交通
2023-12-31,年报,2024-03-30,无保留意见,False,296472802.40174615,59294560.48034923,237178241.9213969,0.2,25056368.27349671,376590.1669244126,0.0006077618816352705,22236350.72673787,6858800.23237307,18931031.47221384,54498.61722916963,72575577.27817683,40000000,5.929456048034923,-2381539.3661826258,-333704.0741367362,47449613.306329526,18956583.509870432,0.4739145877467608,18014283.625120863,35959220.71664306,-45788861.927912705,-26180906.402796444,-36010547.614066094,0.013302723759929809,0.5985930334638783,-0.026576977868608218,0.032771060973184135,2021-10-25,2024-05-16,True,False,False,False,False,21950205.35049343,0,0,True,['公司在相应期间是否按照中国证券监督管理委员会相关规定为中小股东参与现金分红决策提供了便利'],旻琮交通
2024-03-31,季报,2024-04-30,无保留意见,False,279412605.5250001,68625710.87717304,210786894.64782706,0.24560706825745854,24209963.29903417,388843.05567457277,0.0006013493653581871,20347407.31854019,7067167.036378861,17244990.54522048,53774.55900840149,67817996.06551558,40000000,5.269672366195676,6325647.359329091,7659655.765129233,6717050.633468551,12438838.179302454,0.31097095448256135,11419085.484665671,25491246.64757973,-43337647.108220644,-24404785.706503015,-42251186.167143926,-0.11127221055258596,-0.18126709198549956,0.11749957457764028,0.08872038647283702,2021-10-25,2024-06-25,False,False,False,False,False,0.0,0,0,False,[],旻琮交通
2024-06-30,半年报,2024-08-27,无保留意见,False,283622994.7238435,58859452.44779475,224763542.27604878,0.20752708187537722,26015575.606747225,407791.0490838919,0.000655718154887091,23124502.483070802,6261809.033099864,17778571.94955473,61109.28518501088,71738904.01083471,40000000,5.61908855690122,-3426405.2179722507,-577223.1352788126,24483329.721969627,-13931503.681859061,-0.3482875920464765,-11766969.85772578,56272516.64656424,-44300884.52452858,-26976023.34432258,-15004391.222286921,0.06630700476693899,-0.8957670713955586,-0.0380799863820813,0.00272255560168105,2021-10-25,2024-09-09,False,False,False,False,False,0.0,0,0,False,[],旻琮交通
2024-09-30,季报,2024-10-27,无保留意见,False,312727062.4326552,79984047.6838213,232743014.7488339,0.2557631151638679,24340167.0994931,413128.9882737618,0.0006323208216609975,23038754.23192077,7052264.7918777,18183321.026702445,60789.682972666866,74184594.39287622,40000000,5.818575368720848,-13169666.751332942,-9268623.349347536,37235184.58641637,-13918945.04765813,-0.3479736261914533,-12416286.020098176,6022099.998425191,-46143979.26975466,-25600506.43225336,-65722385.70358283,0.03550163159016628,0.004092764956791889,0.0482360332884907,-0.0073333101380592385,2021-10-25,2024-12-05,False,False,False,False,False,0.0,0,0,False,[],旻琮交通
2024-12-31,年报,2025-03-30,无保留意见,True,281775107.40775317,58357799.03716139,223417308.3705918,0.20710771641269415,24177866.90946995,425904.7292809427,0.0006235329979068041,23278260.780119296,6738587.747747068,18406930.428995136,59205.827721066606,72740175.21075003,40000000,5.585432709264794,-22551270.15596733,-17717168.52201316,43136366.00952509,-13402290.578049121,-0.335057264451228,-12069350.24666518,8945778.580015583,-44286962.57137609,-27319625.920227733,-62660809.91158824,-0.04006868428814493,0.16768752183933194,-0.04865539875117375,0.021694798215121495,2021-10-25,2025-04-13,False,False,False,False,False,0.0,0,0,False,[],旻琮交通
2017-03-31,季报,2017-04-30,无保留意见,False,241094706.8311118,78047440.62128197,163047266.20982984,0.32372108723214166,93847.75916674451,3.765067714200964e-05,36260780.89708254,86655184.26589954,42926.57342936336,329301.86207064264,532143.0398407262,121676552.6113865,40000000,4.076181655245746,-2535500.3431086782,-2365391.2194689163,12584754.256548403,-3622143.3472981118,-0.0905535836824528,-3379130.3135270234,23455830.398519628,20002112.171237692,33847755.576600805,77305698.14635813,-0.09418185438983424,-0.2567857415165617,0.023721087232141676,-0.04708245616339536,2021-03-12,2017-06-21,False,False,False,False,False,0.0,0,0,False,[],曦琯建筑
2017-06-30,半年报,2017-08-27,无保留意见,False,262587001.89311206,84602476.31481597,177984525.5782961,0.32218836311347204,107346.86507351551,4.1767914757358743e-05,38892569.60847007,77229359.93995285,44454.115065670725,409765.49832685734,609011.9495095789,130666835.33536132,40000000,4.449613139457402,-5296335.890816208,-4998622.0640474325,11044894.178489255,-3944050.7824393287,-0.09860126956098322,-3761758.3493978805,4094168.1057080175,25068273.41138624,35754694.735895395,64917136.25298965,0.09161306236955297,-0.024062706268885205,-0.0015327241186696284,0.007364424059933239,2021-03-12,2017-09-25,False,False,False,False,False,0.0,0,0,False,[],曦琯建筑
2017-09-30,季报,2017-10-27,无保留意见,True,242427286.41730624,73679441.19008401,168747845.22722223,0.30392387869760945,84073.05922694833,3.47458069970389e-05,40356080.88110585,91307915.33540109,42329.368382653316,308948.4524460324,569045.4776451716,118197623.13924725,40000000,4.218696130680556,-11345811.760535382,-10890766.106646556,23396395.714558914,-8642108.385313107,-0.21605270963282766,-8417348.632284462,10632432.629528414,22730275.58672272,34560549.131902,67923257.34815314,-0.051895974220582404,-0.3598403704385385,-0.018264484415862592,-0.07054076965359282,2021-03-12,2017-12-03,False,False,False,False,False,0.0,0,0,False,[],曦琯建筑
2017-12-31,年报,2018-03-30,无保留意见,False,266320408.93649837,85019538.29619297,181300870.6403054,0.31923778818042103,104590.50096990274,4.2212801524388536e-05,38939294.43157167,91544820.6462699,50455.048978024686,394619.46653748344,547745.0469470469,135783138.87922236,40000000,4.532521766007635,-18168683.857464474,-16772831.626311103,34709664.21212092,-9746960.138470134,-0.24367400346175336,-8402950.742377928,48593486.5956698,26612428.548705623,36246763.06528942,111452678.20966484,0.07438924862228796,-0.13219263949481327,0.015313909482811583,0.10474691990473191,2021-03-12,2018-05-12,False,False,False,False,False,0.0,0,0,False,[],曦琯建筑
2018-03-31,季报,2018-04-30,无保留意见,False,315103173.7734404,109928157.63990964,205175016.1335308,0.348864012772363,113578.53104901526,4.2802980641753274e-05,49905977.28689806,103418589.34354839,54744.950071666244,410856.28681179095,633011.2466248762,150698439.21557865,40000000,5.12937540333827,-21974347.575565364,-20292203.288438957,16954582.767948423,-5436662.454429839,-0.13591656136074598,-5027673.803039788,25505095.756887566,30671538.32477207,45518256.63030743,101694890.71196707,0.13168246467272,0.5942746443325259,0.029626224591942012,0.06519520782591959,2021-03-12,2018-05-12,False,False,False,False,False,0.0,0,0,False,[],曦琯建筑
2018-06-30,半年报,2018-08-27,保留意见,False,289245698.6675247,99427914.65112458,189817784.0164001,0.34374898264403453,106807.8865147061,3.789453788703992e-05,39139940.13381128,86553673.65757817,47558.1532867628,404800.93864674325,529428.3982861274,139133256.5112429,40000000,4.745444600410003,-26237629.637739345,-24292926.98962653,11861814.43083374,-6090402.945962835,-0.15226007364907088,-5715319.573125112,19264935.85749524,27564106.74861615,39062460.86700039,85891503.47311178,-0.07484942565880445,-0.05653562295112966,-0.005115030128328517,0.05182057322018201,2021-03-12,2018-09-27,False,False,False,False,False,0.0,0,0,False,[],曦琯建筑
2018-09-30,季报,2018-10-27,无保留意见,False,294470114.68377715,88590625.8371802,205879488.84659696,0.30084759511950837,111807.17734668494,4.280918547961466e-05,47107660.42423259,101557918.58915122,52810.03253179708,426544.9777463051,683614.9932886218,149743206.5600623,40000000,5.146987221164924,-29986537.31504008,-27691009.20842451,18080801.749335393,-5355582.396143908,-0.1338895599035977,-4854403.169711399,15202956.947595391,29964234.043200318,40704056.42602599,85871247.41682169,0.08461643840921222,0.06735542533598923,-0.042901387524526144,-0.04309937146306709,2021-03-12,2018-12-10,False,False,False,False,False,0.0,0,0,False,[],曦琯建筑
2018-12-31,年报,2019-03-30,无保留意见,False,322766554.33842254,107814736.27264522,214951818.0657773,0.3340331729650058,129693.27765352726,5.334234925194888e-05,54074593.90542513,114472399.2467106,61913.15271183849,495974.41117261647,745761.1978200882,176592248.19817457,40000000,5.373795451644432,-34701731.47623338,-32066750.653149303,17248442.27872617,-6735991.65884757,-0.16839979147118925,-6251059.206749708,50418795.75789353,29538456.499831814,44748527.48934953,124705779.74707487,0.04406621208361484,-0.11854687023991095,0.03318557784549743,0.07297579362257504,2021-03-12,2019-05-10,False,False,False,False,False,0.0,0,0,False,[],曦琯建筑
2019-03-31,季报,2019-04-30,无保留意见,False,320131824.0069499,111316590.89760585,208815233.10934407,0.3477211028391517,121026.7432600367,4.847141675771317e-05,53190088.33440325,118245269.1034047,60255.18286799786,455873.4757662903,674265.6496315004,156764031.0821996,40000000,5.220380827733601,-41405130.78804167,-37884428.50593315,37676200.29981281,-9576284.731154704,-0.23940711827886763,-8310968.361119786,26664203.97379324,29297846.186987232,46934703.12599299,102896753.28677347,-0.028548653422207207,-0.2767235740562765,0.013687929874145896,-0.1858465743281116,2021-03-12,2019-06-23,False,False,False,False,False,0.0,0,0,False,[],曦琯建筑
2019-06-30,半年报,2019-08-27,无保留意见,False,375209273.5196148,166459122.10207775,208750151.41753703,0.44364341142377384,144923.77641625615,5.8641074711760246e-05,54065929.31119731,132699408.00794668,71896.83145541533,519124.9472474112,828415.7804103546,190662941.22255248,40000000,5.218753785438426,-47431498.04969875,-43289410.445558734,4908108.021053015,-8609096.08808154,-0.2152274022020385,-7721402.770893683,4891697.526171164,37303613.72664231,52944690.36983513,95140001.6226486,-0.00031167118815004114,0.13028363939712406,0.09592230858462217,0.0756617704902724,2021-03-12,2019-09-16,False,False,False,False,False,0.0,0,0,False,[],曦琯建筑
2019-09-30,季报,2019-10-27,无保留意见,False,369827563.91988826,147064239.41987163,222763324.50001663,0.3976562424420278,147600.86710457108,5.701339023184419e-05,52241741.12811754,124717043.05106339,64210.697325137735,445264.14461833023,753849.5107482283,179204287.31819153,40000000,5.569083112500416,-51691170.36345155,-47540549.913243726,17352388.85049293,-6085246.162504006,-0.15213115406260017,-6073056.382407133,10132848.184177594,32860826.21957347,48723656.65972674,91717331.06347781,0.06712892415800358,0.30078403376692825,-0.045987168981746054,0.060881218097004905,2021-03-12,2019-11-21,False,False,False,False,False,0.0,0,0,False,[],曦琯建筑
2019-12-31,年报,2020-03-30,无保留意见,False,364921962.6297273,134618901.30851436,230303061.32121295,0.36889777841381155,147438.4984611343,5.225446907160415e-05,59398790.616917044,132142212.15756054,68689.76137724078,543059.9728811953,874515.731007172,187548598.4388298,40000000,5.757576533030323,-53008012.14519294,-48810536.47397862,3191953.049334395,-1881202.5453448389,-0.04703006363362097,-1814266.5153355545,9054072.698835533,33075823.91473743,48117122.974353574,90247019.58792654,0.03384640105420825,0.385170722102482,-0.028758464028216284,0.00922467389462044,2021-03-12,2020-04-26,False,False,False,False,False,0.0,0,0,False,[],曦琯建筑
2020-03-31,季报,2020-04-30,无保留意见,False,380297627.5379696,155778348.73745224,224519278.80051735,0.409622194453209,158334.0283439478,6.186915748006608e-05,60899507.59408035,145200257.75723025,70114.44355500895,534304.2920365485,812015.1196979083,198058603.49064007,40000000,5.6129819700129335,-49641207.99130339,-45796202.31659219,12100823.336210778,4809720.219842214,0.12024300549605535,4306191.653409188,57988464.09440824,35478777.829520285,48843063.71619759,142310305.6401261,-0.025113789141641946,0.4425565449404762,0.040724416039397485,0.001740522616665377,2021-03-12,2020-06-27,False,False,False,False,False,0.0,0,0,False,[],曦琯建筑
2020-06-30,半年报,2020-08-27,无保留意见,False,391220531.5390183,144457995.50939035,246762536.0296279,0.36924952517473614,156581.65527542462,6.143413606244978e-05,55506822.43938123,123256763.87245335,67779.92739904307,571815.3604188664,782135.3654450829,194041108.67349753,40000000,6.169063400740697,-38171185.80412018,-36258332.42024065,76205593.03813876,16385745.981690306,0.4096436495422577,13625528.42335934,11998336.06272985,40022081.90876009,56261419.06075167,108281837.03224161,0.0990705891625163,0.5307736938008202,-0.040372669278472884,0.11324118512360595,2021-03-12,2020-09-25,False,False,False,False,False,0.0,0,0,False,[],曦琯建筑
2020-09-30,季报,2020-10-27,无保留意见,False,384839688.6179666,143080506.8668654,241759181.7511012,0.3717924920392048,172329.62618988176,6.075622689039193e-05,63736651.441200756,149389288.4542317,76501.9613280846,551067.5245478611,960353.4288773625,209001812.5923783,40000000,6.04397954377753,-40418919.38475011,-38137269.84850874,2719589.703174694,-3211047.9723284785,-0.08027619930821196,-2684196.3260972705,42785782.368778974,40541062.78753719,53177662.17815654,136504507.33447272,-0.020275988239665185,-0.5869808619752341,0.0025429668644686675,0.0013321678212699188,2021-03-12,2020-12-13,False,False,False,False,False,0.0,0,0,False,[],曦琯建筑
2020-12-31,年报,2021-03-30,无保留意见,False,466024479.2001854,190854064.40359864,275170414.7965868,0.4095365649700461,185758.38965343914,7.484357945135913e-05,67502663.23478524,151589409.82776877,87563.45336108418,610066.5170753482,1054066.884797701,238582732.3985202,40000000,6.87926036991467,-41979762.5328475,-39469224.89801577,10546518.528210696,-2229775.925853409,-0.05574439814633522,-1902792.927867183,41548420.8399267,42833685.12186005,63381883.70213816,147763989.6639249,0.13820047207093683,0.07116364205966211,0.03774407293084126,0.08788559268091946,2021-03-12,2021-05-15,False,True,False,False,False,0.0,3,0,True,"['充分披露高送转的主要考虑及其合理性且送转股后每股收益不低于0.5元', '公司在相应期间是否按照中国证券监督管理委员会相关规定为中小股东参与现金分红决策提供了便利', '是否影响偿债能力、过去十二个月内是否使用过募集资金补充流动资金以及未来十二个月内是否计划使用募集资金补充流动资金等内容']",曦琯建筑
2021-03-31,季报,2021-04-30,无保留意见,False,476474971.7301738,201564479.3197563,274910492.4104175,0.42303266966538927,198163.58119776717,7.267592206007188e-05,78800286.45657378,165206387.84816357,83184.47804504441,638191.884440525,1027413.1304219789,241525435.19233635,40000000,6.872762310260438,-45851741.72664421,-43041784.133738235,14977694.417093901,-5531398.848281013,-0.13828497120702532,-5103656.051032093,83029219.71663159,47226464.53299694,65513143.866447404,195768828.11607593,-0.0009445869620882763,-0.2235323516998416,0.013496104695343219,-0.014094211719535725,2021-03-12,2021-06-02,False,True,False,True,False,0.0,2,0,True,['公司为增强投资者回报水平拟采取的措施'],曦琯建筑
2021-06-30,半年报,2021-08-27,无保留意见,False,554684034.5280757,263886821.1589557,290797213.36912,0.4757425934991444,202352.52873861324,9.292679370792235e-05,84767953.38017118,205047106.3177165,97541.4772048442,769818.7789197562,1179240.1438872702,280893230.71330893,40000000,7.269930334228,-46009536.000215024,-43181545.69095831,370209.4478314437,-225420.39081545174,-0.005635509770386293,-199659.3674572622,37894475.05516261,53856048.65736122,77846068.9413381,169596592.65386194,0.05778870358642051,0.4626526275761423,0.052709923833755064,-0.09353606592655561,2021-03-12,2021-10-04,False,False,False,False,False,0.0,0,0,False,[],曦琯建筑
2021-09-30,季报,2021-10-27,无保留意见,False,565451114.2715938,287779151.9535269,277671962.3180669,0.5089372797933911,237238.15766227833,8.331631631141547e-05,86988601.97573747,183188821.82730073,94260.146672689,776891.9657708419,1190984.462877719,283179372.0469134,40000000,6.941799057951672,-32541906.170686018,-31257503.547941864,58120549.12281264,19239471.185041443,0.4809867796260361,17034345.918594934,83287311.15942274,49960604.41572835,76674621.68407775,209922537.25922883,-0.04513540862027706,1.1603802914500059,0.033194686294246684,0.0790257499953151,2021-03-12,2021-12-04,False,False,False,False,False,0.0,0,0,False,[],曦琯建筑
2021-12-31,年报,2022-03-30,无保留意见,False,613804052.9429473,300320255.4480588,313483797.4948885,0.4892770811925111,258195.49394766538,9.341605229267682e-05,94451249.62551469,224536364.26521885,122002.86716995713,911736.2960215257,1376463.1687689186,326788769.49097145,40000000,7.837094937372212,-31695560.50032682,-30484756.55929155,1807990.5956565067,1209065.2433702834,0.030226631084257084,1103924.2695004472,82887051.14414461,63678327.32857971,85135203.87002146,231700582.34274578,0.12897173656949917,-0.49753501781542453,-0.019660198600879884,-0.04472313309930294,2021-03-12,2022-05-10,True,False,False,False,True,222762.24635215063,0,0,True,"['根据公司盈利能力、融资能力及其成本、偿债能力及现金流等情况披露现金分红方案的合理性，是否导致公司营运资金不足或者影响公司正常生产经营', '充分披露高送转的主要考虑及其合理性且送转股后每股收益不低于0.5元', '上市公司控股子公司向母公司实施利润分配的情况']",曦琯建筑
2022-03-31,季报,2022-04-30,无保留意见,False,658416210.9310856,341206510.4779715,317209700.4531141,0.5182231312249457,258128.5205977385,9.820754346695195e-05,97919874.23453416,225570992.95703173,120570.81106111774,852706.9053815214,1524146.5784927881,325359528.7818985,40000000,7.930242511327853,-26862592.700063065,-26369375.922384772,4913017.844980753,6904239.714662511,0.17260599286656278,5879115.1955811065,109781444.85073204,63424681.503110774,92993892.0142085,266200018.36805132,0.011885472193459692,0.3127658885930882,0.028946050032434594,0.029679410234315525,2021-03-12,2022-06-15,False,True,False,False,False,0.0,1,0,True,['充分披露高送转的主要考虑及其合理性且送转股后每股收益不低于0.5元'],曦琯建筑
2022-06-30,半年报,2022-08-27,非标准无保留意见,False,706338083.7169429,336093387.50565386,370244696.21128905,0.4758250974335677,282095.9003267424,0.00011512231782316721,102289722.88891482,229548539.12161678,132737.95650239434,1069613.5882016525,1472705.700118658,354424018.9201154,40000000,9.256117405282227,-22682198.091137193,-22625799.48399079,3984044.568320966,5971992.298465535,0.14929980746163837,5347966.340562834,128131227.53297393,64023091.17214388,97726133.96373372,289880452.66885155,0.1671922254660491,-0.03899924981195482,-0.042398033791378055,-0.03719798440636168,2021-03-12,2022-10-03,True,False,False,False,False,1957562.4443643915,0,0,True,"['结合前述财务报表列报项目的具体情况说明现金分红方案确定的依据及未来增强投资者回报的规划', '充分披露高送转的主要考虑及其合理性且送转股后每股收益不低于0.5元']",曦琯建筑
2022-09-30,季报,2022-10-27,无保留意见,False,759489779.5034416,382408202.3385058,377081577.1649358,0.5035067128731163,301252.33896985924,0.00011921102180038288,107424491.14255337,258762825.21078444,119470.15553795145,1088966.1092888045,1660270.26140216,376978746.66212463,40000000,9.427039429123395,-17902074.079311524,-18256694.705188032,21143100.519651756,6828748.588322382,0.17071871470805955,6241578.255432508,141175808.90763888,72720629.64876786,103215807.72919133,317112246.28559804,0.018465844409409553,0.03729568940844855,0.027681615439548585,0.01909485117937098,2021-03-12,2022-12-02,False,False,False,False,False,0.0,0,0,False,[],曦琯建筑
2022-12-31,年报,2023-03-30,无保留意见,False,788985388.214075,380451153.31670254,408534234.8973724,0.48220304076591464,301074.42187417316,0.00010984256717434617,105596806.95642483,265414850.48640716,119027.89297945464,1074993.9916777725,1494347.4302800528,383760438.666908,40000000,10.213355872434311,-24180458.917788263,-23672503.10954712,29924882.084791463,-8969121.197823914,-0.22422802994559785,-7736869.149084414,68810390.93370362,73777983.84142248,104899100.45925163,247487475.23437774,0.08341075151141392,-0.662975217837846,-0.021303672107201632,0.14739728605541635,2021-03-12,2023-04-14,False,False,False,False,False,0.0,0,0,False,[],曦琯建筑
2023-03-31,季报,2023-04-30,无保留意见,False,873082277.0462482,446467546.59783196,426614730.4484163,0.5113693844620122,363538.70008112217,0.00014006036817479036,141825366.56678504,347758908.8232357,174362.2950385204,1254214.4778883678,1948535.2475047617,467287128.335962,40000000,10.665368261210407,-29451878.25949065,-28498837.23433701,16093679.71330004,-7530599.059574835,-0.18826497648937088,-6894763.035414127,87536119.19844007,82324452.97917421,112982655.31468356,282843227.4922978,0.044256990006200606,0.1791238759398647,0.029166343696097517,0.05590018133486913,2021-03-12,2023-05-23,False,False,False,False,False,0.0,0,0,False,[],曦琯建筑
2023-06-30,半年报,2023-08-27,无保留意见,False,917776393.4107478,496664711.96678185,421111681.4439659,0.5411609140664628,422964.18270644505,0.00013894321536469083,130264952.5833132,321663360.61538893,177456.4311554098,1283519.6391099112,2098764.8359286627,477915978.82575494,40000000,10.527792036099148,-31208298.551566184,-30207994.577802625,1275665.21341797,-2509171.8458221946,-0.06272929614555486,-2441653.347808016,117693018.01916797,91564154.89280523,117952798.29461375,327209971.20658696,-0.012899341283096522,0.5302792906693824,0.029791529604450716,0.07200537592434027,2021-03-12,2023-09-22,False,False,False,False,True,0.0,0,0,False,[],曦琯建筑
2023-09-30,季报,2023-10-27,无保留意见,False,1376344927.3929949,886632334.7257457,489712592.66724926,0.6441934118979616,504120.6426026859,0.0001956079817612498,205321912.13545612,486521501.59539765,230444.2803643782,1763445.8544884145,2943479.922261359,659592200.2072035,40000000,12.242814816681232,-33195752.466636173,-32088318.424793497,14139010.697736686,-2839219.8786714133,-0.07098049696678534,-2686176.9242726765,113388715.90646014,128658517.83692387,172966399.50045633,415013633.24384034,0.16290431789508913,-0.022776340271074315,0.10303249783149876,0.006271947263686751,2021-03-12,2023-12-13,False,False,False,False,False,0.0,0,0,False,[],曦琯建筑
2023-12-31,年报,2024-03-30,无保留意见,False,1198587436.3842554,718699581.6438951,479887854.74036026,0.5996221550694505,477787.30334776384,0.00019270666319964476,169159883.51147112,382271159.77039427,219145.10037640695,1695540.6185342914,2533758.2700771512,591650427.6803157,40000000,11.997196368509007,-36773281.18301677,-35175509.50613243,15320900.066299403,-5110755.309115134,-0.12776888272787834,-4410272.973341329,168639849.2209292,109911985.43318859,162910712.89557633,441462547.5496942,-0.02006225299083676,-0.16041033127987037,-0.04457125682851121,0.023287941858359765,2021-03-12,2024-05-15,False,False,False,True,False,0.0,0,0,False,[],曦琯建筑
2024-03-31,季报,2024-04-30,无保留意见,False,1231982009.7663236,687126465.4239264,544855544.3423973,0.5577406650233936,527292.2323417701,0.00017372052108581928,194286146.92946324,433041236.67127925,227533.31463555867,1812023.651834653,2550318.9005005807,626459621.250305,40000000,13.621388608559933,-38685245.84330054,-36968873.23821743,4379835.105177057,-2731378.0861196686,-0.06828445215299171,-2561948.1886928543,135799527.76063898,111410238.20161444,174187443.97059867,421397209.9328521,0.13538098320322647,0.2001285434742263,-0.04188149004605679,0.08770008723479364,2021-03-12,2024-05-28,False,False,False,True,True,0.0,0,0,False,[],曦琯建筑
2024-06-30,半年报,2024-08-27,无保留意见,False,1072739183.7129438,548305044.4783779,524434139.2345658,0.5111261458545733,400595.772687824,0.0001587397553244116,162851609.25733477,356662507.5043552,175991.26614655313,1478822.9466262492,2263025.6258409326,533188620.1606144,40000000,13.110853480864145,-44688099.098838836,-42804046.08826136,20722778.318599515,-8575504.650769005,-0.21438761626922512,-8335961.214348473,183246281.96494973,107477107.82173565,149081688.87887475,439805078.6655601,-0.03748040250279326,-0.4095789067733475,-0.04661451916882042,0.008952227938481928,2021-03-12,2024-09-14,False,True,True,False,False,0.0,1,2,True,['充分披露高送转的主要考虑及其合理性且送转股后每股收益不低于0.5元'],曦琯建筑
2024-09-30,季报,2024-10-27,无保留意见,False,1363501381.3876717,736342604.4214375,627158776.9662342,0.5400380333110055,508763.6409080041,0.00020912602017135988,187808096.48703656,471886137.980367,221095.5564954886,1806691.7672114403,3071396.671659772,675123682.2342856,40000000,15.678969424155856,-45330088.37123814,-43411864.74153708,1297273.1101764857,-917127.5319990106,-0.022928188299975266,-868312.361822456,38471922.754936814,137761253.0333165,184356818.24048483,360589994.02873814,0.19587709885096222,0.9090606382101054,0.028911887456432372,-0.0016037396466074556,2021-03-12,2024-11-22,False,False,False,False,False,0.0,0,0,False,[],曦琯建筑
2024-12-31,年报,2025-03-30,无保留意见,True,1101523143.7755766,545309488.7969743,556213654.9786023,0.4950504143997134,397298.7332396419,0.00015647352266646462,170059881.75001276,399608088.6112848,183484.7591780327,1626502.1257206784,2528830.0924079074,540041163.0868038,40000000,13.905341374465058,-47466314.68509339,-45121284.768171065,9373644.725066362,-3051751.8769360576,-0.07629379692340144,-2442028.609477128,65510390.854836926,106793278.95861986,137369029.6807892,309672699.494246,-0.1131214687464248,-0.1327265604564214,-0.044987618911292174,0.17454753787427207,2021-03-12,2025-05-18,False,False,False,True,False,0.0,0,0,False,[],曦琯建筑
2017-03-31,季报,2017-04-30,保留意见,False,269522736.33886874,62673493.09824065,206849243.24062806,0.23253508757584662,100376377.57112664,133518.71028622784,9666587.880747363,25161.563499224165,2503886.5916218385,1934662.2370711993,6902112.345304762,129189703.84844887,40000000,5.171231081015701,4452104.504216417,4074844.5144702066,13596661.072386038,6360149.291737739,0.15900373229344347,5821206.4492431525,-10970840.212157007,-50962326.493721984,-17731619.364961665,-79664786.07084066,0.14916246244793377,0.29778607176320765,-0.06746491242415335,-0.01905075100706671,2021-10-15,2017-06-05,False,False,False,False,False,0.0,0,0,False,[],珏瀚食品
2017-06-30,半年报,2017-08-27,无保留意见,False,288139275.6031915,72601474.51062088,215537801.09257063,0.2519666031596587,109565700.75735617,135881.9743987876,9094966.158124074,27798.836262187157,2473003.352308472,1929537.221372407,6846937.216907982,130852305.72464259,40000000,5.3884450273142654,5617983.814340703,5108385.195927035,1109260.797128696,1665541.8716061227,0.041638546790153066,1476486.68779547,-15476898.850308249,-61529743.80588009,-19530857.556035608,-96537500.21222395,0.042004300889973055,-0.2009664990365475,0.019431515583812082,-0.006844226995553321,2021-10-15,2017-09-16,False,False,False,False,False,0.0,0,0,False,[],珏瀚食品
2017-09-30,季报,2017-10-27,无保留意见,False,296318470.19773126,87382258.12832087,208936212.06941038,0.29489305229610324,127736425.62823091,169029.42017249012,10420580.413723411,27725.187742397975,2934156.92464545,2158485.1932361783,8252432.048305228,147706650.884913,40000000,5.2234053017352595,2606991.752235623,2546360.3350516083,3391407.6622807537,-4301417.231578685,-0.10753543078946713,-3660035.515536324,-23114294.40755636,-61943838.74232252,-19253532.850360006,-104311666.00023888,-0.030628451202974676,-0.3196777861703388,0.04292644913644452,-0.08933222902513432,2021-10-15,2017-11-06,False,False,False,False,False,0.0,0,0,False,[],珏瀚食品
2017-12-31,年报,2018-03-30,无保留意见,True,342036259.33296704,122421778.80668586,219614480.5262812,0.3579204703192305,138362328.8784426,172788.87129189874,11831742.610480255,36083.07635013392,2898760.432456764,2797310.378281328,8747720.015942378,166348737.44746333,40000000,5.49036201315703,5289892.19255179,4797982.02709333,16860380.76280338,3832714.914737381,0.09581787286843453,3216602.417202461,-36162160.70893741,-67976123.91801938,-24296579.51059597,-128434864.13755277,0.05110779194811572,0.6405543275698395,0.06302741802312727,-0.03182191644449898,2021-10-15,2018-05-20,False,False,False,False,False,0.0,0,0,False,[],珏瀚食品
2018-03-31,季报,2018-04-30,无保留意见,False,382565077.7138208,160629456.28227484,221935621.431546,0.4198748543442177,163804993.20168918,206966.34277097904,12116705.512053976,37599.401862768966,3316673.3169707707,3056807.526646398,9441080.382065916,180061805.96167663,40000000,5.54839053578865,17778347.593942415,15998982.81335617,55657664.549163505,17840650.573415183,0.44601626433537955,16001429.694661202,-17429538.572752215,-69889810.78693269,-23859718.878582448,-111179068.23826736,0.010569161467415315,0.6724008712262642,0.061954384024987194,0.012643877401017715,2021-10-15,2018-06-05,False,False,False,False,False,0.0,0,0,False,[],珏瀚食品
2018-06-30,半年报,2018-08-27,无保留意见,False,371039754.9404937,139511962.39759794,231527792.54289573,0.37600273431609094,143608024.6708458,177630.4367517437,13338290.217502184,33156.76788039531,3086538.58743049,2940997.20934955,8938484.686692221,168058444.46737942,40000000,5.788194813572393,23929408.85679674,21397842.550326377,31716357.498797193,8787230.375506178,0.21968075938765444,7712656.767100292,-56668316.05828972,-73049104.95102973,-25426865.21238114,-155144286.2217006,0.0432205116487276,-0.2598522142642516,-0.04387212002812677,0.20676091197124222,2021-10-15,2018-10-23,False,False,False,False,False,0.0,0,0,False,[],珏瀚食品
2018-09-30,季报,2018-10-27,无保留意见,False,300724521.3078768,100032363.45173013,200692157.8561467,0.33263786742990153,121258702.93809406,154566.3547751141,9985586.889503164,29249.063984369055,2865722.4611034086,2225581.49357364,7294337.21510598,145706890.2393271,40000000,5.0173039464036675,33192366.441598,29700524.14899482,35420825.40238148,13232796.549716085,0.33081991374290215,11860973.712383492,-19704708.159125123,-57925217.658081025,-20305802.413258564,-97935728.23046471,-0.1331832966922797,0.1723940923268943,-0.043364866886189415,-0.061568922630108235,2021-10-15,2018-12-08,False,False,False,False,False,0.0,0,0,False,[],珏瀚食品
2018-12-31,年报,2019-03-30,无保留意见,False,317862469.7327411,116498316.93040276,201364152.80233836,0.3665054167242663,130398194.86279589,167073.68314441724,11673151.16304157,33006.055255862055,2995537.88015377,2534046.2493865318,8002160.124207879,153997930.45653266,40000000,5.034103820058459,45388378.41352139,40446951.774198465,36212106.348333046,17422874.245604843,0.43557185614012106,15352039.46457664,-5600511.531178893,-59281799.35748285,-19397451.575785097,-84279762.46444684,0.0033483866702621766,0.13859378469995046,0.033867549294364765,0.0011110429050686604,2021-10-15,2019-05-07,False,False,False,False,False,0.0,0,0,False,[],珏瀚食品
2019-03-31,季报,2019-04-30,无保留意见,False,299204766.08849114,91785944.58743137,207418821.50105977,0.3067663185561866,126154021.89310175,164675.60574902766,11201745.09536514,27364.697892754903,2827782.2331522764,2217661.117433041,7614815.157216304,144681727.64059904,40000000,5.185470537526494,73082553.94819394,64565930.94750913,197320944.78668714,39563107.90667507,0.9890776976668768,34455684.53330094,-3367909.508443541,-58419525.785302565,-21092476.372142155,-82879911.66588826,0.03006825502185966,0.6431837592381503,-0.05973909816807971,-0.07461016341434348,2021-10-15,2019-06-08,False,False,False,False,False,0.0,0,0,False,[],珏瀚食品
2019-06-30,半年报,2019-08-27,保留意见,False,337121282.72777677,128185311.55107018,208935971.1767066,0.38023500181855613,150563001.73264673,168462.30182160457,13114520.818148201,32697.873382610123,3077764.6133293146,2560330.28766494,8680364.868693551,164520181.05016318,40000000,5.223399279417666,89265758.90420374,79215420.2065727,17900582.86946177,23118864.222871147,0.5779716055717786,20927841.798662253,-39826594.81168698,-63149723.234339625,-21483631.860430915,-124459949.90645751,0.0073144262640557085,-0.29072383559502607,0.07346868326236956,0.07059387804757639,2021-10-15,2019-09-19,False,False,False,False,False,0.0,0,0,False,[],珏瀚食品
2019-09-30,季报,2019-10-27,无保留意见,False,338783243.41746783,131722815.22424927,207060428.19321853,0.38881148280977107,129980794.80399786,179603.402526604,12392390.58656921,32860.3420111184,2926138.161494282,2587672.2700278703,7747494.497547961,162626744.94426373,40000000,5.176510704830463,113235988.66608414,101507539.29916595,95462025.05532545,34243185.37411485,0.8560796343528713,31845884.417990353,-60674564.40331494,-66578718.81555058,-20994126.868787754,-148247410.08765328,-0.008976639938662519,0.27728404995328604,0.008576480991214901,0.04167933490964772,2021-10-15,2019-12-13,False,False,False,False,False,0.0,0,0,False,[],珏瀚食品
2019-12-31,年报,2020-03-30,无保留意见,False,422089635.5386696,198023437.71060017,224066197.8280694,0.46915020184725276,172282364.05041564,204983.23799853591,13221747.673077831,40596.77045190762,3535547.0004559793,2990328.074727422,9559309.269573145,194089747.10983002,40000000,5.601654945701735,140195775.39706442,125559313.8945997,24710712.494305305,38513981.04425757,0.9628495261064391,34359677.993476816,-43622255.58719992,-77990860.00211814,-28734287.977150656,-150347403.56646872,0.08212950095409778,0.08334368051015184,0.08033871903748174,-0.06355827082707015,2021-10-15,2020-05-25,False,False,False,False,False,0.0,0,0,False,[],珏瀚食品
2020-03-31,季报,2020-04-30,无保留意见,False,450436593.2021209,210034485.74533388,240402107.45678705,0.4662909029042557,181015627.9573682,236411.8999962671,16910536.865431298,40652.15701899516,3675179.6685860734,3084451.185413858,10984726.174259875,204881896.05363753,40000000,6.010052686419677,140747454.1066039,126038324.65687618,3521149.745139606,788112.4421992563,0.019702811054981405,684301.0889663826,-11087358.536653852,-86994423.90600722,-30984768.819060292,-129066551.26172136,0.07290662218159533,-0.6795741882028242,-0.0028592989429970777,-0.01182456821281469,2021-10-15,2020-05-14,False,False,False,False,False,0.0,0,0,False,[],珏瀚食品
2020-06-30,半年报,2020-08-27,无保留意见,False,401507025.6155472,180728472.24844372,220778553.3671035,0.45012530471009904,155354575.24392617,214422.32821462097,15027709.120217098,38160.17778421933,3501783.7389059705,3102683.545004148,8388599.241604266,188078936.00917175,40000000,5.5194638341775875,139675431.24426344,125139039.91390967,5426180.117540289,-1531461.2319149822,-0.03828653079787456,-1284692.4899521456,-47959777.365494356,-81379867.16656286,-25890770.68133603,-155230415.21339324,-0.08162804518346811,-0.13040021428082765,-0.016165598194156694,0.02663029779992647,2021-10-15,2020-09-28,False,False,False,False,False,0.0,0,0,False,[],珏瀚食品
2020-09-30,季报,2020-10-27,无保留意见,False,426184884.84564614,200489681.34039226,225695203.50525388,0.4704288877185421,154051550.23027697,207148.99421532152,15210355.865585262,39785.82595479032,3639320.9479452064,2974200.6837571803,10464006.951177431,195307399.86515185,40000000,5.642380087631347,140144650.6606826,125558733.59492144,2603314.493034521,670313.4520273656,0.01675783630068414,599562.4014453813,-36237854.030049264,-80583384.83466817,-28114194.528245986,-144935433.3929634,0.02226960029933333,0.14233889295898403,0.020303583008443097,-0.0386811651640336,2021-10-15,2020-11-21,False,False,False,False,False,0.0,0,0,False,[],珏瀚食品
2020-12-31,年报,2021-03-30,无保留意见,False,376447134.1169454,182865150.89368126,193581983.22326416,0.4857658202728492,152979205.09311807,185717.22000478816,12769102.681261132,34983.91452386056,3581132.558183273,2808854.0191459074,9395388.793398147,175270346.95961466,40000000,4.839549580581604,146285052.64584255,131234491.8201684,29088284.01456414,8772002.835942794,0.21930007089856984,8108226.036067088,-28698873.120271374,-72617597.1296998,-27674943.31932258,-128991413.56929374,-0.14228578978747394,0.4584915488856762,0.015336932554307126,-0.010029427035226145,2021-10-15,2021-05-21,False,False,False,False,False,0.0,0,0,False,[],珏瀚食品
2021-03-31,季报,2021-04-30,保留意见,False,493681994.52789676,264351066.75972214,229330927.76817465,0.5354683170337586,155273452.2266232,208764.93693318064,15970197.099734006,42570.046850038,3966495.9162293193,3284167.5941063594,10692091.147663454,211565664.82338965,40000000,5.733273194204366,154219547.19255814,139185338.94119582,45526648.103979796,11334992.209593695,0.2833748052398424,11358353.030039156,-54039952.841487914,-95051463.30724435,-30525092.481339287,-179616508.63007152,0.1846708249893281,0.0994485911695011,0.049702496760909355,0.056350775272788756,2021-10-15,2021-06-19,False,False,False,False,False,0.0,0,0,False,[],珏瀚食品
2021-06-30,半年报,2021-08-27,无保留意见,False,515230338.38243365,258734849.55948442,256495488.8229492,0.5021731646699665,198139253.43245876,244275.7348423263,16456373.34869303,44123.42009240062,4158912.467789308,3842146.99628977,11270186.594746016,227949628.96131456,40000000,6.41238722057373,175970997.1574853,158416123.42343795,33751453.5593975,31073499.949895963,0.776837498747399,27472549.26034592,-91364240.1114128,-95727833.50298369,-33454894.811121445,-220546968.42551792,0.11845136336008993,0.6966124286993518,-0.03329515236379206,0.008067440032937528,2021-10-15,2021-10-09,False,False,False,False,False,0.0,0,0,False,[],珏瀚食品
2021-09-30,季报,2021-10-27,无保留意见,False,484506731.24078363,221474634.3120007,263032096.92878294,0.457113637502665,205268969.32169676,248879.61603929728,16842584.890473727,46958.75992166914,4195700.034426988,3815104.494120603,11664479.352217054,233245938.40248844,40000000,6.5758024232195735,195490890.25306806,176105247.02023414,18218981.488644287,27885561.56511823,0.6971390391279557,25270176.566851676,-26180932.380607206,-92356971.30822955,-34436991.45760812,-152974895.14644486,0.02548430046793444,-0.06631384001789613,-0.045059527167301584,-0.17270688707020979,2021-10-15,2021-12-09,False,False,False,False,False,0.0,0,0,False,[],珏瀚食品
2021-12-31,年报,2022-03-30,无保留意见,False,493807535.8149569,208696262.80727407,285111273.0076828,0.4226267273601881,188214265.0095453,232218.39705712986,15323444.178756079,46233.81629242845,4094523.393103051,3569707.1870993115,11120876.802699175,221203677.52856484,40000000,7.12778182519207,231547481.90843907,209870132.96670505,76748652.02541962,51509416.650529966,1.287735416263249,48235551.35210133,-89349768.7805833,-94333412.91500247,-36566843.6258559,-220250025.32144168,0.08394099555415813,0.5263130116159775,-0.03448691014247687,0.0773681927485553,2021-10-15,2022-05-26,False,False,False,False,False,0.0,0,0,False,[],珏瀚食品
2022-03-31,季报,2022-04-30,无保留意见,False,557332976.0619428,246859516.37461028,310473459.6873325,0.44293003819528876,243320334.97216156,265946.9597560833,20089307.911889646,51651.14910012971,4578794.190983767,4366874.822261126,13990137.688769817,262565605.7396802,40000000,7.7618364921833125,263313661.16180548,237900006.3487149,25248823.726108707,45380256.07623773,1.1345064019059432,40042676.26001408,-54764166.7254035,-110736325.61501798,-36587742.259334855,-202088234.59975636,0.08895539770174679,-0.08946449807852548,0.020303310835100695,0.09915353717819812,2021-10-15,2022-06-09,False,False,False,False,True,0.0,0,0,False,[],珏瀚食品
2022-06-30,半年报,2022-08-27,保留意见,False,638501195.576935,298747141.12108964,339754054.45584536,0.46788814678905744,227777456.8364014,314582.31374487875,21272058.9766994,58067.72779500864,4857712.974924482,3972148.5740239434,13918218.497565858,273047855.3209979,40000000,8.493851361396134,312220122.7030151,279819732.1099113,132804820.68396871,69866373.63029946,1.7466593407574866,59885322.51599491,-27976644.230246685,-116050905.37806273,-39176553.44919537,-183204103.05750477,0.09430949362950487,0.3925299300492792,0.02495810859376865,0.003371500203307372,2021-10-15,2022-10-23,False,False,False,False,False,0.0,0,0,False,[],珏瀚食品
2022-09-30,季报,2022-10-27,无保留意见,False,899973994.3420596,493903910.9956634,406070083.34639615,0.5487979809424824,336491398.3191769,438354.3913285982,32011190.678734977,82925.90415590758,7865269.4657773515,6330278.7302124165,20276898.02025821,415266297.366168,40000000,10.151752083659904,341437265.8206472,304798127.40796626,84193340.32251768,41738775.88233162,1.0434693970582904,35683421.854364194,-175323837.55746177,-152690479.05495515,-56534374.21130555,-384548690.8237225,0.19518833703622304,-0.32380306178865037,0.080909834153425,0.08917621992268165,2021-10-15,2022-11-27,False,True,False,True,False,0.0,2,0,True,"['根据公司盈利能力、融资能力及其成本、偿债能力及现金流等情况披露现金分红方案的合理性，是否导致公司营运资金不足或者影响公司正常生产经营', '公司为增强投资者回报水平拟采取的措施']",珏瀚食品
2022-12-31,年报,2023-03-30,保留意见,False,1393811885.2907667,967879661.9954298,425932223.29533696,0.6944119735307881,580771242.5949308,694512.6709617479,53920304.72440736,136311.17276837022,12443041.936567243,10795806.7212884,33899643.16118644,672213164.9204589,40000000,10.648305582383424,344848297.67092,307704385.1752001,19829898.41703654,4872902.643246885,0.12182256608117213,4151796.810334008,-254890895.17026156,-278238602.98649585,-83501555.40361473,-616631053.5603721,0.04891308363634731,-0.6276241321905695,0.14561399258830565,0.19224958738474088,2021-10-15,2023-04-30,True,False,False,False,False,6045450.616841638,0,0,True,"['公司为增强投资者回报水平拟采取的措施', '公司在相应期间是否按照中国证券监督管理委员会相关规定为中小股东参与现金分红决策提供了便利', '是否影响偿债能力、过去十二个月内是否使用过募集资金补充流动资金以及未来十二个月内是否计划使用募集资金补充流动资金等内容']",珏瀚食品
2023-03-31,季报,2023-04-30,无保留意见,False,1777883459.9104757,1262173002.1680946,515710457.7423812,0.7099301110724381,677847083.8884608,899032.2917042072,63051387.963985205,177663.0571870083,16126085.965891654,13265193.374961268,45059666.42036898,863134748.6369272,40000000,12.89276144355953,351180346.52827805,313491901.61161506,38342276.39220957,9045784.081940003,0.22614460204850007,8267880.623449948,-340179375.85469556,-350275687.21211725,-111604012.84638612,-802059075.9131988,0.21078056445800517,0.19077858603194886,0.015518137541649941,0.021113682193173874,2021-10-15,2023-06-12,True,False,False,True,False,10338689.094720192,0,0,True,"['上市公司控股子公司向母公司实施利润分配的情况', '根据公司盈利能力、融资能力及其成本、偿债能力及现金流等情况披露现金分红方案的合理性，是否导致公司营运资金不足或者影响公司正常生产经营', '是否影响偿债能力、过去十二个月内是否使用过募集资金补充流动资金以及未来十二个月内是否计划使用募集资金补充流动资金等内容', '公司在相应期间是否按照中国证券监督管理委员会相关规定为中小股东参与现金分红决策提供了便利']",珏瀚食品
2023-06-30,半年报,2023-08-27,无保留意见,False,1252865935.5394905,846745268.4586357,406120667.0808547,0.675846668377988,501351408.0927045,655187.682662686,40719836.00363846,113225.15387938454,10098273.04121633,8500891.496544603,29807537.110708263,576364211.2483457,40000000,10.153016677021368,360778432.0640061,321757548.4362413,39061369.56361755,13711550.76532587,0.34278876913314676,11808066.892323265,-75227470.3980475,-243816125.42199916,-78340248.41435048,-397383844.2343972,-0.2125025564563424,0.17913711749691896,-0.03408344269445003,0.12545969092140064,2021-10-15,2023-09-22,False,False,False,False,False,0.0,0,0,False,[],珏瀚食品
2023-09-30,季报,2023-10-27,无保留意见,False,1493541274.7016408,1079839942.1421084,413701332.5595324,0.7230064280331483,693654577.934604,918605.1875428736,59898695.86679996,143458.59442269555,14465471.819091104,11847050.498699743,40341200.716471344,768401945.9943656,40000000,10.34253331398831,354172063.14506817,316179426.33235884,29596941.442389637,-9437669.884197064,-0.2359417471049266,-7968745.862689264,-279415024.87351245,-283860045.61013275,-97047510.01717182,-660322580.5008171,0.018666042122816896,-0.7537626747151759,0.047159759655160324,0.039272282027572596,2021-10-15,2023-12-10,False,False,False,False,False,0.0,0,0,False,[],珏瀚食品
2023-12-31,年报,2024-03-30,无保留意见,False,1590399558.3081882,1112873034.229585,477526524.0786033,0.6997443053954445,559832609.7846087,788334.0925584013,59146297.70271083,144948.32146523934,13228641.312345069,11101363.119660014,40799543.811261736,721660258.1442161,40000000,11.938163101965083,351682870.514862,313941247.13902736,4087393.817441872,-3555989.4717231505,-0.08889973679307876,-3197398.8476164034,-109948327.60177378,-319002879.0636741,-101966153.92421421,-530917360.5896621,0.15427842865332417,0.7777603360878174,-0.023262122637703834,0.21117523341384214,2021-10-15,2024-04-21,False,False,False,False,False,0.0,0,0,False,[],珏瀚食品
2024-03-31,季报,2024-04-30,无保留意见,False,1783848353.410482,1256632739.5671916,527215613.84329027,0.7044504299733081,763527584.8303883,1018197.4766735148,66290088.16408366,181177.6988389367,16183176.061325002,13358717.80066274,47108064.18512449,887396890.0421419,40000000,13.180390346082257,349047851.11728483,311689799.58963996,3869972.7553724214,-3764313.425110223,-0.09410783562775557,-3216353.6419820325,-214492895.19236696,-351245907.9182006,-118496565.58556812,-684235368.6961356,0.10405514093811458,-0.01549567020562087,0.004706124577863512,0.028090654771804432,2021-10-15,2024-06-04,False,False,False,False,False,0.0,0,0,False,[],珏瀚食品
2024-06-30,半年报,2024-08-27,非标准无保留意见,False,1761264190.3588958,1238737235.023206,522526955.3356899,0.7033227847383795,733791387.1847657,944465.7448627836,60445710.322735555,199795.13208894135,16859311.87550232,14135322.75808809,50771038.07627934,912964484.5254416,40000000,13.063173883392247,343107511.6733637,306554568.61931306,38874492.9261481,-8486199.205601646,-0.21215498014004114,-7336044.243324138,-65655315.85900857,-331988844.2639496,-112373590.92847471,-510017751.05143285,-0.008893246680273801,-0.3567541248256511,-0.001127645234928531,0.13987046243905682,2021-10-15,2024-10-05,False,False,True,False,False,0.0,0,7,True,['是否影响偿债能力、过去十二个月内是否使用过募集资金补充流动资金以及未来十二个月内是否计划使用募集资金补充流动资金等内容'],珏瀚食品
2024-09-30,季报,2024-10-27,无保留意见,False,1683706570.4818807,1213731024.9892857,469975545.4925951,0.7208684970813608,686968307.2267748,858823.7908113449,57969871.632734746,156657.3268373043,14139600.877154894,13112277.395381235,39725133.462476745,793157691.4215581,40000000,11.749388637314876,334317853.0240353,298663991.3396603,21049306.484744508,-12556655.213326294,-0.31391638033315733,-11272253.256646793,-137066001.13244343,-334261051.2876616,-101617007.20046477,-572944059.6205698,-0.10057167253569507,-0.478100921788398,0.01754571234298123,-0.008163084688332736,2021-10-15,2024-11-18,False,False,True,False,False,0.0,0,0,True,"['充分披露高送转的主要考虑及其合理性且送转股后每股收益不低于0.5元', '上市公司控股子公司向母公司实施利润分配的情况', '结合所处行业特点、发展阶段和自身经营模式、盈利水平、偿债能力、资金需求等因素，未进行现金分红或现金分红水平较低原因的说明', '公司在相应期间是否按照中国证券监督管理委员会相关规定为中小股东参与现金分红决策提供了便利']",珏瀚食品
2024-12-31,年报,2025-03-30,无保留意见,False,1566240739.1272392,1106644566.8841543,459596172.24308485,0.7065609642492208,625963242.1338384,785258.4381386449,52021205.23573878,144240.28176284587,13759444.918295221,11683681.07724215,36530111.38902117,727197974.0330156,40000000,11.489904306077122,324826147.2081068,290727224.0779543,46489419.709837645,-13559579.737040628,-0.3389894934260157,-11338238.945294281,-219946011.72776994,-328270875.5250653,-99955286.24687478,-648172173.4997101,-0.022084921968932046,-0.22571386463689744,-0.01430753283213994,-0.06428701246836306,2021-10-15,2025-04-29,False,False,False,True,False,0.0,0,0,False,[],珏瀚食品
2017-03-31,季报,2017-04-30,无保留意见,False,316453341.63290465,77608547.15011692,238844794.4827877,0.24524483372384537,4805321.304657589,5.260337422937209e-10,8834241.838301305,26758124.466375988,68018566.15399002,93478603.6732388,58652.616489202155,197717309.2781324,40000000,5.971119862069693,7992603.928753067,7505506.789907998,37238615.62698108,11418005.612504382,0.28545014031260957,10722152.557011427,55635755.44832044,-26666314.53302612,35209214.37012079,64178655.28541511,0.3269155249043759,0.5787780895835767,-0.054755166276154635,-0.02153743416455714,2021-04-01,2017-05-12,False,False,False,False,False,0.0,0,0,False,[],曦琮建筑
2017-06-30,半年报,2017-08-27,无保留意见,False,292582094.1346918,59861239.799972855,232720854.33471894,0.20459638850084721,4354483.575990771,4.802803443635847e-10,8079797.928479792,25970275.416183345,59377910.011842676,79893736.6745845,46014.12557467174,176267581.25631964,40000000,5.818021358367973,13165934.519680269,12485770.68105465,5499435.2469323445,7390472.272753146,0.18476180681882864,7114662.701638074,52858511.24035653,-25379032.976590846,30361919.597004414,57841397.86077009,-0.025639830925894735,-0.1417247006939523,-0.04064844522299814,-0.014893455562652742,2021-04-01,2017-09-13,False,False,False,False,False,0.0,0,0,False,[],曦琮建筑
2017-09-30,季报,2017-10-27,无保留意见,True,309915917.5133956,71839192.4471482,238076725.0662474,0.23180220307349353,4920328.542453019,6.009711133894067e-10,10076853.612187652,32368787.3825371,70058504.70708072,96678310.21544851,52840.57585793184,211041891.65395117,40000000,5.951918126656185,24306597.83332622,22171341.73432572,14789172.314255849,15915233.305208508,0.3978808326302127,13836530.076101528,61854068.12627177,-25356444.720280785,32890209.305559885,69387832.71155088,0.023014141757254133,0.349511929786553,0.027205814572646314,0.0998661075086444,2021-04-01,2017-12-20,False,False,False,False,False,0.0,0,0,False,[],曦琮建筑
2017-12-31,年报,2018-03-30,无保留意见,False,382830097.4764356,89947178.4556197,292882919.0208159,0.2349532574594823,5566519.25033197,7.324206480083523e-10,11025965.79359653,38060438.785888456,79162953.04510874,110072623.25359288,65949.11263211339,257517403.65258968,40000000,7.322072975520398,33307183.962117624,30394077.70882325,9928796.198163452,12857980.183987722,0.32144950459969307,11746765.677853612,55763904.58424966,-29784832.980383314,38785930.31453359,64765001.91839994,0.23020391405047305,-0.09288262042295788,0.003151054385988781,0.022537944753790118,2021-04-01,2018-05-19,False,False,False,False,False,0.0,0,0,False,[],曦琮建筑
2018-03-31,季报,2018-04-30,无保留意见,False,364637853.58025,90339272.62889035,274298580.9513597,0.24775067026607633,5098214.189293291,5.755637937666478e-10,8900114.273576446,32791811.74986986,73947713.72847298,86396747.74233353,53438.06108081625,206861840.6827592,40000000,6.857464523783992,45936080.08907093,42238304.465529636,32401138.643755354,18041280.18136187,0.45103200453404674,16920323.938151974,49379865.68148392,-32282816.654110216,37239827.63531551,54336876.66268921,-0.06345313045768779,0.17359848072221076,0.012797412806594004,0.08205781088149396,2021-04-01,2018-06-26,False,False,False,False,False,0.0,0,0,False,[],曦琮建筑
2018-06-30,半年报,2018-08-27,无保留意见,False,365088076.3545502,76651437.22038817,288436639.134162,0.20995327479813175,5455162.596822301,6.207627799971584e-10,10334388.467468455,29549277.02620825,69533509.7778056,98823141.39235364,55274.86811201493,218489798.70709133,40000000,7.21091597835405,61600753.56532899,57408090.111530155,53278748.15359015,22378104.966082945,0.5594526241520736,21671122.35142931,39814186.00964159,-29909839.163485922,38755036.2596071,48659383.105762765,0.05154258594326938,0.12376330893948892,-0.03779739546794457,0.10214201213382845,2021-04-01,2018-10-10,False,False,False,False,False,0.0,0,0,False,[],曦琮建筑
2018-09-30,季报,2018-10-27,保留意见,False,328734423.9762088,65746884.795241766,262987539.18096706,0.2,5288095.9053222025,5.400662498176682e-10,8907053.058058888,29348874.663031746,60329946.16883436,95868088.74217123,53540.80398336077,207315858.54829222,40000000,6.574688479524177,90668228.02880865,82560376.54782948,51077782.60778124,41524963.51925666,1.0381240879814164,35931837.766141914,41769861.5448606,-28747222.066564906,35258909.83159695,48281549.30989264,-0.08823116241261451,0.48623108119766656,-0.010830785266765085,-0.025262804446097038,2021-04-01,2018-11-19,False,False,False,False,False,0.0,0,0,False,[],曦琮建筑
2018-12-31,年报,2019-03-30,无保留意见,False,353131315.5647395,80195887.53563595,272935428.0291036,0.2270993367081704,6070731.224522736,6.25836790792424e-10,11054446.848882712,34599068.36998458,75221255.16223066,93372453.92991947,60275.31321691282,227200052.14344153,40000000,6.82338570072759,111896339.75694658,100921349.91049364,36060138.046436325,30325873.89733991,0.7581468474334978,26229961.94666307,50956442.02029315,-30763345.66161276,36134509.73883332,56327606.097513705,0.03782646462687016,-0.191355772793124,0.027976847176803748,-0.027383088166904098,2021-04-01,2019-04-10,False,False,False,False,False,0.0,0,0,False,[],曦琮建筑
2019-03-31,季报,2019-04-30,无保留意见,False,350794344.1816152,73769236.72001962,277025107.46159554,0.21029197860107862,4979475.857593368,5.687833934908684e-10,9861585.458252067,30375013.76393846,69010981.76500055,94261067.14617541,51961.18512036327,202487268.65294707,40000000,6.9256276865398885,134081869.02475846,122073369.48606297,42813623.25203266,31693613.239731245,0.7923403309932812,30217170.8222419,35645007.62242988,-28668404.36479801,34566602.84202976,41543206.099661626,0.014984054880760388,0.028900456130155412,-0.016807358107091806,-0.048895855796607775,2021-04-01,2019-05-17,False,False,False,False,False,0.0,0,0,False,[],曦琮建筑
2019-06-30,半年报,2019-08-27,无保留意见,False,379225180.31101876,87285396.96651752,291939783.34450126,0.23016772487241233,6239338.763598629,7.138768594583096e-10,11702354.588192003,34330033.53877132,77732342.11851439,108513640.76724912,61314.726331541504,235703960.86688992,40000000,7.2984945836125315,150803155.34462506,138441889.31972685,17633214.131200235,23887551.885523707,0.5971887971380927,23383599.762376975,9446872.236169048,-33904455.71338642,42060241.0544555,17602657.577238128,0.05383871526869957,-0.16030975799179825,0.019875746271333723,-0.06768178297478215,2021-04-01,2019-09-19,False,False,False,False,False,0.0,0,0,False,[],曦琮建筑
2019-09-30,季报,2019-10-27,无保留意见,False,402868890.59970295,80573778.1199406,322295112.4797624,0.2,5567644.1413258985,6.652942351760705e-10,10585185.389458496,35850476.09230397,89061981.45190299,120261159.8205748,69002.41082054266,249521616.29748455,40000000,8.05737781199406,179737924.84577152,164529079.30853796,42271696.39239306,41335385.00163783,1.0333846250409457,37267414.269730166,40070295.073866546,-33266943.196198978,45905416.90961152,52708768.78727909,0.10397804912885253,0.4267272632258414,-0.11546356323474416,-0.019540611657024122,2021-04-01,2019-11-14,False,False,False,False,False,0.0,0,0,False,[],曦琮建筑
2019-12-31,年报,2020-03-30,无保留意见,False,441805704.3990154,88361140.87980309,353444563.51921237,0.2,7511256.976324144,8.499321932849888e-10,13804511.795834316,36842261.91913383,93820657.69892289,126836160.27010816,72999.19434505014,283394554.73794365,40000000,8.83611408798031,199984069.24610838,182520358.79387274,77765958.7912965,28923063.42905262,0.7230765857263155,25701827.836192563,67134815.99109834,-39177631.172019966,48369479.181517415,76326664.0005958,0.09664884707615878,-0.21277517191729728,0.03484208995551713,0.016708447979371474,2021-04-01,2020-05-01,False,False,False,False,False,0.0,0,0,False,[],曦琮建筑
2020-03-31,季报,2020-04-30,保留意见,False,464905898.52808684,92981179.70561737,371924718.8224695,0.2,6581338.748113678,7.826530300351118e-10,14814200.565587835,45991528.80415969,97774031.61233632,139286734.28960952,73711.86947742927,296306749.25107235,40000000,9.298117970561737,221887916.33385503,203513516.73080543,152055199.96501756,31291210.12535239,0.7822802531338098,29990225.62418954,63541375.82677019,-40929478.650129385,43945175.551966056,66557072.72860686,0.052285866613004675,0.05156769865665358,-0.09347716521686693,-0.005903879852122984,2021-04-01,2020-06-13,False,False,False,False,False,0.0,0,0,False,[],曦琮建筑
2020-06-30,半年报,2020-08-27,无保留意见,False,548088404.5190015,109617680.9038003,438470723.6152012,0.2,7521700.069147833,9.269939814420433e-10,15616814.942456584,49199462.64235903,103438373.12391979,143317441.62521124,83044.2833880448,320797835.9788879,40000000,10.96176809038003,260235218.9159884,237250755.25799513,238553966.35615104,54781860.8316191,1.3695465207904776,48196055.03884245,66588849.23928034,-46300275.66357842,56252610.75795006,76541184.33365199,0.17892331814733736,0.48643740020783544,-0.011848148862458606,0.09922081369332914,2021-04-01,2020-09-06,False,False,False,False,False,0.0,0,0,False,[],曦琮建筑
2020-09-30,季报,2020-10-27,无保留意见,False,515871015.6659796,103174203.13319594,412696812.5327837,0.2,8248953.056159441,9.535686150553154e-10,16031600.91980527,47393033.83144961,113630528.94823396,145990475.61582738,92748.83631283048,340873533.6086326,40000000,10.317420313319593,292885302.7818093,266189843.90575504,186880082.78814045,46642976.95117262,1.1660744237793155,41341555.21108562,18842778.59615033,-45742228.47182528,59029561.226318166,32130111.350643218,-0.05878137283582139,-0.11338357331719383,0.053999111045445095,0.13376303082429042,2021-04-01,2020-11-11,False,False,False,False,False,0.0,0,0,False,[],曦琮建筑
2020-12-31,年报,2021-03-30,非标准无保留意见,False,477713493.1914827,95542698.63829654,382170794.5531862,0.2,7245155.605214015,8.128991756292278e-10,13973448.957547214,41705559.91235549,104236497.49082153,140881235.07619864,69469.41910008252,290203246.41632366,40000000,9.554269863829655,326509010.7501717,295583909.53306264,238888229.04409724,48033868.52623206,1.2008467131558014,41991522.32472507,15693716.644365363,-41644325.86332203,45463056.039672285,19512446.82071562,-0.07396717651453275,0.02185459640152502,-0.021305183069234877,0.0014003880169830944,2021-04-01,2021-04-26,False,False,False,True,False,0.0,0,0,False,[],曦琮建筑
2021-03-31,季报,2021-04-30,无保留意见,False,514285050.51532537,102857010.10306507,411428040.4122603,0.2,7765496.625547991,1.0152028442693614e-09,15583217.404829992,46544169.97696575,110856508.26513419,155718141.70593396,84530.72614580506,317983420.88975656,40000000,10.285701010306507,396171095.8412243,358828253.094313,492083609.3142241,99517264.41578938,2.4879316103947344,90349062.23035775,7630615.446703254,-41668510.34042064,53370162.73895453,19332267.845237143,0.07655542044566774,0.7916397571949911,0.04756712063107676,-0.03730515032324127,2021-04-01,2021-06-18,False,False,False,False,False,0.0,0,0,False,[],曦琮建筑
2021-06-30,半年报,2021-08-27,无保留意见,False,505616771.8383264,101123354.36766528,404493417.4706611,0.2,8538747.088116573,9.25005709557928e-10,17107198.5390172,48618528.11770372,106632679.78275192,144168516.18520427,83049.4995720915,339205803.5540892,40000000,10.112335436766527,472990965.87374246,430477421.7617782,306554890.6877886,109742671.47502603,2.743566786875651,102355955.23923586,33352070.67372485,-46826096.407841735,52138691.6119717,38664665.87785481,-0.01685500807054991,0.08775872923644615,0.013587511845233277,-0.03018493558765439,2021-04-01,2021-09-21,False,False,True,False,True,0.0,0,4,True,['结合所处行业特点、发展阶段和自身经营模式、盈利水平、偿债能力、资金需求等因素，未进行现金分红或现金分红水平较低原因的说明'],曦琮建筑
2021-09-30,季报,2021-10-27,无保留意见,False,535574364.9840232,107114872.99680464,428459491.98721856,0.2,8535645.05350144,8.947898467880886e-10,15768172.057147173,47788952.29024631,111218621.47502458,150975341.74043164,85605.9447054349,337816973.2204781,40000000,10.711487299680464,517576138.7959951,468336287.8244507,204792854.8865721,63693104.17464657,1.5923276043661643,54084094.37524641,59590474.971806325,-46409578.76021593,58527521.87445497,71708418.08604535,0.05924960328506655,-0.36333120301518407,-0.036484411815634214,0.066300146154798,2021-04-01,2021-12-01,False,False,False,False,False,0.0,0,0,False,[],曦琮建筑
2021-12-31,年报,2022-03-30,保留意见,False,577941439.0644722,120395456.74009429,457545982.3243779,0.20831774398281827,7410268.058454821,9.303132193382319e-10,16122233.040197574,42155717.46844332,108969253.31369598,136478446.37908733,85645.25672266242,318661356.21982634,40000000,11.438649558109447,543415385.7489488,492188860.39539176,131731031.81864366,36913209.93279104,0.922830248319776,34075103.672773,95853664.05951689,-48439565.731498316,62724648.103230424,110138746.431249,0.06788620833734971,-0.3318733925998805,0.10673265783207252,0.06199066304548241,2021-04-01,2022-04-09,False,False,False,False,True,0.0,0,0,False,[],曦琮建筑
2022-03-31,季报,2022-04-30,无保留意见,False,515599584.36058015,103119916.87211603,412479667.4884641,0.2,8373160.879579559,9.159463733428033e-10,16607420.79933399,50208182.92018731,110805787.03078021,153720392.2734162,81409.40364454137,333498447.7630023,40000000,10.311991687211602,567816190.9632462,514976420.0242264,148672966.78069448,34858293.16328201,0.8714573290820502,32553656.612620935,99506723.87177621,-43027284.83187803,49290715.581284896,105770154.62118307,-0.09849570661067232,-0.03811527401300559,-0.06185141707663507,-0.0592462659174236,2021-04-01,2022-05-31,False,False,False,False,False,0.0,0,0,False,[],曦琮建筑
2022-06-30,半年报,2022-08-27,无保留意见,False,572344444.9943877,114468888.99887756,457875555.99551016,0.2,7980756.000254796,9.229461703782275e-10,14810859.683038333,40458558.04335905,103231549.58370322,151776422.17923695,85946.27209924492,328153573.9816332,40000000,11.446888899887753,559209442.339351,507425311.4527837,14489533.499996748,-12295355.176993165,-0.30738387942482914,-10787297.959203882,44639002.91431768,-48874165.043121,60456990.3176958,56221828.188892476,0.11005606357146223,-0.9092788339910514,-0.09415179517614251,0.053443626151355096,2021-04-01,2022-10-03,False,False,False,True,False,0.0,0,0,False,[],曦琮建筑
2022-09-30,季报,2022-10-27,保留意见,False,614173945.4010822,122834789.08021644,491339156.3208657,0.2,8432637.264339004,1.0002623821132664e-09,17092610.753661923,46852612.972305365,118551832.59431389,143803447.11330664,85431.18669441817,352222865.8741359,40000000,12.283478908021642,549094205.641906,498724117.21187603,49902479.91570477,-14450338.139207099,-0.3612584534801775,-12430277.487010915,80697738.6913713,-56098468.81521501,65575791.03383059,90175060.90998688,0.07308448744899511,-0.458054336360431,0.07399396382082779,-0.11186147656721006,2021-04-01,2022-11-09,False,False,False,True,True,0.0,0,0,False,[],曦琮建筑
2022-12-31,年报,2023-03-30,无保留意见,False,551533473.7947005,110306694.75894012,441226779.0357604,0.2,8421037.612914307,9.385037959514395e-10,15349971.380949702,49112797.15962965,100489332.5850057,141678019.55380762,84791.96573222545,330428585.7677631,40000000,11.03066947589401,538232806.255823,490014620.46493787,11719205.365087457,-15516284.837261409,-0.38790712093153523,-12442138.20991167,93681043.27525844,-44229214.94519819,58678090.723095395,108129919.05315563,-0.10199141802649205,-0.41807375105137246,0.06205063580086496,-0.011034495720462723,2021-04-01,2023-04-21,False,False,False,False,False,0.0,0,0,False,[],曦琮建筑
2023-03-31,季报,2023-04-30,无保留意见,False,576001632.7237502,115200326.54475005,460801306.1790002,0.2,8800877.371018775,1.0759246864374766e-09,18853080.921279307,53228452.138097644,125519821.77385484,169327808.12122962,94259.52064379785,380394030.6791508,40000000,11.520032654475004,528200318.5297532,480599996.5345464,18737201.210695125,-14332125.322956886,-0.35830313307392214,-13449462.757702157,74247901.60488175,-46100392.31931756,59434488.900650874,87581998.18621507,0.04436386926926135,0.7981043424256997,-0.03911978128515857,0.13940551667853032,2021-04-01,2023-05-28,False,False,False,True,True,0.0,0,0,False,[],曦琮建筑
2023-06-30,半年报,2023-08-27,无保留意见,False,648893279.3134164,129778655.86268328,519114623.4507331,0.2,9600172.080388844,1.0777073539474752e-09,18121653.89737527,57860594.5856552,135392443.89079696,189915573.2494459,105718.97479067107,398641339.4094765,40000000,12.977865586268328,519564246.37458515,472170093.6564998,56189305.69153184,-12337245.935954306,-0.30843114839885766,-12042718.397209454,80895117.4214942,-55606290.95430913,69511584.74903376,94800411.21621883,0.126547638840852,0.7477410405250238,0.028646959349328874,0.10562480026432397,2021-04-01,2023-09-27,False,True,False,False,False,0.0,2,0,True,"['是否影响偿债能力、过去十二个月内是否使用过募集资金补充流动资金以及未来十二个月内是否计划使用募集资金补充流动资金等内容', '根据公司盈利能力、融资能力及其成本、偿债能力及现金流等情况披露现金分红方案的合理性，是否导致公司营运资金不足或者影响公司正常生产经营', '公司在相应期间是否按照中国证券监督管理委员会相关规定为中小股东参与现金分红决策提供了便利', '留存未分配利润的预计用途以及收益情况']",曦琮建筑
2023-09-30,季报,2023-10-27,无保留意见,False,725816018.3517884,145163203.67035767,580652814.6814307,0.2,11415350.443058286,1.338964702848392e-09,23602247.683966167,73564772.97790682,153734250.9667516,212932545.37163544,120430.54406823474,489998093.4482199,40000000,14.516320367035767,513208152.5531381,466680462.2597906,6083199.256941982,-9080134.030638691,-0.22700335076596728,-7842330.566727438,131671257.5506099,-64856158.98108556,75200669.86472511,142015768.43424946,0.11854451493127295,0.6985382159507563,-0.03571208788205095,0.044997660123208175,2021-04-01,2023-11-18,False,False,True,False,False,0.0,0,8,True,"['是否影响偿债能力、过去十二个月内是否使用过募集资金补充流动资金以及未来十二个月内是否计划使用募集资金补充流动资金等内容', '结合前述财务报表列报项目的具体情况说明现金分红方案确定的依据及未来增强投资者回报的规划', '公司在相应期间是否按照中国证券监督管理委员会相关规定为中小股东参与现金分红决策提供了便利', '留存未分配利润的预计用途以及收益情况']",曦琮建筑
2023-12-31,年报,2024-03-30,无保留意见,False,830130754.7111249,166026150.94222498,664104603.7688999,0.2,12376888.727713514,1.3903984165130156e-09,22762559.23990398,78697323.93316102,174501343.84097746,227248644.1301873,127309.22609243526,514191799.56558007,40000000,16.602615094222497,506261601.5814047,460425781.2694692,42256461.03054697,-9923644.24533341,-0.24809110613333527,-8935258.557602104,144557006.37167376,-71188518.52442636,87020728.60210095,160389216.44934836,0.14372063129196097,-0.10650561738770739,0.051126161586633696,0.019702065321193125,2021-04-01,2024-04-09,False,False,False,False,False,0.0,0,0,False,[],曦琮建筑
2024-03-31,季报,2024-04-30,保留意见,False,933898387.0932333,186779677.41864666,747118709.6745867,0.2,15565099.65625073,1.5811372830188944e-09,28856898.064107686,86574824.77795297,187346250.64942393,272296638.9626026,149082.6198219749,582808240.2410408,40000000,18.677967741864666,497379851.6819629,451902736.3471808,49958612.18282374,-12688214.142059706,-0.31720535355149265,-12175778.460412076,101426634.81821783,-84922593.2510336,97705362.76360975,114209404.33079398,0.12500155161486362,-0.3906770649430912,-0.05257047560255381,-0.0928984416231442,2021-04-01,2024-05-15,False,True,False,False,False,0.0,2,0,True,"['公司为增强投资者回报水平拟采取的措施', '公司在相应期间是否按照中国证券监督管理委员会相关规定为中小股东参与现金分红决策提供了便利']",曦琮建筑
2024-06-30,半年报,2024-08-27,无保留意见,False,1092191462.9914138,218438292.59828278,873753170.3931311,0.2,16707840.32071955,1.945507469272102e-09,34911133.167579144,95236938.08311555,208545158.71513107,299037411.27825516,176675.05414984343,688796912.0945644,40000000,21.84382925982828,489102296.88604873,444543084.85514116,14069967.406276124,-11825078.279877389,-0.2956269569969347,-10513787.845770806,47364502.6156235,-97730789.45404838,109172743.40121698,58806456.5627921,0.16949710812850755,0.2001805958412394,-0.010360104259528742,-0.0513567185172848,2021-04-01,2024-09-24,False,False,False,False,False,0.0,0,0,False,[],曦琮建筑
2024-09-30,季报,2024-10-27,无保留意见,False,1138955542.6330016,227791108.52660033,911164434.1064013,0.2,18039065.968502723,2.0053210735032227e-09,36461243.63473665,105935289.22093482,225197872.47780892,323786941.4115022,198635.87276316044,707926829.6010866,40000000,22.779110852660033,481371275.30863214,437436528.82173383,23983787.34898756,-11044316.539166555,-0.27610791347916386,-10152222.904867645,38093471.308969654,-108768104.85149232,122068517.95010038,51393884.40757771,0.04281674159355274,0.15087411615809618,-0.02484102989382491,0.22292660471315612,2021-04-01,2024-12-06,False,True,False,False,False,0.0,3,0,True,"['根据公司盈利能力、融资能力及其成本、偿债能力及现金流等情况披露现金分红方案的合理性，是否导致公司营运资金不足或者影响公司正常生产经营', '公司为增强投资者回报水平拟采取的措施', '留存未分配利润的预计用途以及收益情况', '结合所处行业特点、发展阶段和自身经营模式、盈利水平、偿债能力、资金需求等因素，未进行现金分红或现金分红水平较低原因的说明']",曦琮建筑
2024-12-31,年报,2025-03-30,无保留意见,False,1101232486.6053848,220246497.321077,880985989.2843078,0.2,17273942.147494197,2.0547388543134147e-09,35292950.5567997,110621558.17241813,225453632.31454203,318134632.5682424,198489.57072179715,723426665.9774425,40000000,22.024649732107697,472646434.80099696,429510734.9573691,0.0,-12464057.868050203,-0.31160144670125506,-11322562.663378289,196845773.3239072,-89881315.89395382,117807240.70219168,224771698.13214505,-0.033120744941817326,-0.23838428254630026,-0.07251796999190406,0.18613069373450883,2021-04-01,2025-04-11,False,False,False,False,False,0.0,0,0,False,[],曦琮建筑
2017-03-31,季报,2017-04-30,保留意见,False,319764566.22349626,104623640.72843014,215140925.4950661,0.3271896006617084,77079189.54953477,1277.8310868294843,33575466.46063963,33895199.68528587,198534.37184020443,39640567.85590728,1898621.5581390369,187385781.799852,40000000,5.378523137376653,6423514.161195846,5529007.516830249,0.0,9176448.801708352,0.2294112200427088,7898582.166900355,7896968.306341599,17544259.603203945,102263767.22648555,127704995.13603109,0.19522736386147843,0.4542471556504639,0.027189600661708377,0.06547994723967812,2021-01-22,2017-05-22,False,False,False,False,False,0.0,0,0,False,[],珏珵农业
2017-06-30,半年报,2017-08-27,无保留意见,False,387908850.0044157,156777535.2884288,231131314.71598688,0.40416075912329447,99383474.9348043,1559.5077003997549,39160602.86993208,47338108.746436596,227409.5101530013,52126266.718584746,2337022.5762090846,238016652.45607302,40000000,5.778282867899672,8864362.233952725,7711408.401079999,7169797.267813795,3486925.8182241134,0.08717314545560284,3117715.548928216,47597559.18061108,21912481.201448772,121736492.21625732,191246532.59831718,0.07432518561554426,-0.2173527443154522,0.07697115846158611,-0.004998124027869475,2021-01-22,2017-09-16,False,False,False,False,False,0.0,0,0,False,[],珏珵农业
2017-09-30,季报,2017-10-27,无保留意见,False,448265147.0935042,181804792.97853112,266460354.1149731,0.4055742324767627,111442963.60973942,1655.8206790018628,42237366.900828466,49786096.8850167,252975.23681917798,53505269.08653656,2595517.4075621814,259717255.9870604,40000000,6.661508852874327,17486890.18991111,16033357.497125765,17730993.185112745,12317897.07994055,0.30794742699851374,11888498.708636807,12665044.511867872,23432142.435410574,152930237.45576206,189027424.4030405,0.15285267356523458,0.4310539970746057,0.001413473353468251,0.1030336381828789,2021-01-22,2017-12-12,False,False,False,False,False,0.0,0,0,False,[],珏珵农业
2017-12-31,年报,2018-03-30,无保留意见,False,369584340.8861877,131737979.57609338,237846361.3100943,0.3564490293615055,89555036.10346316,1604.372987831048,43963985.67100375,39585013.378211424,209573.444027162,48677459.940228686,2359281.463180071,229097897.02618086,40000000,5.946159032752357,26525018.12238255,24416542.733392075,44856092.4263743,12911611.332102064,0.3227902833025516,11975978.908951867,22215045.82707485,21036966.76329699,111420469.29309924,154672481.88347107,-0.10738555422219527,0.020250915355308204,-0.049125203115257234,-0.1584298612978218,2021-01-22,2018-04-27,False,False,False,False,False,0.0,0,0,False,[],珏珵农业
2018-03-31,季报,2018-04-30,无保留意见,False,335283072.0226815,103382040.64770538,231901031.37497607,0.3083425596885241,80794862.63076787,1315.9584058368973,35954997.63567042,37192649.56184567,189284.67690766032,41299776.44554048,1966685.3412895247,203098338.6366863,40000000,5.797525784374402,38041685.62395839,34390399.42186649,10157555.95072985,16452382.145108335,0.4113095536277084,14248366.697820596,22856479.534749687,20068340.25721543,99526637.5377309,142451457.329696,-0.024996514146234872,0.11837445912538348,-0.04810646967298141,0.04029726738823798,2021-01-22,2018-06-12,False,False,False,False,False,0.0,0,0,False,[],珏珵农业
2018-06-30,半年报,2018-08-27,非标准无保留意见,False,407038584.12645614,146876876.5941822,260161707.53227395,0.3608426383198882,105492857.73072441,1689.4336016183545,48082913.624598265,51920884.459714584,261647.68340141186,57287525.1833357,2577082.959678326,259219424.35726583,40000000,6.504042688306849,42042748.699255586,37993707.69894839,22268502.03190691,5715804.393281713,0.14289510983204282,5147583.252974149,10493353.652370611,20952083.392585333,142419382.1042,173864819.14915594,0.12186524565990968,-0.3209510672589458,0.052500078631364126,0.048621378256540955,2021-01-22,2018-10-24,False,False,False,False,False,0.0,0,0,False,[],珏珵农业
2018-09-30,季报,2018-10-27,无保留意见,False,473748929.98214066,162831315.93936878,310917614.0427719,0.34370803949996714,127023524.67276187,1720.0572396579646,49553146.19228882,57620663.634968564,302738.8885347655,60967866.138266355,2713719.513240202,284422934.05099326,40000000,7.7729403510692965,44618052.06139007,40277183.19629271,10142616.80240865,3679004.8030492663,0.09197512007623165,3262107.8533490314,33866819.30428878,27595401.6624592,149405973.16481858,210868194.13156658,0.19509368612289524,-0.0896644272405708,-0.01713459881992105,0.15546431526247564,2021-01-22,2018-11-06,False,False,False,False,False,0.0,0,0,False,[],珏珵农业
2018-12-31,年报,2019-03-30,无保留意见,False,528742531.4352777,203689510.22191545,325053021.2133623,0.38523382953324736,137851478.01929903,1974.8289425561736,60033858.03740673,63366915.55778952,332130.7521553483,73904842.48985778,3406651.294806313,335907230.79205364,40000000,8.126325530334057,51755243.15438236,46510141.19018823,5962297.193932964,10195987.275703277,0.25489968189258194,8904225.70556502,43281369.94538418,30851988.124085806,161744024.4453557,235877382.5148257,0.04546351358738322,0.3151497151203831,0.04152579003328021,-0.21416209426611432,2021-01-22,2019-04-20,False,False,False,False,False,0.0,0,0,False,[],珏珵农业
2019-03-31,季报,2019-04-30,无保留意见,False,631173265.3517249,284980550.7881429,346192714.5635819,0.4515092232706275,160176314.1577761,2513.0082345304418,66202226.3818179,72041288.27418926,392768.3330918135,85748643.4814784,4089871.013499166,400815131.83720803,40000000,8.654817864089548,46735234.37741617,41879733.88327546,10197836.905849943,-7171441.1099517085,-0.1792860277487927,-6614867.581303951,56541126.959233396,37950345.37687708,211485900.10913914,305977372.4452496,0.06503460042090708,-0.6386026074210932,0.06627539373738012,-0.00939537850658324,2021-01-22,2019-06-06,False,False,False,False,False,0.0,0,0,False,[],珏珵农业
2019-06-30,半年报,2019-08-27,无保留意见,False,646962580.0981721,291617422.01623863,355345158.08193344,0.45074851465441435,183899033.92720392,2628.089333517912,73098983.9691304,86306837.74891087,416160.7951649351,90862106.20937341,4126302.687282217,421303536.0373235,40000000,8.883628952048335,43191027.462658495,38913540.17617889,13094985.560653826,-5063152.735368108,-0.1265788183842027,-4237419.581566528,114474086.43494521,39883768.32189812,216492620.7638894,370850475.52073276,0.026437423820109232,0.21450635827377534,-0.000760708616213165,0.07822420274626381,2021-01-22,2019-10-04,False,False,False,False,False,0.0,0,0,False,[],珏珵农业
2019-09-30,季报,2019-10-27,无保留意见,False,485608223.68740237,196152663.8968242,289455559.7905782,0.4039319235728025,127276981.1124788,1865.6017933763064,51397930.321647905,58975260.72647594,285437.5820049402,73393313.39684236,2716204.0546230893,299362839.97234416,40000000,7.236388994764455,36996407.80770839,32891624.099068046,37351937.48156367,-8849456.649928719,-0.22123641624821797,-8602737.253015498,20055386.33580002,29335242.178990632,138009872.18695334,187400500.701744,-0.18542421865830755,-0.3171946352852468,-0.04681659108161179,0.09604713684977866,2021-01-22,2019-11-21,False,False,False,False,False,0.0,0,0,False,[],珏珵农业
2019-12-31,年报,2020-03-30,无保留意见,False,559741755.26517,233777623.1849777,325964132.08019227,0.41765264246586137,131481176.93425615,2306.757166546886,58730942.34030356,60921243.5760943,341638.7628730767,68792795.10235116,3459028.1398827364,338911839.5827656,40000000,8.149103302004807,30118413.438463293,27230236.128612425,27236198.392601915,-9825706.241778713,-0.2456426560444678,-8087697.100650881,17277633.077780284,31079692.32288527,185539341.86767474,233896667.2683403,0.1261284195612899,-0.11977724059850037,0.013720718893058861,0.09449681639660257,2021-01-22,2020-04-23,False,False,False,False,False,0.0,0,0,False,[],珏珵农业
2020-03-31,季报,2020-04-30,无保留意见,False,505210888.8001684,194828023.5938457,310382865.20632267,0.38563702389025145,130827027.75758636,2036.719970570005,55982523.7354426,65390031.22796645,331864.802110389,67751898.71996585,3087238.177392568,330130958.1860306,40000000,7.759571630158066,24779650.892254528,22669045.24883852,22595859.459961165,-7626803.637441091,-0.19067009093602727,-6515986.9711055765,61289156.14316608,30501466.15966319,162263056.15381038,254053678.45663965,-0.047800556381572504,0.3064974307495867,-0.03201561857560996,0.03608765888561518,2021-01-22,2020-05-29,False,False,False,False,False,0.0,0,0,False,[],珏珵农业
2020-06-30,半年报,2020-08-27,无保留意见,False,575756853.244536,246466576.829797,329290276.4147391,0.42807406536438997,129432445.49146588,2014.6242646150756,56912086.12465459,61238482.83316127,317868.95883131924,69243154.65360041,3272681.3664878723,321826982.88720125,40000000,8.232256910368477,20947447.392421573,19259177.222181845,4991959.360460003,-5474576.428332794,-0.13686441070831987,-4871240.038080967,89283349.87841125,31532026.137621913,183483818.2912998,304299194.30733293,0.06091641429963596,0.22961507748897036,0.04243704147413852,0.08733774017083251,2021-01-22,2020-10-06,False,False,False,False,False,0.0,0,0,False,[],珏珵农业
2020-09-30,季报,2020-10-27,无保留意见,False,842645238.2758198,467589491.75732726,375055746.5184925,0.5549067039340143,217368429.11068657,3324.0241462256636,100312478.5131434,104253263.86690219,512508.0439334328,97149093.01179877,5237454.704117211,511739561.33680344,40000000,9.376393662962313,19469981.05375285,17992206.57852592,8993479.757612469,-2110666.198098175,-0.05276665495245438,-1809958.0623656053,126143005.36351037,47570844.64197515,267560065.72859555,441273915.7340811,0.13898214852269772,0.29186868572050356,0.12683263856962437,-0.07956745541097875,2021-01-22,2020-12-07,False,False,False,False,False,0.0,0,0,False,[],珏珵农业
2020-12-31,年报,2021-03-30,无保留意见,False,791717646.4281716,425248035.6616733,366469610.7664983,0.5371208253095996,173541053.61444074,2978.1740654429386,75499990.83926484,84101546.96402386,457001.81067770056,103193948.12767462,4427807.247218166,472417226.0974379,40000000,9.161740269162458,19600659.345525984,18113287.399270557,150998.95487103466,186683.27396161854,0.004667081849040464,172972.60106376503,12232901.70960945,47612043.7636007,254337131.23571894,314182076.70892906,-0.022892958797981793,0.15429498073086056,-0.01778587862441478,0.10681561128321664,2021-01-22,2021-05-15,True,False,False,True,True,149942.21718628626,0,0,True,"['是否影响偿债能力、过去十二个月内是否使用过募集资金补充流动资金以及未来十二个月内是否计划使用募集资金补充流动资金等内容', '留存未分配利润的预计用途以及收益情况', '上市公司控股子公司向母公司实施利润分配的情况', '公司在相应期间是否按照中国证券监督管理委员会相关规定为中小股东参与现金分红决策提供了便利']",珏珵农业
2021-03-31,季报,2021-04-30,无保留意见,False,632477195.9445372,308785418.9852363,323691776.95930094,0.48821589294472223,125498192.3115244,2045.0326837500306,56998743.51320274,68308488.24425071,301665.67204221606,65126780.72107863,3206355.0504536787,328656725.87855303,40000000,8.092294423982523,25729289.05663645,23709789.21596953,6800446.673609338,8755185.301586375,0.21887963253965936,7995002.595284243,106415107.56406513,34191980.130172685,196044990.2472728,336652077.9415106,-0.11672955287540596,0.49855471768693826,-0.04890493236487732,-0.07093945750531339,2021-01-22,2021-05-29,False,False,False,True,False,0.0,0,0,False,[],珏珵农业
2021-06-30,半年报,2021-08-27,非标准无保留意见,True,546102292.8600802,221541381.90085873,324560910.9592215,0.40567744321414345,133953852.35854922,1907.2242249956043,55088652.64734606,56641084.56195915,296084.57546100556,71111609.61395527,3036185.0777168195,312188710.7644258,40000000,8.114022773980537,24759743.907683153,22787514.477214128,1264732.5106828625,-1385064.4985047057,-0.03462661246261765,-1317535.3410791454,66520735.00183851,31068325.713526756,178573387.10475758,276162447.82012284,0.002685066664606156,-0.39371682561594695,-0.08253844973057879,0.14930940389271855,2021-01-22,2021-10-10,False,False,False,False,False,0.0,0,0,False,[],珏珵农业
2021-09-30,季报,2021-10-27,无保留意见,False,642149647.0542814,251499253.5322302,390650393.52205116,0.39165209338030016,162359024.71610737,2464.7680182259583,69752556.52939129,68661429.01247369,344689.87263056956,81776290.24439375,3668360.8490265524,376425797.81066364,40000000,9.76625983805128,28327999.39728232,25882601.723775517,16704071.979124341,5097507.842284519,0.12743769605711297,4421553.209373412,87626666.37962335,37567380.00595141,211811595.82767084,337005642.21324563,0.2036273634046255,0.41515204082453316,-0.014025349833843286,-0.018824051880596795,2021-01-22,2021-11-18,True,False,False,False,True,6899183.343861908,0,0,True,"['公司在相应期间是否按照中国证券监督管理委员会相关规定为中小股东参与现金分红决策提供了便利', '结合前述财务报表列报项目的具体情况说明现金分红方案确定的依据及未来增强投资者回报的规划', '根据公司盈利能力、融资能力及其成本、偿债能力及现金流等情况披露现金分红方案的合理性，是否导致公司营运资金不足或者影响公司正常生产经营']",珏珵农业
2021-12-31,年报,2022-03-30,无保留意见,False,610458305.8412898,212168055.0168184,398290250.8244714,0.34755535797718995,141192469.66976383,2001.6840520569258,54033110.97087974,63730578.552320465,344539.74404505745,76731164.38988931,3313556.670568093,349327818.39060277,40000000,9.957256270611785,38931409.86814875,35605552.46688316,34502464.03969609,15147729.244094912,0.3786932311023728,13889929.633010916,16594320.27868771,33254753.350281846,216689302.17941543,266538375.80838498,0.01955676335953578,0.4548124373816882,-0.04409673540311019,-0.014027190047691393,2021-01-22,2022-05-14,False,False,False,False,True,0.0,0,0,False,[],珏珵农业
2022-03-31,季报,2022-04-30,无保留意见,False,647098648.8613614,224462804.48082677,422635844.38053465,0.3468757118807045,171899536.3904307,2448.0183857596194,69126115.32398522,78934635.78574179,387851.1665615998,83312362.81708956,3871974.8737160964,412051734.24330604,40000000,10.565896109513366,56021428.33088608,51316785.61199505,121558889.23265469,24414312.089624755,0.6103578022406189,22444618.77873128,119637373.4131378,38133399.39518393,234077431.2176434,391848204.0259651,0.06112525603041305,0.2882499966068981,-0.0006796460964854806,0.033308333674920976,2021-01-22,2022-05-16,True,True,False,True,True,30470660.653771143,1,0,True,"['充分披露高送转的主要考虑及其合理性且送转股后每股收益不低于0.5元', '结合前述财务报表列报项目的具体情况说明现金分红方案确定的依据及未来增强投资者回报的规划', '根据公司盈利能力、融资能力及其成本、偿债能力及现金流等情况披露现金分红方案的合理性，是否导致公司营运资金不足或者影响公司正常生产经营']",珏珵农业
2022-06-30,半年报,2022-08-27,保留意见,False,677611497.1223696,280152416.2120653,397459080.91030437,0.41344106084651133,148273189.3663728,2414.889427015304,65341513.32789616,71131474.25895527,353718.2687421738,81061103.76568389,3634965.4000765397,368646726.29503465,40000000,9.93647702275761,77417452.25213033,68981175.04582988,67520629.65177196,30565748.458920352,0.7641437114730089,25234842.048335478,63145971.94221343,39774472.93767122,234607355.4052881,337527800.28517276,-0.05957081919337048,0.14853407092657409,0.06656534896580682,-0.18836296792033183,2021-01-22,2022-10-06,False,False,False,False,False,0.0,0,0,False,[],珏珵农业
2022-09-30,季报,2022-10-27,非标准无保留意见,False,703781439.4323001,268930157.9002892,434851281.53201085,0.3821216969251415,193504252.9285195,2748.1164678282935,72408367.49804339,86636635.42806111,434433.7799274268,91125269.05810907,4446360.312073364,435815453.60480726,40000000,10.871282038300272,106059173.38350058,94647044.06115945,102563073.31772158,40916744.47338609,1.0229186118346523,36665527.16475653,128699198.84385937,39509790.850939654,230181379.95539603,398390369.65019506,0.09407811374209082,0.21761448836246636,-0.03131936392136982,0.05521448057482534,2021-01-22,2022-12-01,False,False,False,False,True,0.0,0,0,False,[],珏珵农业
2022-12-31,年报,2023-03-30,无保留意见,False,895596087.6014457,450179989.61159176,445416097.98985386,0.5026596206078213,189553708.85662642,3231.599545755577,81361696.44325484,96764951.22590992,473011.09373885475,98201936.01520748,4425717.035864496,480028376.7006505,40000000,11.135402449746346,133788329.13973618,115690569.32003856,163392853.41799325,39613079.651765145,0.9903269912941286,30062178.941255856,175809591.13008758,51541453.72707054,301113968.28055006,528465013.1377082,0.024295240479969234,-0.02250929042152914,0.12053792368267977,-0.04095125052457716,2021-01-22,2023-05-26,False,True,False,False,False,0.0,4,0,True,"['上市公司控股子公司向母公司实施利润分配的情况', '结合所处行业特点、发展阶段和自身经营模式、盈利水平、偿债能力、资金需求等因素，未进行现金分红或现金分红水平较低原因的说明']",珏珵农业
2023-03-31,季报,2023-04-30,无保留意见,False,874791942.2491164,418390620.820762,456401321.42835444,0.4782744337414301,227106846.16777217,3451.762740740712,96256229.78511134,106954479.59447159,518088.1971139121,113036516.37379138,5374567.728374083,536663034.2614173,40000000,11.41003303570886,151630754.23624894,132572226.41585742,61157084.81810425,25489178.709303938,0.6372294677325985,24116652.99402695,174400906.61607233,49815723.89958741,287074304.2192246,511290934.7348843,0.024662834343160234,-0.24948123347712708,-0.024385186866391215,0.1307737349573765,2021-01-22,2023-06-05,False,True,False,False,False,0.0,3,0,True,"['结合前述财务报表列报项目的具体情况说明现金分红方案确定的依据及未来增强投资者回报的规划', '是否影响偿债能力、过去十二个月内是否使用过募集资金补充流动资金以及未来十二个月内是否计划使用募集资金补充流动资金等内容', '上市公司控股子公司向母公司实施利润分配的情况']",珏珵农业
2023-06-30,半年报,2023-08-27,保留意见,False,728030262.3162862,349897295.0261693,378132967.2901169,0.4806081740516434,174004977.10820174,2908.7812823877284,73965953.14767045,79473292.90511365,392964.4675885008,82615120.66489772,4208435.128067395,425738379.8594638,40000000,9.453324182252922,146922128.582661,127797123.53012371,29755292.07570308,-6726608.076554196,-0.1681652019138549,-6821575.551048167,98957971.87437233,44175484.6403459,249141745.7801155,392275202.2948337,-0.1714902005394918,-0.7582115673797145,0.0023337403102133493,0.07620677351948223,2021-01-22,2023-10-03,False,False,True,False,False,0.0,0,9,True,['留存未分配利润的预计用途以及收益情况'],珏珵农业
2023-09-30,季报,2023-10-27,无保留意见,False,889765682.2022853,493161557.33887833,396604124.8634069,0.5542600340780054,242059562.43681177,3447.0113716703313,94382273.93927902,101033097.88765188,542663.2367085189,113630340.7048002,5295376.99431373,539778780.0540066,40000000,9.915103121585172,140206628.978134,122555390.42828304,16530802.612284657,-9593570.863609966,-0.23983927159024915,-7488190.14548669,109837523.2791625,50425081.27970598,256412943.9205338,416675548.4794023,0.04884831308326069,-0.27906681731014493,0.07365186002636197,0.02040733505994188,2021-01-22,2023-12-01,False,False,False,False,True,0.0,0,0,False,[],珏珵农业
2023-12-31,年报,2024-03-30,保留意见,False,855299386.3394413,445210722.56190526,410088663.77753603,0.5205320261801465,192692502.57741028,3006.209949445048,85924361.00552896,94786427.72723098,505268.0112846844,105400251.95160832,4735247.473447044,501379760.50881726,40000000,10.252216594438401,135914001.59119156,118540895.33060063,3334791.1493433155,-6132324.8384891935,-0.15330812096222984,-5734992.996689138,35532373.60477521,49384439.84618878,253046807.0232046,337963620.4741686,0.03399999664343716,0.4673299320605958,-0.0337280078978589,0.09052430512696273,2021-01-22,2024-04-29,False,False,False,False,False,0.0,0,0,False,[],珏珵农业
2024-03-31,季报,2024-04-30,无保留意见,False,706352625.0575833,351402525.845633,354950099.21195036,0.49748880853523536,176811370.3907703,2794.9721493199977,65956951.62022202,84961547.42385326,392792.1361995402,90648714.63869353,3539768.4528196463,411407883.65698755,40000000,8.873752480298759,130174156.76811387,112981333.61211802,13127338.788081743,-8199778.318682438,-0.20499445796706095,-7942231.026403725,10314775.04127383,40230849.91016766,247470620.41178626,298016245.3632277,-0.1344552274566096,-0.19023879987832007,-0.023043217644911133,0.15373781398128902,2021-01-22,2024-06-01,False,False,False,True,False,0.0,0,0,False,[],珏珵农业
2024-06-30,半年报,2024-08-27,无保留意见,True,562739768.7648306,257061522.00060004,305678246.7642306,0.4568035462729599,128194110.33851951,2055.193434041765,59687599.633802325,67821612.84176381,326158.65204651497,66174264.88474541,3066548.88465117,327570154.75352246,40000000,7.641956169105765,127540973.09432183,110481129.36220594,13715681.19140528,-3761690.9625600707,-0.09404227406400177,-3571720.357017278,79945410.38237359,35938967.51864297,187088231.161078,302972609.06209457,-0.1388134629546848,0.5043154044112557,-0.04068526226227549,-0.016346129306650258,2021-01-22,2024-10-03,False,True,False,True,False,0.0,4,0,True,['公司在相应期间是否按照中国证券监督管理委员会相关规定为中小股东参与现金分红决策提供了便利'],珏珵农业
2024-09-30,季报,2024-10-27,无保留意见,False,590196190.5284624,308811358.8238978,281384831.7045646,0.5232350933125944,156839992.9847483,2497.7314978294135,66012102.1875854,70151150.5054767,384774.6453274245,72627964.60216397,3671001.7708945978,379785617.4922472,40000000,7.034620792614114,120676233.77855495,103896962.69158934,32535810.488637965,-9806770.451095559,-0.24516926127738897,-9405952.38659514,66366709.576501735,33308315.882377714,192866427.5556683,292541453.0145477,-0.07947381050769879,-0.45663532037506394,0.06643154703963455,0.1477608692508603,2021-01-22,2024-12-03,False,False,False,True,True,0.0,0,0,False,[],珏珵农业
2024-12-31,年报,2025-03-30,无保留意见,False,660105749.3554479,364326118.80435544,295779630.55109245,0.551920838683949,143844574.32452205,2319.3443351874434,61756138.8746873,73185365.01490094,376390.9404070342,83953834.61538981,3824728.9779691733,369497586.8620348,40000000,7.394490763777311,116453115.52545856,99766597.07940178,25515066.572182443,-6033026.075851982,-0.15082565189629957,-5900522.30312509,112792981.7236762,35756938.45562289,203452217.26541921,352002137.4447183,0.0511569822698951,0.5246244888456718,0.028685745371354623,-0.10734252140119034,2021-01-22,2025-05-06,False,False,False,False,False,0.0,0,0,False,[],珏珵农业
2017-03-31,季报,2017-04-30,无保留意见,False,290581070.6482503,98857498.74261601,191723571.90563428,0.340206258178061,19831993.01693872,2408.1944009440167,127430077.6289105,147.13965846254686,3553324.1370821646,385359.4659771039,614025.2220604796,150245799.7980711,40000000,4.793089297640857,602947.605881629,531486.1728955983,2003075.864824912,861353.7226880416,0.02153384306720104,759265.9612794262,53533310.18668633,-21255688.41384668,49111830.7633562,81389452.53619584,0.06513095503130147,-0.007702570961775491,0.040206258178061026,-0.07367313961785467,2021-06-28,2017-05-16,False,False,False,False,False,0.0,0,0,False,[],芷珹化工
2017-06-30,半年报,2017-08-27,无保留意见,True,283537242.7956593,100100157.50893742,183437085.2867219,0.3530405971432754,19888930.33323052,2375.2983828781566,111428663.27252387,137.14136187849263,3222764.5852836813,383560.6200690528,567681.3251430992,141754852.8460017,40000000,4.585927132168047,-3143512.249930057,-2714201.2556342846,21746561.490407765,-5352085.508302409,-0.13380213770756022,-4636696.326471262,13869066.66174128,-20784567.906770278,47385640.56479341,40470139.31976441,-0.04322101104495885,-0.3478705661093284,0.012834338965214402,0.22869982615747556,2021-06-28,2017-09-24,False,False,False,False,False,0.0,0,0,False,[],芷珹化工
2017-09-30,季报,2017-10-27,无保留意见,False,282206273.23588884,104193625.43360502,178012647.80228382,0.36921087628166327,16831890.530487005,2253.72785729704,119736331.26695958,131.7695785894602,3336120.8760040905,317959.26714147715,577698.2619391923,137391028.84187233,40000000,4.450316195057096,-4156983.7071442376,-3579012.433557906,3018543.253046412,-1447816.367448829,-0.03619540918622073,-1235444.5398908874,3991175.4562434047,-18863633.877210103,48147594.92533811,33275136.504371412,-0.02957110595144596,0.335190401993118,0.016170279138387818,0.0631012404794146,2021-06-28,2017-12-14,False,False,False,False,False,0.0,0,0,False,[],芷珹化工
2017-12-31,年报,2018-03-30,无保留意见,False,281302319.2493998,109307255.23136605,171995064.0180337,0.3885757341888652,18713885.86257551,2399.594653938259,108141487.77717656,141.76692218980887,3041975.4719514847,357503.7939775069,598649.2711751062,141259594.39755008,40000000,4.299876600450843,-7067361.1072071055,-6123266.630389381,4778204.094357064,-4157682.000089811,-0.10394205000224528,-3634648.8526163944,23646549.62691023,-19665641.933710232,51295930.47792303,55276838.17112303,-0.0338042485101045,-0.17424341794480577,0.019364857907201966,-0.04441850459465076,2021-06-28,2018-04-20,False,False,False,False,False,0.0,0,0,False,[],芷珹化工
2018-03-31,季报,2018-04-30,无保留意见,False,325036595.0574875,151257791.37584445,173778803.68164307,0.4653561896594821,22923916.653909277,2765.3437810855353,137348143.25630587,174.0448640518349,4145835.705361183,415652.5920150204,735433.4556159888,174114312.87356782,40000000,4.344470092041076,-9473955.627422666,-8332627.632869747,16577426.158019273,-3437992.171736516,-0.0859498042934129,-3156230.0035433793,47941709.203683846,-24337119.30901116,64213632.36413332,87818222.258806,0.010370877058555411,0.05604049271777331,0.07678045547061688,-0.08129178687492884,2021-06-28,2018-06-07,False,False,False,False,False,0.0,0,0,False,[],芷珹化工
2018-06-30,半年报,2018-08-27,无保留意见,False,439586588.4001678,237266017.0274602,202320571.3727076,0.539748079874244,28655569.908942845,3645.2049183179197,180081614.1951425,211.97659674115076,4464095.079058137,495145.1018303608,867038.8850222296,215184860.55592987,40000000,5.05801428431769,-12267874.188020226,-10665860.958617048,7992776.24727899,-3991312.2294250857,-0.09978280573562714,-3333190.4653532887,84874090.6434755,-32819616.66270348,71664198.96173345,123718672.94250546,0.1642419390995007,-0.04079927284332041,0.07439189021476188,0.14158215486187373,2021-06-28,2018-09-13,False,False,False,False,False,0.0,0,0,False,[],芷珹化工
2018-09-30,季报,2018-10-27,无保留意见,False,375649447.24927604,185713875.87644395,189935571.37283212,0.49438080432794207,24373153.1157662,2895.9529060626865,153580352.08581734,189.32630969514844,4544950.149456886,463250.1953773239,833892.6070797208,185648569.28546154,40000000,4.748389284320803,-16422988.685692659,-14188193.317161893,25471172.02376267,-5935877.853817761,-0.14839694634544404,-5031903.369349777,17212539.79648196,-25695794.130357854,63184396.468434736,54701142.13455884,-0.06121473420050939,-0.14948207372546815,-0.0453672755463019,-0.04628820505391449,2021-06-28,2018-12-05,False,False,False,False,False,0.0,0,0,False,[],芷珹化工
2018-12-31,年报,2019-03-30,非标准无保留意见,False,429704065.36799765,237751341.4942423,191952723.87375537,0.5532908823904948,24790485.50160651,3381.0891006672946,175202983.6313837,192.8730576986831,4368346.259089695,502077.8349888673,895475.8455511223,198783405.2152865,40000000,4.798818096843884,-16997744.36891379,-14734411.06364151,3819988.833914965,-821079.5474587549,-0.02052698868646887,-780311.0663994545,23884957.529797614,-28646946.801140375,77485534.31441416,72723545.04307139,0.010620193396863788,0.4622868618748851,0.05891007806255278,0.11396344192596683,2021-06-28,2019-05-20,False,False,False,False,False,0.0,0,0,False,[],芷珹化工
2019-03-31,季报,2019-04-30,无保留意见,False,445214833.9817172,247678059.75296682,197536774.22875038,0.5563113374680093,28264365.906458262,4052.135829561761,188996445.5879602,226.4265669232262,5387480.62555069,595733.4456508609,1004179.3867215157,233268581.72562036,40000000,4.938419355718759,-11222983.860052885,-9923322.241778096,25015750.184240162,8249657.86980129,0.20624144674503225,6872984.031233452,33638011.02212614,-30650532.060496952,75117345.71584782,78104824.677477,0.02909075861131062,0.5606515863569433,0.003020455077514516,0.05917328656242275,2021-06-28,2019-06-03,False,False,False,False,False,0.0,0,0,False,[],芷珹化工
2019-06-30,半年报,2019-08-27,无保留意见,False,442279554.77606046,239642564.53614,202636990.23992044,0.5418350496836289,28070492.528396964,3566.815461326616,181495423.69459683,201.6201842413593,5228845.222864869,565400.4842787258,961295.5233524442,225376382.13038093,40000000,5.065924755998011,-6569446.761512637,-6036123.529354106,23146101.46547229,6647910.140771784,0.1661977535192946,5553141.017748557,65900019.42433876,-32843290.316383544,78959474.05302377,112016203.16097899,0.02581907106199849,-0.06343641316998601,-0.014476287784380395,-0.06624986391607379,2021-06-28,2019-09-25,False,False,False,False,False,0.0,0,0,False,[],芷珹化工
2019-09-30,季报,2019-10-27,无保留意见,False,739898568.5217862,510341267.64928025,229557300.87250602,0.6897449047223738,51327359.117389224,6167.054701154138,316443711.7685224,355.8364118758966,8959562.715662405,921325.6088508079,1644106.3830922407,387115084.7010084,40000000,5.73893252181265,-1848119.4210739783,-1681533.7448106264,18428451.501413226,6744753.343483798,0.16861883358709495,6220842.549347828,112240532.30364352,-51669865.22923749,136931124.65012068,197501791.7245267,0.13284993327581598,0.004095211887034589,0.14790985503874482,-0.008889532257513634,2021-06-28,2019-11-14,False,False,False,False,False,0.0,0,0,False,[],芷珹化工
2019-12-31,年报,2020-03-30,无保留意见,True,1278658222.7355123,1055084415.8032955,223573806.93221664,0.8251496741217434,79429894.56336302,9943.081124937717,518221337.55525726,519.9109689284741,15274770.467285315,1494324.8310628342,2823592.070927876,608990989.3767604,40000000,5.589345173305416,6347462.306322179,5957462.636067597,43761559.18152773,11707973.896280225,0.29269934740700565,10912851.972683178,168028767.00848195,-88767035.59763937,205515645.57370967,284777376.98455226,-0.026065361099591285,0.20902388333962074,0.13540476939936957,0.1993719203294361,2021-06-28,2020-04-21,False,False,False,False,False,0.0,0,0,False,[],芷珹化工
2020-03-31,季报,2020-04-30,无保留意见,False,1141074022.895656,891249669.6880219,249824353.2076341,0.7810620974670291,68025042.29478124,9576.997797332113,453829936.2888877,581.7988260242323,13437317.475626657,1385195.6731818728,2229483.7815451086,571161064.4770544,40000000,6.245608830190852,8176663.98802378,7674455.838311597,8776804.33631945,2613145.2595737167,0.06532863148934291,2452847.431777142,217390650.27896297,-84884674.00698572,208873083.00532272,341379059.2773,0.11741333493228072,-0.31680496399939084,-0.04408757665471423,-0.05113217297077558,2021-06-28,2020-05-15,False,False,False,False,False,0.0,0,0,False,[],芷珹化工
2020-06-30,半年报,2020-08-27,无保留意见,False,878528354.6295428,647144137.5896574,231384217.03988543,0.7366229378703942,48237257.98923183,6408.5520526893815,333786024.40791935,424.62652912634326,9260342.334901549,1016777.5327301549,1696976.0947476202,395311141.96124613,40000000,5.784605425997136,14071323.742138937,12938656.817178398,29623993.495234035,8420942.505878795,0.21052356264696986,7520287.112666861,95023842.18978631,-60657266.08130224,160682054.21184108,195048630.32032514,-0.07381240431921654,0.29611758692656037,-0.044439159596634914,-0.03354273785637062,2021-06-28,2020-10-15,False,False,False,False,False,0.0,0,0,False,[],芷珹化工
2020-09-30,季报,2020-10-27,无保留意见,False,1434067467.3254027,1168232689.5921884,265834777.73321435,0.814628820616782,89654520.21303846,11271.113938453655,573893810.7175721,682.6793647327763,15993651.899056736,1540868.0765614451,2826732.582031624,673626600.0889306,40000000,6.6458694433303585,12796736.444220334,11856926.813836535,1645993.07762707,-1820838.9970265739,-0.04552097492566435,-1545328.5762026622,67917953.96422349,-91260328.50532733,257615318.41758242,234272943.87647858,0.14888898272344323,-0.4028875601499385,0.0780058827463877,-0.012552761858892147,2021-06-28,2020-11-21,False,False,False,False,False,0.0,0,0,False,[],芷珹化工
2020-12-31,年报,2021-03-30,无保留意见,False,2373318290.3879857,2048528089.9399345,324790200.4480512,0.8631493290371284,144611208.50024348,19268.359290755874,1026847573.9270415,1256.2620251360352,26887420.609910198,2744273.7747357762,5114098.914505765,1175718150.4478312,40000000,8.11975501120128,13730688.892348405,12739984.97660758,6654233.072003102,1334217.7830400988,0.03335544457600247,1261511.6611014905,77514278.15963198,-173951192.02994373,424332444.2447538,327895530.37444204,0.22177467981259832,0.20785449073559692,0.04852050842034653,0.10747747687278843,2021-06-28,2021-05-05,False,False,False,False,False,0.0,0,0,False,[],芷珹化工
2021-03-31,季报,2021-04-30,无保留意见,False,2124604080.6288972,1726992137.336373,397611943.29252404,0.812853629098355,111917641.0437409,17137.36967311843,766834885.6684767,1058.4750744227488,22919385.413779672,2503291.2182299946,4356697.053587238,997979084.7410555,40000000,9.940298582313101,19650135.39976041,17738202.291820046,35423845.10158983,8456352.153445724,0.2114088038361431,7140310.450303526,378945009.9367911,-145127339.5577114,333050274.6975106,566867945.0765903,0.22421163798665875,0.38846131614046214,-0.05029569993877347,0.05385910457181643,2021-06-28,2021-05-21,False,False,False,False,False,0.0,0,0,False,[],芷珹化工
2021-06-30,半年报,2021-08-27,无保留意见,False,3177887529.456771,2778264396.384013,399623133.07275796,0.8742488117126443,224979500.95993298,27361.098220937114,1272295128.213538,1660.5364257491246,39312111.54017184,4566553.45691073,6615636.054304207,1665338211.9868271,40000000,9.99057832681895,19355436.3657834,17476170.551278826,393392.4060514559,-420998.61996715516,-0.01052496549917888,-374331.0579160252,226084250.46712574,-216566293.20966855,582487851.7337604,592005808.9912176,0.005058172457245029,-0.3487283142495048,0.06139518261428935,0.1096171495375101,2021-06-28,2021-09-29,False,False,False,False,False,0.0,0,0,False,[],芷珹化工
2021-09-30,季报,2021-10-27,无保留意见,False,4231676439.895532,3808508795.905979,423167643.9895531,0.9,284976802.1786243,33545.16364386574,1701459825.4503713,2254.1298348213645,46551941.227510996,5686732.600924719,8918050.62423693,2152627314.422623,40000000,10.579191099738827,12316840.213144315,10789052.826333413,23674460.799326424,-10055137.360912982,-0.25137843402282456,-9553025.321350593,674181262.1818775,-303996655.17558557,695409308.9034398,1065593915.9097316,0.05891678676296364,-0.5811048880512694,0.04927911519156448,0.009039114910374301,2021-06-28,2021-11-18,False,False,False,False,False,0.0,0,0,False,[],芷珹化工
2021-12-31,年报,2022-03-30,无保留意见,False,4443148605.162223,3998833744.6460004,444314860.5162222,0.9,275029723.5813747,32680.288870338198,1934320484.0465696,2028.5509981311718,46319822.349271566,5276032.055514553,8994213.721757425,2086417213.7082825,40000000,11.107871512905554,4639674.722490998,3593418.139484305,8982341.175762506,-10967379.272361882,-0.27418448180904703,-10279478.124070155,694168889.8783348,-291108747.44784456,766223806.9472189,1169283949.3777092,0.04997361406769373,-0.1313549250513074,0.045219377561087175,0.053663633398646736,2021-06-28,2022-05-22,False,True,False,False,False,0.0,2,0,True,['公司为增强投资者回报水平拟采取的措施'],芷珹化工
2022-03-31,季报,2022-04-30,无保留意见,False,4443276737.511283,3998949063.7601547,444327673.7511282,0.9,270673145.2912413,37651.586044428805,1948673702.1674182,2139.2240584597544,51274210.59047507,6122430.913147506,9345701.27726929,2205593554.8347144,40000000,11.108191843778204,-2269103.2091170885,-2256656.8138331263,36429557.241550505,-9869682.759440124,-0.2467420689860031,-8357249.933310617,98221020.36098984,-329459007.770605,756718036.2786728,525480048.86905766,2.8838186710923863e-05,0.18196014012495806,0.10761177994925009,0.08548707336673309,2021-06-28,2022-05-23,False,False,False,False,False,0.0,0,0,False,[],芷珹化工
2022-06-30,半年报,2022-08-27,无保留意见,False,4315155310.844536,3883639779.7600822,431515531.08445346,0.9,289738051.44301105,31626.857305863512,1740726272.9712079,2102.0780668633597,45035678.761196114,5501652.090458777,9164736.528471567,2136398828.9552648,40000000,10.787888277111337,-8223497.480951864,-7400083.834853028,37273194.977216855,-8506277.531192537,-0.21265693827981344,-7347752.887171289,514773716.1992453,-293125659.76160246,830395126.7338439,1052043183.1714867,-0.02883489690955164,0.19121242186701537,0.004980962321594499,-0.11345506350084421,2021-06-28,2022-09-07,False,False,False,False,False,0.0,0,0,False,[],芷珹化工
2022-09-30,季报,2022-10-27,无保留意见,False,4216158623.4390616,3794542761.0951557,421615862.3439061,0.9,247386616.91270217,30957.325571097015,1552089961.069195,1852.9822557883483,44576739.616819784,5059867.114158171,7945362.888162611,1887893096.1353817,40000000,10.540396558597653,-12641299.665539037,-10967544.717037404,30298583.064505793,-6311145.977981675,-0.1577786494495419,-5096372.688834824,666911833.2519312,-295677813.5365807,668699279.0276004,1039933298.7429509,-0.02294162788455887,0.25844163866576914,-0.0350506777634151,-0.16190554054025943,2021-06-28,2022-12-04,False,True,False,False,False,0.0,0,0,True,"['结合所处行业特点、发展阶段和自身经营模式、盈利水平、偿债能力、资金需求等因素，未进行现金分红或现金分红水平较低原因的说明', '结合前述财务报表列报项目的具体情况说明现金分红方案确定的依据及未来增强投资者回报的规划']",芷珹化工
2022-12-31,年报,2023-03-30,无保留意见,False,4964072078.221019,4467664870.398917,496407207.8221018,0.9,344352080.1094663,42458.11709617698,2224947319.275264,2707.3014013047928,64304314.64742919,6038101.551432995,11103841.490114974,2641360643.4945197,40000000,12.410180195552543,-14926870.801470857,-12886495.651804421,8201983.188616494,-3265101.6227597464,-0.08162754056899366,-2741358.4782385947,792120848.392723,-322221384.3594435,824811936.3395859,1294711400.3728654,0.177392152805649,0.28497389420299685,-0.03149306378991189,0.06520701526098917,2021-06-28,2023-05-10,False,True,True,False,False,0.0,2,0,True,['结合前述财务报表列报项目的具体情况说明现金分红方案确定的依据及未来增强投资者回报的规划'],芷珹化工
2023-03-31,季报,2023-04-30,无保留意见,False,5171216946.338645,4654095251.704781,517121694.63386434,0.9,331884131.9839834,36792.89442306237,1885691561.9800158,2242.8981032714423,55349179.24668718,5438306.343847044,9216035.998936204,2338327756.268722,40000000,12.928042365846608,-21887769.1897901,-18870663.996327616,17334674.052645866,-9944140.554741777,-0.24860351386854443,-8548811.920747422,279172494.60582334,-391166606.65932965,976436528.5610731,864442416.5075667,0.04172881957666099,-0.48628236980986284,0.06386405075443645,0.03206482784612921,2021-06-28,2023-06-25,False,False,False,False,False,0.0,0,0,False,[],芷珹化工
2023-06-30,半年报,2023-08-27,无保留意见,False,4693081777.79015,4223773600.0111346,469308177.7790148,0.9,325247415.09554654,37856.94486641884,2043615932.4510703,2259.220717398155,51074314.08236599,5657362.731284461,9746446.359332059,2350026107.0799117,40000000,11.73270444447537,-29426413.271591406,-25776322.387890905,8218152.433501737,-10769491.545430433,-0.26923728863576085,-9865226.273661843,544437782.0832444,-306072571.27474934,857222968.7312014,1095588179.5396965,-0.09246086047250979,-0.11697384239184655,-0.0005171317227701764,-0.031036136350053315,2021-06-28,2023-09-21,False,False,False,False,False,0.0,0,0,False,[],芷珹化工
2023-09-30,季报,2023-10-27,保留意见,False,4606607442.1454315,4145946697.9308887,460660744.2145431,0.9,333848730.092091,42702.95649952808,1963167130.4929576,2510.654747299731,55171891.39235023,7037314.5157986805,11221927.777066637,2509834809.4996676,40000000,11.516518605363578,-33643014.97091452,-29209177.06909073,10025757.926624006,-6023716.713318739,-0.15059291783296846,-4904078.11599975,135865257.6184955,-326020198.62790716,775609547.8942556,585454606.884844,-0.01842591707094345,0.7616994450318187,-0.043514378441087284,-0.05015041495323642,2021-06-28,2023-12-21,False,False,False,False,False,0.0,0,0,False,[],芷珹化工
2023-12-31,年报,2024-03-30,无保留意见,False,4851089896.387626,4365980906.748863,485108989.6387625,0.9,350459095.2142807,43933.4490494706,2224490530.901677,2621.4696458838966,60018761.73680499,6936399.555839007,11692980.649668006,2740074605.745097,40000000,12.127724740969063,-38138253.994869806,-33225589.423862394,22463618.382290673,-6421770.034221834,-0.16054425085554583,-5737731.935388088,133361480.57209912,-321028454.29435265,816908598.1644828,629241624.4422293,0.053072126790194046,-0.036264854915515614,0.08967288643876863,-0.08655991017742073,2021-06-28,2024-05-14,False,False,False,True,False,0.0,0,0,False,[],芷珹化工
2024-03-31,季报,2024-04-30,无保留意见,False,4641309978.551382,4177178980.696244,464130997.8551381,0.9,290418392.0575114,39085.75002173051,2023234095.6913052,2323.9673208144523,50480486.01858151,6122536.884202795,10303564.62212192,2323364300.5458574,40000000,11.603274946378454,-36923487.76890626,-32132705.69204696,2801288.0148512875,1735380.3228050657,0.04338450807012664,1561262.4740220455,320524329.3623334,-359060940.22201073,845946560.7324407,807409949.8727634,-0.0432438735040669,0.7711262076374075,0.016202084050667157,-0.08733362201304673,2021-06-28,2024-06-16,True,False,False,False,False,1596367.8682793246,0,0,True,"['留存未分配利润的预计用途以及收益情况', '上市公司控股子公司向母公司实施利润分配的情况', '结合前述财务报表列报项目的具体情况说明现金分红方案确定的依据及未来增强投资者回报的规划']",芷珹化工
2024-06-30,半年报,2024-08-27,无保留意见,False,5297472253.925299,4767725028.532769,529747225.39252985,0.9,352247178.56309146,41242.64825527077,2104391127.6823125,2478.9659126137294,59351225.61416179,6634095.718066633,11036357.741375169,2588783478.5699267,40000000,13.243680634813247,-40228195.67740141,-35041071.38843416,22496914.117312253,-4721011.297850225,-0.11802528244625562,-4154808.1376959914,896710160.0550913,-355527688.65681297,939389569.0063294,1480572040.4046078,0.14137437025456215,-0.34460958408175185,-0.07019908675170768,0.06268175085734275,2021-06-28,2024-10-03,False,False,False,False,False,0.0,0,0,False,[],芷珹化工
2024-09-30,季报,2024-10-27,无保留意见,True,6253929890.048613,5628536901.043752,625392989.0048611,0.9,374225040.76525885,51350.23946531276,2500195957.7241936,3040.5179261603585,66642260.131554395,8148148.141624008,12668688.49898442,3070769482.632363,40000000,15.634824725121527,-38392481.71591268,-33500255.072564483,8506120.181958968,2622448.516412474,0.06556121291031186,2201166.1655281037,976282185.8216124,-432250633.4928641,1099714798.8514025,1643746351.1801507,0.18054981513392585,0.5980508649687918,-0.048762995118343165,0.08846204203452185,2021-06-28,2024-11-24,False,False,False,False,False,0.0,0,0,False,[],芷珹化工
2024-12-31,年报,2025-03-30,无保留意见,False,5721726568.699434,5149553911.829491,572172656.8699433,0.9,383799722.5355843,47585.209883080315,2357357517.251712,2737.190534157491,66821618.97154919,8083414.898893639,12677771.548960596,2913439893.900709,40000000,14.304316421748581,-28122767.49425062,-24468023.816214178,69091421.56189962,14671020.31666008,0.366775507916502,12903187.509071866,1132665627.9540477,-363413325.4279691,1040816938.7028251,1810069241.2289038,-0.08509902264750895,0.6140197942254771,0.02745590280309404,0.18735029900444863,2021-06-28,2025-05-24,False,True,False,False,False,0.0,2,0,True,"['留存未分配利润的预计用途以及收益情况', '结合所处行业特点、发展阶段和自身经营模式、盈利水平、偿债能力、资金需求等因素，未进行现金分红或现金分红水平较低原因的说明', '上市公司控股子公司向母公司实施利润分配的情况', '公司为增强投资者回报水平拟采取的措施']",芷珹化工
2017-03-31,季报,2017-04-30,无保留意见,False,302282458.9347539,131852439.7935673,170430019.14118662,0.4361895171099788,4195475.792921106,3.1690197978058054e-29,36229167.97593524,4125625.424327323,2454867.5112340907,14476651.75981814,124682102.21003604,200429855.47195032,40000000,4.2607504785296655,2837458.792594388,2665508.638431829,9319043.33905635,4053512.5608491264,0.10133781402122816,3807869.483474042,-48532203.79947211,13297441.885923175,-8735103.651277706,-43969865.56482664,-0.053166560326740976,0.1696395867138403,0.13618951710997879,0.0029692906662642867,2021-04-01,2017-05-25,False,False,False,False,False,0.0,0,0,False,[],淼璞信息
2017-06-30,半年报,2017-08-27,无保留意见,False,323350822.80656433,151971751.11766252,171379071.68890184,0.46999030278817444,4128240.4255467253,3.0196248898030464e-29,41608785.9446546,4299198.865344439,2100758.3964479477,13254390.411981558,134872283.89229095,198813041.18459228,40000000,4.284476792222546,2106995.029100221,1958617.515791309,3432876.4020372746,-1043519.6621345244,-0.02608799155336311,-1009844.4609150286,-16976786.129527044,14719430.050401403,-10364795.558797384,-12622151.637923025,0.005568576196245149,-0.24209889956614805,0.03380078567819564,-0.017258097200146597,2021-04-01,2017-10-19,False,False,False,False,False,0.0,0,0,False,[],淼璞信息
2017-09-30,季报,2017-10-27,无保留意见,False,315909938.8745915,135854030.34011003,180055908.5344815,0.4300403805720109,4168431.9761304357,3.242959101178648e-29,40636893.17912637,3829196.482050949,2539694.143151237,13988482.475299492,142439276.11001602,208875599.91471413,40000000,4.501397713362038,4066795.946296769,3834531.42626656,12535214.119099425,2799715.5959950686,0.06999288989987672,2679877.0149646443,-26829760.862315748,14450669.673324456,-9674889.046945,-22053980.23593629,0.0506295007906823,0.24085733048593524,-0.039949922216163565,0.09861847543115496,2021-04-01,2017-11-06,False,False,False,False,False,0.0,0,0,False,[],淼璞信息
2017-12-31,年报,2018-03-30,保留意见,False,383669713.31260383,174230268.6474221,209439444.6651817,0.4541152522650751,4433140.512599042,3.2231321325945756e-29,40136189.92357961,5250840.873589702,2601668.0069616786,14649186.19840007,159192376.13430065,230473203.04433,40000000,5.235986116629542,8855869.488364257,8299090.575000543,11063511.133199787,6841533.631524984,0.1710383407881246,6377941.641048549,-20122785.66233852,17735384.196378715,-11744171.092903735,-14131572.558863541,0.16319117972778524,0.20413515618110512,0.024074871693064277,0.03711293204946097,2021-04-01,2018-05-15,False,False,False,False,False,0.0,0,0,False,[],淼璞信息
2018-03-31,季报,2018-04-30,非标准无保留意见,False,331733932.94749177,130993577.43988085,200740355.50761092,0.39487542403633175,4627822.643557845,3.333958907338777e-29,44048022.0690156,4083515.125050346,2560172.1415467784,14107899.90355695,155033634.26506174,219375080.23805872,40000000,5.018508887690273,8499862.800972613,7975188.193482616,2096950.296202748,-508580.98198806494,-0.012714524549701624,-462717.68788275344,-40952659.5029845,14289990.308664294,-9957001.456725072,-36619670.65104528,-0.04153510419910377,-0.30829034436753694,-0.059239828228743366,0.15289467414494645,2021-04-01,2018-06-04,False,False,False,False,False,0.0,0,0,False,[],淼璞信息
2018-06-30,半年报,2018-08-27,无保留意见,False,365150307.4819641,145861148.3750797,219289159.1068844,0.3994550884563728,4804196.5359551525,3.579521220383117e-29,46798702.67191397,5043400.888913177,2745869.547667092,16067377.134723064,159044579.72288007,239239216.8999898,40000000,5.48222897767211,4309249.55793784,4187256.5044768555,18306126.056771398,-5986590.347192531,-0.1496647586798133,-5411330.984293944,-43170208.36331336,15677288.292546814,-10945407.26048552,-38438327.33125207,0.09240196647240763,-0.33217331748234535,0.004579664420041038,0.01272434800643449,2021-04-01,2018-09-22,False,False,False,False,False,0.0,0,0,False,[],淼璞信息
2018-09-30,季报,2018-10-27,无保留意见,False,412733122.9001586,184238970.86428094,228494152.03587765,0.44638765498074384,5345554.240373862,3.9915161589169155e-29,50631447.53237949,5476851.804595577,3106808.541383016,17154718.92266133,166093941.09721956,261386520.08688712,40000000,5.712353800896941,369996.62591888884,635064.8736212341,14384080.059434302,-5627504.188598502,-0.14068760471496256,-5074559.472650888,-74846660.70780176,17948878.774675913,-11509372.323360065,-68407154.25648591,0.04197650703063998,0.03260444947696045,0.04693256652437101,0.0057697952643074564,2021-04-01,2018-12-16,False,False,False,False,False,0.0,0,0,False,[],淼璞信息
2018-12-31,年报,2019-03-30,无保留意见,False,456640664.62489194,237848516.29595485,218792148.32893708,0.5208658245347813,5727769.240132462,4.5784607055507705e-29,58863289.623223476,5682971.199924291,3281901.0860138307,19834727.8077593,196568996.2417192,292661842.7530753,40000000,5.469803708223427,4768243.03301539,4451767.321806135,16128158.05431126,6283209.1529950015,0.15708022882487505,5452432.068835572,-89016516.60816526,21411223.961798947,-13713760.641209854,-81319053.28757617,-0.04246062151042351,1.047326245629602,0.07447816955403744,0.12324894880577675,2021-04-01,2019-05-26,False,False,False,False,False,0.0,0,0,False,[],淼璞信息
2019-03-31,季报,2019-04-30,保留意见,False,428286360.1033038,213081819.8438189,215204540.25948492,0.49752184447906067,5563087.292700533,4.04689881264938e-29,46470344.819784015,5387312.135490483,3051220.386340376,17220482.126733784,175163779.9846567,259365589.1082861,40000000,5.380113506487123,12678140.667666536,11809825.612518078,54122700.37089978,11299853.763787355,0.2824963440946839,10511511.843874205,-82368502.40915537,17818558.534714498,-12473388.634754617,-77023332.50919549,-0.016397334624908323,0.2154619055228926,-0.02334398005572059,-0.08006848193409219,2021-04-01,2019-06-11,False,False,False,False,False,0.0,0,0,False,[],淼璞信息
2019-06-30,半年报,2019-08-27,无保留意见,False,479023337.93673813,271085931.4711416,207937406.4655966,0.5659138292484245,6091498.555336231,4.527695837965438e-29,55508838.39226775,6090693.579958507,3148590.630728285,20262069.43460404,195868060.8560702,287350078.93721074,40000000,5.198435161639915,29791485.10897225,26044398.198737655,14350385.041806882,24447634.916151024,0.6111908729037756,20335103.6945994,-49679471.34947896,20669192.524597716,-14899638.331445383,-43909917.15632663,-0.033768496636390324,0.4645883071377435,0.06839198476936373,0.15211098144074534,2021-04-01,2019-09-29,False,False,False,False,False,0.0,0,0,False,[],淼璞信息
2019-09-30,季报,2019-10-27,保留意见,False,660068685.9120904,440023562.71616936,220045123.19592106,0.6666329915471445,7510850.44961522,6.665924792503948e-29,80504193.28934585,7390835.8402840905,4904588.606550353,27106127.722773604,272990966.34759116,399161224.78471106,40000000,5.501128079898026,35278603.37376493,31087320.770778928,30136400.64578899,7838740.37827526,0.19596850945688152,7204175.102916108,-128252799.6191964,29378000.123276528,-19765401.869766302,-118640201.36568618,0.058227699076008596,-0.4007199583637456,0.10071916229872016,0.07094862504591848,2021-04-01,2019-11-25,False,False,False,False,False,0.0,0,0,False,[],淼璞信息
2019-12-31,年报,2020-03-30,无保留意见,False,933102299.9094746,677150405.0249308,255951894.88454372,0.7256979273233224,11714907.690452985,8.900955888371456e-29,107074384.45258975,13023884.12161865,6788494.839701602,37452935.790339835,420396543.24280787,580688934.2746981,40000000,6.398797372113593,39994131.43289402,35353453.04808993,19128578.76847168,6736468.655898698,0.16841171639746744,6094474.681872859,-78727165.81316142,44258032.56862502,-28155553.85153861,-62624687.09607501,0.1631791296581132,-0.044377118388042196,0.059064935776177795,-0.016084285231708597,2021-04-01,2020-04-12,False,False,False,False,False,0.0,0,0,False,[],淼璞信息
2020-03-31,季报,2020-04-30,保留意见,False,918005968.0132759,663127006.7914015,254878961.22187442,0.7223558777363107,11536455.445154604,9.37776927068292e-29,97264529.20357993,11198013.59284529,6488035.664763905,38588629.60936019,384253718.0538646,561072353.2619212,40000000,6.37197403054686,49806603.66119217,44596282.8303968,54193754.73433167,14017817.468997348,0.3504454367249337,13204042.546152674,-163457550.21322295,44646600.8650606,-29261298.9453477,-148072248.29351005,-0.0041919348288212,0.3067578804014379,-0.0033420495870116096,0.12514421959824326,2021-04-01,2020-06-07,False,False,False,False,False,0.0,0,0,False,[],淼璞信息
2020-06-30,半年报,2020-08-27,无保留意见,False,800823085.5742705,541666309.1979314,259156776.37633908,0.6763869810390173,9684467.379228879,8.51569112280591e-29,107922090.04809918,10919359.223101491,5743651.020079082,34179944.19893282,369678737.4898246,528019496.9721987,40000000,6.478919409408477,81345910.01907223,73410617.26128258,68018742.70965193,45056151.939828664,1.1264037984957167,41163334.90126539,-13360957.966944395,33673506.05314601,-26337247.808360577,-6024699.722158961,0.01678371229212901,1.0006614585908398,-0.04596889669729348,0.05173557772794071,2021-04-01,2020-10-25,False,False,False,False,False,0.0,0,0,False,[],淼璞信息
2020-09-30,季报,2020-10-27,保留意见,False,889226188.9704561,582646682.5321695,306579506.4382866,0.65522888299855,11415647.379279397,8.742712493117001e-29,101088000.54833727,11370618.46899019,6148576.313182407,37825068.12944692,373036145.12738776,556694749.688215,40000000,7.664487660957165,91657758.4820015,82516545.74820828,17356634.158868786,14731212.089898959,0.368280302247474,13008469.267036716,-173827678.98439622,40430611.10359224,-28572382.672981653,-161969450.55378562,0.18298857828468174,-0.48866935673571243,-0.0211580980404673,0.018622619813536922,2021-04-01,2020-12-08,False,False,False,False,False,0.0,0,0,False,[],淼璞信息
2020-12-31,年报,2021-03-30,无保留意见,False,1027643310.3826194,698882517.2787532,328760793.1038663,0.6800827779616843,13010454.572993202,9.741910627126618e-29,120300461.10745424,13224658.1131701,6333172.52823644,40159613.32058759,438814567.71573794,617258069.2104805,40000000,8.219019827596657,94705223.22417037,85274648.4217895,2802369.0103471368,4353521.06024126,0.10883802650603148,3940146.676544607,-136489409.75286236,46517801.85888083,-28835304.045418285,-118806911.93939981,0.07235084602774877,-0.3270499406154499,0.02485389496313434,0.03622070861107169,2021-04-01,2021-05-10,False,True,False,False,True,0.0,3,0,True,"['公司为增强投资者回报水平拟采取的措施', '公司在相应期间是否按照中国证券监督管理委员会相关规定为中小股东参与现金分红决策提供了便利']",淼璞信息
2021-03-31,季报,2021-04-30,无保留意见,False,908210837.1940753,561982788.8319271,346228048.36214834,0.6187800957850023,11686263.560392212,8.500152682277436e-29,111923888.96459064,11303017.936083144,6095760.329465404,31756091.301441044,369450927.61335516,548497814.9768695,40000000,8.655701209053708,98572780.2007331,88552296.38494079,11938557.065539712,5525081.395089611,0.1381270348772403,4682354.233073258,-16364288.701219812,40585205.82741182,-28724383.786613345,-4503466.660421334,0.053130591070096427,0.05486497198954779,-0.061302682176681965,0.022501761985512972,2021-04-01,2021-06-06,True,False,False,True,False,1350707.8464131465,0,0,True,"['结合所处行业特点、发展阶段和自身经营模式、盈利水平、偿债能力、资金需求等因素，未进行现金分红或现金分红水平较低原因的说明', '上市公司控股子公司向母公司实施利润分配的情况', '是否影响偿债能力、过去十二个月内是否使用过募集资金补充流动资金以及未来十二个月内是否计划使用募集资金补充流动资金等内容', '公司在相应期间是否按照中国证券监督管理委员会相关规定为中小股东参与现金分红决策提供了便利']",淼璞信息
2021-06-30,半年报,2021-08-27,无保留意见,False,815204830.6185385,458087080.94474405,357117749.67379445,0.5619288106980052,10800523.97116018,9.76030471136643e-29,104510212.99316095,11398149.60213811,6396068.188870041,35006411.7044612,387424038.05270976,561374313.0949053,40000000,8.927943741844862,102705373.8869966,92598948.16925602,10496585.42112305,5903705.266090721,0.14759263165226802,5780931.120450327,-96315882.36349231,38693339.84194679,-25383930.18636435,-83006472.70790987,0.03145239492629324,0.016808990136819215,-0.056851285086997216,-0.015964494228677302,2021-04-01,2021-10-11,False,False,False,False,True,0.0,0,0,False,[],淼璞信息
2021-09-30,季报,2021-10-27,无保留意见,False,689584542.728231,371248573.8883805,318335968.8398505,0.5383655677947694,8059235.909746494,6.063464466226832e-29,81559635.68239674,8067976.52817322,4899991.207215912,27273376.781165343,298269347.32010263,416878867.3660362,40000000,7.958399220996262,113151226.05736835,102137743.11055128,34673643.61990682,14922645.957673933,0.3730661489418483,13626849.916136088,-55090610.26851126,32354524.778829664,-20946874.362338632,-43682959.85202023,-0.10859662077667312,0.3937764910438264,-0.02356324290323574,-0.024815834517901945,2021-04-01,2021-11-29,False,True,False,True,False,0.0,2,0,True,"['留存未分配利润的预计用途以及收益情况', '结合前述财务报表列报项目的具体情况说明现金分红方案确定的依据及未来增强投资者回报的规划', '根据公司盈利能力、融资能力及其成本、偿债能力及现金流等情况披露现金分红方案的合理性，是否导致公司营运资金不足或者影响公司正常生产经营', '公司为增强投资者回报水平拟采取的措施']",淼璞信息
2021-12-31,年报,2022-03-30,无保留意见,False,635017860.6575451,341728415.3071383,293289445.3504067,0.5381398484655017,8414328.921001688,6.809353564179621e-29,88610805.05171409,8708271.658074634,4774418.65767026,28441385.723753754,310301145.3601112,429875631.578809,40000000,7.332236133760167,128364097.61315632,114448363.64350954,52387395.86410793,21732673.651125662,0.5433168412781415,17586600.76136893,-14654637.465085635,28833306.105117094,-20727474.60712282,-6548805.967091361,-0.0786795271069235,0.2133290486785182,-0.0002257193292676605,0.07859971623049485,2021-04-01,2022-05-11,True,True,False,False,False,19449882.180832118,1,0,True,"['公司在相应期间是否按照中国证券监督管理委员会相关规定为中小股东参与现金分红决策提供了便利', '是否影响偿债能力、过去十二个月内是否使用过募集资金补充流动资金以及未来十二个月内是否计划使用募集资金补充流动资金等内容', '结合所处行业特点、发展阶段和自身经营模式、盈利水平、偿债能力、资金需求等因素，未进行现金分红或现金分红水平较低原因的说明']",淼璞信息
2022-03-31,季报,2022-04-30,无保留意见,False,560510197.391525,270342254.6758245,290167942.71570045,0.48231460539688686,6894447.107456263,5.255134749596639e-29,65056378.4694594,6906569.693670763,3621578.8194044684,21333988.329309095,232533904.84138954,337900222.95700353,40000000,7.254198567892511,131283289.3505381,116970727.47154249,14886134.542315628,4170273.9105453975,0.10425684776363493,3603376.8971899375,-82654107.96355924,25832036.61102254,-16569614.844794916,-73391686.19733162,-0.010643078652137846,-0.4534259601794842,-0.05582524306861482,-0.006636216303883182,2021-04-01,2022-05-14,False,False,False,True,True,0.0,0,0,False,[],淼璞信息
2022-06-30,半年报,2022-08-27,无保留意见,False,615789444.6071094,318605027.60356456,297184417.00354487,0.5173928042999232,7958521.552311949,5.745729323254024e-29,66150879.412393115,8196709.883140336,4456150.669418208,25345709.1944254,267721425.26891586,376185031.31983906,40000000,7.4296104250886215,133726117.30744918,119120066.11980446,16758164.612453518,3489754.2241586745,0.08724385560396686,3070483.783231381,-87230273.89703782,27756507.817803383,-21082880.22949924,-80556646.30873367,0.024180735549822613,-0.032145058172711606,0.03507819890303638,-0.001116745254295754,2021-04-01,2022-10-13,False,False,False,True,True,0.0,0,0,False,[],淼璞信息
2022-09-30,季报,2022-10-27,无保留意见,False,617870247.8936923,293560821.9470212,324309425.9466711,0.47511726442204383,7860670.925740225,6.03686238151371e-29,77144856.38531974,8039689.5585109955,4702987.40824262,26631198.020200122,266612980.44952807,393763291.3127234,40000000,8.107735648666779,133099384.21940398,118551838.77025938,4468241.7648359435,-895332.9829217307,-0.02238332457304327,-811753.3564929719,-96458256.93928571,27207071.770238705,-18660504.605283186,-87911689.77433018,0.09127332185389359,-0.21401365575728187,-0.04227553987787939,0.05648255523712832,2021-04-01,2022-12-12,False,False,False,False,False,0.0,0,0,False,[],淼璞信息
2022-12-31,年报,2023-03-30,非标准无保留意见,False,464876119.1742423,207164809.94803068,257711309.22621164,0.44563444195846574,5770560.455707075,4.5801739675641053e-29,59244909.77015019,6210237.239390602,3348940.4733609534,18131636.415676,198474801.5911101,294358862.9549595,40000000,6.442782730655291,141067925.35221276,125699135.82658786,10977287.87491152,11383630.189726826,0.28459075474317064,10210424.366183544,-85354208.06070288,20591097.420707908,-13972854.999442004,-78735965.63943696,-0.20535362648204608,0.7624475041692741,-0.02948282246357812,-0.1590314333511919,2021-04-01,2023-05-08,False,False,False,False,True,0.0,0,0,False,[],淼璞信息
2023-03-31,季报,2023-04-30,无保留意见,False,580075743.244067,319408574.20145005,260667169.04261687,0.5506325301850432,7359780.706260456,5.727005984690617e-29,73246046.25071846,7419181.979348571,4145148.508795219,25503873.752562992,269133880.33901596,364412817.34137523,40000000,6.516679226065422,158330955.4395978,141999491.92746645,85715191.51616848,24661471.5534072,0.61653678883518,23286223.00125512,-27583515.821213696,24880418.51209009,-18251273.68597825,-20954370.995101854,0.011469655038734254,0.46779926580660414,0.10499808822657739,0.09384421578368238,2021-04-01,2023-05-20,False,False,False,False,False,0.0,0,0,False,[],淼璞信息
2023-06-30,半年报,2023-08-27,无保留意见,False,480950751.1763829,262950185.05019724,218000566.12618563,0.5467299602028555,6702461.428151086,4.693077957812999e-29,58214069.19758505,6345208.593913785,3363027.021933264,20391973.130862467,215226747.08413544,299062322.1680474,40000000,5.45001415315464,189310979.01477236,168207196.36245096,38224423.96227336,44257176.535963714,1.1064294133990928,37439577.76426359,-85452477.99549536,21600300.289354764,-14137444.218610639,-77989621.92475124,-0.16368230442344514,0.4703555647917079,-0.0039025699821876353,0.06074928859309731,2021-04-01,2023-09-25,True,False,False,False,False,21484904.1435212,0,0,True,"['根据公司盈利能力、融资能力及其成本、偿债能力及现金流等情况披露现金分红方案的合理性，是否导致公司营运资金不足或者影响公司正常生产经营', '留存未分配利润的预计用途以及收益情况']",淼璞信息
2023-09-30,季报,2023-10-27,无保留意见,False,341467619.1359955,157350680.6783672,184116938.4576283,0.46080703369914416,4939151.294152949,3.6633480153008873e-29,45528104.507729694,4865996.48287075,2862707.4436576157,16598036.24968893,147426450.0104106,232788281.16398337,40000000,4.6029234614407075,191334911.65872008,169833088.34224892,13090345.837409994,2891332.3484967463,0.07228330871241866,2322702.828282815,-60909573.800998114,14664145.522929026,-9863030.794962175,-56108459.07303126,-0.1554290810829565,-0.6752816000780143,-0.08592292650371135,0.032587488433411055,2021-04-01,2023-11-07,False,True,False,True,True,0.0,4,0,True,"['留存未分配利润的预计用途以及收益情况', '是否影响偿债能力、过去十二个月内是否使用过募集资金补充流动资金以及未来十二个月内是否计划使用募集资金补充流动资金等内容', '根据公司盈利能力、融资能力及其成本、偿债能力及现金流等情况披露现金分红方案的合理性，是否导致公司营运资金不足或者影响公司正常生产经营']",淼璞信息
2023-12-31,年报,2024-03-30,非标准无保留意见,False,387968988.6434857,189191672.3268662,198777316.31661952,0.48764637861486165,4639718.122003566,3.959278697511176e-29,44690132.56707632,4862753.542231187,2843627.521100038,16610637.439196419,168117105.97506312,240911478.99756336,40000000,4.969432907915488,198036637.2699112,175736074.11628044,8873686.107024744,9573893.730273016,0.23934734325682538,8432836.82004501,-47765265.47328657,16225469.862978743,-11785549.318115557,-43325344.92842338,0.07962536191294044,0.3359534326156535,0.026839344915717486,0.11069112169125923,2021-04-01,2024-05-25,False,False,False,False,False,0.0,0,0,False,[],淼璞信息
2024-03-31,季报,2024-04-30,无保留意见,False,412391545.57417685,200553083.58526537,211838461.98891148,0.4863171559592312,5092295.397118333,4.5952918789699336e-29,53908610.29345874,5154862.798275536,3360824.8988881377,19365883.842266656,182378665.11915904,276947126.06083494,40000000,5.295961549722787,210062618.67157212,186491341.8710409,9556732.00314912,17179973.430944197,0.42949933577360494,15364668.221086426,-7702295.5222580675,18648579.76317174,-11825508.128829578,-879223.8879159056,0.06570742534569535,0.28622375696514235,-0.0013292226556304294,0.0501908880658504,2021-04-01,2024-05-16,False,True,True,False,False,0.0,0,8,True,"['结合前述财务报表列报项目的具体情况说明现金分红方案确定的依据及未来增强投资者回报的规划', '上市公司控股子公司向母公司实施利润分配的情况', '根据公司盈利能力、融资能力及其成本、偿债能力及现金流等情况披露现金分红方案的合理性，是否导致公司营运资金不足或者影响公司正常生产经营']",淼璞信息
2024-06-30,半年报,2024-08-27,非标准无保留意见,False,417088744.20027995,206428144.92982304,210660599.2704569,0.4949261944856015,5107391.976674288,4.0436475159103626e-29,44041954.8028135,5044055.659152449,2838516.4548783074,18214994.778893836,175233187.51815695,258112960.87128916,40000000,5.266514981761423,218120403.89408043,193596120.82371923,30639226.46607932,11511121.746440388,0.28777804366100973,10149684.218111888,-65944702.751450464,18083600.308450967,-12355869.838969227,-60216972.28196873,-0.005560192929064032,-0.16585301612234785,0.008609038526370252,-0.08069287958799412,2021-04-01,2024-09-13,True,True,False,True,False,15633265.8791586,0,0,True,['结合前述财务报表列报项目的具体情况说明现金分红方案确定的依据及未来增强投资者回报的规划'],淼璞信息
2024-09-30,季报,2024-10-27,非标准无保留意见,False,394200804.41777927,172633664.91947624,221567139.49830303,0.4379333146578686,5565992.509255542,4.10424129354287e-29,50228793.209787086,5238902.046625546,3058847.665322226,17152697.777077824,169691014.1488842,253902670.41634974,40000000,5.539178487457575,233077157.27554312,208178707.03877434,106056779.74759904,21366790.5449467,0.5341697636236675,20832266.02150726,-49147488.962539926,17596426.027054705,-12313830.53891333,-43864893.47439855,0.05177304282631312,0.3456780440333529,-0.05699287982773287,-0.07629619814543877,2021-04-01,2024-12-06,True,True,False,False,False,7959685.105584397,0,0,True,"['结合所处行业特点、发展阶段和自身经营模式、盈利水平、偿债能力、资金需求等因素，未进行现金分红或现金分红水平较低原因的说明', '是否影响偿债能力、过去十二个月内是否使用过募集资金补充流动资金以及未来十二个月内是否计划使用募集资金补充流动资金等内容', '上市公司控股子公司向母公司实施利润分配的情况']",淼璞信息
2024-12-31,年报,2025-03-30,无保留意见,False,443364029.99915326,187484192.70458025,255879837.29457304,0.4228673956814636,5448726.402363055,4.3071555822479975e-29,55781533.45942433,5864059.563234442,2928167.7766005076,18842423.776154283,190594485.23468843,286018179.47713643,40000000,6.396995932364326,249765958.25972402,223285973.74377826,115752193.25436418,23841144.263115562,0.596028606577889,21581809.578577038,-82796334.25200754,19157094.69945754,-14470666.170907607,-78109905.7234576,0.15486365836542668,0.06449206939189134,-0.01506591897640505,-0.01740126240057066,2021-04-01,2025-04-16,True,False,False,True,False,27848949.325598545,0,0,True,"['上市公司控股子公司向母公司实施利润分配的情况', '充分披露高送转的主要考虑及其合理性且送转股后每股收益不低于0.5元', '是否影响偿债能力、过去十二个月内是否使用过募集资金补充流动资金以及未来十二个月内是否计划使用募集资金补充流动资金等内容']",淼璞信息
2017-03-31,季报,2017-04-30,无保留意见,False,199962627.05991596,45968530.18901704,153994096.8708989,0.22988560845043923,1126103.690750156,1709919.9056320805,1803233.2212775124,105117.77998027467,6330221.632456787,38078397.87583591,0.00010694768033709339,48380033.52566404,40000000,3.8498524217724728,3109084.0262389258,2700135.193682945,15655446.929268861,4441548.608912751,0.11103871522281877,3857335.990975636,-8563831.357358677,13597240.955303391,-14983600.830929356,-9950191.232984642,-0.1444772396061172,0.19119714493959727,-0.07011439154956076,0.022011756072227065,2021-05-20,2017-05-13,False,False,False,False,False,0.0,0,0,False,[],沅璞医药
2017-06-30,半年报,2017-08-27,无保留意见,False,194079734.64877436,45504228.59338354,148575506.0553908,0.23446151488063627,1197635.7262257906,1723939.9161797666,1690664.5940584803,104629.5624824737,6329402.807020532,38704345.89773756,0.00010641196779063728,50322993.54188293,40000000,3.71438765138477,16585929.860787353,14797889.370800957,20224759.87678288,19252636.906497754,0.48131592266244383,17282505.967311446,-33932998.94904291,14008259.71644384,-13554442.359366665,-33479181.591965735,-0.03518700343462388,0.6907657915822544,0.004575906430197031,0.03566410496127573,2021-05-20,2017-09-06,False,False,False,False,False,0.0,0,0,False,[],沅璞医药
2017-09-30,季报,2017-10-27,无保留意见,True,212961324.7921669,72444298.57175158,140517026.22041532,0.3401758448039867,1443156.647324784,2079863.922111605,1910479.6719535647,120606.7111605265,7527785.695821818,41273199.20399683,0.000134252725099701,57069361.50216821,40000000,3.512925655510383,13987667.753950078,12495260.974702112,0.0,-3711803.009767536,-0.0927950752441884,-3289469.137284063,-34501252.318980366,14882743.360512242,-14827800.056128772,-34446309.014596894,-0.054238279571944846,-0.6334557118009049,0.10571432992335045,0.07359103387564969,2021-05-20,2017-11-27,False,False,False,False,False,0.0,0,0,False,[],沅璞医药
2017-12-31,年报,2018-03-30,无保留意见,True,238655823.80183226,81962994.3559754,156692829.44585684,0.34343597005214227,1563681.1173143762,2269706.3832585323,2071096.988196641,134616.9834131228,7633493.242715121,51050075.73219998,0.00014536182876260294,62352344.21993832,40000000,3.917320736146421,15859299.525301415,14221258.483418558,3445326.6304652006,2673759.673359055,0.06684399183397638,2465710.726737779,-15417795.829061324,16975368.147619154,-17825274.474706747,-16267702.156148916,0.11511632191865574,0.4805439509829905,0.0032601252481555395,-0.032243181778239226,2021-05-20,2018-05-02,False,False,False,False,False,0.0,0,0,False,[],沅璞医药
2018-03-31,季报,2018-04-30,无保留意见,False,260495914.06091556,94562058.72298533,165933855.33793023,0.3630078385831131,1853295.0707696474,2559383.0645499257,2593118.024277193,145232.5255039182,9280184.892091118,57374750.271285705,0.00016055821860309257,73129426.48318355,40000000,4.1483463834482555,22587750.653750475,19788708.210723937,45757055.95624568,9612073.040641516,0.24030182601603792,7953499.610436257,-39857234.82528138,18522964.5755374,-17913376.137728725,-39247646.387472704,0.05897542296449829,0.3526684010823757,0.019571868530970826,0.014484114144842927,2021-05-20,2018-05-29,False,False,False,False,False,0.0,0,0,False,[],沅璞医药
2018-06-30,半年报,2018-08-27,无保留意见,False,312106585.0503354,127602146.69437353,184504438.35596186,0.40884157145801436,2168153.03083705,2921945.5665384447,2692929.278038986,172604.40922600083,10582963.993785227,61198400.08118444,0.00017424079238606078,81486237.04744257,40000000,4.6126109588990465,27687393.76988428,24664692.439781994,3787931.659986283,7285204.451619722,0.18213011129049306,6965691.755797219,-6913613.129711102,21015574.16147506,-22654716.80239791,-8552755.770633955,0.1119155761204485,-0.08743657758146983,0.045833732874901306,0.02084933710458864,2021-05-20,2018-09-06,False,False,False,False,False,0.0,0,0,False,[],沅璞医药
2018-09-30,季报,2018-10-27,无保留意见,False,322770284.0729423,137532633.83282626,185237650.24011606,0.42610066855394124,2236003.818934705,3111177.2600361337,3054708.8908227733,182824.84009246517,10311627.121019078,64587920.95575956,0.00018352262985369558,85903483.33230028,40000000,4.6309412560029015,40713643.58317358,37060566.28470526,80341308.05396831,18608928.304699004,0.4652232076174751,17708391.207033243,-18271856.339521024,20997190.69774207,-21904007.97115065,-19178673.612929605,0.00397395255467847,0.4662807708964558,0.01725909709592683,0.046172736671783704,2021-05-20,2018-12-21,False,False,False,False,False,0.0,0,0,False,[],沅璞医药
2018-12-31,年报,2019-03-30,非标准无保留意见,False,354272224.13846785,164191207.02861422,190081017.10985363,0.46346057026598797,2525700.0675984253,3419439.325273357,3444315.5681149135,205565.2481000928,13196773.125715377,76750774.04818138,0.0002241492348713455,97946452.1436637,40000000,4.75202542774634,51745855.6879711,47056436.37791789,43015740.80818107,15760303.006853595,0.3940075751713399,14279814.418875182,-60087957.50299723,24937502.057247367,-25523442.864704836,-60673898.3104547,0.026146773420302638,-0.07999750156674892,0.03735990171204672,0.034028364101684604,2021-05-20,2019-04-30,False,False,False,False,False,0.0,0,0,False,[],沅璞医药
2019-03-31,季报,2019-04-30,无保留意见,False,322399140.3065332,127570082.96131168,194829057.34522155,0.39568989805624044,2441794.663149216,3479860.781934372,3314815.794931767,184851.8401999282,12157233.35569725,67369347.58649054,0.0002178893075299528,94912578.50854476,40000000,4.870726433630539,62287444.45201987,55745024.20098504,17385163.816490117,15059412.52006967,0.37648531300174176,12412268.318667356,-45296932.68835401,20547701.701396167,-21453451.254668925,-46202682.24162677,0.024979034243192564,-0.021394505619722094,-0.06777067220974747,-0.009292515220665784,2021-05-20,2019-05-26,False,False,False,False,False,0.0,0,0,False,[],沅璞医药
2019-06-30,半年报,2019-08-27,无保留意见,False,301558611.8165099,112282116.99702053,189276494.8194894,0.3723392819746136,2020941.1409694303,2881650.4381421926,2699512.296370847,156380.62280255844,9834069.494371362,59114921.08112602,0.00017965125295967395,78729470.5853519,40000000,4.731912370487235,79526459.73741339,72421179.7907145,60629508.012839735,24627164.693419322,0.6156791173354831,23823079.413899243,-16219971.702701697,20520535.906648498,-20428788.834188182,-16128224.630241381,-0.028499663250402315,0.29843816281287433,-0.0233506160816269,0.053157292613512604,2021-05-20,2019-09-09,False,False,False,False,False,0.0,0,0,False,[],沅璞医药
2019-09-30,季报,2019-10-27,保留意见,False,349988764.8963457,110644120.74163453,239344644.15471113,0.31613620732769354,2355693.6469888827,3186973.2723605353,3124794.6991217546,180602.72842906442,12773099.841560299,64679522.43878265,0.00022694399074087157,89325825.96826877,40000000,5.983616103867778,97918858.99712968,89123714.18734019,13881025.47934441,26274856.08530896,0.656871402132724,23860763.42375098,-48708130.35670101,23221960.6839189,-23063324.327101916,-48549493.999884024,0.2645238616816689,0.03958211912881287,-0.056203074646919995,0.049765717106416224,2021-05-20,2019-12-07,False,False,False,False,False,0.0,0,0,False,[],沅璞医药
2019-12-31,年报,2020-03-30,无保留意见,False,378825158.5144558,131172876.47623624,247652282.03821954,0.34626231528714785,2521971.6130669424,3610975.538257154,3531709.943028519,192889.73735587887,13267881.025523802,81496979.1066779,0.00024405362108468196,105535457.96849047,40000000,6.191307050955489,113651574.97980474,102430523.05914101,86999356.61256424,22475308.546678662,0.5618827136669665,19009726.959715467,-62012276.538764484,23976804.259934314,-24590765.70164226,-62626237.98047243,0.03470993851919396,-0.08780035065027461,0.03012610795945427,0.06146169520512347,2021-05-20,2020-05-04,False,False,False,False,False,0.0,0,0,False,[],沅璞医药
2020-03-31,季报,2020-04-30,无保留意见,False,379014137.7444655,125686912.63435552,253327225.11010996,0.33161536765442423,2895215.732393725,3749663.999661961,3637819.582884743,225254.0198326863,14268131.499013247,81469249.21284431,0.00023501846873867963,104106175.68410264,40000000,6.333180627752749,113719410.47775774,102486719.20033579,381814.0383132816,96907.8542185761,0.0024226963554644025,80280.20170682394,-74935865.50234246,25126395.087039243,-27685252.031673126,-77494722.44697633,0.0229149637757614,-0.5668961565176402,-0.014646947632723633,-0.0828523378785423,2021-05-20,2020-05-26,False,False,False,False,False,0.0,0,0,False,[],沅璞医药
2020-06-30,半年报,2020-08-27,无保留意见,False,394163053.5219287,140028908.76160374,254134144.76032498,0.35525630195528574,2522855.144576329,3481124.293774687,3653936.266614166,232925.8206696696,12574803.86918076,78374026.11062509,0.00022369282912822395,101152989.25410192,40000000,6.353353619008125,112243071.06105284,101101685.2639469,5856865.055232335,-2109056.309578417,-0.05272640773946042,-1978619.9091269558,-75991820.63349916,25382160.877357747,-28265318.093581036,-78874977.84972245,0.003185285947312832,-0.12902708388012288,0.023640934300861536,0.027573138107996886,2021-05-20,2020-10-24,False,False,False,False,False,0.0,0,0,False,[],沅璞医药
2020-09-30,季报,2020-10-27,非标准无保留意见,False,381494863.5324278,146758263.36103845,234736600.1713893,0.38469263256165365,2996694.338918635,4109274.2710003634,3907937.013944149,229857.3042340546,14193862.306347106,87704315.25633916,0.0002413238006741656,110314909.17120723,40000000,5.868415004284733,118380265.28884153,107035835.05825727,21263141.376641333,8767420.325412422,0.21918550813531057,8477356.849014793,-50816813.92334723,28178297.094103344,-25656974.029731542,-48295490.858975425,-0.0763279747679305,0.7304088217046312,0.029436330606367935,0.10817369076801428,2021-05-20,2020-11-27,False,False,False,False,False,0.0,0,0,False,[],沅璞医药
2020-12-31,年报,2021-03-30,保留意见,False,443109864.3151187,184642178.61114046,258467685.70397818,0.4166961593069653,2899459.2728988593,4069131.0488097076,3485954.1965636844,245901.79919808666,13736476.335283134,91717615.29979391,0.0002629704327955249,111913174.70081528,40000000,6.461692142599454,136053929.14296865,122964311.69605213,75006027.94863264,25248091.220181607,0.6312022805045402,22754966.62542125,-82721899.57454373,29790194.549256295,-28685276.685198944,-81616981.71048638,0.10109665691358728,0.6395933580714542,0.032003526745311615,-0.07861656486098294,2021-05-20,2021-04-17,False,False,False,False,False,0.0,0,0,False,[],沅璞医药
2021-03-31,季报,2021-04-30,非标准无保留意见,False,553396844.80515,250334686.14178038,303062158.6633697,0.45236016159420406,3881165.894024497,5128388.7971728165,4993943.257740654,283513.7060072212,19293570.70195031,110647061.05077666,0.0003323238182871012,144182820.1433948,40000000,7.5765539665842425,142168325.17019802,128749318.28981966,40835980.18683733,8734851.467470493,0.21837128668676234,8264295.133953591,-80452611.21411441,35337868.07396617,-38876215.45088251,-83990958.59103075,0.17253403588124103,-0.3908635698273359,0.03566400228723876,0.03758340289439437,2021-05-20,2021-06-27,False,False,False,False,False,0.0,0,0,False,[],沅璞医药
2021-06-30,半年报,2021-08-27,无保留意见,False,545355469.1050153,237744981.05155018,307610488.0534651,0.43594498363006107,3941064.542127271,5068770.571259551,4893472.195376526,295332.826976028,17696355.251348745,110353065.11075947,0.00031699830787912224,137437671.1374682,40000000,7.690262201336628,156149382.23757944,140731065.5251754,78315752.83169241,19972938.667687744,0.4993234666921936,17116781.76479391,-77447931.15074517,36443686.509188466,-34205684.79848626,-75209929.44004297,0.01500790930202395,0.4366874708572721,-0.016415177964142963,0.10626274905776621,2021-05-20,2021-09-14,True,False,False,False,False,16465637.211254362,0,0,True,"['充分披露高送转的主要考虑及其合理性且送转股后每股收益不低于0.5元', '公司在相应期间是否按照中国证券监督管理委员会相关规定为中小股东参与现金分红决策提供了便利', '是否影响偿债能力、过去十二个月内是否使用过募集资金补充流动资金以及未来十二个月内是否计划使用募集资金补充流动资金等内容']",沅璞医药
2021-09-30,季报,2021-10-27,无保留意见,False,650250325.0917387,344766156.5704773,305484168.5212614,0.5302052813612004,4860506.286031997,6360482.030478243,6261469.633022516,356900.80849934404,21735019.794658888,140676379.18885535,0.00041655355884699636,180285104.00154194,40000000,7.6371042130315345,185579338.03843918,166840613.15098125,116913511.31122006,42042794.00122821,1.0510698500307054,37299353.7511512,-100433471.22615524,43220957.91113993,-45317164.01571885,-102529677.33073416,-0.006912376576165846,0.5969191557074763,0.09426029773113934,0.014129099495543612,2021-05-20,2021-12-19,False,False,False,False,True,0.0,0,0,False,[],沅璞医药
2021-12-31,年报,2022-03-30,无保留意见,False,710559099.9971398,390802410.4056854,319756689.5914544,0.5499928301632595,4515002.192905506,6170220.209235344,6691482.813580202,382755.11613537365,24129369.071276758,138794649.59809425,0.0004161690651808643,182338862.9257076,40000000,7.993917239786359,219859214.81504908,196983261.06025398,91845203.32298554,48971252.53801416,1.224281313450354,43060925.58467534,-13592287.330609372,45877577.627822876,-48108746.119485654,-15823455.822272152,0.046720984394317745,0.11734638670117509,0.01978754880205913,0.021653061746565384,2021-05-20,2022-05-14,True,True,False,False,False,33074893.313375596,4,0,True,"['结合前述财务报表列报项目的具体情况说明现金分红方案确定的依据及未来增强投资者回报的规划', '公司为增强投资者回报水平拟采取的措施']",沅璞医药
2022-03-31,季报,2022-04-30,无保留意见,False,659291213.7085261,314233834.27912205,345057379.429404,0.4766237252147659,4822714.938612167,6887917.642984701,6170673.271034174,369562.16920651624,22774975.789977677,145021195.4724783,0.00040633820527470117,183825417.7640995,40000000,8.6264344857351,279890768.7132561,245778691.652812,89724209.6497688,85759362.71172434,2.1439840677931086,69707757.98936862,-43163766.03229658,46310295.95778893,-45153205.30002638,-42006675.37453403,0.07912481790537601,0.5576384979580616,-0.07336910494849362,0.08130730581130456,2021-05-20,2022-05-29,False,True,False,False,False,0.0,4,0,True,"['结合前述财务报表列报项目的具体情况说明现金分红方案确定的依据及未来增强投资者回报的规划', '公司为增强投资者回报水平拟采取的措施']",沅璞医药
2022-06-30,半年报,2022-08-27,非标准无保留意见,False,678529146.6870108,321307188.18884486,357221958.49816585,0.4735348359870179,5178540.363243744,7307472.831620061,6810888.394482242,407671.802724186,23941401.178996686,158925885.0031545,0.00043969943873837353,195978201.80855826,40000000,8.930548962454147,303543275.92328745,266921416.33678448,85114665.605693,33789296.0143305,0.8447324003582625,30203892.405675016,-32148444.030028388,47796989.44022631,-46021140.63704415,-30372595.226846226,0.03525378616413727,-0.5057453192191149,-0.0030888892277480162,0.00221793436820027,2021-05-20,2022-09-29,False,True,False,False,False,0.0,3,0,True,"['上市公司控股子公司向母公司实施利润分配的情况', '根据公司盈利能力、融资能力及其成本、偿债能力及现金流等情况披露现金分红方案的合理性，是否导致公司营运资金不足或者影响公司正常生产经营', '公司在相应期间是否按照中国证券监督管理委员会相关规定为中小股东参与现金分红决策提供了便利']",沅璞医药
2022-09-30,季报,2022-10-27,无保留意见,False,699580464.8678374,322958762.21435785,376621702.6534796,0.46164634153323625,5230958.407776044,7171695.409113894,6224521.528320748,394957.61216061015,24111430.76924266,160485583.67091855,0.0004330451225288279,189497305.55284706,40000000,9.41554256633699,293576069.369109,258555066.543996,9927787.119604465,-14238866.505969316,-0.3559716626492329,-11951928.275412126,-63684988.65349714,45319573.57781061,-46736093.488582484,-65101508.56426901,0.054307255457851054,-0.9456355234132087,-0.011888494453781621,0.027512091261371403,2021-05-20,2022-11-17,False,False,False,False,False,0.0,0,0,False,[],沅璞医药
2022-12-31,年报,2023-03-30,无保留意见,False,682478645.4440827,330157491.9364144,352321153.50766826,0.48376237724124527,4895125.834268875,6722356.028943642,6736897.0614070725,382657.74056524975,25167647.256652147,140383714.7864237,0.00047162910189107484,187563358.78864846,40000000,8.808028837691706,283357287.349996,248972741.77073,61799293.25636163,-14598260.02730429,-0.36495650068260727,-13689035.39038001,-9468283.298352199,45412550.885126874,-44597824.70781815,-8653557.121043473,-0.06452243451347163,-0.13016158838822917,0.022116035708008953,0.15311444635137864,2021-05-20,2023-04-18,False,True,False,False,False,0.0,2,0,True,"['留存未分配利润的预计用途以及收益情况', '上市公司控股子公司向母公司实施利润分配的情况']",沅璞医药
2023-03-31,季报,2023-04-30,无保留意见,False,724501653.7203329,379894635.86798865,344607017.85234416,0.5243530279292268,5627603.35388683,7595930.914922186,7737842.911434756,395072.6878766834,28332316.28227903,168852930.56578714,0.00043532136455479793,210925262.61753726,40000000,8.615175446308603,273828029.9709597,239599367.36438602,60419059.694104135,-13613224.827194652,-0.3403306206798663,-13390534.86620566,-22150642.647970848,47899248.88363884,-48787479.54142317,-23038873.305755183,-0.02189518165038653,0.41013399090161995,0.040590650687981546,0.06721839303973748,2021-05-20,2023-05-14,False,True,False,True,True,0.0,2,0,True,['结合所处行业特点、发展阶段和自身经营模式、盈利水平、偿债能力、资金需求等因素，未进行现金分红或现金分红水平较低原因的说明'],沅璞医药
2023-06-30,半年报,2023-08-27,无保留意见,False,726079280.3808482,381186257.79826874,344893022.5825794,0.5249926118237753,5104508.885876393,7597540.994604498,7161557.1779768495,454857.3614753338,23577574.742606103,153443031.4698268,0.0004753675879427268,205258921.29760024,40000000,8.622325564564484,264035380.1237706,231241569.77644956,9103487.656505346,-13989499.78169877,-0.3497374945424693,-11939710.83990926,-62981013.105170876,50260075.67327731,-49931740.264640346,-62652677.69653391,0.00082994459026896,-0.11110124980408505,0.000639583894548478,0.07102615214220884,2021-05-20,2023-09-16,False,False,False,True,False,0.0,0,0,False,[],沅璞医药
2023-09-30,季报,2023-10-27,无保留意见,False,894230107.9605267,535205124.7838611,359024983.17666554,0.5985093993362682,6787612.79288743,8803500.371198595,8522147.158270713,440480.8782249283,29107388.44002535,176422270.67913023,0.0005353249751290131,236875614.05063108,40000000,8.975624579416639,253546175.44485164,222436413.32182926,22194625.762065377,-14984578.112741359,-0.37461445281853395,-12578794.935171852,-171415000.13792545,56931669.834087156,-65235039.18929219,-179718369.49313048,0.04097491009897846,-0.3305358773911974,0.07351678751249302,0.0650518253136568,2021-05-20,2023-12-24,False,False,False,False,True,0.0,0,0,False,[],沅璞医药
2023-12-31,年报,2024-03-30,无保留意见,False,1051451701.1503121,716138025.7587999,335313675.39151216,0.6810945523939222,6604579.687488301,9016730.947030792,9943402.605687214,597316.3189962114,31383954.002643324,208340033.80019933,0.0005889829739844943,266583519.33106586,40000000,8.382841884787803,243732482.95245266,213528931.33336505,0.0,-14019560.703427153,-0.3504890175856788,-12724974.269234577,-81748872.53027584,69813452.75938909,-74711146.9208961,-86646566.69178285,-0.06604361505808012,0.47881657702289565,0.08258515305765397,0.046225766120327194,2021-05-20,2024-04-15,False,True,False,False,False,0.0,0,0,True,"['结合所处行业特点、发展阶段和自身经营模式、盈利水平、偿债能力、资金需求等因素，未进行现金分红或现金分红水平较低原因的说明', '充分披露高送转的主要考虑及其合理性且送转股后每股收益不低于0.5元']",沅璞医药
2024-03-31,季报,2024-04-30,非标准无保留意见,True,938967096.739542,591093721.5213107,347873375.2182313,0.6295148398424368,7128129.663546581,10858042.473161757,9256403.6727708,581428.16448928,35096015.115013294,205846288.32088625,0.0006276657143798795,269807046.6750524,40000000,8.696834380455783,234315278.9436159,204657044.74403238,38286863.737929374,-13453148.58405251,-0.33632871460131275,-12674123.69904669,-13455583.815131597,67226597.71021268,-64532708.8973172,-10761695.00223612,0.0374565690231826,0.1900431657930258,-0.05157971255148546,-0.12376935287942196,2021-05-20,2024-06-11,False,False,False,False,True,0.0,0,0,False,[],沅璞医药
2024-06-30,半年报,2024-08-27,非标准无保留意见,False,1120314959.4494855,736087655.6911563,384227303.75832933,0.6570363534669431,7784489.570385369,11173800.456304183,10604585.784312645,603241.1770889695,39143653.79634441,234916142.25560063,0.000675879570182067,300329391.7651119,40000000,9.605682593958234,225357336.7077539,196818833.49402213,43499394.02711236,-12797060.33694572,-0.319926508423643,-11197444.642871812,-190284513.04715428,74683009.67763399,-79245277.0738379,-194846780.44335818,0.10450333693198578,0.1849776520541181,0.027521513624506323,0.036629087129112926,2021-05-20,2024-09-22,False,False,True,True,True,0.0,0,5,True,"['留存未分配利润的预计用途以及收益情况', '公司为增强投资者回报水平拟采取的措施']",沅璞医药
2024-09-30,季报,2024-10-27,无保留意见,False,1304893162.6743102,871460588.232958,433432574.44135225,0.6678405659256771,9434665.328986581,13596068.256798275,12208353.3927243,766660.8630598682,43969778.56012378,327885980.57231456,0.0008375391871190263,373218738.377314,40000000,10.835814361033806,218295908.34700775,189516654.60677525,20098072.401994813,-10087754.801065933,-0.25219387002664834,-10431684.124638405,-258441129.90299678,93951562.40442699,-88544713.04561237,-253034280.54418215,0.12806292057258895,0.6446215632586386,0.010804212458733982,0.09360370513174181,2021-05-20,2024-12-22,False,False,False,False,False,0.0,0,0,False,[],沅璞医药
2024-12-31,年报,2025-03-30,无保留意见,True,1520944606.4109082,1063486457.5635691,457458148.8473393,0.6992276070284775,9320868.984964103,14607689.256941497,13093627.676954402,753090.6500429944,47729652.54985813,278536193.3775906,0.0008566792314038261,373665749.2212035,40000000,11.436453721183481,212398372.02567098,184885457.4239696,9134232.911097867,-8425051.887623958,-0.21062629719059894,-6615995.975436669,-101962219.47677544,104342324.05521323,-116257263.78701563,-113877159.20857784,0.0554309385651352,0.24054455037248668,0.03138704110280041,-0.06597873101035848,2021-05-20,2025-04-20,False,False,False,False,False,0.0,0,0,False,[],沅璞医药
2017-03-31,季报,2017-04-30,保留意见,False,240818769.5531335,74187394.20632158,166631375.34681192,0.3080631727501336,33816276.63420068,125.26521714190096,6944886.544846498,67294733.3486152,2230415.7325672708,9.511072731691199,7124214.393836942,117081563.4510998,40000000,4.165784383670298,160865.5596337061,131645.17061648617,324595.7287124008,229807.9423338659,0.0057451985583466475,188064.5294521231,-14486401.762022616,13277825.410469318,-31326297.072425287,-32534873.423978586,-0.074270136962156,-0.04278844764811849,0.00806317275013363,0.15720771982353432,2021-07-29,2017-05-14,False,False,False,False,False,0.0,0,0,False,[],昱骞集团
2017-06-30,半年报,2017-08-27,保留意见,False,255788042.84011626,86441005.14683725,169347037.693279,0.3379399763454477,35831703.99498244,155.53496232109336,9573049.49818295,84531239.41764623,2558249.977456388,10.170515310467772,8237764.639159315,138869907.39254534,40000000,4.233675942331975,-2753078.9539797623,-2517552.652291896,15095282.452235881,-4162777.876590669,-0.10406944691476673,-3784568.3184405463,-17938332.993576426,12351255.724607494,-33135788.64896408,-38722865.91793302,0.016297425024638535,-0.254941078485959,0.029876803595314107,-0.018626881881174777,2021-07-29,2017-09-07,False,False,False,False,False,0.0,0,0,False,[],昱骞集团
2017-09-30,季报,2017-10-27,无保留意见,False,256548117.75234002,72042755.5908646,184505362.16147542,0.28081576361597566,35440366.66988756,160.61344051038506,9480916.938193917,76532300.51353784,2524135.5615416165,10.526750236573639,8075209.043393616,137690725.33719605,40000000,4.612634054036885,-5319117.528847879,-4907206.384942448,17774369.771560974,-3665769.392668739,-0.09164423481671848,-3413791.0466436455,-25094431.188053634,12272001.203567857,-31616700.833890315,-44439130.818376094,0.0895104199912321,0.0387162019277994,-0.05712421272947208,0.015316096329633143,2021-07-29,2017-12-20,False,False,False,False,False,0.0,0,0,False,[],昱骞集团
2017-12-31,年报,2018-03-30,无保留意见,False,295789652.5291128,89149462.00006929,206640190.5290435,0.30139479605796843,42195539.84164532,170.98932073055116,10009186.977218935,103511568.3566721,3083675.3283548895,11.78313541244908,9706479.652352324,163072007.09158772,40000000,5.166004763226088,-1098721.3137758996,-1180893.3668447905,11984146.420958923,6029137.450102828,0.1507284362525707,5323304.311568082,-57456774.30581489,16169661.973496431,-37760646.7244346,-79047759.05675307,0.11996848280320487,0.7270690846940381,0.020579032441992766,0.07435877910461143,2021-07-29,2018-04-22,False,False,False,False,False,0.0,0,0,False,[],昱骞集团
2018-03-31,季报,2018-04-30,无保留意见,False,313068723.697639,85918511.44541797,227150212.25222102,0.27443977932588964,47060201.88241922,195.58114586693287,11287090.967079235,98029421.10592772,2983126.489192192,12.971006645257606,9386608.496330215,161814699.35417032,40000000,5.678755306305526,14902064.2253368,13876686.790749427,109594561.85026255,22858265.055875286,0.5714566263968822,21510828.796563167,-13871916.5777749,16167190.236054366,-40306393.52572454,-38011119.86744507,0.09925475615690957,0.7307754205834278,-0.026955016732078788,0.22107058392961096,2021-07-29,2018-06-26,False,False,False,False,False,0.0,0,0,False,[],昱骞集团
2018-06-30,半年报,2018-08-27,无保留意见,False,322103526.16682744,93614099.59311712,228489426.57371035,0.290633575816961,46936952.17413075,188.1016375704697,11335826.900603168,100420014.64654368,3328776.521611114,13.722991135730911,10722972.08539581,178959781.3850966,40000000,5.712235664342759,43518368.165515296,42236307.45922707,118973239.2127212,40880434.200255,1.022010855006375,40513743.81211092,-15624444.005853575,16468794.158699395,-41306383.843766555,-40462033.69092073,0.005895721197928159,0.452156387617859,0.016193796491071343,-0.004872602870056515,2021-07-29,2018-09-29,False,False,False,False,False,0.0,0,0,False,[],昱骞集团
2018-09-30,季报,2018-10-27,无保留意见,False,386410829.95261174,129462806.51960333,256948023.4330084,0.3350392806937638,54819652.811276115,219.46320394352423,12733333.1482077,122764237.96278824,3682687.233884287,14.295187206083567,12612960.807029769,205105864.16841415,40000000,6.42370058582521,49733525.8275071,47432747.740443185,23939736.976691455,8878796.659988295,0.22196991649970738,7423486.116023015,-24315956.799292978,18030462.98391864,-46633798.49305596,-52919292.3084303,0.12455104503541371,-0.552892147103584,0.04440570487680283,-0.10538486133691713,2021-07-29,2018-12-22,False,False,False,False,False,0.0,0,0,False,[],昱骞集团
2018-12-31,年报,2019-03-30,无保留意见,False,390100175.0196246,115939948.55844247,274160226.4611821,0.2972055794453564,52349823.28166628,223.09721728939985,13721052.241428303,119662091.81892608,3969870.3214806197,14.678907434280791,12411468.457587259,203307139.20859486,40000000,6.854005661529553,58571865.028934516,55680452.51971516,56667116.990245625,12626198.859182019,0.31565497147955046,11782435.398959963,-50265234.07256317,21506327.61854877,-44397323.96525774,-73156230.41927214,0.06698710034117569,0.14480589064589902,-0.03783370124840738,0.021592497125508637,2021-07-29,2019-05-08,False,False,False,False,False,0.0,0,0,False,[],昱骞集团
2019-03-31,季报,2019-04-30,无保留意见,False,349587540.7000644,99101600.94524154,250485939.75482288,0.28348150150542045,49940935.236177824,214.74864760663394,11320376.83408471,113305619.02271277,3701877.60326151,13.928658453382196,11182739.373373607,189543520.51358175,40000000,6.262148493870572,65515156.98752191,61718259.68285171,13366948.74036196,9918988.512267705,0.24797471280669262,8625438.804480797,-14237875.691819709,17044761.60868612,-44493677.50298079,-41686791.58611438,-0.08635201032601729,-0.09137892983781377,-0.013724077939935941,0.04607519821959219,2021-07-29,2019-05-11,False,False,False,False,False,0.0,0,0,False,[],昱骞集团
2019-06-30,半年报,2019-08-27,无保留意见,False,380825892.75622046,106361881.06763758,274464011.6885829,0.27929267177146333,53354334.233689226,238.61241897508634,13398506.584218597,126721775.45721836,3732669.532507799,15.512340560418611,13414864.525633423,215390698.22470847,40000000,6.861600292214573,72780801.24715497,68552683.34964871,0.0,10379491.799475793,0.2594872949868948,9763462.381138576,-5968210.274596726,19127269.210095573,-45622361.478124164,-32463302.542625315,0.09572621903341111,0.01710700559934587,-0.0041888297339571405,-0.012873395443060522,2021-07-29,2019-09-28,False,False,False,False,False,0.0,0,0,False,[],昱骞集团
2019-09-30,季报,2019-10-27,无保留意见,False,428509315.6558428,143133781.1445801,285375534.5112627,0.3340272332831568,61186760.66527889,260.37690139992065,15443685.843102932,145310956.3262687,4885408.743960479,18.322841676443385,12630964.434721107,244457544.85868734,40000000,7.134388362781568,90229035.32360047,84364428.40568492,111058018.57641073,24926048.680636436,0.6231512170159109,22588207.22290887,-15782241.014846506,21637463.4782935,-57644378.00019287,-51789155.536745876,0.03975575069222696,0.5312938964571707,0.05473456151169347,0.0894579808195674,2021-07-29,2019-12-16,False,False,False,False,False,0.0,0,0,False,[],昱骞集团
2019-12-31,年报,2020-03-30,保留意见,False,510264567.5581715,159109051.63703224,351155515.9211393,0.31181677457722634,71447603.95347707,280.8711776103717,19487838.51812987,166123779.97670296,5511858.2057370525,20.89391710553235,18121030.488152348,282455181.07350546,40000000,8.778887898028483,97013943.81776346,90319514.6628022,31830190.502675015,9692726.420232859,0.24231816050582147,8507266.081596125,-97112570.41486508,26983923.632923793,-61235151.44244288,-131363798.22438416,0.23050322629279404,-0.36333789469263994,-0.022210458705930497,0.029142767390598585,2021-07-29,2020-04-18,False,False,False,False,False,0.0,0,0,False,[],昱骞集团
2020-03-31,季报,2020-04-30,无保留意见,False,486660152.3621868,149322183.98414305,337337968.3780437,0.30683051254423044,74186885.63962406,270.9272398076964,17762561.45826601,154672500.03191823,4972259.888493436,20.27149001161517,16411981.460467841,265810996.90073228,40000000,8.433449209451092,106325415.88825001,99404253.48547955,44574420.53963449,13302102.957837902,0.33255257394594756,12978198.318110503,-10543184.95604512,25109295.004548915,-63170902.562783845,-48604792.51428005,-0.0393487982293255,0.13521947817474214,-0.004986262032995882,0.14233534905089879,2021-07-29,2020-06-14,False,False,False,False,False,0.0,0,0,False,[],昱骞集团
2020-06-30,半年报,2020-08-27,无保留意见,False,627420667.3654481,231764252.42283484,395656414.94261324,0.36939212314445674,84663840.2247403,370.077773585391,22379695.91387011,217865168.13565806,6399261.968974796,27.262958562134045,21404977.362944283,360085188.6031682,40000000,9.89141037356533,121117630.45332347,113566506.3650737,71056002.18492004,21131735.092962086,0.5282933773240521,20231789.827991642,-50977239.18493298,32140587.681981336,-81266505.59521051,-100103157.09816214,0.17287839505576796,0.2583857676814799,0.0625616106002263,0.09033341592844611,2021-07-29,2020-09-16,False,False,False,False,False,0.0,0,0,False,[],昱骞集团
2020-09-30,季报,2020-10-27,无保留意见,False,540509513.625819,191475049.01057354,349034464.61524546,0.3542491744985766,73644655.56972948,301.36851216757424,17249674.874893922,171252024.42860162,5364945.4293915415,20.55846163168871,17279430.49560674,277320996.13885534,40000000,8.725861615381136,145165352.2852485,133402789.3325401,120295210.56964628,34353888.33132144,0.8588472082830361,28337547.09638056,-98928953.79322262,26278777.140842233,-62511431.63529317,-135161608.28767356,-0.11783443555219475,0.34674932064131925,-0.015142948645880115,-0.0061594148107295705,2021-07-29,2020-12-10,False,False,False,False,False,0.0,0,0,False,[],昱骞集团
2020-12-31,年报,2021-03-30,无保留意见,False,560186859.1059746,202283744.58291966,357903114.5230549,0.3611004815531601,79670177.45213789,339.873484605462,19335025.303343378,180903605.04788008,5860163.250000413,25.987013231223898,17699983.217276208,312737451.47671527,40000000,8.947577863076372,169449205.50338957,156309817.44599622,31551027.19820801,34691218.88305871,0.8672804720764677,32724325.876365926,-103085155.44533277,29387880.182646945,-74981851.85158709,-148679127.1142729,0.02540909510923435,0.006568744114582026,0.00685130705458348,-0.00524552130265236,2021-07-29,2021-04-26,False,False,False,False,False,0.0,0,0,False,[],昱骞集团
2021-03-31,季报,2021-04-30,保留意见,False,491193953.8632655,170982751.49741602,320211202.3658495,0.348096205485894,74137272.95759949,297.7990480496623,18636365.367207933,170311082.30734012,5055166.68188106,20.847911621847704,14609929.8993048,272360983.29556423,40000000,8.005280059146237,208198145.5119953,189534609.92893717,88161835.76682296,55355628.58372246,1.3838907145930615,47463989.26134421,-93229721.06095101,23520544.205419615,-60233322.853114665,-129942499.70864606,-0.10531317171529501,0.3997663461450373,-0.013004276067266117,0.051175734823511114,2021-07-29,2021-06-19,False,False,False,False,False,0.0,0,0,False,[],昱骞集团
2021-06-30,半年报,2021-08-27,无保留意见,False,449747432.6246797,150619531.7129086,299127900.91177106,0.3348980356239246,56798452.079571314,254.2665323997857,15347026.965725586,132970516.00756149,4502878.630817663,18.23967181971778,15450811.421887137,237853996.51131344,40000000,7.478197522794276,251566328.9405244,225991393.9801713,301139203.4331269,61954547.75504157,1.5488636938760392,52081120.0731916,-14682283.123244973,24727958.099675313,-59791939.33943025,-49746264.36299991,-0.06584186092899477,0.09120118642440558,-0.013198169861969396,0.01473077662110158,2021-07-29,2021-09-19,False,True,False,False,False,0.0,4,0,True,"['上市公司控股子公司向母公司实施利润分配的情况', '留存未分配利润的预计用途以及收益情况', '公司为增强投资者回报水平拟采取的措施']",昱骞集团
2021-09-30,季报,2021-10-27,无保留意见,False,538418479.8720803,185589573.44742963,352828906.4246507,0.344693914465051,86470616.55905892,324.4341900428059,17792962.937124316,188248771.3372772,5732327.851517395,23.082873419694266,18765834.86286983,317443792.77545804,40000000,8.820722660616267,322374422.7003817,289544315.3686898,180077009.74560216,101154419.65693901,2.5288604914234756,90789887.69788359,-69380032.32670721,30642686.70189898,-67734471.88164376,-106471817.506452,0.17952523101052684,0.49648656114801676,0.009795878841126385,-0.035398900957944304,2021-07-29,2021-12-18,False,False,False,False,True,0.0,0,0,False,[],昱骞集团
2021-12-31,年报,2022-03-30,无保留意见,False,464659571.9184574,145820805.4702299,318838766.4482275,0.3138228808419335,65361756.85004802,262.51938365036636,17509346.16402204,154409894.43503147,4777553.336415686,17.93828767991229,15141950.709130293,254934135.3745107,40000000,7.970969161205688,317687551.0966262,285460948.7370996,24350795.522645045,-6695530.86250788,-0.167388271562697,-5833380.902271689,-66002133.24914205,26785730.888045117,-58546464.64805078,-97762867.0091477,-0.09633604094646939,-0.912788119416852,-0.030871033623117477,0.027725074675186628,2021-07-29,2022-04-19,False,True,False,True,False,0.0,2,0,True,"['留存未分配利润的预计用途以及收益情况', '根据公司盈利能力、融资能力及其成本、偿债能力及现金流等情况披露现金分红方案的合理性，是否导致公司营运资金不足或者影响公司正常生产经营']",昱骞集团
2022-03-31,季报,2022-04-30,非标准无保留意见,False,418578672.79563004,110193882.10468574,308384790.6909443,0.26325727818074385,65642611.09261033,275.85503804546414,15618359.469225625,132985958.15347469,4831141.272673307,16.728994857592298,12632088.94664029,239632944.7723379,40000000,7.709619767273608,314448320.8196911,282603435.57067806,4993455.643071419,-4627471.824192965,-0.11568679560482413,-4082161.666316513,-7296280.311627148,21350425.03039165,-50904989.777788445,-36850845.05902395,-0.032787655885567056,0.2006953498254871,-0.05056560266118966,-0.016016705679813434,2021-07-29,2022-06-18,False,False,True,False,False,0.0,0,2,True,['充分披露高送转的主要考虑及其合理性且送转股后每股收益不低于0.5元'],昱骞集团
2022-06-30,半年报,2022-08-27,无保留意见,True,507002371.3675201,153084770.07207096,353917601.29544914,0.3019409350278987,78303292.99594638,343.41217547713455,19919257.71791119,185831170.92167997,5696379.207113595,22.71100423583752,18137112.713313,296368202.4669903,40000000,8.847940032386228,314892648.87168485,283005603.85873604,614835.1421164806,634754.3599910177,0.015868858999775443,574526.1257971528,-63340735.94829682,26264603.90836527,-53408612.17638232,-90484744.21631387,0.14764933932859453,0.4253153526434171,0.038683656847154885,0.03245628436657232,2021-07-29,2022-10-18,False,False,False,False,False,0.0,0,0,False,[],昱骞集团
2022-09-30,季报,2022-10-27,无保留意见,True,500130484.37977505,144904730.38074273,355225753.9990323,0.28973384927823964,67998462.94497633,334.63537697042636,17138887.646959607,153457852.1576978,5076895.762290606,19.519927806923917,16999709.337584093,277367344.98217374,40000000,8.880643849975808,312109611.0398202,280733610.93690455,7498737.084711737,-3975768.331235241,-0.09939420828088102,-3245704.174045034,-59413093.53076598,25100973.312058583,-58390367.23562871,-92702487.4543361,0.0036962069668049634,-0.2614452459676114,-0.012207085749659093,0.30765985615867203,2021-07-29,2022-11-14,False,False,False,True,False,0.0,0,0,False,[],昱骞集团
2022-12-31,年报,2023-03-30,无保留意见,False,576453851.2008243,184790364.41943595,391663486.78138834,0.3205640209263845,81787577.33589093,349.5444035973676,20461362.074387155,188587865.0505197,5691569.191667543,24.698712808314102,17948493.7481347,316641672.0009607,40000000,9.791587169534708,310356801.48246795,279073240.2668094,11430268.652894089,-2504013.653360352,-0.0626003413340088,-2371958.100135921,-47636065.203155704,31639936.819992,-75194113.34507693,-91190241.72824064,0.10257626980068354,0.11300126681595425,0.03083017164814483,-0.06888213333195017,2021-07-29,2023-05-28,False,False,False,False,False,0.0,0,0,False,[],昱骞集团
2023-03-31,季报,2023-04-30,无保留意见,False,573545179.9425148,224700364.07446834,348844815.86804646,0.3917744790340485,84429496.66512462,412.0023034981315,21628976.535800677,217120955.80145955,6392834.855425848,22.518923093787237,19352532.10794632,333648578.9270509,40000000,8.721120396701162,301349972.7068121,270087188.8818297,10608603.403367506,-12866898.250936931,-0.3216724562734233,-12837216.264256712,-79363109.36798476,29168425.884295847,-74474862.21351674,-124669545.69720565,-0.10932515375690764,-0.7148795776824683,0.07121045810766402,-0.033808609550937424,2021-07-29,2023-06-11,False,False,False,False,False,0.0,0,0,False,[],昱骞集团
2023-06-30,半年报,2023-08-27,保留意见,False,773295764.2817967,354508387.63343847,418787376.6483583,0.4584382897308255,99621250.40450266,424.5087727208402,24227240.528903328,246323765.66277593,7639560.317256718,29.38061177357865,22919080.261045445,395829572.6269501,40000000,10.469684416208958,293468426.0468389,262767823.015889,7762224.371411999,-11259352.371390365,-0.28148380928475913,-10456236.951343901,-54893423.67032508,43719657.02605453,-100028483.00529695,-111202249.64956748,0.20049763562135942,0.38894418215350723,0.06666381069677706,0.06701869569491722,2021-07-29,2023-10-02,False,False,False,False,False,0.0,0,0,False,[],昱骞集团
2023-09-30,季报,2023-10-27,保留意见,False,722184331.146575,306111194.7298524,416073136.4167226,0.4238685077033662,104062387.86002335,402.6061800481945,23763976.442010812,215665614.1387982,7163812.161406185,27.88677989012624,20832692.899225328,376569999.91700673,40000000,10.401828410418064,286791460.5947112,256988466.4690045,45815095.64815747,-9538522.074468087,-0.2384630518617022,-8256223.638406393,-58093745.24553884,39598330.93451514,-87658532.27255534,-106153946.58357903,-0.006481189221504906,0.2997623975988677,-0.0345697820274593,-0.013493042830717894,2021-07-29,2023-12-04,False,True,False,False,False,0.0,2,0,True,"['公司在相应期间是否按照中国证券监督管理委员会相关规定为中小股东参与现金分红决策提供了便利', '上市公司控股子公司向母公司实施利润分配的情况']",昱骞集团
2023-12-31,年报,2024-03-30,无保留意见,False,667726858.9624137,260705567.5070513,407021291.4553624,0.39043744310684736,99178750.65594015,423.9839454238902,22593769.136359964,212555127.20087922,6835678.365535067,28.62552514294407,21002869.583908997,368151207.8197751,40000000,10.17553228638406,283979508.82494366,254485840.6552568,5381627.5505840955,-4017073.956810791,-0.10042684892026978,-3575179.7339253,-36185210.465709284,35518807.53774582,-80599265.82042979,-81265668.74839325,-0.02175541790396737,0.73999389568169,-0.03343106459651888,0.023171962835631627,2021-07-29,2024-04-09,False,False,False,False,False,0.0,0,0,False,[],昱骞集团
2024-03-31,季报,2024-04-30,无保留意见,False,520212532.0257353,150190023.78248954,370022508.2432458,0.2887089690008843,68733224.05397035,308.3055313560998,18361694.461188868,149208349.49922192,4716409.73945931,20.215409273725342,15526925.772483336,272599989.32281953,40000000,9.250562706081144,277258966.1782854,248699099.02381748,7009507.975230321,-9600775.209511803,-0.2400193802377951,-8266773.759199008,-63415565.962904416,25894070.01281303,-60548438.62435847,-98069934.57444985,-0.09090134592178767,-0.43008034045069526,-0.10172847410596306,0.17212563588013174,2021-07-29,2024-05-23,False,True,False,True,False,0.0,0,0,True,"['是否影响偿债能力、过去十二个月内是否使用过募集资金补充流动资金以及未来十二个月内是否计划使用募集资金补充流动资金等内容', '结合前述财务报表列报项目的具体情况说明现金分红方案确定的依据及未来增强投资者回报的规划']",昱骞集团
2024-06-30,半年报,2024-08-27,非标准无保留意见,False,595228314.0103801,200746136.32746598,394482177.6829142,0.3372590510268723,90162173.77518816,335.6884938997764,19748460.907766294,196887880.61773026,5819124.409888678,24.728299427850484,19715325.780611366,333641143.1995116,40000000,9.862054442072855,271618399.3077301,243977052.47266564,34065769.583446324,-8057952.672221921,-0.20144881680554805,-6745780.78735979,-99962138.09294258,31645224.21069844,-76809577.3839031,-145126491.26614726,0.06610319344030037,0.20851137530964062,0.048550082025988046,0.029611046217449147,2021-07-29,2024-10-04,False,False,False,True,True,0.0,0,0,False,[],昱骞集团
2024-09-30,季报,2024-10-27,无保留意见,False,634636534.6812941,193802488.99941203,440834045.681882,0.3053755628751141,91196647.61763464,374.54701353615854,22166550.95838502,233649207.25158933,6926226.978260103,28.057763083036704,22424088.566787463,356562200.1344574,40000000,11.02085114204705,265476129.21636108,238602008.62965274,22196473.701700874,-8774671.559098534,-0.21936678897746337,-7678634.061447052,-37528878.378639795,31389240.33817211,-78568561.51624186,-84708199.55670954,0.11750053772068152,-0.08015154255001045,-0.03188348815175826,0.08025776955736325,2021-07-29,2024-11-11,False,False,False,False,False,0.0,0,0,False,[],昱骞集团
2024-12-31,年报,2025-03-30,无保留意见,False,707922850.0557129,193091253.36110896,514831596.694604,0.27275748105307357,103647196.17265075,424.43201533032527,27503237.290185854,210988563.91995132,7153468.247697193,27.81471503759166,25502148.849648368,397472471.4626473,40000000,12.8707899173651,260516343.5228431,234123825.40413362,29021069.37770618,-7085408.133597162,-0.17713520333992905,-6397404.6078844825,-77137770.55237234,37668700.661950305,-79424615.71160835,-118893685.60203038,0.16785806753709903,0.2053733705150666,-0.03261808182204049,0.009731565250705898,2021-07-29,2025-04-17,False,False,False,True,False,0.0,0,0,False,[],昱骞集团
2017-03-31,季报,2017-04-30,保留意见,False,270518781.1979458,78601241.88198435,191917539.31596142,0.2905574301862233,7627209.729338613,1.4681733628760152,13849334.886976065,174633.9012784569,40537659.891985565,358342.44398253143,39173477.2605608,100840734.82986549,40000000,4.797938482899036,-987312.2873022734,-857926.2750333706,2337254.113670798,-1410446.1247175336,-0.03526115311793834,-1225608.9643333866,14186371.117999058,-46821895.909278005,87266526.46864796,54631001.67736901,0.06620855175534118,-0.13391367359541853,-0.009442569813776676,-0.03675492633116842,2021-06-08,2017-05-20,False,False,False,False,False,0.0,0,0,False,[],淼瑄股份
2017-06-30,半年报,2017-08-27,无保留意见,False,296252801.47084165,80719755.49525943,215533045.97558218,0.2724691719183766,9511672.579070747,1.7620429262846262,15530333.552840702,227974.35414282046,53530611.801819146,495613.85432637157,53237260.78579019,129281666.33592919,40000000,5.388326149389554,-2398867.524667689,-2196530.1312093553,9378296.1168603,-2016507.481950594,-0.05041268704876485,-1912291.2231085496,3172495.795225279,-48465192.476605564,108328720.78843357,63036024.10705328,0.12305027848831274,-0.038876119360540674,-0.018088258267846696,-0.07536531907220295,2021-06-08,2017-09-27,False,False,False,False,False,0.0,0,0,False,[],淼瑄股份
2017-09-30,季报,2017-10-27,无保留意见,False,357903045.6069825,134285754.65757447,223617290.94940805,0.3752014862847387,11140635.372237239,2.230936588598478,17354419.364210647,312295.2717073926,58468882.095083684,539833.2294873804,57117768.814285934,147896062.3746695,40000000,5.5904322737352015,1175003.6301683602,1258652.3425728786,11683122.91109633,5105530.221194357,0.1276382555298589,4935974.962546049,36365876.02344572,-62327763.644469194,126297906.28693825,100336018.66591477,0.03750814608142143,0.4753256088035287,0.10273231436636207,0.07038488035921421,2021-06-08,2017-11-19,False,False,False,False,False,0.0,0,0,False,[],淼瑄股份
2017-12-31,年报,2018-03-30,无保留意见,False,375291779.40231097,146025772.3195872,229266007.08272374,0.38909930974813145,10089918.284238396,2.1870996833956555,19105053.79234157,271711.6406039808,61178986.83517213,486231.71493871755,57543510.35872111,144420348.55942833,40000000,5.731650177068094,3376508.327860093,3395260.674532868,9402102.080254028,3145006.71098819,0.07862516777470475,3052297.617085699,67252426.53106642,-73534432.2585266,131066087.2913416,124784081.56388143,0.025260641112916773,-0.08868927777748828,0.013897823463392724,0.05162765300587649,2021-06-08,2018-04-30,False,False,False,False,False,0.0,0,0,False,[],淼瑄股份
2018-03-31,季报,2018-04-30,无保留意见,False,368778393.4961848,160825372.57096437,207953020.92522046,0.4361030239496072,11656373.328490378,2.1824468359235265,18439187.04401167,287914.93256260105,60373091.72658739,512087.1933837034,54581269.60843502,145881835.14300877,40000000,5.198825523130512,13706505.467592862,12095942.690571623,27359986.840364184,14757138.77104681,0.36892846927617023,12429545.73719822,52098325.63008281,-68118629.32608196,130945559.23397903,114925255.53797987,-0.09296182381635469,0.5764273115741743,0.04700371420147577,-0.02103738727665331,2021-06-08,2018-05-12,False,False,False,False,False,0.0,0,0,False,[],淼瑄股份
2018-06-30,半年报,2018-08-27,无保留意见,False,471070875.3088565,216712850.51856124,254358024.7902952,0.46004298265409427,14631281.586679148,2.6444010293882183,20122341.630131703,363306.8735884063,82182121.07438484,709262.530405367,72811574.6259821,189145548.84718993,40000000,6.358950619757381,21779562.90631982,19290207.566320304,37910417.10951471,11532939.198181368,0.2883234799545342,10277521.251069544,72160220.18391381,-81118640.14875807,161096194.23945668,152137774.27461243,0.22315138130050016,-0.10152676524514129,0.023939958704487056,0.10299966606859501,2021-06-08,2018-10-02,False,False,False,False,False,0.0,0,0,False,[],淼瑄股份
2018-09-30,季报,2018-10-27,非标准无保留意见,False,473727466.5773196,219257114.9620414,254470351.61527818,0.4628338663708352,13441720.923374247,2.620634034266769,24875128.98168685,389493.1929067683,80278043.75761437,634268.4896913915,72763941.02084488,195244054.92459053,40000000,6.361758790381955,26842917.58811998,24015222.111205794,13327811.634547014,7233363.831143089,0.1808340957785772,6750020.778407842,38641716.50289577,-80284637.00132105,160323977.6561359,118681057.15771061,0.00044160912585938013,-0.15068813406059223,0.002790883716740903,-0.0400190534770959,2021-06-08,2018-11-27,False,False,False,False,False,0.0,0,0,False,[],淼瑄股份
2018-12-31,年报,2019-03-30,无保留意见,False,440212443.3883944,192970063.6754899,247242379.7129045,0.4383566765858879,12360898.762139952,2.3046331696004114,20900136.381207597,320923.2045490175,69441359.38088489,580990.49231933,67306904.7029193,167031513.287559,40000000,6.181059492822613,36300305.67911958,32394626.98850865,49277554.20404706,13510554.41571372,0.337763860392843,11970578.39614694,30559545.299365155,-74642931.27215466,150511701.37607643,106428315.40328693,-0.028403984418983706,0.2590309223395396,-0.024477189784947277,0.07115068954669361,2021-06-08,2019-05-22,False,False,False,False,False,0.0,0,0,False,[],淼瑄股份
2019-03-31,季报,2019-04-30,无保留意见,False,437374631.09016776,189504878.62614343,247869752.4640243,0.43327816740033037,10969780.791721953,2.418806102300969,21483405.338244937,295142.82616687595,67956328.21146406,582195.6583735842,69440755.5028564,166388925.59570312,40000000,6.196743811600608,42807563.579588555,38457233.679147154,13942033.150858987,9296082.714955673,0.2324020678738918,8660866.700912148,51243356.620132916,-82918377.27101707,144287457.68626195,112612437.0353778,0.002537480636807929,-0.1381316000795936,-0.005078509185557513,-0.060520849018085646,2021-06-08,2019-05-10,False,False,False,False,False,0.0,0,0,False,[],淼瑄股份
2019-06-30,半年报,2019-08-27,无保留意见,False,517871742.38045776,232187995.72872362,285683746.6517342,0.4483503862586602,13995482.01786469,2.9677898391953805,28678661.127273686,403913.60829076805,83150481.13045606,783764.9065633586,85047757.0139655,209536769.16819865,40000000,7.142093666293355,61777999.15714136,56732578.42782477,79566062.5601401,27100622.253646865,0.6775155563411717,26107635.355253745,51254319.758446716,-93594796.20569274,182542426.27072936,140201949.82348335,0.15255590410612188,0.6770795381079713,0.015072218858329845,0.019953844562019023,2021-06-08,2019-10-11,False,False,False,False,False,0.0,0,0,False,[],淼瑄股份
2019-09-30,季报,2019-10-27,无保留意见,True,500659504.41204584,219572548.4661243,281086955.94592154,0.43856662368565513,13827451.8435485,2.726039036503431,22466952.84804235,350185.13716078637,73165125.27459405,644116.5778085868,73262240.04498474,187353912.6128474,40000000,7.027173898648038,96899460.4681839,89041591.37413934,195888001.78494686,50173516.15863219,1.2543379039658047,46155732.78044939,20176743.320962258,-91792712.67467712,163744941.25376084,92128971.90004599,-0.016090487329740888,0.5231874909220205,-0.009783762573005074,0.1711957921204309,2021-06-08,2019-11-17,False,False,False,False,False,0.0,0,0,False,[],淼瑄股份
2019-12-31,年报,2020-03-30,无保留意见,False,559121862.8792531,243645870.40842217,315475992.470831,0.4357652357819523,15020667.179652277,3.242377062743925,28937507.575964365,470852.2764757264,91874729.59529676,769412.571865292,85411694.80340788,224515516.40432954,40000000,7.886899811770775,132138203.9844918,119451727.11751689,0.0,50341062.16615413,1.2585265541538533,43443051.06196794,109458955.12955134,-101031705.75423954,190269263.7237683,198696513.0990801,0.12234305362617234,0.002494227146398942,-0.0028013879037028606,-0.0983681868949841,2021-06-08,2020-04-11,False,False,False,False,False,0.0,0,0,False,[],淼瑄股份
2020-03-31,季报,2020-04-30,无保留意见,False,542341417.72935,225549824.9155037,316791592.8138463,0.41588161542193347,15557426.746345712,2.838082059428568,26261396.077846985,366131.42800767283,82552622.96879888,742485.6290665047,84529566.53544246,202176589.75861827,40000000,7.919789820346157,169373929.34777406,153719634.89557752,57745798.24316781,53193893.37611751,1.3298473344029378,48954153.96865802,54724707.75661683,-99968741.54392609,191667222.53756565,146423188.7502564,0.004170207478266359,0.04236391761871007,-0.019883620360018856,0.10365062357744445,2021-06-08,2020-05-28,False,False,False,False,False,0.0,0,0,False,[],淼瑄股份
2020-06-30,半年报,2020-08-27,无保留意见,True,563700719.9856961,226638146.26974937,337062573.71594673,0.4020540301518513,15308944.167328319,3.2562500517699675,30532517.299131103,399559.0806875568,90397760.49704902,777129.9966172051,84785465.38832973,221974294.90741548,40000000,8.426564342898669,202872211.62432644,182838227.51570377,48240500.94874661,47854688.966503374,1.1963672241625845,41597989.457323216,44609079.67096105,-98791328.03956273,189650122.6124364,135467874.24383473,0.06398838025355089,-0.07606365956943395,-0.013827585270082139,0.08017364132064157,2021-06-08,2020-10-10,False,False,False,False,False,0.0,0,0,False,[],淼瑄股份
2020-09-30,季报,2020-10-27,无保留意见,False,574975878.9503342,199246869.82587007,375729009.1244641,0.3465308321970161,17849221.774898145,3.4476736449809042,28170564.97845889,438353.74006040534,98973218.81794998,784968.7664550417,91213785.48434149,229757739.42843094,40000000,9.393225228111602,214500106.758942,192694913.76859942,50350268.34579051,16611278.763736568,0.4152819690934142,14080980.361279506,73541819.68015653,-94161432.70078978,198270703.8364825,177651090.81584924,0.11471589676136126,-0.48174481599786295,-0.05552319795483523,-0.010490697967940391,2021-06-08,2020-12-12,False,False,False,False,False,0.0,0,0,False,[],淼瑄股份
2020-12-31,年报,2021-03-30,保留意见,False,503805732.2557919,206732127.49908897,297073604.75670296,0.41034095934844794,14187244.014549594,2.9688838392831265,26335932.17897774,377687.6764681832,89108050.19133736,819358.2053838733,78034320.65311182,209192783.61981162,40000000,7.426840118917574,226415164.33336782,203864941.6253757,14500927.86201463,17021510.820608296,0.4255377705152074,15957182.652537521,84917028.35423474,-86207436.13745311,175443556.96192718,174153149.1787088,-0.2093407814079794,0.012205190399192312,0.06381012715143188,-0.017451798098523163,2021-06-08,2021-05-22,False,False,False,False,False,0.0,0,0,False,[],淼瑄股份
2021-03-31,季报,2021-04-30,无保留意见,False,529589285.4491937,216625310.58651873,312963974.862675,0.409043982834318,15211263.01360276,3.1526325113515017,26461566.60092025,379756.16070337617,76073459.80468754,770552.6931173408,80572424.2541811,207351926.59794974,40000000,7.824099371566875,253836092.10622635,228772039.85126835,0.0,39172753.96122647,0.9793188490306618,35581568.89413239,58238289.69343445,-97911633.83439274,186228158.79773116,146554814.65677285,0.053489673439637744,0.6510952220029042,-0.0012969765141299726,-0.014182750466849409,2021-06-08,2021-05-24,False,False,False,False,False,0.0,0,0,False,[],淼瑄股份
2021-06-30,半年报,2021-08-27,无保留意见,False,500677590.9492576,202464026.54176,298213564.4074976,0.40438004456700205,14959924.588263506,2.969958599045103,25934276.17700177,406912.3910067882,89993103.47118181,684983.5157283222,80249608.09595278,207824750.08103043,40000000,7.45533911018744,266050723.39400655,240427439.55419803,40177436.5085474,17449473.268257417,0.4362368317064354,16650571.004185278,97625674.41332266,-90288802.38402018,186019900.80626786,193356772.83557034,-0.047131336639144344,-0.38672272874432434,-0.004663938267315935,0.003120929399078703,2021-06-08,2021-09-23,True,False,False,True,False,6640051.683793825,0,0,True,"['留存未分配利润的预计用途以及收益情况', '公司在相应期间是否按照中国证券监督管理委员会相关规定为中小股东参与现金分红决策提供了便利']",淼瑄股份
2021-09-30,季报,2021-10-27,无保留意见,False,534582120.9479067,226501460.5568424,308080660.3910643,0.4236981591438488,14471644.73865105,3.032815378161936,26650377.9417228,377557.54182240943,87905572.7230865,755516.1953778274,86205069.78052334,205349141.39542252,40000000,7.702016509776607,269926302.04305756,244025191.41121674,8520460.256271586,5536540.9272156805,0.13841352318039202,5139645.510026699,86542311.60557307,-90435880.04854296,180880076.92189488,176986508.478925,0.03308734799897855,-0.34580883859314626,0.019318114576846696,-0.0857212597378461,2021-06-08,2021-12-21,False,False,False,False,True,0.0,0,0,False,[],淼瑄股份
2021-12-31,年报,2022-03-30,无保留意见,False,535572750.8193246,213603220.48114273,321969530.3381819,0.3988313822060035,16787600.30217569,2.920397123229066,28312207.34550223,373265.70418734784,90917035.08426109,850428.0198278123,88990777.03284344,212463363.59477425,40000000,8.049238258454547,277969473.9064756,251684002.01003805,50482959.4634118,11490245.519168634,0.28725613797921584,10941157.998316167,90855993.6621668,-90830794.07454644,177543394.39438298,177568593.98200333,0.04508192734165057,0.2641800536817572,-0.024866776937845236,-0.0038692944455120657,2021-06-08,2022-05-11,True,True,False,True,True,1192657.1476717633,1,0,True,"['结合所处行业特点、发展阶段和自身经营模式、盈利水平、偿债能力、资金需求等因素，未进行现金分红或现金分红水平较低原因的说明', '留存未分配利润的预计用途以及收益情况', '结合前述财务报表列报项目的具体情况说明现金分红方案确定的依据及未来增强投资者回报的规划', '上市公司控股子公司向母公司实施利润分配的情况']",淼瑄股份
2022-03-31,季报,2022-04-30,无保留意见,False,559515897.4686241,233436044.09963375,326079853.3689904,0.41721074442343986,15809746.177297592,3.0092958277047526,25673954.92835834,407486.1572080822,83884862.15511297,693788.7370885185,82644754.68445139,217536352.90825832,40000000,8.15199633422476,283389736.35409194,256306647.7412452,14626169.996524658,7743232.068023387,0.19358080170058467,6603779.616010222,67159039.97068204,-91583956.44310597,188506350.24948037,164081433.77705646,0.012766186373260878,-0.13151917025861368,0.018379362217436367,0.048106901203783185,2021-06-08,2022-05-17,False,False,False,False,False,0.0,0,0,False,[],淼瑄股份
2022-06-30,半年报,2022-08-27,无保留意见,False,529769360.9024106,192711076.65079594,337058284.2516147,0.3637641035384367,13594652.45062717,2.5742020877147938,24237207.644356802,316947.83531472564,79306962.53885125,638250.7852609857,67697353.90173973,179868549.0039796,40000000,8.426457106290368,290372342.7398874,262759484.90040123,5074649.721610728,9975151.979707863,0.2493787994926966,9218338.798794331,53753035.09962412,-96222797.60712476,187021237.87672457,144551475.36922392,0.03366792142843942,0.09020324853069084,-0.053446640885003165,0.013631077271580088,2021-06-08,2022-10-08,False,False,False,True,False,0.0,0,0,False,[],淼瑄股份
2022-09-30,季报,2022-10-27,无保留意见,False,531821027.0054634,195962120.3588512,335858906.6466122,0.3684738105641657,15647266.105803577,3.128693095218577,26567035.284589253,407913.99507761485,80172676.34582765,836985.6435004734,77928877.26539433,213491437.69886902,40000000,8.396472666165305,303262027.801942,274984314.21649486,56293269.80869121,18413835.802935123,0.4603458950733781,17464041.880133733,24561806.21616252,-90247583.16136912,175070512.2840253,109384735.33881871,-0.003558368570187951,0.31283174343467235,0.004709707025729017,-0.004722748413390502,2021-06-08,2022-12-17,False,False,True,False,False,0.0,0,9,True,"['留存未分配利润的预计用途以及收益情况', '上市公司控股子公司向母公司实施利润分配的情况', '结合所处行业特点、发展阶段和自身经营模式、盈利水平、偿债能力、资金需求等因素，未进行现金分红或现金分红水平较低原因的说明']",淼瑄股份
2022-12-31,年报,2023-03-30,保留意见,False,563126593.0894907,250651130.43090045,312475462.65859026,0.4451061866138287,14790975.700576082,2.761849957733962,26889288.183555484,386779.96809916024,93282257.57208872,710224.2542177314,77943999.81595287,211069921.62746498,40000000,7.811886566464756,323641428.2138763,293773840.7750406,106134070.78072798,29113429.159906127,0.7278357289976531,26842180.79792257,21503835.545314092,-102238219.8517942,182581702.30994162,101847318.00346151,-0.0696228193603507,0.30213031473095064,0.07663237604966297,-0.029855920967116943,2021-06-08,2023-04-21,False,False,False,False,False,0.0,0,0,False,[],淼瑄股份
2023-03-31,季报,2023-04-30,无保留意见,False,580349688.8030175,270488566.7008116,309861122.1022059,0.4660785935091988,17249404.0163515,3.215154370727883,26981199.782318603,384718.2462586885,94474586.57383335,838806.0935145738,91839692.47921927,222024013.68688056,40000000,7.7465280525551465,367167048.8287962,330140369.5995927,117158035.27086383,62179458.021314174,1.5544864505328544,51952184.03507429,114356386.3476891,-106781934.26455387,178660800.36727524,186235252.4504105,-0.008366546717432345,0.7170585546077257,0.0209724068953701,0.07955374364936241,2021-06-08,2023-05-25,False,False,False,False,False,0.0,0,0,False,[],淼瑄股份
2023-06-30,半年报,2023-08-27,非标准无保留意见,False,626455565.7815722,285199064.32667303,341256501.4548992,0.45525824959485484,16173772.197687449,3.560491870240194,29612482.936808307,440332.8877665237,90959665.40370993,824310.9912014415,86428818.38551748,233613170.89025283,40000000,8.53141253637248,372723057.97440517,335107252.1499375,7190693.880383381,7937155.922298498,0.19842889805746247,7095546.500492613,12603129.87688469,-113186756.02370512,225787410.87152764,125203784.7247072,0.10132080830178404,-0.6850552334472192,-0.010820343914343973,0.07865713204068951,2021-06-08,2023-09-11,True,False,False,False,False,11597795.890829546,0,0,True,"['留存未分配利润的预计用途以及收益情况', '结合所处行业特点、发展阶段和自身经营模式、盈利水平、偿债能力、资金需求等因素，未进行现金分红或现金分红水平较低原因的说明', '根据公司盈利能力、融资能力及其成本、偿债能力及现金流等情况披露现金分红方案的合理性，是否导致公司营运资金不足或者影响公司正常生产经营']",淼瑄股份
2023-09-30,季报,2023-10-27,无保留意见,False,598715770.7543411,277911797.89750916,320803972.85683197,0.464179852064627,17725163.80657989,3.3132208888403603,29489044.436982818,465038.4040115772,93188860.95391087,849957.6328738711,98658496.70313045,233216615.27467743,40000000,8.0200993214208,385675635.60520595,346957890.734151,78774872.99144031,18503682.329715483,0.46259205824288707,16929483.691733625,22317175.699111458,-109371461.71204022,185161723.84038806,98107437.8274593,-0.05993300790130227,0.4237262035951954,0.008921602469772145,0.035387290551446515,2021-06-08,2023-12-16,False,False,False,False,True,0.0,0,0,False,[],淼瑄股份
2023-12-31,年报,2024-03-30,无保留意见,True,643759504.5734549,326204326.3600392,317555178.2134157,0.5067176857857456,17162638.73772157,3.904089949428069,32018282.703687746,474938.36503706087,98848784.85717346,981287.1424726296,96286178.81155479,260034504.76861173,40000000,7.938879455335392,397096588.2167018,357889376.8148465,72467957.60342205,16315646.587851211,0.4078911646962803,15616408.686707858,12461413.867194014,-119689408.0691407,229676791.92618096,122448797.72423427,-0.010127039931846835,-0.06162841706233253,0.042537833721118586,-0.06691251835692885,2021-06-08,2024-05-25,False,True,False,True,True,0.0,1,0,True,"['根据公司盈利能力、融资能力及其成本、偿债能力及现金流等情况披露现金分红方案的合理性，是否导致公司营运资金不足或者影响公司正常生产经营', '公司为增强投资者回报水平拟采取的措施', '留存未分配利润的预计用途以及收益情况', '公司在相应期间是否按照中国证券监督管理委员会相关规定为中小股东参与现金分红决策提供了便利']",淼瑄股份
2024-03-31,季报,2024-04-30,无保留意见,False,613544633.8842561,316146914.1671024,297397719.7171538,0.5152794054535612,17843362.526286483,3.3420451469790664,31754888.597508524,436800.0299774011,103254644.8766312,911716.8286011544,98189570.96646649,256174760.38723823,40000000,7.434942992928844,417034274.65710896,375034542.30178005,35454578.452230215,28482409.200581692,0.7120602300145423,24493093.552762162,116504335.7864551,-115601635.57944025,216365800.11544946,217268500.3224643,-0.06347702660579806,0.3651966525892725,0.008561719667815668,0.21451622398469725,2021-06-08,2024-06-25,True,False,False,False,False,23250666.615593687,0,0,True,"['留存未分配利润的预计用途以及收益情况', '结合所处行业特点、发展阶段和自身经营模式、盈利水平、偿债能力、资金需求等因素，未进行现金分红或现金分红水平较低原因的说明']",淼瑄股份
2024-06-30,半年报,2024-08-27,非标准无保留意见,False,692292109.9192059,397985943.5549146,294306166.36429137,0.5748815245075689,19573465.871246465,3.7608784239572426,32408728.70537354,502538.5615857952,115511813.87798356,945597.4791649409,106859495.27356724,263266177.86516315,40000000,7.357654159107284,458733659.9192245,414740007.24427557,166342363.79495943,59570550.37445076,1.489263759361269,56722092.774993636,80826425.98583272,-119261090.20573354,239536290.77418098,201101626.55428016,-0.010395349889712321,0.683520106350731,0.059602119054007634,0.013642121607436192,2021-06-08,2024-10-08,False,False,False,False,False,0.0,0,0,False,[],淼瑄股份
2024-09-30,季报,2024-10-27,非标准无保留意见,False,730669626.393804,426087487.9680021,304582138.4258019,0.5831465720984502,19119073.528683525,4.112468570258901,32736128.248368476,464453.2891996616,108534452.07369405,1041123.1233782683,104610176.63775939,264142078.84227717,40000000,7.6145534606450465,480663356.92925006,434672338.1037006,25309852.88249718,31328138.585750774,0.7832034646437693,28474758.370607182,140457391.731971,-134284829.00473246,253625493.6527139,259798056.37995243,0.03491592510090661,-0.3688416976316212,0.008265047590881355,0.051085777848708484,2021-06-08,2024-12-11,False,False,True,False,True,0.0,0,0,True,"['结合所处行业特点、发展阶段和自身经营模式、盈利水平、偿债能力、资金需求等因素，未进行现金分红或现金分红水平较低原因的说明', '公司在相应期间是否按照中国证券监督管理委员会相关规定为中小股东参与现金分红决策提供了便利']",淼瑄股份
2024-12-31,年报,2025-03-30,无保留意见,False,1021711032.3560162,689196718.6026613,332514313.7533549,0.6745515089657073,27408395.751919243,5.396406337485454,46076691.784576334,794751.1369497036,158639958.42545992,1315109.0313974181,138568353.26975822,375515847.9470873,40000000,8.312857843833873,494578367.2990227,446080334.7940502,81000971.90342122,19878586.24253223,0.49696465606330575,16297138.129070891,70796863.36831403,-185567477.591173,343586781.72972625,228816167.5068673,0.0917065441588838,-0.236912752658642,0.09140493686725709,0.06980394262223669,2021-06-08,2025-04-18,True,False,False,False,False,29068111.793961275,0,0,True,['公司为增强投资者回报水平拟采取的措施'],淼瑄股份
2017-03-31,季报,2017-04-30,无保留意见,False,319364811.80548775,106783101.81552485,212581709.98996288,0.33436088719931406,31482460.143770475,1.0918652821256536,43413179.24021162,66636733.44758455,8730761.825865969,794860.0156046859,44723713.49905966,197450520.494572,40000000,5.314542749749072,3419644.849742375,2995329.5150537714,6740491.392755446,4885206.928203393,0.12213017320508482,4279042.164362531,49863529.12032114,30464863.426958237,40839885.74738912,121168278.2946685,0.18100949994423815,0.2158448293446329,0.034360887199314065,0.05849202570769943,2021-12-28,2017-06-13,False,False,False,False,False,0.0,0,0,False,[],珏璞科技
2017-06-30,半年报,2017-08-27,保留意见,False,315270764.19949204,120884084.13706163,194386680.0624304,0.38342941326640273,29964244.79592972,0.9695904593088531,42908403.96487775,62553474.229217716,7833793.473368695,762987.2532769634,38191797.902676195,182573383.77184185,40000000,4.85966700156076,14322530.73972721,14089363.117375243,38178040.85926566,15575551.271406908,0.38938878178517267,15848619.431887815,58113298.7255722,26713493.801483765,35947239.0443526,120774031.57140857,-0.08559075909395762,0.4884735327508787,0.04906852606708866,0.16032893055905073,2021-12-28,2017-09-30,False,False,False,False,False,0.0,0,0,False,[],珏璞科技
2017-09-30,季报,2017-10-27,无保留意见,False,250850149.63180614,74313882.89204963,176536266.73975652,0.2962481106793293,24855937.42699638,0.7774418545787145,34328538.554696284,51576326.81615401,5938110.571029131,551156.048300923,30637596.38260415,143542308.35739082,40000000,4.413406668493913,32784464.350503974,30296780.273358118,91594872.25698607,26374190.87253824,0.6593547718134559,23153453.079975534,25101788.236984577,25053319.907147318,31285899.765861638,81441007.90999353,-0.09182940578511316,0.33149522201976694,-0.08718130258707339,-0.027599696154686014,2021-12-28,2017-11-28,False,False,False,False,False,0.0,0,0,False,[],珏璞科技
2017-12-31,年报,2018-03-30,无保留意见,False,263593693.75851092,67616699.578664,195976994.1798469,0.2565186542004698,22438829.341865376,0.6903696837204001,31041172.905007437,48779312.25491378,6087621.091589707,539164.1086872773,27461215.289188195,142041059.08152965,40000000,4.899424854496173,36760544.63912772,33849092.810789734,24698120.745112374,5680114.698033925,0.14200286745084814,5074732.196330875,31053708.31614041,24099485.65340887,31819438.316070523,86972632.28561981,0.11012313673059146,-0.4771057570922085,-0.03972945647885951,0.2388749579122859,2021-12-28,2018-04-18,False,False,False,False,False,0.0,0,0,False,[],珏璞科技
2018-03-31,季报,2018-04-30,无保留意见,False,290517176.0715759,94282766.47286159,196234409.5987143,0.32453422461201664,29824628.558265284,0.8981463472866605,41919265.47125705,66193761.97051088,7699298.783673826,747285.9614575008,41235366.224194996,185044276.5726535,40000000,4.905860239967858,42346544.24531478,38569002.29882634,16767801.850227278,7979999.437410079,0.19949998593525198,6742727.840052295,8196534.026625351,26412058.651979547,33475891.027141765,68084483.70574667,0.0013134981478036922,0.10140533987579523,0.06801557041154685,0.17617011893669582,2021-12-28,2018-05-11,False,False,False,False,False,0.0,0,0,False,[],珏璞科技
2018-06-30,半年报,2018-08-27,保留意见,False,366723551.2499042,138662746.5561365,228060804.69376773,0.3781124666892326,32187851.87339408,0.9646309204740432,42694096.209338,76367764.92725289,8633431.791242702,848244.229835137,42157673.70651889,204949467.0478603,40000000,5.701520117344193,48363652.69108956,43943823.43381803,15910374.088069571,8595869.208249696,0.2148967302062424,7678315.907130983,56448965.80423537,32446465.38360661,45792222.34504655,134687653.53288853,0.16218559813304995,0.02465451500040025,0.05357824207721596,0.013962908330728241,2021-12-28,2018-09-29,False,False,False,False,False,0.0,0,0,False,[],珏璞科技
2018-09-30,季报,2018-10-27,无保留意见,False,356271541.82357,160508053.1746312,195763488.64893878,0.45052167892241235,36417497.327207856,1.1013346302131612,49678709.09511381,73802497.3536909,8443784.738318017,847709.2590372463,45386262.16309487,208504023.0936182,40000000,4.894087216223469,65168250.78093336,59514454.025413126,0.0,24006568.699776858,0.6001642174944215,22243757.987993,19394306.650207657,33389071.634613734,40862094.27221698,93645472.55703837,-0.14161712745071064,0.6020775995589245,0.07240921223317971,0.03194657514383407,2021-12-28,2018-12-02,False,False,False,False,False,0.0,0,0,False,[],珏璞科技
2018-12-31,年报,2019-03-30,无保留意见,False,363802554.4926479,168585123.87124515,195217430.6214027,0.46339730655918776,36203220.969456844,1.0520595499670533,51138459.21549865,83244097.21519212,10028393.183439353,873879.0101883345,50406892.74468702,225251459.36774245,40000000,4.880435765535068,73150090.01525605,67053802.88585603,29300193.383802116,11402627.477603842,0.28506568694009604,10770498.372061297,43000117.735858835,34933823.311981514,42384867.52054887,120318808.56838924,-0.002789376258589904,-0.30736395708821174,0.012875627636775392,-0.10458647297540685,2021-12-28,2019-05-06,False,False,False,False,False,0.0,0,0,False,[],珏璞科技
2019-03-31,季报,2019-04-30,无保留意见,False,441322544.18423975,191836130.4166729,249486413.76756683,0.4346846381284948,46099340.68814233,1.3625719634139073,60878157.734653555,88190774.19049872,12163919.916095128,1050777.5370831275,56558598.55694674,264792017.7282657,40000000,6.237160344189171,75207749.70869116,69116148.78599276,3752145.556983733,2939513.847764466,0.07348784619411165,2946208.4287667414,58497981.371985376,39241468.25243378,47733686.54420361,145473136.16862276,0.27799250801231645,-0.29796939161747427,-0.028712668430692916,-0.0014167246099689751,2021-12-28,2019-05-26,False,False,False,False,False,0.0,0,0,False,[],珏璞科技
2019-06-30,半年报,2019-08-27,无保留意见,False,523953302.8725327,220305434.5060329,303647868.36649984,0.42046768919715877,50602047.65759156,1.7173656953168506,71213149.31074235,108607488.40128872,13531310.456559015,1226077.8148592093,68663187.54408666,315370837.55166143,40000000,7.591196709162496,73289995.71463445,67310219.37238424,6537595.159601535,-2739648.562938163,-0.06849121407345407,-2579899.162297878,61546103.52752799,46522426.05612029,69191164.4182825,177259694.00193077,0.21709179983400756,-0.28481950232399245,-0.014216948931336045,0.08547907070552913,2021-12-28,2019-10-25,False,False,False,False,False,0.0,0,0,False,[],珏璞科技
2019-09-30,季报,2019-10-27,保留意见,False,481252440.12855256,222730688.30000097,258521751.82855156,0.46281466799525206,51326174.85134379,1.5259629109825537,67721191.15890366,104965863.18144141,12807281.17113222,1148147.9269144721,64008495.39779059,294326061.8493012,40000000,6.463043795713789,72269046.8257047,66323813.06929006,1313238.5772612544,-1458498.4127568007,-0.03646246031892002,-1409151.8615631121,25728823.364107337,47059659.57686071,55587710.92285725,128376193.86382529,-0.14861331574862738,0.0898400124173466,0.04234697879809333,0.08704315505876542,2021-12-28,2019-11-07,False,False,False,False,False,0.0,0,0,False,[],珏璞科技
2019-12-31,年报,2020-03-30,无保留意见,False,475939564.30316126,200825482.3245826,275114081.9785786,0.42195584773167116,47640658.80149897,1.4539812634826408,66153797.77866394,99233712.1799357,12148732.707293335,1170605.310755898,59975738.532677375,287539534.30634636,40000000,6.877852049464465,68638587.48190163,62917427.636617765,18570097.537860632,-5186370.491147241,-0.12965926227868102,-4866264.903817558,91757855.3922763,43033696.18908166,57430772.11710736,192222323.69846532,0.06418156318633843,-0.23986563058040417,-0.04085882026358095,0.0809724737432978,2021-12-28,2020-04-21,False,False,False,False,False,0.0,0,0,False,[],珏璞科技
2020-03-31,季报,2020-04-30,无保留意见,False,472031437.7908561,203674081.7982552,268357355.99260095,0.43148414595321394,43930362.717379406,1.4262499522308079,66140293.514317736,101205433.57986057,12529993.353476115,1115081.1677599412,59114803.37074191,278830475.0067562,40000000,6.708933899815023,65636172.62670445,60031635.41275267,20532094.76339888,-4289164.078853119,-0.10722910197132798,-4122560.319807283,50316835.17176342,43339822.36814519,53101508.82919217,146758166.36910078,-0.024559724232886795,0.07594671998320106,0.009528298221542776,0.132133733462757,2021-12-28,2020-05-28,False,False,False,False,False,0.0,0,0,False,[],珏璞科技
2020-06-30,半年报,2020-08-27,无保留意见,False,481088464.1892295,203789314.97920182,277299149.2100277,0.4236005020877909,45681277.01748407,1.4190316079356238,60599587.24603803,89672541.72540921,11390905.306529887,1081334.179686595,58239137.48301339,274227697.5063363,40000000,6.9324787302506925,67292309.36203557,61482862.49837773,8787805.853992725,2365909.6219016053,0.05914774054754013,2073181.5508929493,16177150.12393068,43621153.99287395,56981225.664901465,116779529.7817061,0.033320469954523126,0.5235748256086565,-0.007883643865423028,0.09317071743673593,2021-12-28,2020-10-12,False,False,False,False,False,0.0,0,0,False,[],珏璞科技
2020-09-30,季报,2020-10-27,无保留意见,False,517295218.2418809,245774984.2582266,271520233.98365426,0.4751155154566019,47803943.63721344,1.5934321121915338,61003235.51136558,102707471.34464812,12110454.223218134,1109792.348537171,67413997.828506,287985424.8214915,40000000,6.7880058495913564,59604204.94422218,54251591.274514586,44424982.338870555,-10983006.31116198,-0.2745751577790495,-10330387.462661639,80056784.78475924,46784014.08102975,58110605.94003578,184951404.8058248,-0.02084000345055674,-0.6892997124166487,0.05151501336881102,-0.03221916177369888,2021-12-28,2020-11-17,False,False,False,False,False,0.0,0,0,False,[],珏璞科技
2020-12-31,年报,2021-03-30,无保留意见,False,534704604.3173256,250035944.3408742,284668659.9764514,0.4676150949926886,52112957.91730816,1.5757839945765297,80428777.50151926,113159157.87223333,14392991.569090677,1181103.6052110903,67421315.87015598,316959809.90370584,40000000,7.116716499411285,54312462.71529519,49447329.98351206,20265325.591290403,-7559631.755609984,-0.1889907938902496,-6863230.415717901,13317431.233012622,47375930.65138485,63231604.60521842,123924966.48961589,0.048425216050707515,0.5689509965587326,-0.007500420463913344,-0.060524776718102094,2021-12-28,2021-05-04,False,False,False,False,False,0.0,0,0,False,[],珏璞科技
2021-03-31,季报,2021-04-30,无保留意见,False,468727365.440515,208744610.31817308,259982755.1223419,0.4453433396661035,49235098.8357138,1.421496239756788,63411461.25703337,96313572.70787999,13223289.312829731,1032382.1362098397,65692677.371142454,284331126.3268638,40000000,6.499568878058548,49157188.99425356,44363367.24823382,31462937.017017737,-7364676.744345188,-0.1841169186086297,-7262803.907540346,48868818.90310769,42847856.81657664,55526750.20233159,147243425.9220159,-0.08671802809677602,0.020651208323430394,-0.02227175532658506,-0.019961286227332772,2021-12-28,2021-05-10,False,False,False,False,False,0.0,0,0,False,[],珏璞科技
2021-06-30,半年报,2021-08-27,无保留意见,False,533320999.9098003,243235542.53562358,290085457.3741767,0.45607718911642636,50520311.57736495,1.5694553671962028,68274640.66586289,103448614.32771653,13132992.299489442,1276209.5068798983,62518543.73083861,298430400.1193994,40000000,7.2521364343544175,42914180.72223723,38803863.157135196,39810738.34972121,-8918583.24573762,-0.2229645811434405,-7942148.701569463,40871734.39873517,50707873.93920544,59238874.46608382,150818482.80402443,0.1157873038066282,-0.1612718598185556,0.010733849450322812,0.010579419566192738,2021-12-28,2021-09-10,False,False,False,False,False,0.0,0,0,False,[],珏璞科技
2021-09-30,季报,2021-10-27,非标准无保留意见,False,563426367.6196429,273524068.06290084,289902299.556742,0.48546550850731773,47955365.0625639,1.5311660098664097,77283393.14740789,104401439.73780869,13994528.169385388,1271092.3107649777,61129329.73442666,308933219.0411085,40000000,7.247557488918551,38812471.56104561,35310679.16456412,5379374.203101513,-5859584.51598802,-0.1464896128997005,-4990262.84653012,108938047.50833574,53699059.63293718,65403766.03958678,228040873.18085968,-0.0006313926216522203,0.3785225812214416,0.0293883193908914,-0.09421306228106412,2021-12-28,2021-11-17,False,False,False,False,False,0.0,0,0,False,[],珏璞科技
2021-12-31,年报,2022-03-30,无保留意见,False,531636521.68215334,262601026.82640716,269035494.85574615,0.49394843302997726,60193659.949284926,1.8148993657774493,82447815.70438686,121757796.56518969,14782614.195509566,1320589.6207588324,72721739.55070812,346386520.8317722,40000000,6.725887371393654,36169095.046814956,32874335.19417645,2835615.9238585206,-3776252.163186649,-0.09440630407966623,-3480491.3862680914,84504243.75037932,46019119.156087175,60231534.545923576,190754897.45239007,-0.07197874847112631,0.18700670148175697,0.008482924522659557,0.03558735312132019,2021-12-28,2022-05-23,False,False,False,True,False,0.0,0,0,False,[],珏璞科技
2022-03-31,季报,2022-04-30,保留意见,False,474655441.84137714,244431491.96001342,230223949.8813637,0.5149661636907954,50967418.96297238,1.4375957728299633,63891112.37136132,97486941.78437994,13060120.627994178,1131975.138618788,61984002.491642684,290843706.8988204,40000000,5.755598747034092,32801530.453973316,29900784.459219396,15083690.188525546,-4810806.561202349,-0.12027016403005873,-4247929.621367217,55861608.86400028,40821831.36197144,60752411.17014113,157435851.39611286,-0.14426180082740683,-0.07823458302309907,0.021017730660818173,0.05699796230897414,2021-12-28,2022-06-12,False,False,False,False,True,0.0,0,0,False,[],珏璞科技
2022-06-30,半年报,2022-08-27,非标准无保留意见,False,534915385.86514354,280812852.8857614,254102532.9793822,0.5249668644912684,47269079.056044325,1.3894157277585115,68371379.18465254,99695695.4472797,13341308.8846004,1180307.8904771078,68610058.28910749,295599380.65654296,40000000,6.352563324484555,31364040.791770913,28569837.83886491,5401261.9794426765,-2053556.6602891441,-0.051338916507228605,-1901352.3147921287,33894550.88920944,51276650.12072255,56731916.06693359,141903117.07686555,0.10371893588969926,0.22620445846211631,0.01000070080047289,-0.020619221593034073,2021-12-28,2022-09-26,False,False,False,False,False,0.0,0,0,False,[],珏璞科技
2022-09-30,季报,2022-10-27,非标准无保留意见,False,612167767.6829432,353314938.99502206,258852828.6879212,0.5771537765412251,58839173.816536695,2.1051246095173703,83924869.01705202,122591586.11438775,16505904.738293283,1572109.6541775987,80832644.84543818,374685125.5674082,40000000,6.47132071719803,30577890.973951783,27925177.46999411,782006.3812353766,-1123071.1683130413,-0.028076779207826034,-920943.3841011432,66648967.24293755,60131842.40928706,72434775.65216884,199215585.30439344,0.018694405179048086,0.06225464284897264,0.052186912049956825,-0.0035267114885326584,2021-12-28,2022-12-20,False,False,False,False,False,0.0,0,0,False,[],珏璞科技
2022-12-31,年报,2023-03-30,无保留意见,False,910057072.820359,649243829.423401,260813243.396958,0.7134100143975901,100066624.8262288,2.951096080132472,126588701.50986877,208966645.987697,24692389.47080992,2128873.5361513235,127491563.47667646,568017723.3157953,40000000,6.52033108492395,36602693.29306232,33503541.66850834,28895269.032563202,8606860.455872204,0.2151715113968051,7969091.712163187,137379870.65235022,90096392.11196272,108022651.12243575,335498913.8867487,0.007573472227341651,0.612834618541993,0.13625623785636487,0.10184116833521539,2021-12-28,2023-05-15,False,False,False,True,False,0.0,0,0,False,[],珏璞科技
2023-03-31,季报,2023-04-30,无保留意见,False,866479649.4955161,598479267.0975604,268000382.39795563,0.6907020464312215,90469804.72056957,2.652671460321113,109274437.02802318,173033853.08564034,24474532.696624026,2099133.878650913,119767505.48530614,531909436.988799,40000000,6.7000095599488905,45285743.95302506,41535524.59831012,19501726.64414873,12404358.085661057,0.31010895214152645,11474261.328288259,81690109.22086741,85649777.81653145,115317656.55196252,282657543.5893614,0.027556648992930154,0.14830000875480231,-0.022707967966368574,-0.056541701988755785,2021-12-28,2023-06-26,False,True,False,False,False,0.0,2,0,True,['是否影响偿债能力、过去十二个月内是否使用过募集资金补充流动资金以及未来十二个月内是否计划使用募集资金补充流动资金等内容'],珏璞科技
2023-06-30,半年报,2023-08-27,保留意见,False,1096457902.1870766,817812080.5689336,278645821.61814296,0.7458672867765053,107484773.05631848,3.3435133437294073,142434984.73086584,217735785.68465078,27816057.498693883,2478480.529153374,138321660.60445246,643510359.139069,40000000,6.966145540453574,53728564.445208766,48296683.129582636,44223425.378708765,12061172.131691005,0.3015293032922751,9658797.901817882,59956186.01823401,93495495.69465525,123038158.79913655,276489840.51202583,0.03972173145775537,-0.011671261551443447,0.05516524034528389,-0.025559976991382804,2021-12-28,2023-10-01,False,True,False,False,False,0.0,0,0,True,"['结合所处行业特点、发展阶段和自身经营模式、盈利水平、偿债能力、资金需求等因素，未进行现金分红或现金分红水平较低原因的说明', '结合前述财务报表列报项目的具体情况说明现金分红方案确定的依据及未来增强投资者回报的规划', '留存未分配利润的预计用途以及收益情况']",珏璞科技
2023-09-30,季报,2023-10-27,无保留意见,False,1539921749.6830516,1233984154.0821013,305937595.60095036,0.8013291287924735,145436734.11484754,4.729007371111575,190352472.83662286,301548628.0444597,40405406.59485559,3439332.1748680132,176234842.44531572,899631436.1822954,40000000,7.648439890023759,62570846.10083839,56495934.541502945,30864361.779185537,12631830.93661375,0.31579577341534376,11713216.302743305,82510789.21207228,138465196.2579086,181163096.44722375,402139081.9172046,0.097944314486108,0.01963646897436895,0.05546184201596814,0.009708823734823764,2021-12-28,2023-11-25,False,False,False,True,False,0.0,0,0,False,[],珏璞科技
2023-12-31,年报,2024-03-30,非标准无保留意见,False,1421355774.4525552,1121618900.6361911,299736873.816364,0.7891190374684272,131571995.11600237,4.148223435150099,184951934.1351282,303379056.52894914,35015200.46230133,3132773.4152739933,185739380.1191939,846138928.4084952,40000000,7.4934218454091,72336965.31081174,65315432.138587154,20717496.644134358,13951598.871390492,0.3487899717847623,12599282.281548876,178688122.54806435,141707725.75402415,181616927.46361744,502012775.76570594,-0.020267930041112894,0.04453885882380641,-0.012210091324046253,-0.018785496825254138,2021-12-28,2024-04-30,True,True,False,False,False,14947679.934135731,2,0,True,"['上市公司控股子公司向母公司实施利润分配的情况', '结合前述财务报表列报项目的具体情况说明现金分红方案确定的依据及未来增强投资者回报的规划', '公司在相应期间是否按照中国证券监督管理委员会相关规定为中小股东参与现金分红决策提供了便利']",珏璞科技
2024-03-31,季报,2024-04-30,无保留意见,False,911679596.2201397,612579738.7133301,299099857.50680953,0.6719243704181934,90801691.0843619,2.6447822748502947,134744083.80820554,182229951.52352574,23284892.79610198,1971496.198095923,113645634.92046978,529107268.15652937,40000000,7.477496437670238,75330187.20588796,67874333.07259151,8378180.756388663,4276031.27868031,0.10690078196700774,3655572.7628633664,18070089.351320364,86020824.07356112,103422383.23032323,207513296.6552047,-0.0021252517297712537,-0.3126031593041097,-0.11719466705023379,0.05428491729695858,2021-12-28,2024-06-13,True,True,False,False,False,4610954.8076245515,3,0,True,"['公司在相应期间是否按照中国证券监督管理委员会相关规定为中小股东参与现金分红决策提供了便利', '根据公司盈利能力、融资能力及其成本、偿债能力及现金流等情况披露现金分红方案的合理性，是否导致公司营运资金不足或者影响公司正常生产经营', '结合前述财务报表列报项目的具体情况说明现金分红方案确定的依据及未来增强投资者回报的规划', '结合所处行业特点、发展阶段和自身经营模式、盈利水平、偿债能力、资金需求等因素，未进行现金分红或现金分红水平较低原因的说明']",珏璞科技
2024-06-30,半年报,2024-08-27,无保留意见,False,886799593.5092938,602368494.3911664,284431099.1181274,0.6792611304741802,82280078.08694775,2.558090949429405,109972078.44833869,176428832.98482513,19350389.908472627,1764589.373892816,111069695.59652069,497399870.5008502,40000000,7.110777477953185,81024656.74147841,72996575.08961411,7984621.683155736,8134956.479414932,0.2033739119853733,7317488.595746581,35768238.3679532,78660125.7853864,103646144.17470048,218074508.32804006,-0.04904301363081772,0.18137429627683743,0.007336760055986865,-0.022319475511939305,2021-12-28,2024-10-22,False,True,False,False,False,0.0,2,0,True,['是否影响偿债能力、过去十二个月内是否使用过募集资金补充流动资金以及未来十二个月内是否计划使用募集资金补充流动资金等内容'],珏璞科技
2024-09-30,季报,2024-10-27,无保留意见,False,855853308.3381428,601262429.2369419,254590879.10120085,0.7025297716082282,76757739.42307176,2.177969525759934,102725820.06363817,156906166.7413164,21289578.62450711,1893640.651062425,99100274.07122648,470192435.28494704,40000000,6.3647719775300216,95707690.56362224,86094285.19539218,74436801.01322897,20975762.603062585,0.5243940650765646,18711014.436825804,151766400.18512127,81254545.62858321,101296063.30202387,334317009.1157284,-0.10491194566784552,0.5108744124607513,0.023268641134047818,0.06743999457338037,2021-12-28,2024-11-13,False,False,False,False,False,0.0,0,0,False,[],珏璞科技
2024-12-31,年报,2025-03-30,非标准无保留意见,False,922481048.2345159,629028853.9482679,293452194.286248,0.681888105075037,88341170.49620765,3.1109964675517094,129356846.30031334,192539726.19069445,25426033.57316092,2210676.1523452727,116709443.7955318,555769728.3454115,40000000,7.3363048571562,82676654.94151725,74521527.66664839,88394581.07379581,-18615765.17443569,-0.46539412936089225,-16532510.755348274,34081222.32204664,88736379.48464298,113583825.39480193,236401427.20149153,0.15264221295846067,-1.0425472739369133,-0.02064166653319104,-0.08050305908587621,2021-12-28,2025-04-12,False,False,False,False,False,0.0,0,0,False,[],珏璞科技
2017-03-31,季报,2017-04-30,非标准无保留意见,False,208804368.11140084,50352332.49392922,158452035.6174716,0.24114597289969222,76361.30057551755,8928709.934978826,23125059.922877736,0.03247748720016336,785390.903294935,225657.12192928465,30118108.26692065,61980372.13168698,40000000,3.96130089043679,3911195.0419642944,3562449.631774051,18139383.778559312,5587421.488520421,0.13968553721301052,5089213.759677216,14682730.469454052,-4146799.470826041,64138293.63474027,74674224.63336828,-0.11971091323626891,0.2548567493622456,-0.05885402710030776,-0.02443396709377398,2021-09-06,2017-06-02,False,False,False,False,False,0.0,0,0,False,[],曦琛科技
2017-06-30,半年报,2017-08-27,无保留意见,False,208370458.25261742,57980481.60686251,150389976.6457549,0.2782567264720895,85033.20995755782,10072784.036920669,23780691.076077342,0.04219851347408082,880726.4033079563,254104.5126568488,34576871.16273122,69576853.94002147,40000000,3.7597494161438725,2863512.4223605436,2604096.023023262,2028603.9402933414,-1496689.456576787,-0.03741723641441967,-1369076.5839296991,20705628.874798268,-4528895.169620445,68372272.65815395,84549006.36333178,-0.050880122431369586,-0.3136307944090722,0.03711075357239725,-0.008819633491483302,2021-09-06,2017-09-14,False,False,False,False,False,0.0,0,0,False,[],曦琛科技
2017-09-30,季报,2017-10-27,无保留意见,False,188807385.022568,39152913.26386784,149654471.75870016,0.20736960717499436,64658.96389695044,7443587.616872358,19883137.545518678,0.032564175060239606,694008.6227775719,234258.03730919355,27324887.3544705,56907756.81734637,40000000,3.741361793967504,4167702.873697272,3751761.2024105485,5136484.544971146,1863129.2161953263,0.04657823040488316,1639521.6848389804,7202808.8062481545,-4217488.10029872,58779206.01979015,61764526.72573958,-0.00489065098259328,0.21671620802289918,-0.07088711929709511,-0.02802903325732091,2021-09-06,2017-12-23,False,False,False,False,False,0.0,0,0,False,[],曦琛科技
2017-12-31,年报,2018-03-30,无保留意见,False,201326074.78729692,43487489.28283585,157838585.50446108,0.21600525082893923,71567.87931278408,8009637.036822178,21160516.965655472,0.027296398600175253,770519.7196161397,236720.31536850895,28295825.082906596,58170364.047617994,40000000,3.945964637611527,3083471.0729472646,2772308.3954126462,5291958.544137099,-1548902.572500011,-0.03872256431250028,-1399218.2957112887,35946288.05700492,-4328580.19387975,60221954.40255062,91839662.2656758,0.05468673037018792,-0.18088365666105216,0.008635643653944867,-0.08150109960521718,2021-09-06,2018-04-27,False,False,False,False,False,0.0,0,0,False,[],曦琛科技
2018-03-31,季报,2018-04-30,无保留意见,False,216422892.5924033,60937709.62407549,155485182.9683278,0.28156776251411436,72298.08838689953,8819355.901116595,21791457.208393905,0.03727714893411896,764491.5398000126,243032.80699481588,30108122.394037418,62714912.37406793,40000000,3.8871295742081946,4558953.680700123,4154888.6964358194,1930414.5800865586,2107832.296789799,0.05269580741974497,1975114.7157473906,22991804.77317705,-4195301.394556744,61356598.00131517,80153101.37993547,-0.014910185165507616,0.23666505802892185,0.06556251168517511,0.2573347845268049,2021-09-06,2018-06-06,False,False,False,False,False,0.0,0,0,False,[],曦琛科技
2018-06-30,半年报,2018-08-27,无保留意见,False,207694727.15908343,61039317.13252523,146655410.0265582,0.2938895848124843,65351.180641872284,7582345.260025036,21869415.49921613,0.03096736748818931,695396.7740814827,230902.00921952716,29363069.83680453,59022334.106686965,40000000,3.666385250663955,590143.4656887427,678035.8460454792,12162737.784744566,-5669728.878587687,-0.1417432219646922,-4966932.643414772,25360713.346629255,-3978030.076285871,68026110.77163592,89408794.0419793,-0.05678851690690179,-0.4070352436934539,0.012321822298369908,0.11725108603808042,2021-09-06,2018-09-24,False,False,False,False,False,0.0,0,0,False,[],曦琛科技
2018-09-30,季报,2018-10-27,无保留意见,False,225601110.2058959,72674901.16428588,152926209.04161003,0.32213893405914,77633.51852174933,11502111.315359142,24290865.30177253,0.039002097263154636,847159.4050985603,309371.24118238495,38344195.71054508,72922295.86434291,40000000,3.823155226040251,-6360399.732877524,-5020786.700844345,7146249.713607041,-9929347.426523238,-0.24823368566308096,-8141175.066985464,9528701.799301881,-5272314.754680927,71985724.10301842,76242111.14763938,0.042758729554649655,-0.3759502753544518,0.028249349246655776,0.10753983106770026,2021-09-06,2018-12-10,False,False,False,False,False,0.0,0,0,False,[],曦琛科技
2018-12-31,年报,2019-03-30,无保留意见,False,304549584.1335697,110970317.6479091,193579266.48566058,0.36437520663052236,107920.95809346596,14257359.94803336,31814472.938531004,0.048648702794694146,1213825.647186883,362940.4445321576,43194204.16799187,91165080.11555302,40000000,4.839481662141514,-11995075.986277768,-10524983.384667382,12623177.841893772,-8049537.504857492,-0.20123843762143728,-7863138.119747197,5903699.862269018,-6685419.407120453,91633320.7211408,90851601.17628936,0.2658344681322034,0.2658608808919901,0.04223627257138231,-0.03961540726830303,2021-09-06,2019-05-14,False,False,False,False,False,0.0,0,0,False,[],曦琛科技
2019-03-31,季报,2019-04-30,无保留意见,False,358393878.0859914,138994731.5783408,219399146.50765055,0.3878267461504771,137189.09648081314,18503328.255128317,39848013.370993614,0.06553089213153827,1419150.0624531368,459059.85523111594,55246622.10828409,119594215.35221602,40000000,5.4849786626912636,-15647048.281778518,-13984420.863323774,10746317.908273509,-5217103.279286787,-0.13042758198216967,-4942053.540937703,51364391.00791841,-7259434.221266518,107659979.8038719,151764936.59052378,0.1333814333050105,0.3164567447892096,0.023451539519954705,-0.11592819484036422,2021-09-06,2019-06-13,False,False,False,False,False,0.0,0,0,False,[],曦琛科技
2019-06-30,半年报,2019-08-27,非标准无保留意见,True,323873023.52054155,104786239.57798567,219086783.94255584,0.32354111632684235,107557.70785341664,16231837.868481454,33526204.01159983,0.0565504808265038,1254650.5022340314,393354.37687033747,51739491.2081519,103743767.13823898,40000000,5.477169598563896,-18881995.672724854,-17087869.807655953,11985101.650640022,-4621353.4156376235,-0.11553383539094059,-4433498.491903113,51932558.13664742,-6102987.692051076,100062042.2229385,145891612.66753483,-0.0014237182325767162,0.05056056059643574,-0.06428562982363467,-0.05608392217277196,2021-09-06,2019-10-09,False,False,False,False,False,0.0,0,0,False,[],曦琛科技
2019-09-30,季报,2019-10-27,保留意见,False,304344034.71395385,81610337.68694231,222733697.02701157,0.26815159286314266,108438.12556531194,15896610.431048512,32516449.123759832,0.05156516667888791,1202619.3517639888,365374.9499923258,45636965.06583196,97270407.61022408,40000000,5.568342425675289,-22068682.685204614,-19929635.38457636,14872891.776163112,-4552410.017828226,-0.11381025044570565,-4059665.109886299,22229251.946335647,-6423379.207918804,98160791.57234877,113966664.31076562,0.01664597479970268,0.005569542464883831,-0.05538952346369971,-0.10123166902297666,2021-09-06,2019-12-12,False,False,False,False,False,0.0,0,0,False,[],曦琛科技
2019-12-31,年报,2020-03-30,无保留意见,False,318251932.21042395,85545485.91257875,232706446.2978452,0.26879800954678007,118360.69792798461,14889752.328005197,32755341.843781162,0.04956433161247487,1209100.1772739908,399599.5332386463,46490213.89940763,99975150.475005,40000000,5.81766115744613,-27905304.459810458,-25189611.445717342,5006325.393473858,-8338031.106579781,-0.20845077766449452,-7514251.515915685,37867593.7381201,-5885991.136500095,107068157.6409041,139049760.24252412,0.04477431750986564,-0.3041248220879352,0.0006464166836373858,0.05425996004903189,2021-09-06,2020-05-20,False,False,False,False,False,0.0,0,0,False,[],曦琛科技
2020-03-31,季报,2020-04-30,无保留意见,False,301839621.1523272,60367924.23046544,241471696.92186177,0.2,98585.39354855537,12636192.502658447,29790432.966491662,0.044645005307508756,1083133.4514017808,341492.80533959897,43862105.03066421,86505872.93964417,40000000,6.036792423046545,-33166626.74331997,-29761277.825941686,11808246.551550282,-7516174.690727875,-0.18790436726819687,-6530951.971749062,14057362.404428367,-5730575.039952576,95231043.95280464,103557831.31728043,0.03766655700116602,0.0948810167716261,-0.09502878636309355,0.18153717174221495,2021-09-06,2020-06-18,False,False,False,False,False,0.0,0,0,False,[],曦琛科技
2020-06-30,半年报,2020-08-27,无保留意见,False,276809967.7523462,55361993.55046924,221447974.20187697,0.2,100871.99098464448,13191298.859732471,30949129.908766728,0.04651856040091555,1156961.1121057249,340256.6337072692,40820950.41846701,86928315.69454099,40000000,5.536199355046924,-32954238.15549719,-29573727.89199208,162712.53814310185,303412.2683182545,0.007585306707956363,267928.47707085905,47410743.76148737,-6037411.568806937,84927268.22780907,126300600.4204895,-0.08292368412213685,0.824518240693562,0.018809667188887186,0.07780636389751681,2021-09-06,2020-10-18,False,False,False,False,False,0.0,0,0,False,[],曦琛科技
2020-09-30,季报,2020-10-27,非标准无保留意见,False,284464547.42553854,61668851.40182618,222795696.02371237,0.2167892342295084,93838.57483998474,12719375.691961277,28715139.172530536,0.04775529292285017,1056922.388878143,342065.6447686686,43414182.86977905,85059988.84430875,40000000,5.569892400592809,-26379372.19469988,-23858861.46946407,41917834.28054907,9392665.65828187,0.23481664145704675,8164094.889325732,39109460.98955641,-6183359.682799977,87021479.7751222,119947581.08187863,0.006085952362819269,0.525286761305781,0.02421034385693471,0.06832511093241808,2021-09-06,2020-11-25,False,False,False,False,False,0.0,0,0,False,[],曦琛科技
2020-12-31,年报,2021-03-30,无保留意见,True,286159556.74796766,64139325.642319374,222020231.10564828,0.2241383316749036,108007.93819082699,14437443.64379619,27101391.845239654,0.049248643127107264,995423.7340404901,353958.24799788115,45019634.78784048,91690403.09311162,40000000,5.550505777641207,-16104716.567988625,-15177127.401628293,8994443.285012154,14678079.466730367,0.3669519866682592,12402477.2397654,9361151.575372554,-5882365.454775143,84525940.64600587,88004726.76660328,-0.003480609957481218,0.20026070412444175,0.007349097445395187,0.18454995012331066,2021-09-06,2021-04-22,False,False,False,False,False,0.0,0,0,False,[],曦琛科技
2021-03-31,季报,2021-04-30,无保留意见,False,342180912.3606654,93456252.44979338,248724659.910872,0.27311942038218856,110211.63108684668,13759574.223720865,29675989.71093225,0.04572041405603531,1133899.047492035,366453.8333002452,45348868.084757194,91807762.91984959,40000000,6.2181164977718,-8576128.929451829,-8235334.626822855,7470130.1950090295,10755125.197909709,0.26887812994774274,9916846.821150625,34735818.368637845,-6883426.400036518,110519549.37479761,138371941.34339893,0.12027925866141655,-0.12383813459842806,0.048981088707284966,0.02302222673067587,2021-09-06,2021-06-25,False,False,False,False,False,0.0,0,0,False,[],曦琛科技
2021-06-30,半年报,2021-08-27,无保留意见,False,326628682.4333352,84491506.3453841,242137176.0879511,0.25867754698067214,105836.24160706431,11458432.444500424,31561408.96445706,0.05284352087186468,1225166.4253630694,359458.603506994,47345290.14506088,92613361.30676906,40000000,6.053429402198778,3183190.3246839307,2318245.724812289,10561267.642378936,16799027.50590823,0.4199756876477057,15076543.35947878,42990291.85849869,-6974323.812553089,106794785.08651955,142810753.13246515,-0.026485045050544973,0.21775806323704475,-0.014441873401516458,-0.04186701053506184,2021-09-06,2021-09-10,True,False,True,False,False,16000140.604528826,0,9,True,"['留存未分配利润的预计用途以及收益情况', '结合前述财务报表列报项目的具体情况说明现金分红方案确定的依据及未来增强投资者回报的规划', '根据公司盈利能力、融资能力及其成本、偿债能力及现金流等情况披露现金分红方案的合理性，是否导致公司营运资金不足或者影响公司正常生产经营']",曦琛科技
2021-09-30,季报,2021-10-27,无保留意见,False,358827758.7988458,85653998.90851839,273173759.89032745,0.23870505223798727,119166.74088473096,15302308.429608494,38322681.199235365,0.057031860351263,1363562.4776769013,391162.22448999074,48596247.09855734,106315574.95152989,40000000,6.829343997258186,12121940.958593592,10140557.04447589,28409481.532958813,12769643.762728088,0.31924109406820217,11174730.45666229,25808593.861173116,-7511111.3003973,120825058.46345249,139122541.0242283,0.12817768962128712,-0.1192159668640107,-0.019972494742684827,-0.0702496156256641,2021-09-06,2021-12-01,True,False,True,False,False,13019024.593755584,0,0,True,['公司在相应期间是否按照中国证券监督管理委员会相关规定为中小股东参与现金分红决策提供了便利'],曦琛科技
2021-12-31,年报,2022-03-30,无保留意见,False,482200817.1827524,130411216.7083973,351789600.4743551,0.2704500118235426,170709.51535315835,22345212.201834653,46328074.22128948,0.07527375508310845,1889690.2421918982,556528.3893772071,69759201.48654665,147065106.0394636,40000000,8.794740011858877,18124464.84084006,15633724.570534758,9730769.832745643,8575034.117494956,0.21437585293737388,7847382.180084096,57571428.309432685,-9877054.745349294,155135237.59249398,202829611.15657738,0.28778694050112996,-0.1409022452087529,0.03174495958555534,0.10458920280551995,2021-09-06,2022-05-16,False,False,True,True,False,0.0,0,0,True,"['是否影响偿债能力、过去十二个月内是否使用过募集资金补充流动资金以及未来十二个月内是否计划使用募集资金补充流动资金等内容', '结合前述财务报表列报项目的具体情况说明现金分红方案确定的依据及未来增强投资者回报的规划', '上市公司控股子公司向母公司实施利润分配的情况', '根据公司盈利能力、融资能力及其成本、偿债能力及现金流等情况披露现金分红方案的合理性，是否导致公司营运资金不足或者影响公司正常生产经营']",曦琛科技
2022-03-31,季报,2022-04-30,无保留意见,False,545500448.5811918,159917318.9876356,385583129.5935561,0.2931570806285665,188404.1846013046,25051558.99804397,59799402.174409606,0.09070634795583343,2044628.3335004647,635154.2475995937,87220293.42262897,164692502.00108752,40000000,9.639578239838903,18324013.087146826,15824817.102469705,1241910.6868055193,285068.9232953824,0.00712672308238456,272989.3313356384,68162407.71445037,-12281603.742395433,174088593.02290195,229969396.9949569,0.09606176269461525,-0.32414287918891604,0.022707068805023854,0.17419825833923613,2021-09-06,2022-06-03,False,False,False,False,False,0.0,0,0,False,[],曦琛科技
2022-06-30,半年报,2022-08-27,无保留意见,False,537929655.2046621,120243792.07299836,417685863.13166374,0.2235306994317874,179126.5392651119,26488341.15439964,60304234.9550796,0.09440401238623558,2032801.4866542404,768812.5587149097,81739533.51605807,174684390.63188633,40000000,10.442146578291593,21194126.6709692,18437377.53244303,5456072.307455621,4100162.262603391,0.10250405656508478,3732229.185676183,66694163.76820226,-11342049.59160452,161914917.81737268,217267031.99397042,0.08325761962653061,0.22071611957337026,-0.06962638119677907,0.17568143155584065,2021-09-06,2022-09-25,False,True,False,True,False,0.0,1,0,True,['充分披露高送转的主要考虑及其合理性且送转股后每股收益不低于0.5元'],曦琛科技
2022-09-30,季报,2022-10-27,无保留意见,False,565132477.0633773,121916794.36028105,443215682.7030962,0.2157313538124771,196383.17799364222,25642263.496055286,60409609.11987172,0.0892166582235529,2193439.432953305,714576.2574213868,91419699.0120457,172188069.9368716,40000000,11.080392067577405,32769132.95211525,28798885.45221589,28285015.257862877,16535723.25878007,0.41339308146950177,14802154.171104088,72978566.2494911,-12143117.576850686,183988388.0187353,244823836.6913757,0.06112205804625225,0.5893585481196364,-0.007799345619310304,0.11857207050462511,2021-09-06,2022-12-10,False,False,False,False,True,0.0,0,0,False,[],曦琛科技
2022-12-31,年报,2023-03-30,非标准无保留意见,False,589142734.5695263,124151777.83643003,464990956.7330963,0.21073293541868934,214709.11591155682,25035650.54891558,59210780.547143295,0.09922448707579073,2325478.2800378315,709283.5984393262,90761364.63863212,183429246.1045792,40000000,11.624773918327408,29887748.132343616,26386654.217665046,13850657.754999813,-4116264.0282451864,-0.10290660070612966,-3446044.620786924,114347848.9717899,-12640615.19195078,190896847.98368102,292604081.7635201,0.04913019750834728,-0.6158205424008056,-0.004998418393787761,0.15008836452655286,2021-09-06,2023-05-03,False,False,True,False,True,0.0,0,5,True,"['留存未分配利润的预计用途以及收益情况', '公司为增强投资者回报水平拟采取的措施']",曦琛科技
2023-03-31,季报,2023-04-30,非标准无保留意见,False,648626862.1275933,129725372.42551866,518901489.70207465,0.2,188971.09570882376,27729021.200796973,69181539.61111449,0.09945098544260336,2271141.7754052524,746471.5933125832,95727680.77567747,183581427.76412922,40000000,12.972537242551866,25077915.338210985,22023220.212933164,33210151.03240515,-6871189.705903761,-0.17177974264759402,-6233477.149616978,57781511.51406305,-12772951.119581986,213640086.617565,258648647.01204607,0.11593888480700691,-0.21382972172809464,-0.02984875360131885,-0.028530411552422072,2021-09-06,2023-05-26,False,True,False,True,True,0.0,0,0,True,['是否影响偿债能力、过去十二个月内是否使用过募集资金补充流动资金以及未来十二个月内是否计划使用募集资金补充流动资金等内容'],曦琛科技
2023-06-30,半年报,2023-08-27,无保留意见,False,683775580.236,136755116.0472,547020464.1888,0.2,273296.28254091745,31327480.32995397,74742984.46505891,0.11592159669502614,2735200.8230689075,893241.8355217676,113889111.53233822,222875132.97512394,40000000,13.675511604719999,26879546.882693324,23599854.11079885,2010430.503945868,2573759.3492604867,0.06434398373151216,2252334.139808129,132809788.86322133,-13076816.608402938,244434438.18552834,364167410.4403467,0.05418942717406678,0.9324835573896975,0.018962459693624034,0.061936509672770784,2021-09-06,2023-09-13,False,False,True,False,False,0.0,0,2,True,"['上市公司控股子公司向母公司实施利润分配的情况', '是否影响偿债能力、过去十二个月内是否使用过募集资金补充流动资金以及未来十二个月内是否计划使用募集资金补充流动资金等内容', '公司为增强投资者回报水平拟采取的措施', '充分披露高送转的主要考虑及其合理性且送转股后每股收益不低于0.5元']",曦琛科技
2023-09-30,季报,2023-10-27,无保留意见,False,756672428.5805672,187339291.19467852,569333137.3858887,0.24758308102504284,265283.35719191,32776709.92373382,81169627.0694933,0.13210262416197038,2848327.393763378,966022.0503729561,110925385.76687233,233440792.97843078,40000000,14.233328434647218,23379072.599179942,20460645.905966047,17000290.821043175,-5000677.547876261,-0.12501693869690653,-4484583.149761147,138291802.91370475,-16617463.91160803,261014746.70859504,382689085.71069175,0.0407894670452178,-0.3869689394859612,0.047736439514048316,0.039053684611731344,2021-09-06,2023-11-23,False,False,True,False,False,0.0,0,3,True,"['留存未分配利润的预计用途以及收益情况', '充分披露高送转的主要考虑及其合理性且送转股后每股收益不低于0.5元', '公司在相应期间是否按照中国证券监督管理委员会相关规定为中小股东参与现金分红决策提供了便利', '上市公司控股子公司向母公司实施利润分配的情况']",曦琛科技
2023-12-31,年报,2024-03-30,无保留意见,False,711310359.1633582,154543436.6048182,556766922.55854,0.21726583145308315,249931.29360556763,32217424.554288507,75607604.36206475,0.11368373221737378,2757716.033116843,886923.7850857485,99210538.2957124,220636673.18779084,40000000,13.9191730639635,19348115.43599116,16670462.684140267,21273653.309534445,-5758510.233126832,-0.1439627558281708,-5414547.459751112,28238887.6992263,-14116077.174660085,233839274.78786275,247962085.31242895,-0.022071813499293207,-0.06315628972171193,-0.0303172495719597,0.06314776760359382,2021-09-06,2024-05-05,False,True,True,False,True,0.0,2,9,True,"['公司为增强投资者回报水平拟采取的措施', '留存未分配利润的预计用途以及收益情况']",曦琛科技
2024-03-31,季报,2024-04-30,无保留意见,False,659321641.4809502,131864328.29619005,527457313.18476015,0.2,234060.34557211175,32237976.719047103,68948288.74084733,0.11510284482827245,2676496.7461098894,782621.3845658876,92735431.73653509,205905133.17283186,40000000,13.186432829619005,20362599.474150967,17567767.659386642,2231250.284426977,1449262.9116568677,0.036231572791421696,1281864.2503519638,20975105.728751283,-14676232.817274226,201797265.02483782,208096137.93631488,-0.05264251194933037,0.6411759734927509,-0.03539038580593003,-0.02184662866798365,2021-09-06,2024-06-07,False,False,False,False,False,0.0,0,0,False,[],曦琛科技
2024-06-30,半年报,2024-08-27,无保留意见,True,602052427.8986328,140444147.27941662,461608280.6192162,0.23327560984948492,239773.09085120886,29191066.11342518,66611948.66401389,0.10938370295847796,2497135.0527440794,806037.7218784372,97323210.22765161,195605678.19585696,40000000,11.540207015480405,29562426.94170644,25748733.119453073,53026693.07676383,13142610.667936396,0.3285652666984099,11687093.514380613,45837747.980721265,-11873890.144415423,189354014.5359306,223317872.37223643,-0.12484239182873555,0.6338111073744456,0.051400164202331816,0.21719311909722525,2021-09-06,2024-09-14,False,False,True,True,True,0.0,0,5,True,"['结合所处行业特点、发展阶段和自身经营模式、盈利水平、偿债能力、资金需求等因素，未进行现金分红或现金分红水平较低原因的说明', '公司为增强投资者回报水平拟采取的措施']",曦琛科技
2024-09-30,季报,2024-10-27,无保留意见,False,641295457.0282615,155678625.782953,485616831.2453085,0.24275647687317442,201368.95104092069,26407678.946044154,60403347.15372984,0.09141860066253077,2124158.1320178662,716716.8507851388,87620899.77119412,183724904.4311016,40000000,12.140420781132713,46081091.969798476,40088666.41789444,33309867.222806964,23598092.89727433,0.5899523224318582,20485618.997773383,57524663.16838825,-13783581.61140476,201369500.99361688,245110582.55060035,0.05201065846107975,0.34686717565773934,0.009480867023689478,-0.008620077678465033,2021-09-06,2024-12-23,False,False,False,False,False,0.0,0,0,False,[],曦琛科技
2024-12-31,年报,2025-03-30,无保留意见,True,696666264.1009992,145359606.92160907,551306657.1793902,0.20865027404360656,271536.7814282896,34956678.163288295,70226017.15012527,0.12927268577443818,2898299.5575607363,926605.1179367733,107129326.58606967,229291634.73006812,40000000,13.782666429484754,76399754.11422175,69171651.93701968,32850430.235918984,43312374.49203325,1.0828093623008312,41547122.17017891,110283414.9143578,-15277132.585828349,220077665.93044958,315083948.258979,0.13527090023965557,0.4855962481942715,-0.03410620282956786,0.05880494107268582,2021-09-06,2025-04-12,False,False,False,True,False,0.0,0,0,False,[],曦琛科技
2017-03-31,季报,2017-04-30,无保留意见,False,285391792.84464103,87236106.68653941,198155686.15810162,0.30567139235860297,17231485.24452404,20.77880161510374,2233.1673463794523,44078907.26880406,890.6038138076663,15237947.980237037,430438.62878150144,75321059.28053127,40000000,4.95389215395254,-1224962.3211458658,-1043010.0114250398,4164012.403642573,-1749946.1730655227,-0.04374865432663807,-1490014.3020357713,-20812768.45020652,7124045.932595186,-12280323.843939375,-25969046.361550707,0.10086492310056455,-0.15277478739252903,0.005671392358602972,0.10334492010168983,2021-05-21,2017-06-04,False,False,False,False,False,0.0,0,0,False,[],沅珺地产
2017-06-30,半年报,2017-08-27,无保留意见,False,305568688.3593241,91926630.74888426,213642057.61043984,0.3008378615049261,17217765.234728355,21.262176791229006,2123.0339060937117,46525833.83402382,886.9636803050932,15630017.05001141,414291.9118242098,76112826.43620059,40000000,5.341051440260996,-2090443.844456884,-1749322.1827795703,2489041.1463988353,-1236402.1761585977,-0.03091005440396494,-1009017.3876493293,-19465926.911306832,8137644.4020305965,-13823131.757765487,-25151414.26704172,0.07815254637700468,0.03367489733052004,-0.004833530853676886,-0.02650554843594261,2021-05-21,2017-09-30,False,False,False,False,False,0.0,0,0,False,[],沅珺地产
2017-09-30,季报,2017-10-27,无保留意见,False,317554464.9355829,116153598.496294,201400866.43928885,0.3657753592595721,19627106.075652324,23.52705086821787,2784.32825772682,47271132.82759433,935.7638491800375,15719727.613463653,429678.252218571,84742650.53288694,40000000,5.035021660982221,638915.7022315852,807162.9486621785,6506780.044534964,3899085.0666978136,0.09747712666744533,3652121.6163453558,-14668650.209200315,7560038.709462615,-15261044.909489421,-22369656.40922712,-0.05729766558170792,0.3257814174305642,0.06493749775464605,-0.11620974414143469,2021-05-21,2017-11-28,False,False,False,False,False,0.0,0,0,False,[],沅珺地产
2017-12-31,年报,2018-03-30,无保留意见,False,399712409.25966513,169141614.8705959,230570794.38906926,0.42315827818274326,23519064.937818475,29.891471523831243,3196.377300567317,62374784.80100132,1287.9160560647765,18948711.090215094,605585.5786454874,108615290.66282055,40000000,5.764269859726731,2320790.048969196,2291265.6329592243,10159201.606984023,2402677.6381965876,0.06006694095491469,2120146.6918529226,-49358505.998968795,11024037.658799421,-18343598.656646624,-56678066.996815994,0.14483516613158906,-0.07160157603672879,0.05738291892317114,-0.028942109291914122,2021-05-21,2018-05-19,False,False,False,False,False,0.0,0,0,False,[],沅珺地产
2018-03-31,季报,2018-04-30,非标准无保留意见,False,375089212.314638,158738991.24095345,216350221.0736846,0.4232032967874256,24332966.21730025,29.881452715582093,3129.297430128965,68897319.00536782,1282.735663903175,21603657.825060826,639922.8549984129,108772789.42239976,40000000,5.408755526842115,4425815.34676831,4179543.5914137214,10872752.715118315,3007178.9968558773,0.07517947492139693,2697539.9406492817,-21059118.714575265,9086592.969053194,-17503377.569473352,-29475903.314995423,-0.06167551858883124,0.031155563676904818,4.5018604682295834e-05,0.023413727321927796,2021-05-21,2018-06-26,False,False,False,False,False,0.0,0,0,False,[],沅珺地产
2018-06-30,半年报,2018-08-27,无保留意见,False,409827307.94906795,155698536.67381567,254128771.2752523,0.3799125476850005,24963767.34818685,34.27314455174604,3128.0882849356044,62582619.90597582,1376.5412730125518,21027153.703234013,580291.712205443,110423737.81726202,40000000,6.353219281881308,5059657.670251377,4758155.33955749,1560912.8577230524,905489.0335472375,0.022637225838680938,826588.211633956,-58870984.57526629,10549002.82992537,-17394684.005667794,-65716665.751008704,0.17461757151937968,-0.10504679163608817,-0.0432907491024251,-0.007914076357468562,2021-05-21,2018-10-15,False,False,False,False,False,0.0,0,0,False,[],沅珺地产
2018-09-30,季报,2018-10-27,无保留意见,False,440861998.3221464,179892895.54601902,260969102.77612743,0.4080480881333931,23714373.45720145,32.1684997774795,3199.088403848514,59225478.22329892,1197.188163460303,20934235.598090455,594425.3973943777,108138657.30950725,40000000,6.524227569403186,253219.21997699383,408905.64271844155,5483452.8516737735,-6866340.643249119,-0.17165851608122798,-6213213.852627213,-86370553.93635409,10722411.239057785,-19753198.680978447,-95401341.37827475,0.026916792878466368,-0.43404732829331094,0.02813554044839264,0.04386094868474772,2021-05-21,2018-11-27,False,False,False,False,False,0.0,0,0,False,[],沅珺地产
2018-12-31,年报,2019-03-30,无保留意见,False,537816239.4693258,264720794.14749077,273095445.32183504,0.4922142076049919,35624530.537059315,44.426885390555455,4405.07792445948,86560963.24991526,1898.6276449802012,30082425.172213443,855416.7293230633,150110436.5218199,40000000,6.827386133045876,-1572457.1705903418,-1083421.396489698,8135233.76771127,-2608109.129381908,-0.0652027282345477,-2131895.7702973424,-65245462.74884815,13210147.85187599,-24974852.910919365,-77010167.80789152,0.04646658327254247,0.42020669572146646,0.08416611947159877,0.058430827259761,2021-05-21,2019-04-15,False,False,False,False,False,0.0,0,0,False,[],沅珺地产
2019-03-31,季报,2019-04-30,无保留意见,False,676803523.4110184,363333851.3282691,313469672.0827493,0.53683800210895,41475231.63910845,54.58736327226218,6209.159982706209,106220530.99354173,2227.488900766799,35852467.09264417,987307.8163158745,185689983.99467736,40000000,7.836741802068732,-4370833.167846927,-3635602.521155473,3467066.4076126777,-3997679.9960808363,-0.0999419999020209,-3645973.0352368206,-40956141.33471236,16490768.88110365,-30145449.50409866,-54610821.95770737,0.14783925346442334,-0.09655234876299815,0.04462379450395819,0.05606344125911095,2021-05-21,2019-05-22,False,False,False,False,False,0.0,0,0,False,[],沅珺地产
2019-06-30,半年报,2019-08-27,无保留意见,True,768866733.4895976,429003969.7163815,339862763.7732161,0.5579692175902753,42143035.9176845,53.898510629332826,5849.797363747089,125077738.00630628,2501.9434557069035,37375842.06911663,1100426.3203876754,205931639.44371632,40000000,8.496569094330404,-4961102.2673263,-4173288.0022559525,2441672.7467757417,-843241.5706848186,-0.021081039267120464,-768122.1158578286,-84576287.24442993,19392600.575222332,-31879584.897343542,-97063271.56655115,0.08419663540369393,0.24260581376594367,0.02113121548132526,0.11219629393887498,2021-05-21,2019-09-22,False,False,False,False,False,0.0,0,0,False,[],沅珺地产
2019-09-30,季报,2019-10-27,无保留意见,False,860614891.1804951,511135810.98153543,349479080.1989597,0.5939193200345587,44802541.32246696,58.317380148625794,6117.556404950306,116288938.50846928,2325.629819223977,41223457.6454037,1115493.3921197937,206274763.82199213,40000000,8.736977004973992,-79258.13183094561,332431.4934881484,11612069.3972837,6974063.050707649,0.17435157626769124,6436742.136777287,-148162231.27470168,21796514.805999532,-34774871.558286205,-161140588.02698836,0.028294704365319574,0.483841152641645,0.03595010244428347,0.06859759318499546,2021-05-21,2019-12-12,False,False,False,False,False,0.0,0,0,False,[],沅珺地产
2019-12-31,年报,2020-03-30,无保留意见,False,699112040.7154653,372984633.8010461,326127406.91441923,0.533511958139552,33865463.31218677,52.16696440797225,5037.457183334338,98635178.28967468,2324.627274912524,33969453.5897027,992384.2036980507,173573082.0584261,40000000,8.15318517286048,9127628.051448384,8617439.201510074,24841533.325893715,13152694.547541901,0.3288173636885475,11835725.29717418,-127194283.66830201,17889216.648462206,-31592089.94376409,-140897156.9636039,-0.06681851534932028,0.2577215002632553,-0.06040736189500684,0.07614829957669132,2021-05-21,2020-05-25,False,False,False,False,False,0.0,0,0,False,[],沅珺地产
2020-03-31,季报,2020-04-30,无保留意见,False,853157841.5864983,490587629.7274117,362570211.8590865,0.5750256351335112,56591341.44007199,71.3872845558758,6343.729213542977,134910503.59003675,2667.9528161347353,43300400.60090237,1294480.3325501767,231745616.32028615,40000000,9.064255296477162,21394357.75711807,20455957.983307898,56394861.21628473,17523899.579528123,0.4380974894882031,16912169.68828261,-58697897.871380806,19837133.067003835,-41062174.97544864,-79922939.77982561,0.11174407354923828,0.14496896869678158,0.04151367699395928,-0.01459695466213705,2021-05-21,2020-06-27,False,False,False,False,False,0.0,0,0,False,[],沅珺地产
2020-06-30,半年报,2020-08-27,无保留意见,False,740903940.1167386,392992173.10105187,347911767.01568663,0.5304225714323116,46684081.48822113,58.51016327817023,6067.163451983456,130868250.34375376,2502.8841833900824,41582037.55308352,1166014.779049689,206154947.6268277,40000000,8.697794175392167,36222987.720739536,33434923.726583313,52985525.11557452,21183757.090887807,0.5295939272721952,18541379.633250587,-16583774.231172148,18981800.01988998,-31341325.131558537,-28943299.342840705,-0.04042925856550209,0.1060093893196784,-0.044603063701199666,-0.040012853174956294,2021-05-21,2020-09-27,False,False,False,False,False,0.0,0,0,False,[],沅珺地产
2020-09-30,季报,2020-10-27,非标准无保留意见,False,721699298.8321633,369921052.8057098,351778246.0264536,0.512569505615853,40586818.64361984,50.03535166875577,5489.32011428518,107932529.30702016,2088.771864816025,36165527.404251136,940519.1891539063,191366347.01845667,40000000,8.79445615066134,48137743.862217814,44158778.07014728,10105567.937070535,17021080.20211184,0.425527005052796,15319791.919377102,-47512450.44510561,16662785.644766627,-34961017.00238401,-65810681.80272299,0.011113389592806383,-0.10901695395944543,-0.017853065816458506,0.011679133950259041,2021-05-21,2020-12-03,False,False,False,False,False,0.0,0,0,False,[],沅珺地产
2020-12-31,年报,2021-03-30,无保留意见,False,760125362.7630355,368274173.7255873,391851189.0374483,0.48449136388097935,50364368.17588039,58.28245046452548,6538.688440916299,120683827.53692664,2545.514257275643,37259489.720337085,1254541.8022130318,212804654.16311178,40000000,9.796279725936207,74483926.02477515,65517473.12078401,122577669.76757295,37637403.08936762,0.9409350772341906,30512421.500909604,-67797397.704029,19077969.13871827,-33249132.65672327,-81968561.22203399,0.11391535282139413,0.6059867224902529,-0.0280781417348737,0.16581030557760099,2021-05-21,2021-05-16,False,False,False,False,False,0.0,0,0,False,[],沅珺地产
2021-03-31,季报,2021-04-30,无保留意见,False,889781327.5702426,476868816.62671983,412912510.94352275,0.5359393390833705,53424098.89817873,72.11638683197003,7292.587925863088,145451823.77804926,2852.7812739871774,50434715.38003405,1349738.7105591693,240581519.71765643,40000000,10.322812773588069,69596363.38609476,61037433.08212841,34149365.2967511,-6982232.340971993,-0.17455580852429983,-6400057.198079423,-140696377.52804723,22738710.12956233,-39224691.30687743,-157182358.70536232,0.053748265911378205,-0.8166500036130477,0.05144797520239119,0.012015354816970202,2021-05-21,2021-05-31,False,False,False,False,False,0.0,0,0,False,[],沅珺地产
2021-06-30,半年报,2021-08-27,无保留意见,False,957618562.7561932,552967652.7711315,404650909.9850617,0.5774404071487442,61002950.669966415,78.8505741049255,8434.463512844655,165680596.01491058,3104.647537431656,54549519.15078319,1508228.784942626,268208574.62445277,40000000,10.116272749626543,64634577.14042812,56647740.09052586,11080904.44390704,-7088266.065238057,-0.17720665163095142,-6270989.9880036535,-29991783.425043143,24496518.298471574,-43847886.49370678,-49343151.62027834,-0.02000811488996272,-0.010584566130409824,0.04150106806537361,0.08885796292904091,2021-05-21,2021-10-12,False,False,False,True,True,0.0,0,0,False,[],沅珺地产
2021-09-30,季报,2021-10-27,无保留意见,False,986576317.249845,529441566.28260046,457134750.9672446,0.5366453228458374,63015791.725582555,82.58074669716122,8116.998688133368,167909228.55240548,3164.5568788152773,58406072.03370041,1665572.0116888047,280821687.02418685,40000000,11.428368774181116,58225409.77201096,50701179.518613525,31271408.107328948,-9155953.383453079,-0.22889883458632695,-8495086.531303328,-173061674.83062038,25910383.999445286,-43396344.89479167,-190547635.72596675,0.1297015271363663,-0.20861005065555008,-0.04079508430290667,0.058623323046659924,2021-05-21,2021-11-18,False,False,False,True,False,0.0,0,0,False,[],沅珺地产
2021-12-31,年报,2022-03-30,无保留意见,False,1042124971.1427777,607891737.2155892,434233233.92718846,0.583319423340355,64720428.95704438,82.99144889509734,8444.864556824305,159660946.7471978,3562.024151069681,47663899.68653878,1531666.8776512656,283443295.78455025,40000000,10.85583084817971,50715142.70961757,44286568.67455997,19927212.15954404,-10728952.946276274,-0.26822382365690683,-9163729.777219353,-128286610.04060812,26357082.61832178,-46943172.49504361,-148872699.91732997,-0.050097956875077135,-0.2005341936016763,0.04667410049451754,0.03502619782626834,2021-05-21,2022-04-27,False,False,True,True,False,0.0,0,2,True,"['结合前述财务报表列报项目的具体情况说明现金分红方案确定的依据及未来增强投资者回报的规划', '充分披露高送转的主要考虑及其合理性且送转股后每股收益不低于0.5元', '根据公司盈利能力、融资能力及其成本、偿债能力及现金流等情况披露现金分红方案的合理性，是否导致公司营运资金不足或者影响公司正常生产经营']",沅珺地产
2022-03-31,季报,2022-04-30,无保留意见,False,1514183826.7747657,1052071479.2406125,462112347.53415316,0.69481093420575,92097646.57482779,115.91218566252695,12436.9170489455,256656523.12463802,5040.195582497837,85746385.98300177,2369684.160836587,411819050.60615635,40000000,11.55280868835383,43523473.81790553,37903365.14625063,46460930.14546277,-10273812.702445766,-0.25684531756114415,-9118862.183299074,-119086744.28209539,39198450.84899942,-64500976.86031987,-144389270.29341584,0.06420308587352257,0.0725780304200153,0.11149151086539504,-0.11025217623054075,2021-05-21,2022-06-22,False,False,False,False,False,0.0,0,0,False,[],沅珺地产
2022-06-30,半年报,2022-08-27,无保留意见,False,1476050651.9053993,993217711.348067,482832940.5573322,0.6728886370301355,94148332.93414253,125.29022939849017,11536.030541042168,242762917.98741966,4499.776240292443,71743926.33947381,2235733.004289521,393445838.96460825,40000000,12.070823513933306,37480690.558902286,32414492.524574112,27848178.732601784,-8632547.512861779,-0.21581368782154448,-7841246.602395023,-176576251.82338375,37402227.57963438,-67890614.13838656,-207064638.38213593,0.04483886469111866,0.24401122314580534,-0.02192229717561465,0.031644959751248064,2021-05-21,2022-10-24,False,False,True,False,False,0.0,0,0,True,"['充分披露高送转的主要考虑及其合理性且送转股后每股收益不低于0.5元', '是否影响偿债能力、过去十二个月内是否使用过募集资金补充流动资金以及未来十二个月内是否计划使用募集资金补充流动资金等内容', '结合前述财务报表列报项目的具体情况说明现金分红方案确定的依据及未来增强投资者回报的规划']",沅珺地产
2022-09-30,季报,2022-10-27,无保留意见,False,1560279271.3013318,1037059051.7376626,523220219.56366915,0.66466245550562,84481035.87469114,113.59536259125656,11434.275620689454,226160434.63553855,4355.358815383397,76410268.56373416,2179663.1299503096,397874642.45326304,40000000,13.08050548909173,34861784.30416643,30113517.184826683,17551521.273035448,-3741294.6496226527,-0.09353236624056632,-3287107.6282106093,-42054117.529730976,39240581.694279596,-68548435.58509947,-71361971.42055085,0.08364648642182106,0.5845569927953064,-0.008226181524515465,-0.018292236790458195,2021-05-21,2022-11-28,False,False,False,False,True,0.0,0,0,False,[],沅珺地产
2022-12-31,年报,2023-03-30,保留意见,False,1457906344.7018373,872265299.4987622,585641045.203075,0.5982999543617138,81246474.27105787,116.72775924068874,11316.305784562734,212007477.5628237,4681.296638785332,74794744.21354344,2031420.5037411058,387473843.63183844,40000000,14.641026130076876,38581201.93784599,33541154.17583174,0.0,5313453.762399375,0.13283634405998437,4896624.272864368,-177675214.8544731,37160593.97031546,-65145892.37677923,-205660513.2609369,0.11930124889183502,0.6829285494125812,-0.06636250114390604,0.02029823782672408,2021-05-21,2023-05-15,True,False,False,False,False,1616241.0286664616,0,0,True,"['根据公司盈利能力、融资能力及其成本、偿债能力及现金流等情况披露现金分红方案的合理性，是否导致公司营运资金不足或者影响公司正常生产经营', '上市公司控股子公司向母公司实施利润分配的情况', '公司为增强投资者回报水平拟采取的措施', '充分披露高送转的主要考虑及其合理性且送转股后每股收益不低于0.5元']",沅珺地产
2023-03-31,季报,2023-04-30,无保留意见,False,1936011361.9145906,1391840771.3532512,544170590.5613394,0.7189217990832504,108419275.84843859,138.77741514489645,12474.217490862013,266841840.71732357,5726.1572712702,86628658.91109878,2783453.1565713254,481568426.4775276,40000000,13.604264764033484,38777820.1933493,33717969.95178403,599883.9255828932,280883.2221475877,0.007022080553689692,252593.9656461235,-271714403.5612967,49897746.422584936,-80129447.31409326,-301946104.45280504,-0.07081206992135514,-0.2255397391116666,0.12062184472153656,0.011144726696114816,2021-05-21,2023-06-25,False,False,True,True,False,0.0,0,6,True,['公司为增强投资者回报水平拟采取的措施'],沅珺地产
2023-06-30,半年报,2023-08-27,无保留意见,False,2346028361.9585896,1771758328.5373363,574270033.421253,0.7552160737980926,142923612.77394664,197.20948345773746,20515.259088547802,418556318.1997793,9071.150391730624,133243514.80848783,3834934.9404009236,680734860.0581963,40000000,14.356750835531324,43071256.56426345,37628706.17781667,0.0,6133480.529877357,0.15333701324693394,5586766.037189494,-395582012.5290083,58647378.09340225,-105110819.57105497,-442045454.00666106,0.055312512991311534,0.33867466335452945,0.03629427471484219,0.0723313399693922,2021-05-21,2023-10-19,False,False,True,False,False,0.0,0,2,True,"['留存未分配利润的预计用途以及收益情况', '是否影响偿债能力、过去十二个月内是否使用过募集资金补充流动资金以及未来十二个月内是否计划使用募集资金补充流动资金等内容']",沅珺地产
2023-09-30,季报,2023-10-27,无保留意见,False,2001889717.6086245,1331511593.1613119,670378124.4473127,0.6651273451525996,107211308.46230097,139.38988222111158,15705.138341231077,308788139.6949194,6122.665871948626,92913795.12219724,2743444.334257834,503504199.5075804,40000000,16.759453111182818,50035815.69962887,44483827.88632706,21162614.323644243,9949370.193379175,0.24873425483447936,9793031.012157703,-369481255.4963503,50930153.131007165,-84094110.0488743,-402645212.4142174,0.16735696698901245,0.16495095316822395,-0.09008872864549297,0.035936739212701185,2021-05-21,2023-11-12,False,False,False,False,False,0.0,0,0,False,[],沅珺地产
2023-12-31,年报,2024-03-30,无保留意见,False,1756341193.7195158,1169110547.9947681,587230645.7247478,0.6656511571757125,110492605.7625967,128.39884583698858,14966.673460075386,275187248.4296804,6195.272434317169,91122427.96733843,2516404.0673789727,476304366.8773366,40000000,14.680766143118694,53384225.48971365,47382802.97060637,12983299.435031924,4783442.557263974,0.11958606393159935,4141392.9775418686,-349260301.8297382,41983238.009046346,-81339052.95346512,-388616116.7741569,-0.12403071593530167,-0.1916901062639434,0.0005238120231128467,-0.018233201708850927,2021-05-21,2024-05-19,False,False,False,True,False,0.0,0,0,False,[],沅珺地产
2024-03-31,季报,2024-04-30,无保留意见,False,1741777363.046,1111923847.1735504,629853515.8724498,0.6383846011346885,110032413.34199946,152.3416711413281,13365.684378694932,286063554.49730986,5405.995525982293,99697230.52152918,2557610.853224866,489305887.8924842,40000000,15.746337896811244,52142336.94013294,46248862.050011724,4500353.868060691,-1774126.4994010255,-0.04435316248502564,-1619915.6008494974,-24677617.55777234,46162700.53596172,-69903559.81855278,-48418476.8403634,0.07258284365438356,-0.3010345605120295,-0.027266556041024063,0.09376646061014354,2021-05-21,2024-05-12,False,True,True,False,True,0.0,2,7,True,"['留存未分配利润的预计用途以及收益情况', '根据公司盈利能力、融资能力及其成本、偿债能力及现金流等情况披露现金分红方案的合理性，是否导致公司营运资金不足或者影响公司正常生产经营', '结合所处行业特点、发展阶段和自身经营模式、盈利水平、偿债能力、资金需求等因素，未进行现金分红或现金分红水平较低原因的说明']",沅珺地产
2024-06-30,半年报,2024-08-27,无保留意见,False,1833193497.179532,1157307313.8175416,675886183.3619905,0.6313066872635769,107997089.79013579,150.47408040711494,13500.254796316449,335962744.83154047,6041.30375800237,98002644.51529914,2552759.320707293,494589861.48906326,40000000,16.897154584049762,45839310.02751393,40430630.2025245,20613834.743925933,-9004324.160884297,-0.2251081040221074,-8311759.7821246125,-341386399.24673486,47088204.10248395,-87768828.81598166,-382067023.9602326,0.07308471943000566,-0.47486258579508367,-0.007077913871111586,-0.2020835724550573,2021-05-21,2024-10-15,False,False,False,False,False,0.0,0,0,False,[],沅珺地产
2024-09-30,季报,2024-10-27,无保留意见,False,1842684240.7165544,1205273457.0468972,637410783.6696572,0.6540857247350252,104025209.09133634,146.86146786448919,14461.879720391647,290139052.3907426,6012.914210115399,96215596.70291646,2599179.1426487644,489045694.3139351,40000000,15.93526959174143,37899031.17097187,33093088.047024027,9435790.405445032,-11343255.509345789,-0.2835813877336447,-10482203.07928639,-28655613.390892297,45774179.619804524,-88966018.65498923,-71847452.42607701,-0.05692585621583364,-0.29252453395111244,0.022779037471448334,0.0832656036304274,2021-05-21,2024-11-11,False,False,False,False,True,0.0,0,0,False,[],沅珺地产
2024-12-31,年报,2025-03-30,无保留意见,False,2157683759.763733,1545127887.3459089,612555872.4178241,0.7161048881023699,118556948.63331495,150.7440153590862,16334.623355625312,307135690.39994925,5949.703531236873,99555030.60662027,2789315.778403187,544890025.1233984,40000000,15.313896810445604,29838617.892215304,25903603.286881022,35953727.11820433,-11514876.112509388,-0.2878719028127347,-10270692.51449001,-160813625.66774577,52853549.091949366,-100094157.12925924,-208054233.70505565,-0.03899355311929305,-0.030339111735936432,0.06201916336734478,-0.16310912772282124,2021-05-21,2025-05-12,False,False,False,False,True,0.0,0,0,False,[],沅珺地产
2017-03-31,季报,2017-04-30,无保留意见,False,257505177.85392404,71633203.3475606,185871974.50636342,0.27818160374311485,10622322.373772874,5.350466263365755,818234.1304265428,1258171.1494385428,16854664.54839366,304776.76806622156,21695646.53864212,51990532.64232339,40000000,4.6467993626590856,-3897867.0329589266,-3714908.7495285496,25015036.2207488,-5568381.47565561,-0.13920953689139023,-5307012.4993265,41408485.52546246,-39655782.99859173,-23733289.310536224,-21980586.78366549,0.032622080590907855,-0.36491008198086716,-0.021818396256885145,-0.10076664353779814,2021-07-01,2017-06-10,False,False,False,False,False,0.0,0,0,False,[],颢瑗集团
2017-06-30,半年报,2017-08-27,无保留意见,False,318882863.0988192,109506406.17063162,209376456.92818758,0.3434063690550109,13805828.943093479,7.30610996929738,859493.5351881223,1357546.5796650406,20605146.07906968,338191.1993369978,23863486.343202464,60600535.29056801,40000000,5.23441142320469,-5668155.385397637,-5280807.068997337,7374190.340831232,-2528983.360626729,-0.06322458401566823,-2236997.5992411245,55746683.65563496,-44883527.92662148,-28161333.519697946,-17298177.790684465,0.1264552253466241,0.2658764468527601,0.06522476531189603,0.14436352797361018,2021-07-01,2017-10-16,False,False,False,False,False,0.0,0,0,False,[],颢瑗集团
2017-09-30,季报,2017-10-27,无保留意见,False,370400206.5405492,150031916.5169464,220368290.0236028,0.4050535444302507,16045322.112088434,8.362314958606346,1153766.6198377036,1718674.6667501268,26516584.38179647,458161.69009846455,28420359.172993653,77673471.62652166,40000000,5.50920725059007,-11190212.504676703,-10170573.500648502,11265443.332230918,-7888653.027541524,-0.19721632568853809,-6985380.616644523,60606333.916972764,-50995607.99608595,-33650441.26011262,-24039715.339225806,0.05249794201639976,-0.3703727112255548,0.061647175375239845,0.014970133302600129,2021-07-01,2017-12-05,False,False,False,False,False,0.0,0,0,False,[],颢瑗集团
2017-12-31,年报,2018-03-30,无保留意见,False,462610659.02301913,226277859.15767667,236332799.86534247,0.48913239404286457,19322824.908592924,11.02871666056446,1490861.0502732298,2060108.48397165,34981110.23250171,609302.8733234802,36378046.09304474,97689086.16507776,40000000,5.908319996633562,-18029662.745763227,-16533086.24341319,24275090.26354643,-9770643.201552177,-0.24426608003880443,-9089303.918235267,78277302.4560648,-68693317.2790443,-42957613.77633514,-33373628.599314637,0.07244467813418057,-0.20655455002421486,0.08407884961261383,0.036870631310399256,2021-07-01,2018-05-11,False,False,False,False,False,0.0,0,0,False,[],颢瑗集团
2018-03-31,季报,2018-04-30,无保留意见,False,452928791.3962611,254011245.50635254,198917545.88990858,0.5608193833809996,22559230.256482895,10.110455624479805,1531522.5911325614,2212512.9151721504,34973234.740464866,551419.1298496722,35032203.94244841,94906548.21339753,40000000,4.972938647247714,-24737112.278065372,-22685871.264179,46353680.01428221,-9582070.76043164,-0.239551769010791,-8789692.886808299,88556444.52873504,-63195040.64163981,-37281607.60537313,-11920203.718277894,-0.15831595951451638,0.0260842625945676,0.07168698933813511,0.0073620435968720106,2021-07-01,2018-06-22,False,False,False,False,False,0.0,0,0,False,[],颢瑗集团
2018-06-30,半年报,2018-08-27,无保留意见,False,611491630.5880098,413987152.2076657,197504478.38034418,0.677011967947257,27393615.110267017,14.397264542731131,1984635.9466983546,2833536.289180165,45259177.22031803,754556.3677540444,44928442.835660055,126905891.00079006,40000000,4.9376119595086045,-31737489.746375766,-29225047.065586437,48576830.94627333,-10000539.24044342,-0.2500134810110855,-9341679.716296336,32142487.35822609,-87962560.52942702,-54703679.45466018,-110523752.62586111,-0.007103785155013349,-0.05641311294526852,0.11619258456625738,0.05042758148961987,2021-07-01,2018-09-25,False,False,False,False,False,0.0,0,0,False,[],颢瑗集团
2018-09-30,季报,2018-10-27,无保留意见,False,739146470.2869785,532930217.51919967,206216252.76777884,0.7210075931395383,33541783.552988008,16.33995048384411,2398450.902202176,3555176.7527871975,53431822.659905575,911517.380035495,56281505.15696497,149388582.02356705,40000000,5.155406319194471,-37798429.99932564,-34339981.25975241,17111839.2600324,-8658486.075642677,-0.21646215189106693,-7307048.848808535,89976397.55146697,-98932015.19363064,-65231574.661037296,-74187192.30320096,0.04410924987056721,0.19173665099392065,0.04399562519228132,-0.01990429837587583,2021-07-01,2018-12-10,False,False,False,False,False,0.0,0,0,False,[],颢瑗集团
2018-12-31,年报,2019-03-30,无保留意见,False,1021076590.3275021,796987187.9498322,224089402.37766993,0.7805361473366116,44004321.140484825,24.997278865045814,3345280.451484858,5190893.018675383,74698003.75394113,1327222.5749734382,83186820.60815188,215475827.70600915,40000000,5.602235059441748,-41728134.12618556,-38030047.46874322,24493984.01576292,-5613863.038371306,-0.14034657595928265,-5271523.155701163,195838357.54474065,-152982459.12560385,-96808270.37681788,-53952371.95768109,0.0866718765858778,0.3649964580627308,0.05952855419707324,-0.03385620780390326,2021-07-01,2019-04-10,False,False,False,False,False,0.0,0,0,False,[],颢瑗集团
2019-03-31,季报,2019-04-30,无保留意见,False,879808749.5403852,655300916.6992812,224507832.8411041,0.7448220048295864,38982300.466059305,18.481110841500154,2544179.831666343,3931575.4406716204,54254964.418231525,1124491.8742173703,69543148.63944416,173443719.86379424,40000000,5.612695821027602,-43559864.3835685,-39783774.305069484,7626649.436127168,-2616757.510547068,-0.0654189377636767,-2505324.051894661,70253973.22253656,-124040420.87791926,-81841125.72400826,-135627573.37939095,0.0018672478885411762,0.2632240889007826,-0.03571414250702514,0.08708977292185657,2021-07-01,2019-05-30,False,False,False,False,False,0.0,0,0,False,[],颢瑗集团
2019-06-30,半年报,2019-08-27,无保留意见,False,1094594004.7474597,833276507.1158464,261317497.63161325,0.7612653673432979,47341831.06808183,23.298500657848162,3147535.6678191246,4411221.771814037,70779527.90981945,1156696.2548091481,77902639.64652918,205096863.45877454,40000000,6.532937440790332,-40007886.846775666,-36524909.3754598,21630051.314378947,5074253.623989768,0.1268563405997442,4655521.3280138355,114411994.35891668,-159882009.86317086,-97793816.77237758,-143263832.27663177,0.16395715162669308,0.5347202579791425,0.01644336251371146,0.057058039400824476,2021-07-01,2019-09-09,False,False,False,False,False,0.0,0,0,False,[],颢瑗集团
2019-09-30,季报,2019-10-27,无保留意见,False,1257026254.21471,994356153.3665968,262670100.84811315,0.7910384926588439,56494150.56824983,26.458306502988584,3842673.5024229875,5376205.682284746,87515976.62501763,1409515.871325969,82106576.97832005,249971182.19147697,40000000,6.566752521202829,-30466348.04467873,-28195510.8976941,39619183.41832898,13630769.717281342,0.34076924293203353,11899140.682522435,170197336.67987975,-180349444.09904233,-118059570.86759192,-128211678.28675449,0.005176091263535252,0.3876242539857635,0.02977312531554597,0.07269223500135918,2021-07-01,2019-12-07,False,False,False,False,False,0.0,0,0,False,[],颢瑗集团
2019-12-31,年报,2020-03-30,无保留意见,False,2330767407.6310606,2097690666.8679545,233076740.76310602,0.9,99057286.55659309,46.79185458968278,6672069.103049923,9911564.139064383,152318638.36094195,2475008.950923937,153765706.75695866,442782700.9829117,40000000,5.82691851907765,-18761392.162379865,-17486502.594240163,78734021.82799797,16721365.546141237,0.41803413865353095,15298583.290648485,313083918.406138,-292964225.9019409,-211012405.28746504,-190892712.78326792,-0.11266360346859292,0.10089840566808334,0.11846333213994964,0.05332466212107087,2021-07-01,2020-04-16,False,False,False,False,False,0.0,0,0,False,[],颢瑗集团
2020-03-31,季报,2020-04-30,无保留意见,False,2235220915.3079834,2011698823.777185,223522091.53079826,0.9,110828507.1658909,49.53029483501074,7367787.864397291,11237388.620925654,183747928.60544103,2954901.450116411,192593166.6333351,502606588.46067625,40000000,5.588052288269957,-9837758.59262563,-9021395.957412332,32374077.137314297,12748047.956791766,0.31870119891979415,12093009.481182614,356749807.291097,-320428524.0287398,-209303679.95475897,-172982396.6924018,-0.04099357662641625,-0.11782789709131869,0.006539769769154846,0.11472685669833144,2021-07-01,2020-05-30,False,False,False,False,False,0.0,0,0,False,[],颢瑗集团
2020-06-30,半年报,2020-08-27,保留意见,False,1405323561.7205148,1176410617.0303066,228912944.6902081,0.837110149629916,59963047.240579784,29.39749730261054,4245884.304163166,6244079.967458788,95508797.8796832,1707151.0372816005,114348731.08356033,277359499.2331864,40000000,5.7228236172552025,-336878.6466271277,-355448.5077720882,48518286.662130795,13572685.637140717,0.33931714092851795,12379924.928057492,123177442.96690993,-199708475.51325613,-120882339.92869562,-197413372.4750418,0.02411776447907431,0.027720732518204824,-0.0789314449380324,0.006183484700032332,2021-07-01,2020-09-23,False,False,False,False,False,0.0,0,0,False,[],颢瑗集团
2020-09-30,季报,2020-10-27,无保留意见,False,1290478674.3687344,1087281512.7205286,203197161.6482058,0.8425412479229042,53970595.913060784,31.920049793946827,4323242.658286016,6467374.7761149155,88457639.56666411,1664320.817297204,111833686.5937517,272300133.46475035,40000000,5.079929041205145,22864815.124933384,19463454.587119088,142316343.17587256,33145276.81651502,0.8286319204128755,28312718.706987396,214651731.4522877,-186646577.39371228,-128997331.98355453,-100992177.9249791,-0.11233870184494771,0.6401986208106254,0.00543109829298824,-0.02336063613553468,2021-07-01,2020-12-23,False,False,False,False,False,0.0,0,0,False,[],颢瑗集团
2020-12-31,年报,2021-03-30,无保留意见,False,1621657220.9618247,1423071952.3020988,198585268.659726,0.8775417726429617,77607700.89990667,35.72361689297649,5534323.9901403915,7405002.361857445,111427205.32597117,2193902.1587842247,118497026.5802909,336696344.5454741,40000000,4.96463171649315,42676438.913349405,38197474.71640561,91990118.51921283,28302319.697737165,0.7075579924434291,26762885.898980748,55668175.91081126,-231376963.39845315,-143412175.88176116,-319120963.369403,-0.022696640794935573,-0.09657852994806591,0.035000524720057415,-0.002526337437023611,2021-07-01,2021-04-23,False,False,False,False,False,0.0,0,0,False,[],颢瑗集团
2021-03-31,季报,2021-04-30,无保留意见,False,2001316454.0531425,1790663150.0397842,210653304.0133583,0.8947426312381856,86332240.80333814,45.91133291825227,7071320.192840595,9352236.87803075,164995543.77999803,2718368.815755667,164067861.4152274,439027510.4480685,40000000,5.266332600333957,64192187.063566275,58191744.58573022,66722946.265770815,30736783.0717384,0.76841957679346,28563242.670463733,240556687.4074189,-284678282.43435776,-181917226.92951715,-226038821.956456,0.060770043191425184,0.05373816153884136,0.01720085859522396,-0.010727286508926756,2021-07-01,2021-05-25,False,False,False,False,False,0.0,0,0,False,[],颢瑗集团
2021-06-30,半年报,2021-08-27,无保留意见,False,2085501473.387596,1845446775.2814262,240054698.10616964,0.884893537036809,94481886.2173292,46.29357716678339,6543411.008535977,10451733.244296577,146845827.4285745,2459864.279854616,152485581.22354788,439261809.17107046,40000000,6.001367452654241,78289196.60471906,71284605.34006867,38441801.22934114,20138585.0587897,0.5034646264697425,18704086.79191208,155596657.7344331,-296984894.0308803,-203430272.80762795,-344818509.1040751,0.13957243267804106,-0.22201324284926832,-0.009849094201376689,0.06656176392818595,2021-07-01,2021-10-21,True,False,False,False,True,3979636.050933712,0,0,True,['是否影响偿债能力、过去十二个月内是否使用过募集资金补充流动资金以及未来十二个月内是否计划使用募集资金补充流动资金等内容'],颢瑗集团
2021-09-30,季报,2021-10-27,无保留意见,True,2708563902.5303516,2437707512.2773166,270856390.2530351,0.9,129569484.89219576,64.19146244772881,9347544.79377393,13254204.032016527,203882462.75603724,3491858.4114376944,205275405.86535,574312644.9905877,40000000,6.771409756325879,101632972.84785764,93451436.09045257,24579454.597840197,33348251.77591224,0.833706294397806,31666901.07197699,453907538.74905896,-370790523.5500623,-253876674.1122155,-170759658.91321883,0.12831114071028388,0.3556857832955099,0.040498381890542105,0.08791090904062378,2021-07-01,2021-11-28,False,False,False,False,False,0.0,0,0,False,[],颢瑗集团
2021-12-31,年报,2022-03-30,无保留意见,False,2449526014.3495874,2204573412.914629,244952601.4349587,0.9,103751421.53037421,44.988550188152374,7354109.365424246,10519123.2125916,152392753.82000735,2663753.3538870006,168524335.31878677,448336480.3416302,40000000,6.123815035873967,115922204.52671342,106199529.94834411,11029058.799761543,20413188.112651125,0.5103297028162781,18211562.65413079,210879829.09461218,-351725905.246682,-224427074.15404153,-365273150.30611134,-0.0956366168576528,-0.25691187294510076,0.007952003985179559,0.004351708645377739,2021-07-01,2022-04-27,True,False,False,False,False,23305633.04201849,0,0,True,"['充分披露高送转的主要考虑及其合理性且送转股后每股收益不低于0.5元', '是否影响偿债能力、过去十二个月内是否使用过募集资金补充流动资金以及未来十二个月内是否计划使用募集资金补充流动资金等内容']",颢瑗集团
2022-03-31,季报,2022-04-30,无保留意见,False,2848416634.235687,2563574970.812118,284841663.4235686,0.9,113779791.54781353,61.752728814729586,8272533.7499338435,12241396.371774442,197420044.32388088,3261652.845636665,230510013.1228294,566551468.9284426,40000000,7.121041585589215,134091261.04725467,121947409.60333411,25673192.484127916,25955795.029344656,0.6488948757336164,22496970.935700003,484109244.7465923,-428645377.21941257,-255331312.75592032,-199867445.2287406,0.1628440022883428,0.14814580623294493,0.022698765288156408,-0.04527510960098321,2021-07-01,2022-06-16,False,False,False,False,False,0.0,0,0,False,[],颢瑗集团
2022-06-30,半年报,2022-08-27,无保留意见,False,2527091273.338675,2274382146.0048075,252709127.3338674,0.9,112649415.61722733,58.356006994957646,7483875.086005662,9872384.161018217,175514232.66787916,2908974.381985807,198496529.7487615,495306555.6171299,40000000,6.317728183346685,167271530.1494061,154267354.33228186,47078047.96511241,47400384.431644924,1.185009610791123,46171349.612782516,246144694.42395377,-335406680.1345845,-221514590.63909966,-310776576.3497304,-0.11280841329001479,0.49922459560230925,-0.021255035601112627,0.08892401757484475,2021-07-01,2022-09-20,False,False,False,False,False,0.0,0,0,False,[],颢瑗集团
2022-09-30,季报,2022-10-27,无保留意见,True,2958166866.56559,2662350179.909031,295816686.65655893,0.9,127746966.77718025,73.39354846185167,9900008.873954652,14797868.746048605,231931672.9657855,3639320.9091332415,239010047.7090976,639730943.987242,40000000,7.395417166413973,190261098.8376713,175576494.6394878,66543985.61063092,32842240.983235963,0.8210560245808991,30441629.010294214,474642122.94746256,-431697812.22277343,-250033740.07834968,-207089429.35366055,0.17058172681566758,-0.22605677864952944,0.04102040386186465,0.0792138787405104,2021-07-01,2022-12-25,False,False,False,False,False,0.0,0,0,False,[],颢瑗集团
2022-12-31,年报,2023-03-30,无保留意见,False,3226733090.200665,2904059781.1805987,322673309.02006644,0.9,131692574.25082424,64.43131932743361,9603317.152306892,13179448.352005035,233529385.27586898,3302659.845539304,215530614.68947574,602600438.3589921,40000000,8.06683272550166,204920892.1212351,188967405.02911898,100120885.4795199,20942561.833662547,0.5235640458415637,19129871.98518744,622789983.1903331,-448980306.17574537,-317351565.4362695,-143541888.42168176,0.09078805751985146,-0.23874687242846424,-0.004766974784064483,-0.016479195162439793,2021-07-01,2023-04-13,False,False,False,False,True,0.0,0,0,False,[],颢瑗集团
2023-03-31,季报,2023-04-30,无保留意见,False,3058307443.3361893,2730288047.6743155,328019395.66187394,0.8927447937333435,141389046.71709314,64.45675206074624,11587570.248769978,15099991.631380722,240628590.59931302,3906225.691311145,229765741.97290352,646338755.2136488,40000000,8.200484891546848,215156509.0291152,198248024.74768788,57148620.126603864,14622309.868400142,0.3655577467100035,13258028.169384113,567851868.1338247,-430561303.89453435,-279049639.8460381,-141759075.60674775,0.016568109268297257,-0.1665742021577229,-0.07829628794403107,0.09305441570663225,2021-07-01,2023-06-02,False,False,False,False,True,0.0,0,0,False,[],颢瑗集团
2023-06-30,半年报,2023-08-27,无保留意见,False,3943874107.2237835,3549486696.5014052,394387410.7223783,0.9,182302843.3257999,97.76184412338279,12916157.584188623,17186810.57944056,312189329.1381357,4518809.363061023,326181217.8302649,816793235.8511328,40000000,9.859685268059458,219750671.1115072,202410402.1814167,32628749.059656285,6563088.68913142,0.1640772172282855,5946253.476755428,444305366.65053433,-509797072.40973085,-351677402.9389542,-417169108.6981507,0.20232954495446137,-0.25485871249785647,0.01778450942765312,-0.011278100820002595,2021-07-01,2023-09-11,False,False,False,False,False,0.0,0,0,False,[],颢瑗集团
2023-09-30,季报,2023-10-27,无保留意见,False,4048171046.0266576,3602363048.010717,445807998.0159407,0.8898742190121862,183925960.44948158,93.3112684726562,11461734.185148668,16608613.552505206,297282579.3859572,4752038.887089535,315867127.13802004,814245429.2473279,40000000,11.145199950398519,223982044.54261893,206190642.3641268,16683954.518246949,6044819.187302481,0.15112047968256204,5400343.118157327,753861308.2105591,-597690556.0234084,-356638077.3962037,-200467325.20905298,0.13038090439899708,-0.02199497309824211,-0.020655084148810232,-0.028666663740582393,2021-07-01,2023-12-09,False,False,False,False,False,0.0,0,0,False,[],颢瑗集团
2023-12-31,年报,2024-03-30,非标准无保留意见,False,4440468169.821659,3996421352.8394933,444046816.9821658,0.9,205905716.01117215,100.52831520326683,12950283.550771948,21018275.80602443,348342026.1912944,5092270.50043185,360074773.7295346,927424499.9343125,40000000,11.101170424554144,232092221.40628034,213491412.10925004,24769997.6585283,11585966.948087674,0.28964917370219184,10429671.064461758,581362564.4411377,-675614825.939249,-396742751.951712,-490995013.4498234,-0.003950537095819211,0.24045091071221442,0.04122173002628694,0.06970126992608217,2021-07-01,2024-05-17,True,False,False,True,False,6972027.001679724,0,0,True,"['是否影响偿债能力、过去十二个月内是否使用过募集资金补充流动资金以及未来十二个月内是否计划使用募集资金补充流动资金等内容', '结合前述财务报表列报项目的具体情况说明现金分红方案确定的依据及未来增强投资者回报的规划']",颢瑗集团
2024-03-31,季报,2024-04-30,无保留意见,False,3432814317.9586244,2918622354.6739974,514191963.2846268,0.8502127072254817,134299831.55425736,78.43070106082727,10864762.150450405,16269651.666423647,280067804.55050284,4316376.3831579825,263181203.04678,705057008.2162699,40000000,12.854799082115669,248834738.7147746,228742598.25854096,47669350.675282225,23917881.869277522,0.5979470467319381,21787408.78470129,481389606.8806147,-458404144.10479975,-300735429.107709,-277749966.33189404,0.15796790703102395,0.43139750856022085,-0.08088324181299153,0.07815998041588351,2021-07-01,2024-06-24,False,False,False,False,True,0.0,0,0,False,[],颢瑗集团
2024-06-30,半年报,2024-08-27,无保留意见,False,4088092551.5091496,3552557085.136126,535535466.3730235,0.8690011393760333,189114138.49349895,101.29376683535689,13192389.129700122,20318718.097512625,351761156.14387214,5112004.97820323,357974354.8678958,925293590.7911417,40000000,13.388386659325588,269252631.5061403,247732872.42248282,25988521.738306012,29168418.273379564,0.7292104568344892,27128963.09134555,261644947.07912782,-585923002.874201,-338173836.6055009,-662451892.4005742,0.04150882279850455,0.12831887097372754,0.018788432150551544,-0.0866297140734919,2021-07-01,2024-10-24,False,False,False,False,True,0.0,0,0,False,[],颢瑗集团
2024-09-30,季报,2024-10-27,无保留意见,False,5578422610.411169,5020580349.370052,557842261.0411168,0.9,233395941.5274675,116.73110167854536,17585506.020046536,22006121.71546057,378003079.3832359,6588151.559119307,432763700.05533195,1098556336.8513951,40000000,13.94605652602792,313373774.16281354,285004328.2153579,256881670.4022896,63030203.795247465,1.5757550948811867,53244936.846964434,819318640.9803162,-791824386.484159,-535148575.03180003,-507654320.53564286,0.04165325374091224,0.7334404510321376,0.0334888670873395,0.09428761672641615,2021-07-01,2024-12-25,True,False,False,False,False,57253013.71004296,0,0,True,"['根据公司盈利能力、融资能力及其成本、偿债能力及现金流等情况披露现金分红方案的合理性，是否导致公司营运资金不足或者影响公司正常生产经营', '留存未分配利润的预计用途以及收益情况', '结合前述财务报表列报项目的具体情况说明现金分红方案确定的依据及未来增强投资者回报的规划']",颢瑗集团
2024-12-31,年报,2025-03-30,无保留意见,False,4862707196.976525,4376436477.2788725,486270719.6976524,0.9,226429225.6228975,118.96709915313997,15658708.144917104,23060049.486552387,300734514.308041,5965030.297301696,407308950.69083726,1021021068.0694915,40000000,12.15676799244131,356191340.52394086,320779499.52047706,116842955.03563361,61167951.94446762,1.5291987986116904,51107387.5787416,156666616.23081827,-685212253.8649231,-443255435.8773857,-971801073.5114906,-0.12830067985506946,-0.023269362846361233,0.04638748810966843,0.09010356790097097,2021-07-01,2025-05-06,False,True,True,False,False,0.0,0,2,True,"['留存未分配利润的预计用途以及收益情况', '根据公司盈利能力、融资能力及其成本、偿债能力及现金流等情况披露现金分红方案的合理性，是否导致公司营运资金不足或者影响公司正常生产经营', '结合前述财务报表列报项目的具体情况说明现金分红方案确定的依据及未来增强投资者回报的规划', '结合所处行业特点、发展阶段和自身经营模式、盈利水平、偿债能力、资金需求等因素，未进行现金分红或现金分红水平较低原因的说明']",颢瑗集团
2017-03-31,季报,2017-04-30,无保留意见,False,305078135.19004667,95600921.0854841,209477214.10456258,0.3133653646661045,20213848.025475364,1.1553805701315335e-74,34905003.04451899,15897255.395498896,1162204.3605783083,23378.989210139473,15025502.258999962,87151775.53900681,40000000,5.236930352614064,-6755759.972515217,-6130567.213068792,27345776.7421818,-9651085.67502174,-0.2412771418755435,-8757953.161526846,-7375574.327237515,11422591.202952381,113386616.10245807,117433632.97817294,0.16376230058090332,-0.5917269819456522,0.01336536466610452,-0.10746258273795276,2021-01-26,2017-06-27,False,False,False,False,False,0.0,0,0,False,[],裴璟能源
2017-06-30,半年报,2017-08-27,无保留意见,False,428116455.44963485,187496331.89047647,240620123.55915838,0.437956377298219,25364390.509570487,1.4136151424407855e-74,45511434.624221005,21819484.91263005,1446137.6055149287,25839.633152308113,17788821.185590196,110542035.78811611,40000000,6.01550308897896,-12073718.142801885,-10708643.150889132,14641624.195324477,-7597083.1004095245,-0.1899270775102381,-6540108.482600487,-47306796.68099217,15991923.372332996,168659795.24259457,137344921.9339354,0.14866967554309043,0.2794974174118286,0.12459101263211451,-0.03868243368645655,2021-01-26,2017-09-06,False,False,False,False,False,0.0,0,0,False,[],裴璟能源
2017-09-30,季报,2017-10-27,无保留意见,True,515700635.986469,246604224.09602016,269096411.8904488,0.4781925925383009,32125543.819505997,1.931807044153889e-74,60686810.0716662,29111662.809773095,1933589.6940724647,34885.716420123186,24356807.35975483,146460429.43107763,40000000,6.72741029726122,-10414122.163928518,-9297122.779579477,5588351.805186416,2370851.398390524,0.0592712849597631,2016457.6732995065,-42492122.58437309,20834938.340324186,198745880.55335042,177088696.30930153,0.1183454147977331,1.0600896089206302,0.04023621524008185,-0.04450518909424833,2021-01-26,2017-12-11,False,False,False,False,False,0.0,0,0,False,[],裴璟能源
2017-12-31,年报,2018-03-30,无保留意见,False,538134471.7124116,272836559.26059055,265297912.45182115,0.5070044265932087,29646106.795972925,1.843304894065172e-74,57106444.05913778,27406965.564272538,1743227.513897146,36981.710017908605,22405377.32434066,144933200.30354792,40000000,6.6324478112955285,-8541906.279711436,-7484185.249503533,4862154.892064953,2674594.1203101166,0.06686485300775291,2589910.7572513474,-104805200.21552257,20702455.810212154,215388491.28435946,131285746.87904903,-0.014115756549641652,0.01568040122102383,0.028811834054907795,-0.04127724830700322,2021-01-26,2018-04-14,False,False,False,False,False,0.0,0,0,False,[],裴璟能源
2018-03-31,季报,2018-04-30,非标准无保留意见,False,514444780.3638273,232887361.3410424,281557419.0227849,0.4526965191022816,33384927.049511995,1.7218990176220273e-74,53645146.846423544,27065316.17690413,1630140.4914594898,33033.68761578313,20758895.21838114,135029240.84278163,40000000,7.038935475569622,-3184008.155763516,-2788894.020276645,4439363.2377438145,7654140.177068457,0.19135350442671142,6707558.898895555,-6969225.597972523,19560425.873519212,198955569.62853456,211546769.90408126,0.06128772903147716,0.25309523674584694,-0.0543079074909271,-0.025238134165069346,2021-01-26,2018-06-10,False,False,False,False,False,0.0,0,0,False,[],裴璟能源
2018-06-30,半年报,2018-08-27,无保留意见,False,494594825.51643574,244680829.2822723,249913996.23416343,0.4947096424366886,25261538.38244288,1.5817519484879672e-74,48784099.96250953,23804764.933980145,1568225.6327784164,30426.14025162983,22385073.025949456,127685046.3902466,40000000,6.2478499058540855,6724804.67249838,6006812.33957441,28389766.733467,14155446.897516996,0.3538861724379249,12565294.799787221,-77430238.69419204,19483753.547653783,192975898.65201858,135029413.50548032,-0.11238710348478065,0.26370040381678356,0.04201312333440698,0.11681165898689833,2021-01-26,2018-09-11,False,False,False,False,False,0.0,0,0,False,[],裴璟能源
2018-09-30,季报,2018-10-27,无保留意见,False,625686217.4309846,350376498.3878493,275309719.04313534,0.5599875602605823,35891851.61410425,2.2848527008157463e-74,72103155.80600661,29621198.092480544,2006343.4683500677,39437.6116082533,24421610.98250565,167614549.17496875,40000000,6.882742976078384,32066305.873862244,29189668.626985546,174623364.55251205,36202144.57337695,0.9050536143344239,33118366.124873053,-65235543.34406024,22127016.568558417,241882993.46188095,198774466.68637913,0.1016178493067542,0.7076354176006708,0.06527791782389371,0.13441736064240029,2021-01-26,2018-11-27,False,False,False,False,False,0.0,0,0,False,[],裴璟能源
2018-12-31,年报,2019-03-30,无保留意见,False,590086919.691184,330416373.0908466,259670546.60033742,0.5599452590200892,36281811.793133296,1.942703909580796e-74,59540794.12451221,29328909.21389669,1904168.2100930768,42399.95744061515,26139134.990414735,156685591.08056822,40000000,6.491763665008436,69896964.49714027,64736351.80175079,193950590.75519407,54043798.03325431,1.3510949508313577,50780975.96395035,-48770809.961514674,24324043.798751228,230400596.80778748,205953830.64502403,-0.056805740448079144,0.33535590722794945,-4.2301240493080664e-05,0.014065977385416577,2021-01-26,2019-05-02,False,False,False,False,False,0.0,0,0,False,[],裴璟能源
2019-03-31,季报,2019-04-30,无保留意见,False,524352564.0835657,268754873.689993,255597690.39357272,0.5125461227784932,34275853.94147759,1.7524178649533957e-74,62113687.13708355,26801849.638852265,1808395.6052884941,37912.08130034869,23359896.519821752,148622273.7567346,40000000,6.389942259839318,105678522.3591843,96920162.79703254,120009406.4633234,51116511.23149148,1.277912780787287,45976872.85040252,-56975724.702945784,20481953.456104867,207135657.6620007,170641886.41515976,-0.015684706101971955,-0.04120397392595224,-0.04739913624159597,-0.0687421205479922,2021-01-26,2019-06-06,False,False,False,False,False,0.0,0,0,False,[],裴璟能源
2019-06-30,半年报,2019-08-27,无保留意见,False,599075126.5204927,317044722.8224052,282030403.69808745,0.529223646229218,36997455.6720876,2.1989363107997056e-74,72359893.43685724,31199256.546837755,2021021.8304522627,46999.91949319101,28909356.262693733,170393321.21627545,40000000,7.050760092452187,154417435.22557008,138848488.40203193,98840779.47049008,69627018.38055111,1.740675459513778,59897608.00714201,-33928185.14689909,24518422.30011206,240213242.28149092,230803479.4347039,0.1034153057635744,0.27174772774478034,0.01667752345072481,0.0792486817451995,2021-01-26,2019-10-01,False,False,False,False,False,0.0,0,0,False,[],裴璟能源
2019-09-30,季报,2019-10-27,无保留意见,False,663416493.5538769,339833613.55265415,323582880.0012227,0.5122477611796907,38594591.26542197,2.1724428718312812e-74,74668959.36097333,34331663.59548048,2290690.140239095,45764.56639648522,28813548.530854482,183749716.30874935,40000000,8.089572000030568,193328821.05882335,175890292.60551172,170843543.76245826,55587694.04750468,1.389692351187617,52916863.147828296,-41259463.45295846,27360510.61300563,245472577.58254865,231573624.74259582,0.14733332207550576,-0.16206634599117684,-0.016975885049527243,-0.1336812401569182,2021-01-26,2019-12-01,False,False,False,False,False,0.0,0,0,False,[],裴璟能源
2019-12-31,年报,2020-03-30,无保留意见,False,1029010039.9983777,639996293.0651219,389013746.9332558,0.6219534000524727,70676713.84099367,3.523017921170345e-74,105916809.85867268,50983642.04892959,3454056.8585538757,69449.54758397276,42655829.507557176,272430248.3554089,40000000,9.725343673331395,242089063.98590404,218068416.18823248,309503042.19632286,69657489.89582956,1.741437247395739,60254462.26102968,-68322621.47568169,38006624.11616569,392150538.466726,361834541.10721,0.20220744352045394,0.19383169603262188,0.10970563887278184,0.06827654117018828,2021-01-26,2020-04-15,False,False,False,False,False,0.0,0,0,False,[],裴璟能源
2020-03-31,季报,2020-04-30,无保留意见,False,1002629814.6476526,590507724.7896167,412122089.8580359,0.5889588721208483,66120956.3552801,3.821072096382315e-74,117634960.71698727,51708679.520800985,3622049.598023614,70919.5857018466,48321176.91910254,278571579.6464673,40000000,10.303052246450898,273842900.38692725,248004891.49033442,138390784.28393275,45362623.43003314,1.1340655857508284,42766393.28871703,-27313134.157157857,41561663.19131487,347123748.2465889,361372277.2807459,0.05940238129616768,-0.28035506792316656,-0.032994527931624336,0.08115339826020371,2021-01-26,2020-05-18,False,False,False,False,False,0.0,0,0,False,[],裴璟能源
2020-06-30,半年报,2020-08-27,无保留意见,False,998013760.746635,590228714.1644723,407785046.5821627,0.5914033827779187,59217965.60624799,3.552877960783133e-74,113396628.84037493,51984821.62219468,3375223.8839871013,68066.67168986781,43290368.25370937,270984483.3371284,40000000,10.194626164554068,282057419.54702383,255817332.34455457,8146974.094339593,11735027.37156659,0.2933756842891648,11160629.791743077,-177702044.90203217,35821383.440251924,378994731.71899444,237114070.2572142,-0.010523685535437498,-0.5392267709230443,0.0024445106570703846,-0.011722715214793678,2021-01-26,2020-10-25,False,False,False,False,False,0.0,0,0,False,[],裴璟能源
2020-09-30,季报,2020-10-27,非标准无保留意见,False,1046787169.320127,610673034.7641554,436114134.55597156,0.5833784103035755,54369664.84697221,4.1600221216095624e-74,111856243.4120099,57939479.40445496,3587437.117170768,76497.44586517628,49958691.89249194,295032067.6978596,40000000,10.90285336389929,300442875.8289001,272930789.74773335,51741822.10972243,26264937.545537516,0.6566234386384379,24447796.29025542,-78709189.68687567,40237937.527172364,374644688.33742094,336173436.1777176,0.06947063952258226,0.505651516739056,-0.008024972474343155,0.03650698606066856,2021-01-26,2020-12-06,False,False,False,False,False,0.0,0,0,False,[],裴璟能源
2020-12-31,年报,2021-03-30,无保留意见,False,1155115205.576799,714677436.0001837,440437769.57661533,0.6187066299099702,69913996.83623399,4.072138225483197e-74,123297077.18295665,61075606.7089658,3535460.0166464723,74283.358115771,46487552.388686605,309025469.9000971,40000000,11.010944239415384,315038463.2246808,286953365.7169812,47634188.633216724,20850839.136829495,0.5212709784207374,20032251.38463968,-210780715.10029903,46277969.15663767,447294699.7010463,282791953.7573849,0.009913998832085342,-0.12513824625332096,0.03532821960639464,0.14270192206155083,2021-01-26,2021-04-25,False,True,False,False,False,0.0,3,0,True,"['是否影响偿债能力、过去十二个月内是否使用过募集资金补充流动资金以及未来十二个月内是否计划使用募集资金补充流动资金等内容', '充分披露高送转的主要考虑及其合理性且送转股后每股收益不低于0.5元']",裴璟能源
2021-03-31,季报,2021-04-30,非标准无保留意见,False,953311686.6703331,537945140.3531482,415366546.317185,0.5642909322050262,59478750.070274726,3.628297190557242e-74,114579345.81090401,50771713.59967299,3538953.1527273394,68933.83718311209,44944210.28354506,272396602.2327894,40000000,10.384163657929625,325005772.4250141,295875533.01912624,70649731.25572573,14239013.143333305,0.35597532858333264,12745953.288778726,-155372191.99783093,37043344.9614546,340078686.4222524,221749839.3858761,-0.05692341799735046,-0.1746810941124625,-0.054415697704944,0.11575225551890085,2021-01-26,2021-05-29,True,False,True,False,False,3954520.965200741,0,4,True,"['是否影响偿债能力、过去十二个月内是否使用过募集资金补充流动资金以及未来十二个月内是否计划使用募集资金补充流动资金等内容', '结合前述财务报表列报项目的具体情况说明现金分红方案确定的依据及未来增强投资者回报的规划', '上市公司控股子公司向母公司实施利润分配的情况', '公司在相应期间是否按照中国证券监督管理委员会相关规定为中小股东参与现金分红决策提供了便利']",裴璟能源
2021-06-30,半年报,2021-08-27,无保留意见,False,697239037.7996265,320863219.25730693,376375818.54231954,0.4601911279521859,43024530.45460382,2.2771765472470533e-74,73849982.02945998,37191856.031088986,2349951.1004965496,50102.80989058547,29973542.045366343,189576456.88873968,40000000,9.409395463557988,332583463.5558386,302707605.9715404,27768796.852118753,10825273.044034973,0.27063182610087433,9760104.217734449,-113317802.85442515,25988355.561612096,262336712.60262325,175007265.30981022,-0.09387065020178845,-0.10927810310892808,-0.10409980425284032,-0.004878556448122808,2021-01-26,2021-10-09,False,False,False,True,False,0.0,0,0,False,[],裴璟能源
2021-09-30,季报,2021-10-27,非标准无保留意见,False,885030613.5391648,470725108.41311747,414305505.1260474,0.5318743794982711,56411746.657046884,3.269612025648442e-74,103725180.58987819,49498332.67192488,3072217.8014592757,64075.03564311815,45011233.50181109,250478676.21214157,40000000,10.357637628151185,342965617.9094201,312267778.8673408,21007784.303534426,14831649.076545037,0.3707912269136259,13657389.851143463,-109122039.39630108,35535636.76100923,350716660.3657021,277130257.7304102,0.1007760985565629,0.1439833501784427,0.07168325154608517,0.01778315604776999,2021-01-26,2021-12-12,False,True,False,False,False,0.0,3,0,True,"['留存未分配利润的预计用途以及收益情况', '结合所处行业特点、发展阶段和自身经营模式、盈利水平、偿债能力、资金需求等因素，未进行现金分红或现金分红水平较低原因的说明']",裴璟能源
2021-12-31,年报,2022-03-30,无保留意见,False,796826951.2843094,405702558.2520353,391124393.0322741,0.5091476356292068,49147699.8348773,2.7719363350428385e-74,94718051.70524146,42419786.86891873,2680366.44589187,54527.54354432015,36855109.6766668,220728089.01369265,40000000,9.778109825806853,354019196.9912359,322142265.8472823,52571270.78356317,15790827.259736914,0.39477068149342287,14106409.971345015,-96608870.48739968,31342847.004778836,293959873.6046374,228693850.12201655,-0.055951735632189206,0.03013284611442392,-0.022726743869064297,0.0020086002721237265,2021-01-26,2022-05-10,False,False,False,False,False,0.0,0,0,False,[],裴璟能源
2022-03-31,季报,2022-04-30,无保留意见,False,716028311.0812311,338936627.63512135,377091683.44610983,0.4733564614551533,49751345.20601384,2.8049071342189075e-74,86367437.67254083,41077395.88390979,2771331.5456973924,59982.61096499706,33562526.032684326,212335162.44079018,40000000,9.427292086152745,363835351.45991826,331210129.6419048,14746997.394340029,14023077.812403318,0.35057694531008293,12954091.135174938,-58560981.581141606,26797473.19208296,296679124.1487665,264915615.75970787,-0.03587786861712403,-0.05390987648256673,-0.035791174174053524,0.10236144346974392,2021-01-26,2022-05-10,True,False,False,False,False,15963739.124290971,0,0,True,"['公司在相应期间是否按照中国证券监督管理委员会相关规定为中小股东参与现金分红决策提供了便利', '根据公司盈利能力、融资能力及其成本、偿债能力及现金流等情况披露现金分红方案的合理性，是否导致公司营运资金不足或者影响公司正常生产经营', '公司为增强投资者回报水平拟采取的措施']",裴璟能源
2022-06-30,半年报,2022-08-27,保留意见,False,607138296.2795565,247238001.6692034,359900294.6103531,0.407218591191228,39478581.27288827,2.015316597595842e-74,71539829.09605902,31226837.09198345,1972872.5921287106,44089.43942439185,26602602.876757935,166388853.88022846,40000000,8.997507365258828,382982936.9688968,348002254.3092346,96247544.67534998,27353693.584255137,0.6838423396063784,23988749.524756998,-66942733.216264635,22843643.96463715,200899535.11375394,156800445.86212647,-0.04558941390234492,0.42969997536872767,-0.0661378702639253,-0.11659562569581222,2021-01-26,2022-10-21,False,False,False,False,True,0.0,0,0,False,[],裴璟能源
2022-09-30,季报,2022-10-27,无保留意见,False,635087894.5516813,259925956.03508827,375161938.51659304,0.40927556368961204,41139343.82639825,2.257760658129598e-74,69725483.22024125,31630990.076935217,2282394.0819352716,47974.080696457066,27128975.059977993,174581724.2429832,40000000,9.379048462914826,385466200.560766,350209399.9667282,4441158.780278563,3547519.4169559143,0.08868798542389786,3153065.2249908447,-91699199.06438802,22180936.223986533,240506321.6236409,170988058.78323942,0.04240519981447371,-0.5367348746745647,0.0020569724983840318,0.07390832873496204,2021-01-26,2022-11-08,False,False,False,False,False,0.0,0,0,False,[],裴璟能源
2022-12-31,年报,2023-03-30,非标准无保留意见,False,743776130.2133923,304662808.16084397,439113322.0525482,0.4096162753615595,51245660.43440207,2.7514880072962096e-74,99913171.79944128,41731436.27121135,3004776.9370679785,55846.61596382837,34556401.666225284,228443213.261016,40000000,10.977833051313706,389021352.49392164,353431956.3117024,6322509.1560035255,5078788.47593667,0.12696971189841674,4603651.921391596,-118916548.11514187,30353705.185909327,279318033.03486156,190755190.10562903,0.17046341051766023,0.07452330512057562,0.0003407116719474695,0.05348866349826875,2021-01-26,2023-04-12,False,True,False,True,False,0.0,3,0,True,['根据公司盈利能力、融资能力及其成本、偿债能力及现金流等情况披露现金分红方案的合理性，是否导致公司营运资金不足或者影响公司正常生产经营'],裴璟能源
2023-03-31,季报,2023-04-30,无保留意见,False,658855387.1277735,205131481.46557432,453723905.66219926,0.3113452291250563,43145154.96673043,2.3699415942392858e-74,81538701.40465043,35436980.572642386,2277838.0057802456,47508.6934196781,28940165.11780122,183082369.1348376,40000000,11.343097641554982,394891485.3421753,358941651.36668175,8540663.980530966,8385904.068933811,0.2096476017233453,7870992.9356848495,-115350767.96636912,24099072.256760668,257705529.8817799,166453834.17217147,0.03327292267371155,0.14978700469011302,-0.09827104623650319,-0.00522370772373977,2021-01-26,2023-05-15,False,False,False,False,False,0.0,0,0,False,[],裴璟能源
2023-06-30,半年报,2023-08-27,无保留意见,False,792546676.8681536,288505896.07029176,504040780.7978619,0.36402385435563056,52521320.35167486,2.8482374199836523e-74,88029524.93034966,41783984.24751718,2668643.9987811525,52552.01229630722,39000683.64644831,218540400.56183457,40000000,12.601019519946547,401843963.9547662,365263058.3980986,7174183.691195291,9932112.303701222,0.24830280759253054,9030581.473452603,-43481092.80731932,29390005.849080328,311207749.5136725,297116662.55543345,0.11089756238923827,0.06090814140669479,0.052678625230574254,-0.10477179813541675,2021-01-26,2023-09-26,False,False,True,False,True,0.0,0,1,True,"['充分披露高送转的主要考虑及其合理性且送转股后每股收益不低于0.5元', '留存未分配利润的预计用途以及收益情况']",裴璟能源
2023-09-30,季报,2023-10-27,无保留意见,False,833292675.3380003,275112550.3783469,558180124.9596534,0.33015116839561287,55646157.68522263,3.1442492206738293e-74,99056985.57725587,46231764.7811842,2915253.3121229997,60159.32374373569,36667195.55215313,238732861.4660607,40000000,13.954503123991335,400879845.276858,364406476.2511705,2421108.162882132,-1377312.3970117401,-0.0344328099252935,-1223688.7813259047,-31877549.625073913,32264602.65011037,322227976.64856786,322615029.6736043,0.10741064259937967,-0.4199234197890498,-0.033872685960017655,-0.12301231251332584,2021-01-26,2023-11-19,False,False,False,True,False,0.0,0,0,False,[],裴璟能源
2023-12-31,年报,2024-03-30,无保留意见,False,786335080.8836954,342089752.9859727,444245327.89772266,0.43504322940994444,54118047.626132816,2.9738236520332335e-74,93565999.91826648,44039190.27226483,2877269.4386993013,59918.68875548896,37295744.088385195,225058354.54844415,40000000,11.106133197443066,401120735.9605957,364616156.9340436,858515.6800700137,344129.54819675535,0.008603238704918885,299543.83267579036,-8837043.26775657,32912054.26181355,304142147.98920053,328217158.98325753,-0.204118333790846,0.11018859167863185,0.10489206101433156,0.1354092181876095,2021-01-26,2024-05-03,True,False,False,False,True,144511.3546574968,0,0,True,['充分披露高送转的主要考虑及其合理性且送转股后每股收益不低于0.5元'],裴璟能源
2024-03-31,季报,2024-04-30,非标准无保留意见,False,825183997.3346443,385021471.24076205,440162526.0938822,0.46658863051681415,51750949.22924781,2.7483755479843976e-74,97645700.04336403,40598987.0222751,2985083.217088059,58260.63123302251,42738156.04379041,232143255.15914577,40000000,11.004063152347054,397984793.47747666,362078482.12594455,7866163.020919704,-4479917.833027294,-0.11199794582568234,-3625249.7258557267,-70510559.2053391,32629894.42521868,295164687.33447295,257284022.55435252,-0.009190421479864166,-0.27813718571570506,0.0315454011068697,0.031474799081645376,2021-01-26,2024-06-09,False,False,True,False,False,0.0,0,2,True,"['充分披露高送转的主要考虑及其合理性且送转股后每股收益不低于0.5元', '是否影响偿债能力、过去十二个月内是否使用过募集资金补充流动资金以及未来十二个月内是否计划使用募集资金补充流动资金等内容', '上市公司控股子公司向母公司实施利润分配的情况', '公司在相应期间是否按照中国证券监督管理委员会相关规定为中小股东参与现金分红决策提供了便利']",裴璟能源
2024-06-30,半年报,2024-08-27,无保留意见,False,859441679.3088636,362348825.7596578,497092853.54920584,0.4216095570918174,53957505.18811744,2.977875410360897e-74,92398037.45668286,39965534.60642301,2707003.646666918,58277.20999585747,36798785.56416614,220133402.37505352,40000000,12.427321338730145,396512289.3289373,360840088.62154883,6993048.183135541,-2103577.3550563343,-0.05258943387640836,-1769133.5777081705,-137843300.3613916,34519627.822391465,294065160.835445,190741488.29644483,0.12933933281539955,0.189802306908146,-0.04497907342499673,-0.01874720523077816,2021-01-26,2024-10-16,False,False,False,True,True,0.0,0,0,False,[],裴璟能源
2024-09-30,季报,2024-10-27,非标准无保留意见,False,750247241.1242952,284872059.7276271,465375181.3966682,0.3797042416320351,48244400.63849872,2.7429619734496073e-74,85111481.69949883,36617369.609089926,2686066.59424239,56909.47416661033,32678063.014292724,208766438.20871863,40000000,11.634379534916706,403576499.1764112,367692804.9810792,10128156.367156072,10091728.353534233,0.2522932088383558,9789594.79932912,-104876366.67220506,26572892.794283114,294911074.61621547,216607600.73829353,-0.06380633301419616,0.818673449274753,-0.04190531545978232,0.15449015624129553,2021-01-26,2024-12-11,False,True,False,False,False,0.0,1,0,True,"['是否影响偿债能力、过去十二个月内是否使用过募集资金补充流动资金以及未来十二个月内是否计划使用募集资金补充流动资金等内容', '结合所处行业特点、发展阶段和自身经营模式、盈利水平、偿债能力、资金需求等因素，未进行现金分红或现金分红水平较低原因的说明', '上市公司控股子公司向母公司实施利润分配的情况', '公司为增强投资者回报水平拟采取的措施']",裴璟能源
2024-12-31,年报,2025-03-30,保留意见,False,826123583.9687784,323489518.6305617,502634065.33821666,0.3915752133312627,53644173.989824206,2.7100129407705416e-74,93257690.3986689,45124794.629759714,2878858.2512031933,62652.3984905406,36495383.768550955,230011794.674543,40000000,12.565851633455416,410415577.85857666,374031679.66313916,24690978.306241836,9770112.403093416,0.2442528100773354,9055535.260085626,-14101181.833939306,27822842.61492912,283727626.4176108,297449287.19860065,0.08006203474308272,-0.011871370709313267,0.011870971699227633,0.05472434516839469,2021-01-26,2025-05-09,True,False,False,False,True,3266230.095909505,0,0,True,"['结合前述财务报表列报项目的具体情况说明现金分红方案确定的依据及未来增强投资者回报的规划', '上市公司控股子公司向母公司实施利润分配的情况']",裴璟能源
2017-03-31,季报,2017-04-30,保留意见,False,278901086.74636614,89781563.93303323,189119522.81333295,0.32191184688599284,920537.6387303009,1.1612129296700295,107061.77399410268,24235407.941135406,51486439.11777691,248.27829555825355,51484317.296662584,129113376.09885678,40000000,4.727988070333324,12658.117125318944,11573.110176285,59022.00922750295,18083.02446474135,0.00045207561161853373,16533.01453755,13892789.306720197,-28329908.12186703,3329929.452606163,-11107189.36254067,0.05066401562962738,-0.05455094308529203,0.021911846885992847,0.0699619653340186,2021-07-23,2017-06-12,False,False,False,False,False,0.0,0,0,False,[],铄瀚化工
2017-06-30,半年报,2017-08-27,保留意见,False,308053529.2765912,90424228.8703483,217629300.40624285,0.2935341435064662,1043452.9133059013,1.2661163049691386,110510.81050270647,29675915.51146912,60462706.252179645,283.49871954105805,57326022.084219515,141927135.8934926,40000000,5.440732510156071,5828185.962288616,5072392.796243001,12754478.240222964,8307896.921661854,0.20769742304154634,7229742.408666737,37564309.8282146,-33427222.703993008,3453941.9859620095,7591029.110183602,0.15075005038506764,0.48711796065866503,-0.028377703379526616,0.04058023960460049,2021-07-23,2017-09-15,False,False,False,False,False,0.0,0,0,False,[],铄瀚化工
2017-09-30,季报,2017-10-27,无保留意见,False,376418438.55936754,134558061.59338775,241860376.9659798,0.3574693686854707,1287976.9289118187,1.5962857442469853,144410.45946351055,32607580.242280055,82136035.25386812,322.3679519554022,66447500.90313056,170796344.58998963,40000000,6.046509424149495,16829572.784731437,14589865.163060298,13217098.590428526,15716266.889204029,0.39290667223010073,13596389.095453281,49373975.62791901,-39063868.65256476,4522199.527360491,14832306.502714746,0.11134105800324443,0.29272957727282006,0.06393522517900448,-0.003280920201122026,2021-07-23,2017-12-13,False,False,False,False,False,0.0,0,0,False,[],铄瀚化工
2017-12-31,年报,2018-03-30,无保留意见,False,388118186.42079175,168080058.44395798,220038127.97683376,0.4330641137793223,1314438.4100723735,1.6854012112298242,164373.86676521832,34522249.95502752,78992530.71990675,357.3707188438724,64479445.07947025,186429728.62894958,40000000,5.500953199420844,21004006.01391275,18294416.18094092,13773438.525413902,5963476.041687589,0.14908690104218972,5292215.739829457,11570810.879850611,-36565723.84708235,4881962.219591358,-20112950.74764038,-0.09022663928211591,-0.29810219119879905,0.07559474509385157,-0.019089827407906105,2021-07-23,2018-05-12,False,False,False,False,False,0.0,0,0,False,[],铄瀚化工
2018-03-31,季报,2018-04-30,无保留意见,False,411843912.863503,187300201.54761723,224543711.31588575,0.4547844357959321,1494924.18775676,1.7484297472837418,152708.02040941647,40021347.96350224,90930446.64659934,362.0656635382539,75057681.2737835,196806757.36561972,40000000,5.613592782897144,23827820.12959061,20980560.14794279,13046457.060889998,4034020.1652540863,0.10085050413135216,3837348.524288389,30496258.85837565,-42837678.35540174,4626802.13646554,-7714617.360560549,0.02047637552854635,-0.0840228140082447,0.021720322016609835,0.2220358804443947,2021-07-23,2018-05-23,False,False,False,False,False,0.0,0,0,False,[],铄瀚化工
2018-06-30,半年报,2018-08-27,无保留意见,False,370739104.0677303,169159728.03506696,201579376.03266332,0.4562770049855954,1239919.1212856155,1.3242543153949038,139107.53711685637,34008025.43136813,59879725.9053409,313.9329470526877,60579703.150116645,158386463.4414689,40000000,5.039484400816583,34316060.41245782,30734114.14990158,32589548.712453596,14983200.404096007,0.37458001010240016,13933648.57422684,44768460.60960554,-36589140.72849378,4313520.706504372,12492840.587616134,-0.1022711130436267,0.5205462461678524,0.0014925691896633404,-0.0003893422977362011,2021-07-23,2018-10-15,False,False,False,False,False,0.0,0,0,False,[],铄瀚化工
2018-09-30,季报,2018-10-27,无保留意见,False,361563335.83419305,147085019.2573073,214478316.57688576,0.40680291578225186,1290565.476024937,1.536664455374137,147280.94254614649,34247332.66999209,67446351.46361558,302.8663161827497,67021383.36059898,171782405.98984304,40000000,5.361957914422144,37567589.537072204,33698392.906779565,8569930.562818386,4645041.606591981,0.11612604016479952,4234683.938397127,22014989.33335627,-39604737.14090366,4108630.373717285,-13481117.433830105,0.06398938620651497,-0.3232371578480321,-0.049474089203343584,-0.16726596357404333,2021-07-23,2018-11-12,False,False,False,False,False,0.0,0,0,False,[],铄瀚化工
2018-12-31,年报,2019-03-30,保留意见,False,359296257.67012227,145002732.65505406,214293525.01506817,0.4035742915757955,1088488.4117732754,1.2224610734543262,116805.13979009331,30962667.58537602,69782162.32289284,298.0863088840758,53595231.89786862,152223327.29105648,40000000,5.357338125376704,52228116.16884756,46399135.30643933,80833204.64803079,20943609.473964788,0.5235902368491197,18143917.71379967,27136976.435907114,-33915008.03814766,4427312.448322987,-2350719.1539175566,-0.0008615862189094736,0.7529931410438632,-0.003228624206456347,0.07525679078452291,2021-07-23,2019-05-16,False,False,False,False,False,0.0,0,0,False,[],铄瀚化工
2019-03-31,季报,2019-04-30,无保留意见,False,324845079.3304055,115463139.54073362,209381939.78967184,0.35544062966486895,1087368.9340538655,1.3076748353924867,124248.15021021343,28744670.427100632,56991139.111591384,265.0370507179035,52616152.9584304,146029076.04521054,40000000,5.234548494741796,65165421.855313234,58851638.148040876,62232523.823608495,18481865.266379543,0.46204663165948856,17789289.77371649,11521033.73882726,-33482620.89781719,4046675.687587325,-17914911.471402604,-0.02291989562004248,-0.06487902025436942,-0.04813366191092655,-0.00887275820251977,2021-07-23,2019-05-28,False,False,False,False,False,0.0,0,0,False,[],铄瀚化工
2019-06-30,半年报,2019-08-27,无保留意见,False,387134891.9941655,168510393.59725738,218624498.3969081,0.4352756547704747,1264924.5865533715,1.4482282731917022,148482.42464557156,36128660.88706437,75011521.17307453,307.3544834044801,63710006.9557893,173724871.07810193,40000000,5.465612459922703,65977040.55430556,59554948.9651563,5768129.597823185,1159455.2842747606,0.028986382106869015,1004729.7387363125,28877504.034418788,-41988606.803106494,4405708.531108628,-8705394.237579077,0.0441421003956721,-0.48820460401551796,0.07983502510560575,0.11158461541930946,2021-07-23,2019-10-06,False,False,False,False,False,0.0,0,0,False,[],铄瀚化工
2019-09-30,季报,2019-10-27,无保留意见,False,346683754.8374539,140668195.32199296,206015559.51546094,0.40575363961875466,1220554.6540975142,1.411454933853463,137891.9765113838,32018788.33641085,65804330.255723335,334.8123574459897,61694346.71984048,170833781.75052842,40000000,5.150388987886523,64899505.543101884,58503570.24884946,7344311.103001769,-1539335.7302909624,-0.03848339325727406,-1501969.5947240556,17490568.12463447,-34396070.12919668,3933250.0376680624,-12972251.966894148,-0.057673952251023286,-0.1486162978083791,-0.029522015151720003,0.06708560818596018,2021-07-23,2019-12-02,False,False,False,False,False,0.0,0,0,False,[],铄瀚化工
2019-12-31,年报,2020-03-30,无保留意见,False,304784894.1859239,109156764.65563114,195628129.53029275,0.35814361780359,1114746.609456086,1.1641877775961598,112957.67480182606,30077178.529473845,63012155.51401082,257.8853904599337,56091448.52909317,147475960.61560184,40000000,4.890703238257319,61232004.075662024,55354903.12916608,19467786.974194888,-5239287.810628368,-0.1309821952657092,-4498095.885261971,3539476.822042668,-30289361.4798074,3328909.5807847218,-23420975.07698001,-0.050420609053019774,-0.23931391405907787,-0.04761002181516471,0.1189553478675398,2021-07-23,2020-05-16,False,False,False,False,False,0.0,0,0,False,[],铄瀚化工
2020-03-31,季报,2020-04-30,无保留意见,True,375362756.5525509,141371549.24697763,233991207.30557325,0.37662646807418565,1287791.1130663021,1.5510320974488432,142057.57440261313,32485410.56035084,75076360.8012892,302.88012992324735,73208204.65005705,172466051.7964499,40000000,5.849780182639331,63777861.50518814,57599927.0127309,3590102.929924156,3636939.1850372963,0.0909234796259324,3207176.976521159,41975626.59901975,-40754900.32683715,4770602.772926454,5991329.045109053,0.19610205274359596,0.754735500090485,0.018482850270595638,-0.09845053757096678,2021-07-23,2020-06-06,False,False,False,False,False,0.0,0,0,False,[],铄瀚化工
2020-06-30,半年报,2020-08-27,无保留意见,False,323809465.5172677,111644879.97873732,212164585.5385304,0.3447857208262606,918110.0795561788,1.3340175996689332,120056.30276605456,26802426.86089993,57664220.591812395,273.63668564390156,54562278.47151611,138203687.99567744,40000000,5.30411463846326,72133472.52876566,65632588.30988548,48721249.03727185,11936587.176539335,0.2984146794134834,11475230.42450655,35098328.11166941,-30755166.68322452,3807788.809998227,8150950.238443112,-0.09327966643865843,0.4021743688385562,-0.031840747247925016,0.06921222499646824,2021-07-23,2020-09-16,False,False,False,False,False,0.0,0,0,False,[],铄瀚化工
2020-09-30,季报,2020-10-27,无保留意见,False,472023776.97756416,212716733.55357426,259307043.4239899,0.4506483442754303,1508684.5287538168,1.9651394887216704,185842.3160212847,41178782.75468163,83410617.4471182,395.4933866710042,88817613.19956233,212035571.935572,40000000,6.482676085599747,79541544.0302502,72375885.90807503,13860805.991137335,10582959.287835058,0.26457398219587647,9633282.283127928,23703039.207865596,-46275216.641602874,4777706.645665518,-17794470.78807176,0.22219758196590295,-0.046779113253609554,0.1058626234491697,0.15920155008070827,2021-07-23,2020-11-25,False,False,False,False,False,0.0,0,0,False,[],铄瀚化工
2020-12-31,年报,2021-03-30,无保留意见,False,606995077.5936905,322006692.6664237,284988384.92726684,0.5304930872634984,1741364.1340649035,2.237290227977279,222349.1289370121,46746564.21950723,99354314.43975447,501.74550579984634,103374604.45446527,252705412.2046791,40000000,7.124709623181671,86550620.13337442,78433801.93694776,17359157.178531796,10012965.86160602,0.2503241465401505,8654165.755532479,87588907.221699,-62898631.747514315,6712954.388722829,31403229.862907514,0.09903834914844808,-0.02066469446882091,0.07984474298806807,-0.0704560143286244,2021-07-23,2021-04-28,False,False,False,False,False,0.0,0,0,False,[],铄瀚化工
2021-03-31,季报,2021-04-30,无保留意见,False,624185177.1474942,343279415.93719107,280905761.2103031,0.5499640627577328,1954621.169100988,2.320522493635072,233350.58904390808,47984664.0624792,113096674.55626206,417.0021877573392,108062743.3701799,271766986.6377948,40000000,7.022644030257578,102012353.46702844,93056468.11453012,66574459.19801765,22088190.476648606,0.5522047619162151,20889523.11083193,120499211.65194583,-61346321.638326965,7383493.880132583,66536383.89375145,-0.014325579331963401,0.4470158766314992,0.019470975494234405,-0.0072115177475598835,2021-07-23,2021-06-12,False,False,False,False,False,0.0,0,0,False,[],铄瀚化工
2021-06-30,半年报,2021-08-27,无保留意见,False,735751188.4442456,452420494.8612437,283330693.58300185,0.6149096351687751,2277585.3180577154,2.8156997787737232,257283.1778091354,63033856.52064427,124441641.58947259,577.1392041921171,118707501.71055235,318944105.47648466,40000000,7.0832673395750465,109976787.76524572,100141386.70511664,46584698.584015295,11377763.283167545,0.28444408207918864,10121312.272266489,135125270.4820438,-75410337.2490909,8044226.778550568,67759160.01150347,0.008632547663852427,-0.27400672844857066,0.0649455724110422,0.0742317754011828,2021-07-23,2021-10-25,False,True,False,False,False,0.0,0,0,True,"['结合前述财务报表列报项目的具体情况说明现金分红方案确定的依据及未来增强投资者回报的规划', '结合所处行业特点、发展阶段和自身经营模式、盈利水平、偿债能力、资金需求等因素，未进行现金分红或现金分红水平较低原因的说明']",铄瀚化工
2021-09-30,季报,2021-10-27,无保留意见,False,662831504.9560711,403640407.79214567,259191097.16392547,0.6089638237984731,2440948.0105509865,2.7334030471594635,259780.08591512017,63642601.99238754,128056540.40455624,649.197568927979,130613768.77913965,322089065.6338341,40000000,6.479777429098137,113463902.63204575,103320140.9845451,10980202.796660554,4981592.666857172,0.1245398166714293,4541077.542040652,14985413.922856253,-68465790.4825027,7133786.208170104,-46346590.35147634,-0.08519936937931732,-0.2253937546975136,-0.00594581137030191,-0.08092902856218306,2021-07-23,2021-12-23,False,False,False,False,False,0.0,0,0,False,[],铄瀚化工
2021-12-31,年报,2022-03-30,无保留意见,False,562900401.1373,288914291.7614302,273986109.37586987,0.5132600566240484,2043546.4699014293,2.787226946917315,263728.82082866074,52898171.108478196,129353268.86736155,612.9883647220779,113733383.17218447,294982540.4275005,40000000,6.849652734396747,111958635.14958723,101896819.86790311,6992686.074710443,-2150382.1177978776,-0.05375955294494694,-2033315.8809171405,49269139.71176996,-52258044.78122397,6230168.286757464,3241263.2173034567,0.057081483020951625,-0.32445214014944024,-0.09570376717442468,-0.031361081570513774,2021-07-23,2022-04-11,False,True,False,False,True,0.0,2,0,True,"['留存未分配利润的预计用途以及收益情况', '充分披露高送转的主要考虑及其合理性且送转股后每股收益不低于0.5元']",铄瀚化工
2022-03-31,季报,2022-04-30,无保留意见,False,497648864.72695875,258137728.69510707,239511136.03185168,0.5187145937462101,1512780.9903835217,1.7984904695177224,187036.61503043148,46895614.30843721,90832800.7549024,409.97364795218925,78087857.40651093,210652274.28671536,40000000,5.987778400796292,115078092.5906879,104459393.44111684,12441127.096149001,4456367.773000952,0.1114091943250238,3660819.3903053543,89791036.15954585,-46968262.22745968,5225355.728537049,48048129.66062322,-0.12582744951030878,0.4449104309086156,0.005454537122161739,0.006983806793069481,2021-07-23,2022-06-11,False,False,False,True,False,0.0,0,0,False,[],铄瀚化工
2022-06-30,半年报,2022-08-27,无保留意见,False,513128409.09726125,271683521.70887357,241444887.38838768,0.5294649777564296,1682730.6549410534,1.8779428787739092,180015.6899279001,41698187.65749191,99451316.53961684,450.555931736548,83273207.11406074,231157742.97804338,40000000,6.036122184709692,129462777.70422365,117098303.3130236,29724393.080830507,20549550.16219393,0.5137387540548483,18055585.531295374,12846959.882980824,-52974172.0869692,5672348.312404264,-34454863.89158411,0.008073742994057772,0.750042251300493,0.010750384010219537,-0.07295770614720208,2021-07-23,2022-10-08,False,True,True,False,True,0.0,3,4,True,"['上市公司控股子公司向母公司实施利润分配的情况', '结合所处行业特点、发展阶段和自身经营模式、盈利水平、偿债能力、资金需求等因素，未进行现金分红或现金分红水平较低原因的说明']",铄瀚化工
2022-09-30,季报,2022-10-27,无保留意见,False,588478893.985653,353597611.49433786,234881282.49131522,0.6008671085881943,1928296.8723943548,2.3345640585053578,222931.18229901436,47152772.89943727,96518382.32920973,477.72242662536513,82733659.73012641,254138537.26792854,40000000,5.87203206228288,147113342.9895568,132078794.2756721,60612087.071884595,25215093.26476164,0.6303773316190411,21400701.37521212,92320180.26296622,-58512640.42187302,7432270.157255188,41239809.998348385,-0.02718469199355745,0.12425030612657305,0.07140213083176464,0.06293327544889363,2021-07-23,2022-12-18,False,False,True,False,False,0.0,0,2,True,"['公司在相应期间是否按照中国证券监督管理委员会相关规定为中小股东参与现金分红决策提供了便利', '根据公司盈利能力、融资能力及其成本、偿债能力及现金流等情况披露现金分红方案的合理性，是否导致公司营运资金不足或者影响公司正常生产经营', '是否影响偿债能力、过去十二个月内是否使用过募集资金补充流动资金以及未来十二个月内是否计划使用募集资金补充流动资金等内容', '结合前述财务报表列报项目的具体情况说明现金分红方案确定的依据及未来增强投资者回报的规划']",铄瀚化工
2022-12-31,年报,2023-03-30,保留意见,False,486154908.49765,280127214.0604239,206027694.4372261,0.5762097824458724,1474818.8094504143,1.9024370585681512,182513.59447020892,44466886.78379409,93505748.81784609,428.3982899001726,86803083.83851443,223693697.40251696,40000000,5.150692360930652,149762793.97305444,134605451.7788754,12973419.276059985,3784929.9764251895,0.09462324941062975,3609510.718861918,75787869.08615632,-48112166.208064675,5504010.936895921,33179713.81498757,-0.12284328384129957,-0.507642211138378,-0.024657326142321932,-0.1168842733717844,2021-07-23,2023-04-11,False,False,False,False,False,0.0,0,0,False,[],铄瀚化工
2023-03-31,季报,2023-04-30,无保留意见,False,556624359.3795494,305798645.26480466,250825714.11474475,0.5493806372499906,1965055.0367287472,2.485267503379796,216006.66147777636,49675296.05776984,106885994.70855121,525.9386226869317,96688861.29089808,265474749.1586205,40000000,6.270642852868619,158937511.73322555,142320645.2509681,41118479.675034076,13106739.657387324,0.3276684914346831,11021704.96013238,7654282.091345541,-57413204.51654826,6132722.297465177,-43626200.127737544,0.2174368829389003,0.44848886628606277,-0.026829145195881737,0.04166853091736585,2021-07-23,2023-05-21,False,False,False,True,False,0.0,0,0,False,[],铄瀚化工
2023-06-30,半年报,2023-08-27,非标准无保留意见,False,586298689.5634491,345781435.0564572,240517254.5069919,0.5897700970710371,2147758.3615113655,2.469567562563118,230464.5577437519,60940518.12083254,126773625.39465529,520.4958834117609,116740424.64254503,298452071.92093873,40000000,6.012931362674797,172781245.05704716,154877792.47953272,88071861.9540799,19776761.891173676,0.4944190472793419,17938781.755092338,75614924.77247337,-59373407.80876786,6410074.535020259,22651591.49872576,-0.041098097314843283,0.22154581697290252,0.04038945982104638,-0.09965816801537818,2021-07-23,2023-10-06,True,False,False,False,False,28714868.353616882,0,0,True,['结合所处行业特点、发展阶段和自身经营模式、盈利水平、偿债能力、资金需求等因素，未进行现金分红或现金分红水平较低原因的说明'],铄瀚化工
2023-09-30,季报,2023-10-27,无保留意见,True,787434047.8925203,515135533.98962444,272298513.90289587,0.6541951486201637,2810695.4150604745,3.085248972148039,312005.6031592345,67848780.81991522,142212373.6076433,641.9500066002752,129525724.72819747,356968569.2388358,40000000,6.807462847572396,203716541.8391121,183120030.7562055,205657724.3401053,44193281.117235646,1.1048320279308912,40346054.6809611,32538345.861910574,-77602803.5311062,9587087.43610542,-35477370.23309021,0.13213712862741858,0.6639116107696762,0.06442505154912664,-0.03103033787988207,2021-07-23,2023-12-21,False,False,False,True,False,0.0,0,0,False,[],铄瀚化工
2023-12-31,年报,2024-03-30,非标准无保留意见,False,843905624.112731,522122352.1917407,321783271.9209903,0.6186975619942003,2501643.361961375,3.414410029801041,326737.90020738385,71803761.46265613,171877514.94920215,750.3098286775423,154196173.47308412,395038002.60838443,40000000,8.044581798024756,233764250.98593584,209446373.5121389,0.0,42925298.781176746,1.0731324695294187,37609061.07990489,124712051.40896139,-87901652.18865791,9870163.605714045,46680562.82601752,0.18172981302329527,-0.02072094048413048,-0.03549758662596333,-0.06062105742421223,2021-07-23,2024-04-20,False,False,False,False,False,0.0,0,0,False,[],铄瀚化工
2024-03-31,季报,2024-04-30,无保留意见,False,641632332.3143901,376064050.56735194,265568281.74703816,0.5861052064051633,2132935.9436097704,2.5393948977785388,210766.28867278903,54542046.9979816,116481272.99297813,554.2217808743824,112574888.74960834,286685029.5048378,40000000,6.639207043675954,254923646.78110585,228024935.09784484,101323655.18435745,30227708.27881433,0.7556927069703583,26540802.265294217,49465464.074878536,-60187947.046286546,7110166.799063333,-3612316.172344676,-0.17469829875977833,-0.21189031612055778,-0.03259235558903707,0.05679706165331337,2021-07-23,2024-06-18,False,False,False,True,False,0.0,0,0,False,[],铄瀚化工
2024-06-30,半年报,2024-08-27,无保留意见,False,690814886.7761462,400214037.47660774,290600849.2995385,0.57933615088161,2264840.8955101864,2.6787092518811964,250233.24465193984,50934487.165858276,120855851.64541355,512.4386856273375,105624443.06748265,293306606.6250602,40000000,7.265021232488462,290413395.1845293,260485204.0191188,64898503.40825619,50699640.5763192,1.26749101440798,46371812.74467706,30717296.549728565,-66615157.24090512,7997168.267095555,-27900692.424081,0.09426038150273006,0.4334729133297433,-0.006769055523553364,0.1382801259099739,2021-07-23,2024-09-28,False,False,False,False,False,0.0,0,0,False,[],铄瀚化工
2024-09-30,季报,2024-10-27,无保留意见,False,863692652.4382493,542328182.5460051,321364469.8922442,0.627918022707481,3198836.210451668,3.907997838053855,333429.1575277057,89850072.87986863,169833432.9401467,806.2227783522354,167660636.5083996,435185153.5213536,40000000,8.034111747306106,322582694.32694644,291327766.43342215,131968619.13506986,45956141.6320245,1.1489035408006125,44060803.44900486,62329132.23648192,-90153439.65249614,10302641.875495115,-17521665.54051911,0.1058621152238821,-0.0700668261147895,0.04858187182587098,0.1104919467147233,2021-07-23,2024-11-07,False,False,False,True,False,0.0,0,0,False,[],铄瀚化工
2024-12-31,年报,2025-03-30,无保留意见,False,899581361.0234468,545696318.6356242,353885042.3878226,0.6066114109065017,3117478.1790511035,3.9977723013988777,359222.6738658249,90107762.53849761,173677615.73375636,748.3483105004898,160057248.1640294,429170782.719646,40000000,8.847126059695565,364692272.03984874,330745036.0140966,200495213.42006597,60156539.58986041,1.5039134897465103,56310385.115249224,33139910.775872603,-88038762.84561631,9951402.849905655,-44947449.21983805,0.10119529550507779,0.22556016918629662,-0.021306611800979158,-0.0685694720516725,2021-07-23,2025-05-27,True,False,False,False,False,36908051.21797982,0,0,True,['根据公司盈利能力、融资能力及其成本、偿债能力及现金流等情况披露现金分红方案的合理性，是否导致公司营运资金不足或者影响公司正常生产经营'],铄瀚化工
2017-03-31,季报,2017-04-30,无保留意见,False,343022132.2688652,128510336.08611797,214511796.18274727,0.3746415289185768,41696296.18213469,2247.561728884583,25000345.56699507,9630391.39547757,11055.746937470445,760698.6248166343,3898537.6226041205,82741731.2146014,40000000,5.362794904568682,-205537.12459793928,-187834.24034001277,898326.2719045965,-293624.46371134184,-0.007340611592783546,-268334.6290571611,38530144.609463245,7162003.116426029,-35868523.36378819,9823624.362101085,0.19173220101526262,-0.07186802576174127,0.07464152891857685,0.027215941866936235,2021-06-17,2017-05-28,False,False,False,False,False,0.0,0,0,False,[],霖祺化工
2017-06-30,半年报,2017-08-27,无保留意见,False,384085077.3225596,147281783.4111514,236803293.91140816,0.38346135298420425,47797411.206011124,2123.7433835069833,27422557.166109182,10810959.457050882,11911.967763391662,869031.9303863798,4149500.0239976756,88020655.76272425,40000000,5.920082347785204,6415032.550931784,5887514.600025618,11477243.473365923,9457956.679328177,0.23644891698320442,8679069.771950902,35418307.72098826,7806885.975924154,-37035231.85147989,6189961.845432527,0.10391735151791033,0.5837041746043405,0.00881982406562742,-0.08746560843297761,2021-06-17,2017-09-15,False,False,False,False,False,0.0,0,0,False,[],霖祺化工
2017-09-30,季报,2017-10-27,无保留意见,False,504365341.5698,226595840.02650002,277769501.54330003,0.44926925256449446,54156996.06491765,2917.1304810534466,35599929.25141499,14854296.600703796,14150.388130265761,1126990.802667813,5463789.466093591,110358928.02361533,40000000,6.944237538582501,21117308.9741526,18411304.352935366,84278462.34713192,21003252.033172593,0.5250813008293148,17891128.218442496,22987392.147381056,11435506.42214266,-54613548.009857275,-20190649.44033356,0.17299678123235043,0.4363638316357534,0.06580789958029021,0.04046103900959621,2021-06-17,2017-11-14,False,False,False,False,False,0.0,0,0,False,[],霖祺化工
2017-12-31,年报,2018-03-30,无保留意见,False,592615972.6579382,301248080.37301695,291367892.2849212,0.5083360798088028,72260241.84219836,3503.4103046969326,46093321.20590283,17197328.15430904,18372.881235005836,1361171.5584911564,6208427.120945889,143088829.0304992,40000000,7.284197307123031,38310407.7105191,34544884.555938624,35280239.22379333,24561569.623380713,0.6140392405845179,23047971.718576077,65493517.63941594,12539739.268650701,-59715752.782069825,18317504.12599682,0.048955665276669745,0.09363192358122689,0.05906682724430841,0.018990525267153873,2021-06-17,2018-04-23,False,False,False,False,False,0.0,0,0,False,[],霖祺化工
2018-03-31,季报,2018-04-30,无保留意见,False,473754801.53800964,186797373.47077242,286957428.06723726,0.39429125122183173,65581990.73461569,3080.4415231584185,38159255.8217907,14579206.315472694,15905.863758496185,1214368.6858744088,6448032.473825927,123435144.75498913,40000000,7.173935701680931,57491125.693978265,50660900.0428399,44989822.06776197,27401025.690655954,0.6850256422663988,23022879.267001826,43449886.10103946,10359712.995958658,-48933677.45381233,4875921.643185787,-0.015137097581675567,0.06831926929145332,-0.11404482858697111,0.056195871710700625,2021-06-17,2018-06-28,False,False,False,False,False,0.0,0,0,False,[],霖祺化工
2018-06-30,半年报,2018-08-27,无保留意见,False,437867042.3020132,167394452.64820677,270472589.65380645,0.3822951637742778,43237345.596235834,2722.4768877365104,31081936.99740041,10888127.982698405,11952.715841848289,953087.9706510972,4323452.423820391,98293284.49436769,40000000,6.7618147413451615,83770670.12563045,73986088.83806624,82888852.54915151,37542206.33093171,0.9385551582732927,33321698.27889477,83767951.96166204,9963790.191781076,-44666721.94888321,49065020.2045599,-0.05744698272653935,0.22839969308208874,-0.011996087447553924,0.19766249016444246,2021-06-17,2018-09-10,False,False,False,False,False,0.0,0,0,False,[],霖祺化工
2018-09-30,季报,2018-10-27,无保留意见,False,437391821.06707025,174705219.7692748,262686601.29779547,0.3994249808856971,52195795.782103755,2861.719911481395,33714794.92988358,12369564.326619834,13679.374592468128,1129876.0600444297,5345809.39829223,110340739.35226713,40000000,6.567165032444887,100679237.16906245,91073357.92846872,56329241.76297026,24155095.776331402,0.603877394408285,24410384.414860692,31583342.079303686,10245036.29693328,-41954071.085071065,-125692.70883409679,-0.028786607788895368,-0.24544497656319192,0.01712981711141926,0.08845330696743273,2021-06-17,2018-11-06,False,False,False,False,False,0.0,0,0,False,[],霖祺化工
2018-12-31,年报,2019-03-30,无保留意见,False,565683272.6593167,261749781.22089043,303933491.43842626,0.46271437369959056,62857925.51992125,3374.1660621840774,41030264.035399675,15790569.564456884,16394.231924694213,1299554.2376212012,6365675.736056932,127935108.44355923,40000000,7.598337285960657,109977773.74008776,99664843.0703354,10347870.009830069,13283623.67289333,0.33209059182233325,12273550.202666698,58133139.15652506,12524336.899013467,-52623414.10503362,18034061.950504914,0.15701939092763656,-0.26415859077383885,0.06328939281389347,0.08583460454166723,2021-06-17,2019-04-10,False,False,False,False,False,0.0,0,0,False,[],霖祺化工
2019-03-31,季报,2019-04-30,无保留意见,False,652542174.8980463,361265753.5129447,291276421.38510156,0.5536282058234614,74235695.2345512,3780.9463785989287,47307756.14475903,15598533.614470137,19598.000932349063,1305931.8013671683,7017086.582589051,144743387.65123338,40000000,7.281910534627539,113744090.51340395,102897342.26318684,24788743.158872113,5380452.533308841,0.13451131333272104,4617855.989787786,76241370.90107484,13570330.360111076,-65487487.04666278,24324214.214523137,-0.041644209703322124,-0.2609717788382954,0.09091383212387083,0.041723560494465885,2021-06-17,2019-05-20,False,False,False,False,False,0.0,0,0,False,[],霖祺化工
2019-06-30,半年报,2019-08-27,无保留意见,True,582720078.503856,306564594.9661073,276155483.53774863,0.5260923834188403,69700980.43610261,3469.0251135963,45881648.728142135,17226427.442031376,18557.060121871964,1343353.6639764493,6801807.435280131,137226471.02325955,40000000,6.903887088443716,116687664.86968821,105662670.63884011,8481336.961235264,4205106.223263226,0.10512765558158066,3950469.1080760965,67313823.32515176,12158564.845774533,-62057405.80578074,17414982.36514555,-0.05191267379435862,-0.052516646314293626,-0.027535822404621046,0.05975207485311783,2021-06-17,2019-10-02,False,False,False,False,False,0.0,0,0,False,[],霖祺化工
2019-09-30,季报,2019-10-27,无保留意见,False,567202936.288959,289614248.89124364,277588687.39771533,0.5106007574398398,63267258.68110489,3418.6999848248242,43182815.287300654,15518807.648783688,16666.468133023893,1177281.110100661,7007650.036667457,129461358.44858272,40000000,6.939717184942883,123284320.97927667,111354976.07696158,45492591.50894745,9423794.44226924,0.235594861056731,8131864.911602068,34024560.01997823,13060565.518091189,-59468219.523755126,-12383093.985685706,0.005189843929971349,0.24610526182041986,-0.015491625979000534,0.13643553030714617,2021-06-17,2019-12-22,False,False,False,False,False,0.0,0,0,False,[],霖祺化工
2019-12-31,年报,2020-03-30,无保留意见,False,602369201.5173424,323261878.56083083,279107322.9565116,0.5366507413502348,65237174.79974624,3246.601633713703,42787483.82656507,16240064.646369012,17391.96788585448,1375763.994910794,6711178.67307469,136187764.23408562,40000000,6.97768307391279,120053426.05642334,108444748.32934943,3977263.3764256183,-4615564.175504779,-0.11538910438761948,-4157468.210874507,30397817.19233577,12740997.613830883,-60782972.98924441,-17644158.18307776,0.005470812132270034,-0.5313150103573216,0.026049983910395008,0.007565868589421954,2021-06-17,2020-05-20,False,False,False,False,False,0.0,0,0,False,[],霖祺化工
2020-03-31,季报,2020-04-30,非标准无保留意见,False,634965748.2383019,379934041.7205025,255031706.51779935,0.5983536006069948,83646937.9362596,4242.712622166904,52778215.784672804,19976743.913892902,19131.50727061625,1515391.3611600422,8139897.297022581,161664923.22685578,40000000,6.375792662944984,111282164.2244608,101088106.7579773,52243554.08745703,-12530374.04566076,-0.313259351141519,-10509487.959103031,12574592.45911973,14197394.843837045,-62970503.427521594,-36198516.12456482,-0.08625935064578573,-0.6390932927684319,0.061702859256760015,0.021280616425485843,2021-06-17,2020-05-31,False,False,False,False,False,0.0,0,0,False,[],霖祺化工
2020-06-30,半年报,2020-08-27,无保留意见,False,576658852.8769029,336147470.9016542,240511381.97524875,0.5829225879818587,67201393.1785663,3324.03464385225,44488548.62891203,16444726.088456694,15386.713908400845,1267981.98607732,6133902.445187035,131422323.61558044,40000000,6.012784549381219,102648117.90282588,93082893.44935556,28532660.97610165,-12334351.8880499,-0.30835879720124754,-11436019.012316786,19105209.065337438,11772220.974950053,-61395350.91560591,-30517920.87531842,-0.0569353698832626,0.04385650155368243,-0.015431012625136097,0.03407764083073252,2021-06-17,2020-09-08,False,False,False,False,False,0.0,0,0,False,[],霖祺化工
2020-09-30,季报,2020-10-27,保留意见,False,584026919.1742642,342887370.6444116,241139548.5298525,0.5871088461627907,65150882.85706731,3692.3572653185597,43864357.77625299,15853978.904862458,16979.533507284606,1318447.5544186076,6398635.10063996,134555775.6772811,40000000,6.028488713246313,95230218.48461986,86913711.76009023,8009942.930295717,-10596999.168865746,-0.26492497922164365,-8813116.698950449,86419774.721512,12031453.990830915,-64157390.17527583,34293838.537067086,0.0026117955393412185,0.37237114276455696,0.004186258180931903,0.10879073210632159,2021-06-17,2020-12-25,False,False,False,False,False,0.0,0,0,False,[],霖祺化工
2020-12-31,年报,2021-03-30,无保留意见,False,574702437.8457358,306914579.1758264,267787858.6699094,0.5340408513426382,69467048.31724122,3648.804102422506,45255476.145886935,17723647.044903945,18037.19527314632,1426485.7592887846,6628160.807713514,139354306.5361139,40000000,6.694696466747735,88540933.3866495,80908930.48538348,19559317.090466045,-9556121.568529073,-0.23890303921322684,-8578258.963866781,15103040.190218944,12375895.332218729,-62563251.17061509,-35084315.648177415,0.11050991138750463,0.16256090351815355,-0.05306799482015239,-0.06150301783963118,2021-06-17,2021-04-09,False,False,False,False,False,0.0,0,0,False,[],霖祺化工
2021-03-31,季报,2021-04-30,无保留意见,False,629279496.8057297,356682012.8994651,272597483.90626466,0.5668101610016056,70877116.67278525,3724.1776063298057,41353263.89357343,15615933.214285508,17511.09281375251,1222500.8429176004,5745972.153031642,133368209.49813633,40000000,6.814937097656617,82124288.45251109,75085219.85541159,8959583.91308016,-9166635.620197741,-0.22916589050494354,-8319586.61424558,29815982.402451903,14126478.544171276,-68371188.53912826,-24428727.592505082,0.01796057991667153,0.05232298618481977,0.03276930965896739,-0.02619904936440172,2021-06-17,2021-05-20,False,False,False,False,False,0.0,0,0,False,[],霖祺化工
2021-06-30,半年报,2021-08-27,无保留意见,False,529540010.18651134,249332101.51548797,280207908.67102337,0.47084657763191445,58059321.49950785,3211.0796411856422,36871708.28509664,15948766.867878001,15825.153211131623,1196184.863545248,5742569.184484804,123245691.31096235,40000000,7.005197716775585,76036446.95351358,69091034.63202268,19926666.05409312,-8696916.4271393,-0.21742291067848252,-8563121.747698449,32087061.710695457,11007413.317711243,-51811993.63998368,-8717518.611576974,0.027918176850728362,0.05996391464561206,-0.09596358336969119,0.01280905083991326,2021-06-17,2021-09-21,False,False,False,True,False,0.0,0,0,False,[],霖祺化工
2021-09-30,季报,2021-10-27,无保留意见,False,445821478.6716222,203710355.3899383,242111123.28168392,0.45693257309387014,46658367.98942044,2674.841203793603,34196439.7033037,11981379.291026905,12362.586661611298,950851.8302478372,5498136.63950648,99972797.46650502,40000000,6.052778082042098,69486675.6181025,63031012.44872584,34981051.143797174,-9356816.193444386,-0.23392040483610965,-8657174.547566904,75530502.29960805,9104858.170126569,-44648443.919211514,39986916.55052311,-0.1359589940556129,-0.07947646925559332,-0.013914004538044296,-0.045377028834349145,2021-06-17,2021-11-11,False,False,True,False,False,0.0,0,7,True,"['结合所处行业特点、发展阶段和自身经营模式、盈利水平、偿债能力、资金需求等因素，未进行现金分红或现金分红水平较低原因的说明', '留存未分配利润的预计用途以及收益情况']",霖祺化工
2021-12-31,年报,2022-03-30,无保留意见,False,501002149.8334656,227966288.0544695,273035861.7789961,0.45502057851497457,60309329.223337196,2952.195582555268,38355922.034428544,14104082.218010565,13694.183879122886,1140848.5635266714,5668990.093209384,112832612.48968852,40000000,6.825896544474903,62132509.96665631,56604331.30460268,37155135.45832195,-10505950.93063742,-0.2626487732659355,-9180973.063033089,61494374.83397891,10187323.573121225,-57319018.566772275,14362679.840327866,0.12772952385724462,-0.15034765174787668,-0.0019119945788955578,-0.07622578533996179,2021-06-17,2022-04-12,False,False,False,True,False,0.0,0,0,False,[],霖祺化工
2022-03-31,季报,2022-04-30,无保留意见,False,560837127.6076537,292589386.2169093,268247741.39074442,0.5217011710066328,63181772.946775585,3429.9095694209345,40525407.60010407,17758989.315607682,16397.378186626574,1228674.3304560955,6767575.307416985,132311946.24926235,40000000,6.706193534768611,56552748.27733097,51774985.24780393,34528361.068261415,-7971088.127607627,-0.19927720319019068,-6899065.795426792,97600102.5072594,11038216.863064688,-56404331.11797673,52233988.25234736,-0.017536598881385458,0.39033625646419723,0.06668059249165816,0.019233889452921173,2021-06-17,2022-06-10,False,False,True,False,True,0.0,0,8,True,"['结合所处行业特点、发展阶段和自身经营模式、盈利水平、偿债能力、资金需求等因素，未进行现金分红或现金分红水平较低原因的说明', '公司在相应期间是否按照中国证券监督管理委员会相关规定为中小股东参与现金分红决策提供了便利', '充分披露高送转的主要考虑及其合理性且送转股后每股收益不低于0.5元']",霖祺化工
2022-06-30,半年报,2022-08-27,保留意见,False,521056627.0605993,221952459.92549297,299104167.1351063,0.4259661011847753,57904489.06131707,3277.904673952379,39466039.331114344,17006846.650091894,13708.006688091904,1239314.971593198,5976059.038256408,123360998.27421668,40000000,7.477604178377658,52714607.919721045,48187988.432561524,2884024.7332601673,-5483057.653728463,-0.13707644134321156,-5124281.164632001,57273202.691002294,10520046.230217135,-53859885.802471474,13933363.11874795,0.11502958267005411,0.27556260477929734,-0.09573506982185746,0.004405667860519225,2021-06-17,2022-10-17,False,False,False,True,False,0.0,0,0,False,[],霖祺化工
2022-09-30,季报,2022-10-27,无保留意见,False,587035328.3490613,267982859.86605594,319052468.4830053,0.45650209948984327,51626541.550279446,3082.1891385899303,35980632.2620462,13797009.439494673,15310.732915905133,1138563.1356758217,5970346.918007456,119921007.93522903,40000000,7.976311712075132,56472410.79709909,51432466.03473898,23621678.3978724,5368289.824825782,0.13420724562064457,4634968.003110642,92221541.69620502,12641191.003559152,-54762859.406981185,50099873.29278299,0.0666934918993898,0.9422073283250594,0.030535998305067976,0.08866474244713721,2021-06-17,2022-12-15,True,False,False,True,False,2682683.915258727,0,0,True,['公司在相应期间是否按照中国证券监督管理委员会相关规定为中小股东参与现金分红决策提供了便利'],霖祺化工
2022-12-31,年报,2023-03-30,无保留意见,False,697638905.5499296,322936344.610963,374702560.9389666,0.46289898978096866,84200699.28278548,4539.692505638272,56981581.913403414,22279934.205089208,24153.04205866821,1594028.5253915505,8352167.981960531,172225353.68535113,40000000,9.367564023474165,51706296.67472417,46854484.65242653,27826986.200947985,-6808734.460535603,-0.17021836151339007,-6539973.403303487,104882368.53169708,14717633.14491847,-70390429.03013855,49209572.646477,0.1744230117402321,-0.5443878088456513,0.006396890291125414,0.12594414424824757,2021-06-17,2023-05-02,False,False,False,False,False,0.0,0,0,False,[],霖祺化工
2023-03-31,季报,2023-04-30,无保留意见,False,731430195.6422482,344373960.8238417,387056234.8184065,0.47082272905271105,82703659.5325483,4362.319011082059,53800233.69425072,19617775.2007379,20770.56316767863,1573957.5003558444,8706569.887057638,165056674.42247322,40000000,9.676405870460163,50826924.19170239,46099147.962118044,4766311.247816123,-1256246.4043168258,-0.03140616010792065,-1079052.4147264136,54533911.73390413,15002130.19749012,-80853027.30352128,-11316985.372127026,0.03296928061682566,0.5448281211707674,0.007923739271742324,0.14340749601615965,2021-06-17,2023-05-13,False,False,False,False,False,0.0,0,0,False,[],霖祺化工
2023-06-30,半年报,2023-08-27,无保留意见,False,732352548.2521968,291373885.8725937,440978662.37960315,0.39786013794582253,92766222.10780683,4607.675516541969,59258551.54468086,21632369.11218049,22212.83373745181,1601828.7065703857,8947116.75774972,174166531.5256229,40000000,11.02446655949008,50068020.799960226,45454032.53978781,1677892.2967203557,-1084147.7024888098,-0.027103692562220245,-921593.4604717705,58193303.24880197,15673121.734141631,-76405638.3051541,-2539213.3222105056,0.13931419445160262,0.01093123700025403,-0.07296259110688848,0.021814659629041097,2021-06-17,2023-10-24,False,False,True,True,False,0.0,0,8,True,['结合所处行业特点、发展阶段和自身经营模式、盈利水平、偿债能力、资金需求等因素，未进行现金分红或现金分红水平较低原因的说明'],霖祺化工
2023-09-30,季报,2023-10-27,无保留意见,False,814059930.644916,348382953.3793111,465676977.265605,0.42795737790866883,88055708.10595159,4917.258015950634,60380869.0089145,22664008.845326286,22025.562449151104,1574081.0283035792,9074783.956428973,182060384.4079184,40000000,11.641924431640124,51723856.46110795,46983062.92375396,8213958.894713238,2365479.515925318,0.05913698789813295,2184329.119951645,93713948.08925535,16989802.967493873,-84094106.12034297,26609644.936406255,0.056007959098803406,0.21674159535606857,0.030097239962846273,-0.007956183795938368,2021-06-17,2023-12-01,False,False,False,True,False,0.0,0,0,False,[],霖祺化工
2023-12-31,年报,2024-03-30,无保留意见,False,1112091403.9733908,575465202.7999064,536626201.17348444,0.517462144517822,118587929.74942671,6497.33274900542,75308028.87919234,31861336.275101874,32906.90437371971,2430745.0445719236,12901802.867699526,249460602.57622957,40000000,13.415655029337112,57933868.22532757,52645033.590167575,27763496.854056884,8871445.377456602,0.22178613443641504,8088529.523448018,90866504.49074872,23838039.22709098,-108286237.08236258,6418306.635477126,0.15235716466913218,0.3359568688284257,0.08950476660915324,-0.07115658579634497,2021-06-17,2024-05-24,True,False,False,False,False,2124313.217878407,0,0,True,"['结合所处行业特点、发展阶段和自身经营模式、盈利水平、偿债能力、资金需求等因素，未进行现金分红或现金分红水平较低原因的说明', '结合前述财务报表列报项目的具体情况说明现金分红方案确定的依据及未来增强投资者回报的规划', '公司在相应期间是否按照中国证券监督管理委员会相关规定为中小股东参与现金分红决策提供了便利']",霖祺化工
2024-03-31,季报,2024-04-30,无保留意见,False,1385165059.6399965,801593856.8543198,583571202.7856768,0.578699160273833,156079218.4153088,8597.451241962071,103448627.59080318,36961279.49245044,39285.1290146101,2866960.740286783,15516199.650858195,300908795.99729824,40000000,14.589280069641921,57858805.20852539,52580847.5664232,451657.44202309544,-107232.88114597648,-0.002680822028649412,-91694.31963482276,100834958.12194872,30370881.569844518,-144486759.14667934,-13280919.454886109,0.08748175454261066,-0.34704973485657115,0.06123701575601094,-0.061387483151042824,2021-06-17,2024-06-08,False,False,False,False,True,0.0,0,0,False,[],霖祺化工
2024-06-30,半年报,2024-08-27,非标准无保留意见,False,1660224421.4523292,947245422.5745242,712978998.8778049,0.5705526375439617,176652179.55570412,8877.958800486706,117040308.79179107,42871434.38803302,42118.067675223196,3137254.2677402804,18013434.323793568,347193389.7936248,40000000,17.824474971945122,57016426.846397795,51827231.92873759,3329564.5730327372,-1203397.6601822842,-0.030084941504557105,-1076593.7681223047,29358000.150952943,35143982.325513065,-161300450.13178417,-96798467.65531817,0.22175151116847422,-0.06488959276617744,-0.008146522729871302,0.08272387082456671,2021-06-17,2024-09-09,False,True,False,False,False,0.0,4,0,True,"['充分披露高送转的主要考虑及其合理性且送转股后每股收益不低于0.5元', '留存未分配利润的预计用途以及收益情况']",霖祺化工
2024-09-30,季报,2024-10-27,无保留意见,False,2164341101.8205185,1235683939.3497412,928657162.4707774,0.5709284633140106,226540966.495646,12006.356453760876,148247015.0522958,61630536.58386791,59924.431188434646,4712588.006413318,25181863.024776477,475885589.8886332,40000000,23.216429061769436,52015260.21318838,47248542.796694815,14804642.3927797,-7144523.761727728,-0.1786130940431932,-6540984.474346813,48343339.879831985,47354508.36276639,-221373297.55238003,-125675449.30978164,0.3025028281792871,-0.3761015168793571,0.00037582577004884927,0.11257745286307541,2021-06-17,2024-12-20,False,False,False,True,True,0.0,0,0,False,[],霖祺化工
2024-12-31,年报,2025-03-30,无保留意见,False,2391026020.4758453,1514908654.9611928,876117365.5146527,0.6335809991142238,279648293.40712214,13763.916589806473,181455760.4041246,69569490.12854493,70293.15383267656,5237333.719834507,29889221.10676552,557595407.7639885,40000000,21.902934137866318,43867769.02400655,39842894.3201348,42893956.154846385,-11639273.12740261,-0.29098182818506524,-10579497.823657151,139387343.60748565,53471035.13576832,-245033650.70070767,-52175271.9574537,-0.056576096195002444,-0.45606617651009024,0.0626525358002133,0.015921203570340076,2021-06-17,2025-05-09,False,True,False,True,True,0.0,3,0,True,"['留存未分配利润的预计用途以及收益情况', '结合所处行业特点、发展阶段和自身经营模式、盈利水平、偿债能力、资金需求等因素，未进行现金分红或现金分红水平较低原因的说明']",霖祺化工
2017-03-31,季报,2017-04-30,无保留意见,False,238459494.50845665,59673861.93705096,178785632.57140568,0.25024737245232526,15346064.342569051,1491881.1412858702,54084916.025441505,1693357.012852568,4587322.152296721,12016368.183578793,22624425.884336136,111509193.65414903,40000000,4.469640814285142,-5551827.907140458,-4925568.494054071,10135649.37203954,-7931182.72448637,-0.19827956811215924,-7036526.420077245,24262794.126853064,-9484835.652695764,101015195.84282453,115793154.31698184,-0.006746485714412883,-0.4961768180270205,-0.049752627547674726,0.017180861838577064,2021-10-05,2017-06-26,False,False,False,False,False,0.0,0,0,False,[],旻煜控股
2017-06-30,半年报,2017-08-27,无保留意见,False,212321463.6404439,48075445.93611702,164246017.70432687,0.22642763059287524,14223788.128289482,1235170.6587849131,49642550.26411106,1435106.1816833671,4134531.6153153395,10341515.963118903,20364079.76172673,98238446.54999635,40000000,4.106150442608172,-8953674.357125757,-7921222.005046258,9926388.725833941,-4859780.642836142,-0.12149451607090356,-4279505.015703125,34650368.384152085,-7620999.761903882,105330389.80730769,132359758.4295559,-0.0813242913200635,0.3386772484592013,-0.023819741859450034,-0.10961490132602615,2021-10-05,2017-10-23,False,False,False,False,False,0.0,0,0,False,[],旻煜控股
2017-09-30,季报,2017-10-27,无保留意见,False,221758593.88569957,49348723.63541947,172409870.25028008,0.2225335341946439,14437396.06669984,1534444.4314641657,52534534.60300005,1539087.0274872077,4636707.356447212,11039619.048065852,22630495.385010254,106601334.83467172,40000000,4.310246756257002,-7167971.837977399,-6295517.153595368,12704707.9432193,2551003.59878337,0.06377508996958425,2322435.5020726994,32336282.576234628,-8376211.243949999,99519925.70617062,123479997.03845525,0.04970502579033389,0.6104324826096703,-0.0038940963982313486,0.0802066364071302,2021-10-05,2017-11-10,False,False,False,False,False,0.0,0,0,False,[],旻煜控股
2017-12-31,年报,2018-03-30,无保留意见,False,233317584.5041534,57259810.307017446,176057774.19713596,0.2454157513618445,16693656.55155609,1526138.0167748707,61420167.736173734,1784779.9485153488,4824572.8308243435,13235608.207648244,24993192.063581534,119048572.0698874,40000000,4.401444354928399,-4805657.892016581,-4241174.098277157,6657348.5366891185,3374734.208515454,0.08436835521288635,2934775.79331173,5385508.65397951,-8968357.830338808,114572659.47845747,110989810.30209817,0.021158324297561364,0.04213239517706122,0.022882217167200607,0.24710847194191882,2021-10-05,2018-04-16,False,False,False,False,False,0.0,0,0,False,[],旻煜控股
2018-03-31,季报,2018-04-30,无保留意见,False,272305573.26152694,68395929.56478447,203909643.6967425,0.2511734473355631,18128543.343390044,1744570.899503157,59124852.46573931,1863481.7912694067,5549306.903246815,12974542.643723434,25245355.551126838,121263547.02447158,40000000,5.097741092418563,3216858.2787432633,3840274.753656655,50418984.51940503,11460737.386799779,0.2865184346699945,11544926.931334019,32777423.170395263,-10264163.958967341,134523044.139168,157036303.35059592,0.1581973282725938,0.3968642287811951,0.005757695973718629,0.10418818795962842,2021-10-05,2018-06-03,False,False,False,False,False,0.0,0,0,False,[],旻煜控股
2018-06-30,半年报,2018-08-27,无保留意见,False,331958408.49402785,117549162.77961801,214409245.71440986,0.3541081044245722,22126620.003656063,1990449.0748612243,70859973.22870928,2254542.492730987,6534472.713084934,15616712.329448506,30941001.10770328,148830771.3067831,40000000,5.360231142860246,24519871.44457658,23576385.15472016,38968273.982192524,30432875.951190457,0.7608218987797615,28194443.43009072,26930119.091292076,-12081242.924043123,168473702.75188103,183322578.91913,0.05149144408923838,0.6666074145074696,0.10293465708900905,0.05962884608978302,2021-10-05,2018-10-07,False,False,False,False,False,0.0,0,0,False,[],旻煜控股
2018-09-30,季报,2018-10-27,无保留意见,False,388454897.20465684,133416405.03183083,255038492.17282602,0.3434540431640912,22910093.587398525,2461812.2118374226,87682713.41094336,2701015.4660556517,7875820.577615405,18280037.35510163,37445650.7646069,182231968.9165242,40000000,6.375962304320651,46823534.28397277,43166348.7403943,41562190.988940366,31862375.484851703,0.7965593871212926,27985662.265248768,10611743.69870383,-13617398.606951285,186770586.26546308,183764931.35721564,0.18949391068953153,0.030137315205855067,-0.010654061260480904,0.1284556926448689,2021-10-05,2018-12-08,False,False,False,False,False,0.0,0,0,False,[],旻煜控股
2018-12-31,年报,2019-03-30,无保留意见,False,385062607.1065678,108870949.2425931,276191657.8639747,0.2827357090335769,26281467.961872883,2515531.2562323636,82149212.84246749,2777010.562374468,7943976.942046744,19584828.089547534,37373266.86593777,184115306.74662212,40000000,6.904791446599368,64018675.80142004,57655212.10911174,79505656.31459726,24564487.88206754,0.6141121970516885,20698376.24102492,29245341.95708046,-12926814.519332971,188926190.66180837,205244718.09955585,0.08294107101611276,-0.149355972368692,-0.060718334130514355,0.13572574997174786,2021-10-05,2019-04-09,False,False,False,False,False,0.0,0,0,False,[],旻煜控股
2019-03-31,季报,2019-04-30,保留意见,False,415840183.5641473,105154401.73271091,310685781.8314364,0.2528721511024676,27020621.75927177,2790610.210590559,92442547.186078,2811011.212697742,8495496.182429023,21248413.151315298,43601885.10713957,194617275.34386566,40000000,7.76714454578591,66924864.1116179,60208306.87727961,11055603.119109442,4151697.5859969407,0.10379243964992352,3647278.240239809,16813567.27265163,-15681470.19848695,186316085.6773137,187448182.75147837,0.12489198346624272,-0.49111131487986964,-0.029863557931109303,0.051576719137265685,2021-10-05,2019-05-26,False,False,False,False,False,0.0,0,0,False,[],旻煜控股
2019-06-30,半年报,2019-08-27,非标准无保留意见,False,418882589.1694926,101276687.44723873,317605901.72225386,0.24177822154899617,26430822.048959866,2501324.906687647,95649956.37842374,2869065.1246997556,8148724.831243132,22091302.556612924,38007025.573734134,195363566.70115608,40000000,7.940147543056346,83089561.43445787,75683111.43993726,87717469.8518288,23092424.746914253,0.5773106186728563,22106863.6609395,72992824.38921377,-15595928.542290045,204346810.06536403,261743705.91228777,0.022273693537002655,0.8954707811942545,-0.011093929553471426,0.10749144327691951,2021-10-05,2019-10-08,False,False,False,False,False,0.0,0,0,False,[],旻煜控股
2019-09-30,季报,2019-10-27,非标准无保留意见,False,408778839.19424546,110228865.28569289,298549973.9085526,0.2696540395852384,20703159.53612081,2386357.675397954,86100367.65106188,2562952.0859454786,7739811.874122256,19284096.797723614,35487384.3349902,173970859.98577467,40000000,7.463749347713815,89536919.57780166,81184665.40349206,24301552.529597133,9210511.63334826,0.23026279083370652,7859362.805078297,64914214.32699374,-15441059.825856483,185343348.5287161,234816503.02985334,-0.05999865780317171,-0.34624778125035777,0.02787581803624226,-0.04269128207337183,2021-10-05,2019-11-13,False,False,False,False,False,0.0,0,0,False,[],旻煜控股
2019-12-31,年报,2020-03-30,无保留意见,False,458806901.3346605,139630983.320167,319175918.01449347,0.3043349673119196,28513108.00258736,2465092.0471483665,90696983.91064695,2867254.2536828443,8109684.514650307,20100977.97760943,41672092.198297806,193141304.88767415,40000000,7.979397950362337,90400152.76790215,81971093.82166764,2092377.123049734,1233190.2715721428,0.03082975678930357,1123469.168822263,85650671.88700858,-15948678.99589197,211980399.97705048,281682392.8681671,0.06908707388552202,-0.3043558047766752,0.034680927726681174,-0.02348603672771076,2021-10-05,2020-04-19,False,False,False,False,False,0.0,0,0,False,[],旻煜控股
2020-03-31,季报,2020-04-30,无保留意见,False,483678538.4733105,151995869.8212208,331682668.65208966,0.31424977072785293,35431741.011893086,3090172.8950458094,118316518.31191021,3617018.68900296,9894337.712029599,24549517.338418227,44200079.088065915,238054196.33521843,40000000,8.29206671630224,91592556.89360878,83032427.14515576,6608163.301315799,1703434.465295177,0.04258586163237942,1516190.4621258716,17090482.033774752,-18139884.736259498,216175691.50544807,215126288.80296332,0.03918450588439533,0.025790560330860298,0.009914803415933347,0.04611897103896159,2021-10-05,2020-06-01,False,False,False,False,False,0.0,0,0,False,[],旻煜控股
2020-06-30,半年报,2020-08-27,无保留意见,False,415789463.56191504,125078317.93915626,290711145.6227588,0.30082127831632965,26431721.686901413,2707562.023748794,101497372.48746836,3121800.2992070667,8587616.706719946,21087715.419845726,39071044.71380247,199231708.57397646,40000000,7.26777864056897,93559370.34399705,84785181.21897288,6972852.872557959,2809733.500554662,0.07024333751386655,2503934.3911673184,16580598.32962525,-16084604.672010573,199864119.81982002,200360113.4774347,-0.12352627044347286,0.05914951274388996,-0.013428492411523281,-0.029337738221135966,2021-10-05,2020-09-15,False,False,False,False,False,0.0,0,0,False,[],旻煜控股
2020-09-30,季报,2020-10-27,无保留意见,False,395991834.1605142,112399005.06097014,283592829.09954405,0.28384172441144206,25580916.227272738,2669776.3122445554,94284466.73541006,2814129.9253760367,7843004.654864289,19066291.714298274,38171494.57192517,188879285.71079308,40000000,7.089820727488601,100341848.91150124,91019989.38253564,29319345.84142536,9689255.09643456,0.24223137741086398,8906868.805089673,38285135.83058225,-15091690.970304506,194799163.958873,217992608.81915075,-0.02448587414137825,0.3472798660157277,-0.0169795539048876,0.07412550432996422,2021-10-05,2020-11-16,False,False,False,False,False,0.0,0,0,False,[],旻煜控股
2020-12-31,年报,2021-03-30,保留意见,False,476576907.56088996,195660459.2614806,280916448.2994094,0.4105537976291518,34378140.270234495,3201044.9470204706,111800668.90795003,3850990.635561829,10290565.5013032,26802865.287772954,51608747.362046376,245499860.0090943,40000000,7.022911207485235,112964469.73359938,102690770.86859201,14983548.152283723,18032315.46014019,0.4508078865035048,16672544.980080537,48052755.45359642,-18442987.417547144,215586568.86614046,245196336.90218973,-0.009437406469806255,0.312599970795745,0.12671207321770972,0.08036631148048304,2021-10-05,2021-04-19,False,False,False,False,False,0.0,0,0,False,[],旻煜控股
2021-03-31,季报,2021-04-30,无保留意见,False,450300775.79343164,182891889.27891764,267408886.51451397,0.4061549504476457,28378524.421380017,3008548.9167522765,101547378.73845528,3032433.2843674854,8894064.792495186,22171966.413519077,40898090.04363392,207300065.9054079,40000000,6.685222162862849,127083709.80869111,115540644.33282717,13153261.854002355,20170342.964416772,0.5042585741104193,18356962.091764506,46523400.05591809,-17380289.079906832,224958579.3646577,254101690.34066895,-0.048083912019628805,0.06103015105322477,-0.00439884718150609,0.05859784441124646,2021-10-05,2021-06-06,False,False,False,False,False,0.0,0,0,False,[],旻煜控股
2021-06-30,半年报,2021-08-27,非标准无保留意见,False,474917167.53513134,187017609.95041218,287899557.5847191,0.3937899548273917,30724753.917487323,3250681.973990994,104688604.0080747,3833647.713958666,10921254.974998903,24069412.989901707,46014445.394802734,225786923.04368973,40000000,7.197488939617978,125945463.00894335,114499578.92968482,2591279.3869131426,-1626066.8567825202,-0.040651671419563,-1487236.290203358,25819906.01011759,-18830994.21523926,226307458.33801475,233296370.1328931,0.07662673943744575,-0.5863924861297359,-0.012364995620253984,0.02101337727443047,2021-10-05,2021-10-20,False,False,False,False,False,0.0,0,0,False,[],旻煜控股
2021-09-30,季报,2021-10-27,无保留意见,False,548983182.8606993,233298377.88024577,315684804.9804535,0.42496452562453746,32985489.176302206,3515922.6085327305,112648300.70673014,4133021.0283566588,11402182.38573198,26895785.281361487,48750707.940553606,246515264.13738358,40000000,7.8921201245113375,127856456.4497106,116129649.05170526,0.0,2729990.629667502,0.06824976574168755,2328671.6028863546,96750808.20765024,-20081194.88187143,278894921.10545456,355564534.4312334,0.09651021220328918,0.28334047285562597,0.031174570797145747,-0.02592439127552818,2021-10-05,2021-11-22,False,True,False,True,True,0.0,4,0,True,"['根据公司盈利能力、融资能力及其成本、偿债能力及现金流等情况披露现金分红方案的合理性，是否导致公司营运资金不足或者影响公司正常生产经营', '公司为增强投资者回报水平拟采取的措施', '充分披露高送转的主要考虑及其合理性且送转股后每股收益不低于0.5元']",旻煜控股
2021-12-31,年报,2022-03-30,保留意见,True,482306704.470731,196697802.06493255,285608902.40579844,0.40782721915670417,28824918.787462406,2958088.2697533555,111032157.15262672,3193680.6667424804,8138002.813489295,22281348.32265767,50314184.22187736,217619689.3504745,40000000,7.140222560144961,126923868.73849915,115255062.05643407,801976.0688033601,-1332268.1588735115,-0.033306703971837784,-1249409.993244567,91141376.91427144,-18822446.313143697,218463063.9688894,290781994.5700171,-0.0952719361215921,-0.20589258579944247,-0.0171373064678333,-0.12117348306111281,2021-10-05,2022-04-23,False,False,False,False,False,0.0,0,0,False,[],旻煜控股
2022-03-31,季报,2022-04-30,非标准无保留意见,False,520580364.26136947,219248522.14887288,301331842.1124966,0.421161721034092,34627894.7281775,3427001.7508826307,123080997.99787655,3588954.868731313,11326094.548001884,26245109.931501884,51809106.106407195,252078290.64852706,40000000,7.533296052812416,123794179.53596562,112499876.3427001,18774448.547778834,-4470984.575047873,-0.11177461437619682,-3935979.5910485485,37387089.965368256,-18564123.572597038,251625508.5600553,270448474.9528265,0.05505059392146909,-0.20032998062524238,0.013334501877387835,0.002520605018447955,2021-10-05,2022-06-07,False,False,False,False,False,0.0,0,0,False,[],旻煜控股
2022-06-30,半年报,2022-08-27,无保留意见,False,576677924.2576339,275713572.8612411,300964351.39639276,0.47810668878329493,35307948.73067791,3849194.538558301,130188659.75444146,4261423.466219834,11351486.4801514,28818731.877913907,53948638.4108913,270111696.8503747,40000000,7.524108784909819,122950231.10015593,111745283.03966591,4409183.671539033,-1205640.622585278,-0.03014101556463195,-1077990.4329059587,103171697.57177302,-20211875.3114358,266307464.04647234,349267286.30680954,-0.0012195548718898807,0.260622550273145,0.05694496774920293,0.0975008428483626,2021-10-05,2022-10-02,False,False,False,False,False,0.0,0,0,False,[],旻煜控股
2022-09-30,季报,2022-10-27,无保留意见,False,531041885.956694,211330774.2606015,319711111.6960925,0.3979550010068986,32307697.553746924,2831593.7524565114,113569048.16943641,3877729.1847451944,10110483.595010757,22995585.185348563,47548338.22111366,230146930.81465188,40000000,7.992777792402312,118918599.15223683,108092026.22237182,24322863.60523081,-5759474.211312994,-0.14398685528282487,-5218938.310420137,35349548.330419384,-20302576.18860613,240840558.6480839,255887530.78989714,0.06228897280598151,-0.2883202464823935,-0.08015168777639628,-0.01893697169235555,2021-10-05,2022-11-08,False,False,False,False,False,0.0,0,0,False,[],旻煜控股
2022-12-31,年报,2023-03-30,无保留意见,False,472403007.29501885,151799492.7205289,320603514.57448995,0.3213347298310679,31925440.173554264,3135579.8434154377,110248880.30151965,3217594.0346618453,8875730.566884315,25054493.463051926,46215100.43150497,218987728.4042751,40000000,8.015087864362249,115619174.96318582,105178173.02368134,16271857.599608628,-4713463.127215758,-0.11783657818039395,-4162647.4267006894,63989345.205679215,-17768281.109958716,224694015.1785011,270915079.2742216,0.0027912788944467527,0.09305713129095709,-0.0766202711758307,0.14517171634022114,2021-10-05,2023-04-18,False,False,False,False,False,0.0,0,0,False,[],旻煜控股
2023-03-31,季报,2023-04-30,无保留意见,False,593704952.9396029,228373943.4333308,365331009.5062721,0.3846589830564595,36211717.30144315,3862294.588376853,136433265.3761454,3946554.1270703427,12776380.030188724,27158287.229186837,57293365.38396992,276823479.6472769,40000000,9.133275237656802,119798528.19560654,108963011.5690675,21677472.582585428,5970504.617743902,0.14926261544359753,5406912.207694487,35911619.46680022,-22709587.358535647,305513774.398701,318715806.5069656,0.13951030758706798,0.8695670599113723,0.06332425322539154,0.029569366177068325,2021-10-05,2023-05-13,False,False,False,True,False,0.0,0,0,False,[],旻煜控股
2023-06-30,半年报,2023-08-27,无保留意见,False,665291450.4882987,267963006.66994995,397328443.8183487,0.40277536480181025,45800122.87134895,4796816.364594358,160054927.55989382,5092488.676544633,14173848.240871532,36686154.686653845,64077293.77680121,327000770.7613542,40000000,9.933211095458718,134186836.06399487,122746021.88874805,95560698.47368525,20554725.526269034,0.5138681381567258,19690014.742400803,84084686.91489922,-23552971.253289163,314636989.4886801,375168705.1502902,0.08758477512029363,0.6349107758503199,0.018116381745350758,0.020455248666477053,2021-10-05,2023-09-14,False,False,True,False,False,0.0,0,1,True,"['公司为增强投资者回报水平拟采取的措施', '根据公司盈利能力、融资能力及其成本、偿债能力及现金流等情况披露现金分红方案的合理性，是否导致公司营运资金不足或者影响公司正常生产经营']",旻煜控股
2023-09-30,季报,2023-10-27,无保留意见,True,587290212.8853363,211820225.46868327,375469987.416653,0.3606738556530985,36092880.52925423,3578481.1165606515,124444754.96523066,3925301.3022494214,10622864.938644394,25882404.390888635,50081327.646592766,259525282.37642935,40000000,9.386749685416325,153325635.30163807,140664699.2900954,108933774.91071086,27341141.76806172,0.683528544201543,25598110.57335332,26745037.766181707,-20336566.40664667,276719227.4452295,283127698.8047645,-0.055013570615873184,0.18070738493470498,-0.04210150914871171,-0.09648251987627611,2021-10-05,2023-12-04,True,False,False,False,True,38398268.48694976,0,0,True,"['结合前述财务报表列报项目的具体情况说明现金分红方案确定的依据及未来增强投资者回报的规划', '充分披露高送转的主要考虑及其合理性且送转股后每股收益不低于0.5元', '是否影响偿债能力、过去十二个月内是否使用过募集资金补充流动资金以及未来十二个月内是否计划使用募集资金补充流动资金等内容']",旻煜控股
2023-12-31,年报,2024-03-30,无保留意见,False,574940468.9332931,233121850.93581006,341818617.9974831,0.4054712853459925,37674086.89781868,3872799.9606033238,138320652.90718514,4018006.639752092,12996683.825612234,31727437.440849707,66101348.554056264,292526066.75274354,40000000,8.545465449937076,166109432.43114033,152560554.79779482,73129610.28368407,18262567.327860348,0.4565641831965087,16994079.296713494,73696021.83509828,-22966397.265128683,291024039.2405461,341753663.8105157,-0.08962465855314171,-0.2047438130413803,0.04479742969289403,0.03434087758933282,2021-10-05,2024-05-06,False,False,False,False,False,0.0,0,0,False,[],旻煜控股
2024-03-31,季报,2024-04-30,非标准无保留意见,False,656501626.6620138,289469342.66072387,367032284.00128996,0.4409270760417341,42339777.83367993,4481538.275043547,162807265.21445444,4831560.480289725,12501280.074993111,33167153.99813464,65738202.84316621,311024523.11447185,40000000,9.17580710003225,197693728.34150892,181341281.15814206,207302802.66868627,45120422.72909797,1.1280105682274493,41115323.3719246,7306668.728928445,-25614688.84424006,296865159.798657,278557139.6833454,0.0737632904594817,0.7616534312865442,0.035455790695741514,0.1581908271552331,2021-10-05,2024-06-20,False,False,True,True,False,0.0,0,6,True,['留存未分配利润的预计用途以及收益情况'],旻煜控股
2024-06-30,半年报,2024-08-27,无保留意见,False,824427744.2954996,417767421.666588,406660322.6289116,0.5067362477273055,49387682.41768519,5110096.898143024,183970533.93248785,6230489.938982606,17008629.960081715,44691216.75575565,80845614.31439552,401982811.2140098,40000000,10.166508065722791,249508327.3083229,229133264.23896757,311386459.7857186,74020855.66687718,1.8505213916719294,68274261.54403646,11120231.898400228,-31304437.883648425,383115008.3936849,362930802.4084367,0.10796880916198193,0.4652323932792859,0.06580917168557149,0.05446871395216515,2021-10-05,2024-09-07,False,False,False,False,False,0.0,0,0,False,[],旻煜控股
2024-09-30,季报,2024-10-27,非标准无保留意见,False,774833154.4657531,437840733.7141636,336992420.7515895,0.5650774378853916,51970086.615304045,5151414.325653748,160550126.28573954,5260206.156517217,13766257.479815181,36807150.2221304,75958752.96369888,348492787.5523997,40000000,8.424810518789737,272778945.2203754,249977864.16287556,120448014.83758418,33243739.87436071,0.8310934968590178,29777999.891297147,105489716.3103572,-29903308.287558403,381446828.6081125,457033236.6309113,-0.1713171853770842,-0.4479975000647615,0.05834119015808604,-0.10572592851647578,2021-10-05,2024-11-22,False,False,False,False,False,0.0,0,0,False,[],旻煜控股
2024-12-31,年报,2025-03-30,无保留意见,False,793697729.5826225,431526525.68662155,362171203.896001,0.543691268858166,49108409.96462513,5193545.775082497,190655408.10542795,5511098.717773418,15843380.340182927,41579956.40741872,84882444.6119918,378062142.7136715,40000000,9.054280097400024,284579233.3348272,260386781.81318673,82259461.47470519,16857554.449216843,0.42143886123042107,14869882.357587377,124851794.191062,-27894958.09689447,376407266.6182197,473364102.7123872,0.07471617043568969,-0.32613387192352916,-0.02138616902722562,0.04017504476153985,2021-10-05,2025-05-24,False,True,True,False,True,0.0,0,6,True,"['结合所处行业特点、发展阶段和自身经营模式、盈利水平、偿债能力、资金需求等因素，未进行现金分红或现金分红水平较低原因的说明', '结合前述财务报表列报项目的具体情况说明现金分红方案确定的依据及未来增强投资者回报的规划', '根据公司盈利能力、融资能力及其成本、偿债能力及现金流等情况披露现金分红方案的合理性，是否导致公司营运资金不足或者影响公司正常生产经营', '公司为增强投资者回报水平拟采取的措施']",旻煜控股
2017-03-31,季报,2017-04-30,无保留意见,False,276535030.0291487,82556175.274408,193978854.7547407,0.2985378570870606,55160907.66153503,1.1967672459145406e-14,54219775.18631471,15.005656229744664,9048743.942001976,29462916.566489268,38548694.50043272,189167969.0709441,40000000,4.849471368868517,1720421.8707558233,1624117.9835295326,9112687.87587366,2457745.529651176,0.06144363824127941,2320168.5478993324,-27476925.470855854,3825116.508523033,-47280560.11002911,-70932369.07236193,0.07766030419300374,0.08098586275839867,-0.001462142912939408,0.011687087436694188,2021-10-15,2017-06-18,False,False,False,False,False,0.0,0,0,False,[],旻琯物流
2017-06-30,半年报,2017-08-27,无保留意见,False,286312509.65615684,83857106.02581939,202455403.63033745,0.2928866298106445,44932293.010092385,1.0570332404670182e-14,45308710.085180804,14.776247954922006,8371843.186893911,25288509.994954634,34467153.61118186,161619491.93355766,40000000,5.061385090758436,1184814.5019786996,1154164.5517690107,3446173.167730395,-765153.3839673195,-0.01912883459918299,-671362.0453721742,-10900290.243409947,3836471.490994196,-43619799.10816049,-50683617.86057624,0.04369831385134315,-0.16563578286637567,-0.005651227276416052,0.05368767463954663,2021-10-15,2017-09-12,False,False,False,False,False,0.0,0,0,False,[],旻琯物流
2017-09-30,季报,2017-10-27,非标准无保留意见,False,306688563.29785746,88150975.61261119,218537587.6852463,0.2874283105464175,56069522.57698588,1.4489040672511983e-14,54471057.69118299,15.572056115164346,8206965.88886537,31454240.428394187,38786888.10840168,191133772.0848047,40000000,5.463439692131157,3084931.67896153,2872938.1065301346,7244848.495114951,2714453.109975472,0.0678613277493868,2455390.7925158916,-23176554.921143748,4088499.299692671,-47174094.82730231,-66262150.44875339,0.07943568690452571,0.21432949606721383,-0.00545831926422707,-0.11897016455975581,2021-10-15,2017-12-06,False,False,False,False,False,0.0,0,0,False,[],旻琯物流
2017-12-31,年报,2018-03-30,无保留意见,False,326490085.51504904,105559688.5392297,220930396.97581932,0.32331667398936714,65187080.45882658,1.5085385411626916e-14,62114036.128230736,20.18705822968327,10679789.437725918,34945727.743088655,43432442.052644216,219278584.149937,40000000,5.523259924395483,3203329.5169139346,2977433.7758847754,173837.38843566322,169139.76850343496,0.0042284942125858736,149279.52764948702,-47543180.99890384,4436221.889608058,-50336740.51301294,-93443699.62230873,0.010949188722716979,-0.12910900075559872,0.03588836344294966,-0.002960963491113004,2021-10-15,2018-05-09,False,False,False,False,False,0.0,0,0,False,[],旻琯物流
2018-03-31,季报,2018-04-30,无保留意见,False,322015796.3169697,114362199.88990967,207653596.42706,0.35514468916717234,58692036.28286763,1.4131621593753224e-14,61166159.627762675,17.632135809240857,9580971.042346962,34366322.77032062,47695386.33113937,211287006.75609866,40000000,5.191339910676501,2630146.9568539,2407852.005780093,3919888.064856683,-818832.2286571916,-0.020470805716429792,-813688.2430066896,-55004022.070880584,4707064.902536297,-45943567.56738695,-96240524.73573124,-0.06009494723450153,-0.057543476870812606,0.031828015177805216,0.027212128916602,2021-10-15,2018-06-16,False,False,False,False,False,0.0,0,0,False,[],旻琯物流
2018-06-30,半年报,2018-08-27,无保留意见,False,296072501.55418026,101061519.29583502,195010982.25834525,0.34134044453750495,65696737.883119,1.4305064207926906e-14,59968403.498015225,18.441483185084905,9498329.192819757,33904936.75321338,47038640.12407386,214517164.05386835,40000000,4.875274556458631,2464656.439953279,2261249.911422134,1109679.768579586,-236415.02414374426,-0.005910375603593606,-209431.56336851258,-43787571.00663958,3878474.6904085237,-42696913.623779416,-82606009.94001047,-0.06088319386828241,0.035993521156422355,-0.013804244629667388,-0.0005836661803414795,2021-10-15,2018-09-26,False,False,False,False,False,0.0,0,0,False,[],旻琯物流
2018-09-30,季报,2018-10-27,无保留意见,False,341835025.2344346,110218051.75215527,231616973.48227933,0.3224305399265812,63472065.79416529,1.4759856600591187e-14,67089133.30401889,20.202266178421805,10504617.514387228,36621142.41274571,47677761.44631117,215370497.5236818,40000000,5.790424337056983,5055488.196547265,4530038.4393303115,15882576.259456772,3701188.223705694,0.09252970559264236,3241126.4684402538,-13505173.660269871,4175584.2049731635,-54052793.648777336,-63382383.104074046,0.18771246008821943,0.2348902847165788,-0.01890990461092375,0.15729649905725293,2021-10-15,2018-12-04,False,False,False,False,False,0.0,0,0,False,[],旻琯物流
2018-12-31,年报,2019-03-30,无保留意见,True,404719118.14865637,146119671.47592238,258599446.67273396,0.3610397061160119,78004859.68937235,1.7176552553605776e-14,76318951.43047826,23.81354630961706,12759324.86345279,45461328.251750484,59379766.29869531,263640479.31219065,40000000,6.464986166818349,10192282.040637182,8821598.38737699,6652188.367379671,7338276.9201284535,0.18345692300321134,6130799.92578097,-74558263.31447509,5888846.4926724415,-58959173.60559125,-127628590.4273939,0.11649609605368157,0.17569468269738248,0.0386091661894307,0.049983166940606304,2021-10-15,2019-04-21,False,False,False,False,False,0.0,0,0,False,[],旻琯物流
2019-03-31,季报,2019-04-30,无保留意见,False,398914998.02717054,140204376.98033223,258710621.04683834,0.35146429107381605,83312591.62392023,1.790905626594114e-14,79630869.1421992,22.42714880039624,11889632.9689573,38616185.703611635,58593947.76366455,262773571.81888908,40000000,6.467765526170958,9435814.759128429,8131800.289027481,783085.602648679,-1080667.5450125039,-0.027016688625312597,-985425.8547850115,-8987679.040369716,5189349.167082579,-60171868.67828628,-63970198.55157341,0.00042990955910694127,-0.345913742898465,-0.009575415042195822,-0.08882581014856458,2021-10-15,2019-06-23,False,False,False,False,False,0.0,0,0,False,[],旻琯物流
2019-06-30,半年报,2019-08-27,无保留意见,False,394894965.46155745,177889221.43144044,217005744.030117,0.4504722444954993,75728258.8868792,1.5287894962033782e-14,76255860.1901672,23.10730649383405,11344817.22940132,43053855.77719218,61531786.51861407,263919025.62084278,40000000,5.425143600752925,3728353.2843029145,3337391.6513087437,25252215.179712195,-8153516.392607879,-0.20383790981519698,-6849155.196741055,-10701626.332868097,5333061.340885298,-58047423.33757812,-63415988.32956092,-0.16120280198767278,-0.4442930548497633,0.09900795342168318,0.026398755188505044,2021-10-15,2019-09-09,False,False,False,False,False,0.0,0,0,False,[],旻琯物流
2019-09-30,季报,2019-10-27,无保留意见,True,638469133.6793742,354289785.1086558,284179348.5707184,0.5549051103957873,119187748.25852254,2.6452520825862348e-14,116456825.77113184,32.48489058852759,20163138.992823288,64108033.92087305,89155157.3894394,398348867.9776352,40000000,7.10448371426796,2334634.732684647,2071067.833376912,7723988.587079635,-1991026.5023118109,-0.049775662557795274,-1809034.0256169024,-74459380.6835577,8452571.34353957,-96598701.12553915,-162605510.46555728,0.30954758751122624,0.6966033244154427,0.10443286590028801,-0.009798100559450204,2021-10-15,2019-11-12,False,False,False,False,False,0.0,0,0,False,[],旻琯物流
2019-12-31,年报,2020-03-30,无保留意见,False,813983906.5770857,508901431.5251479,305082475.0519379,0.6251983944807317,159467165.02428034,3.868250768080767e-14,167593219.23030758,49.77886259139295,24388416.115789935,86239519.05118592,124976415.22264741,577353144.1967714,40000000,7.627061876298447,-6296756.890243143,-5863279.800460234,37399403.257228404,-12330559.461325414,-0.30826398653313536,-11334782.334053067,-114209968.28959051,10971943.02852591,-120323755.56653336,-223561780.82759798,0.07355610668527414,-0.6888900803646689,0.0702932840849444,0.15376147404088703,2021-10-15,2020-05-05,False,False,False,False,False,0.0,0,0,False,[],旻琯物流
2020-03-31,季报,2020-04-30,无保留意见,False,866707745.634256,561762249.8622082,304945495.77204776,0.6481564895339791,171571965.23952508,4.357599113969615e-14,164121631.82997635,51.501587702056234,26884519.82558541,91919548.45141844,117249229.46207376,593030593.6381145,40000000,7.623637394301194,-12786710.142536245,-11906672.465867229,17331849.883903794,-9271361.788990146,-0.23178404472475364,-8633418.093438564,-88426784.64403181,12231858.000126984,-138451955.37170693,-214646882.01561177,-0.00044899098142828274,0.6551529347033118,0.022958095053247397,0.002416531784092684,2021-10-15,2020-05-20,False,False,False,False,False,0.0,0,0,False,[],旻琯物流
2020-06-30,半年报,2020-08-27,无保留意见,False,904678250.3248967,588007145.2800083,316671105.0448884,0.6499627299195461,166996229.2010166,4.0404394602375545e-14,170134440.72122923,51.579668959285094,29683972.405577425,92209276.43115722,130341876.16747877,582223528.6733664,40000000,7.91677762612221,-19908714.222582262,-18218295.00523669,25193281.80396528,-10174291.542922882,-0.25435728857307205,-9016603.627670659,-20686963.46004154,11629262.688522642,-133418437.37092581,-142476138.1424447,0.03845149194007359,-0.11682908803344748,0.001806240385567056,-0.05541179367428559,2021-10-15,2020-09-26,False,False,False,False,False,0.0,0,0,False,[],旻琯物流
2020-09-30,季报,2020-10-27,保留意见,False,693595143.281333,354374647.63876647,339220495.64256656,0.5109243498480303,131614295.02257869,2.91942780687057e-14,129845430.77454287,35.393188764475006,20409898.559172925,70576953.80177231,86637704.24643002,437439831.29615724,40000000,8.480512391064163,-26532738.187250808,-23855544.0526952,25701770.677561257,-9462891.378097922,-0.23657228445244805,-8053212.92494073,-22593816.42337066,9724669.890290262,-102005163.26454489,-114874309.79762529,0.07120760384652661,0.1042236376338866,-0.1390383800715158,-0.016948046736353,2021-10-15,2020-11-17,False,False,False,False,False,0.0,0,0,False,[],旻琯物流
2020-12-31,年报,2021-03-30,无保留意见,False,757975904.9010222,398828730.6570068,359147174.24401534,0.5261760012135037,136075435.14274997,3.3978633661926614e-14,144672574.00655064,47.56259526905724,23581400.903851822,81047518.69930218,105460030.92012066,509922613.22273165,40000000,8.978679356100383,-30444542.74151209,-27375283.028085683,9846616.133978348,-5588292.220373256,-0.13970730550933141,-5028198.536272115,-116391138.6883212,9833766.912875338,-109058198.86999325,-215615570.64543912,0.058742554938205405,0.5140696986196366,0.015251651365473436,0.04949603622281957,2021-10-15,2021-05-19,False,False,False,False,False,0.0,0,0,False,[],旻琯物流
2021-03-31,季报,2021-04-30,无保留意见,False,768846756.5690272,406949903.723173,361896852.8458541,0.5292991096680747,160795342.92332074,3.16944262795008e-14,146225427.14721718,44.56364032178346,25330838.422523607,78683936.31813109,111679551.04732274,501208218.1399296,40000000,9.047421321146352,-30730983.653942335,-27650603.040315777,1667109.0901960556,-409201.3034717832,-0.01023003258679458,-393314.303185852,-79818488.67708488,11602741.03595343,-123958645.35209128,-192174392.9932227,0.007656133192824557,0.4538401277806706,0.0031231084545709628,0.03898210144370698,2021-10-15,2021-06-24,False,False,False,False,False,0.0,0,0,False,[],旻琯物流
2021-06-30,半年报,2021-08-27,无保留意见,False,815505420.9455912,440829950.6275089,374675470.3180824,0.5405604172641301,154454321.67484552,3.854019902318453e-14,147553400.02500516,48.651043575573595,26740115.039986998,92197326.72985177,106335198.56288767,535121527.6595807,40000000,9.36688675795206,-30247837.310022376,-27214366.362546228,513607.9647113795,690209.0627427958,0.017255226568569895,623195.2539564947,-27349341.43405574,11880634.587465398,-129194788.26727621,-144663495.11386657,0.035310109418584,0.06626627122205049,0.011261307596055316,0.047118665958203486,2021-10-15,2021-09-10,False,False,False,False,False,0.0,0,0,False,[],旻琯物流
2021-09-30,季报,2021-10-27,无保留意见,False,736791781.7606045,365881675.1033322,370910106.6572723,0.49658761696423626,156045118.9154037,3.4213178619508665e-14,162637951.43592432,45.65274422032337,24425421.267133694,81464127.01646496,112466115.60050029,505577515.89434576,40000000,9.272752666431806,-29189548.51319286,-26309712.759109564,3061587.756578884,1511841.138327878,0.03779602845819695,1292362.2906238069,-8366058.739357973,10090262.093717422,-109029421.9440306,-107305218.58967115,-0.010049666869340048,0.04644558312855188,-0.04397280029989379,0.024991460546327414,2021-10-15,2021-11-26,False,False,False,True,False,0.0,0,0,False,[],旻琯物流
2021-12-31,年报,2022-03-30,无保留意见,False,825626156.3703837,454716393.42382467,370909762.9465591,0.5507533765921953,174182621.76092246,3.985751658277391e-14,155384355.8677603,50.790376084770635,28278049.680471607,86850506.09718864,121531029.1427926,554251579.0338559,40000000,9.272744073663977,-17131848.359006256,-15329276.718686098,24362761.29864478,17225285.93455229,0.43063214836380725,15686337.200604951,-108343685.27083625,11416577.16918504,-129537568.54714896,-226464676.64880016,-9.266685028153087e-07,0.8488320896234612,0.05416575962795911,0.21107382848636497,2021-10-15,2022-05-27,False,False,True,True,True,0.0,0,4,True,"['充分披露高送转的主要考虑及其合理性且送转股后每股收益不低于0.5元', '是否影响偿债能力、过去十二个月内是否使用过募集资金补充流动资金以及未来十二个月内是否计划使用募集资金补充流动资金等内容']",旻琯物流
2022-03-31,季报,2022-04-30,无保留意见,False,1008551615.2829778,619092612.7303722,389459002.5526057,0.6138432613155531,174152509.6227322,4.120989146054278e-14,160981622.2157778,53.78370438745884,27102333.694103073,95845872.76852433,125727793.08630933,603845633.1010044,40000000,9.736475063815142,-8578101.662589692,-7033801.593868734,56909318.57254861,12219638.137737952,0.3054909534434488,11850678.749739092,-22692118.964929294,14060794.840970157,-157922495.79960638,-166553819.9235655,0.05001011420861196,-0.14625583571124717,0.06308988472335786,-0.04170671202048779,2021-10-15,2022-05-30,False,False,False,False,True,0.0,0,0,False,[],旻琯物流
2022-06-30,半年报,2022-08-27,无保留意见,False,1310670987.170417,848296514.89083,462374472.27958703,0.6472230813029602,275259299.5320919,5.852495122766471e-14,246005545.26619366,75.6395997129136,40184465.78116119,141713751.41729268,191992813.3586916,870944424.7080132,40000000,11.559361806989676,-2599803.1734384065,-2447212.7918451712,29727115.680351567,8540426.413073264,0.2135106603268316,6552269.717176518,-144791230.59605423,17316316.127145298,-175898159.54657575,-303373074.0154847,0.18722245281037603,-0.12591571830292075,0.03337981998740706,-0.06231609841677013,2021-10-15,2022-10-13,True,True,False,True,False,9581962.476117719,4,0,True,"['结合所处行业特点、发展阶段和自身经营模式、盈利水平、偿债能力、资金需求等因素，未进行现金分红或现金分红水平较低原因的说明', '根据公司盈利能力、融资能力及其成本、偿债能力及现金流等情况披露现金分红方案的合理性，是否导致公司营运资金不足或者影响公司正常生产经营', '公司为增强投资者回报水平拟采取的措施', '公司在相应期间是否按照中国证券监督管理委员会相关规定为中小股东参与现金分红决策提供了便利']",旻琯物流
2022-09-30,季报,2022-10-27,无保留意见,False,1360842856.9463825,878406566.3168012,482436290.62958133,0.645487141908414,223910626.60553238,5.287782221071368e-14,242457991.12043044,74.61732227620247,37797211.95420182,136889135.18663716,173696450.9401527,844973885.8676625,40000000,12.060907265739534,774978.026865242,591374.028429447,12559978.470988773,4821116.000433784,0.1205279000108446,4340838.314678026,-190470444.76085064,19104120.617711715,-201028655.67995143,-372394979.8230903,0.04338868071821964,-0.1456244446543654,-0.0017359393945461498,0.0837587884190275,2021-10-15,2022-12-05,False,False,False,False,False,0.0,0,0,False,[],旻琯物流
2022-12-31,年报,2023-03-30,非标准无保留意见,False,1432346919.5120697,892616054.611946,539730864.9001237,0.6231842596596755,298472125.39022297,6.637576454326135e-14,284246153.3324578,90.80569346190941,50633012.35630234,168437373.95475364,221555488.92182907,1009633302.7090503,40000000,13.493271622503093,4732220.734772928,4247526.106626388,20506599.521010064,5653203.868439551,0.14133009671098878,5223074.3974242015,-58493529.21221832,21327786.38567444,-198416104.66691938,-235581847.49346328,0.11876091285705878,0.038132232466443414,-0.022302882248738692,0.0008780122710158871,2021-10-15,2023-04-28,False,False,False,True,True,0.0,0,0,False,[],旻琯物流
2023-03-31,季报,2023-04-30,无保留意见,False,1657358605.2046022,1073681960.6448876,583676644.5597146,0.6478271855428299,320410313.12637687,7.254908556122206e-14,327790410.4188227,98.55753062224508,51610213.445529215,174837496.0596668,236418164.4576441,1095606440.9115155,40000000,14.591916113992864,11929119.484718468,10938176.22911544,42420713.22843269,10281283.92849363,0.25703209821234074,9558071.60355579,-135970097.6876239,23174327.49484244,-274888485.9290829,-387684256.1218643,0.08142165386024922,0.2043013468175211,0.02464292588315442,0.014039383769401509,2021-10-15,2023-06-23,False,False,False,True,False,0.0,0,0,False,[],旻琯物流
2023-06-30,半年报,2023-08-27,无保留意见,False,1547626986.1974816,1000650934.5822449,546976051.6152369,0.6465711334233344,292172297.5699579,7.243377177967087e-14,322032376.23031574,94.54106974545283,49620116.7707383,156621042.00710168,219645858.6847898,1031622199.8940783,40000000,13.674401290380922,13575233.614640715,12351879.88006596,11500228.294063162,2351591.614174638,0.05878979035436595,2019576.644215031,-108130866.63718851,22681711.737593096,-238362649.428824,-323811804.32841945,-0.06287829620484824,-0.2906641906995042,-0.0012560521194955234,0.04862925604186675,2021-10-15,2023-09-20,False,True,False,False,False,0.0,1,0,True,"['上市公司控股子公司向母公司实施利润分配的情况', '公司为增强投资者回报水平拟采取的措施', '根据公司盈利能力、融资能力及其成本、偿债能力及现金流等情况披露现金分红方案的合理性，是否导致公司营运资金不足或者影响公司正常生产经营']",旻琯物流
2023-09-30,季报,2023-10-27,保留意见,False,1935553635.759152,1370712999.3916664,564840636.3674856,0.7081761900408681,408522331.27607137,9.46076426785651e-14,380544197.6318179,124.79189051314734,62998826.172153816,222390459.44184,277275825.13097966,1332551880.975768,40000000,14.121015909187141,10907316.78890411,9898935.817564037,5677496.1473046,-3811309.751052292,-0.0952827437763073,-3504205.803574179,-27636968.495855846,25136944.607303176,-284294689.1402663,-286794713.02881896,0.032660634226113046,-0.31846999916599805,0.061605056617533675,0.04256634545060775,2021-10-15,2023-11-07,False,True,False,False,False,0.0,0,0,True,"['公司为增强投资者回报水平拟采取的措施', '公司在相应期间是否按照中国证券监督管理委员会相关规定为中小股东参与现金分红决策提供了便利', '是否影响偿债能力、过去十二个月内是否使用过募集资金补充流动资金以及未来十二个月内是否计划使用募集资金补充流动资金等内容']",旻琯物流
2023-12-31,年报,2024-03-30,无保留意见,False,1946773687.6632392,1324786691.8556633,621986995.807576,0.6805036970916931,353180900.25005925,9.226570536729016e-14,367286382.93339634,107.89258885505927,63752792.12053342,217298997.52992418,273444756.9060641,1337933176.7408643,40000000,15.549674895189398,10752235.27683522,9765576.420945534,363543.14726885734,-221545.01724127308,-0.005538625431031827,-190513.42374071712,-293659931.5344697,25313730.83908721,-307355234.8651574,-575701435.56054,0.1011725356865273,0.2721850817671178,-0.027672492949174975,0.18456564462336256,2021-10-15,2024-05-21,False,False,False,True,True,0.0,0,0,False,[],旻琯物流
2024-03-31,季报,2024-04-30,无保留意见,False,2619005769.976581,1947846621.9129758,671159148.0636052,0.7437351395871088,506130029.3080176,1.1921085814981215e-13,523409054.34491694,152.30785839704575,88469159.47041295,292198274.53655475,382848138.9211009,1777990952.6619842,40000000,16.77897870159013,7616185.163177926,7159029.801552055,5625354.210368955,-4480071.590938991,-0.11200178977347477,-3723638.02770497,-157369680.42576027,38323247.69297474,-416359068.98625386,-535405501.7190394,0.07905656000441794,-0.2538092201024297,0.06323144249541565,-0.04566838929994264,2021-10-15,2024-06-26,False,False,False,False,False,0.0,0,0,False,[],旻琯物流
2024-06-30,半年报,2024-08-27,无保留意见,True,2161160445.8884144,1496254083.5397449,664906362.3486694,0.6923382696487681,398212860.7480704,9.571994067945871e-14,419643535.4811326,116.28833261902514,66276688.5528742,209133518.76035357,294871711.2941211,1386206189.0132465,40000000,16.622659058716735,4056108.565130951,3740716.7914879806,8649323.354996664,-5085823.711495679,-0.12714559278739196,-4883304.300091536,-423121852.740506,30848667.757083435,-323964815.9693795,-716238000.9528021,-0.009316397955650431,-0.04838303389325206,-0.05139686993834056,0.03187858721908121,2021-10-15,2024-09-20,False,False,False,False,False,0.0,0,0,False,[],旻琯物流
2024-09-30,季报,2024-10-27,无保留意见,False,1948698228.6071892,1233165296.1514468,715532932.4557425,0.6328149110254173,393825880.42574567,9.634826843816892e-14,339610016.7815873,104.83334400319652,60485797.73433482,210443891.62839508,254360276.00174373,1290951621.1512773,40000000,17.888323311393563,4589251.525889569,4232604.114019132,1302051.3469712795,761632.8010837398,0.019040820027093498,702696.1750445033,-84729862.3484156,27327939.88026653,-281211875.9565264,-338613798.42467546,0.07614090189819106,0.49079821978305616,-0.05952335862335081,0.08163719096777386,2021-10-15,2024-11-18,False,True,False,False,False,0.0,1,0,True,"['是否影响偿债能力、过去十二个月内是否使用过募集资金补充流动资金以及未来十二个月内是否计划使用募集资金补充流动资金等内容', '结合所处行业特点、发展阶段和自身经营模式、盈利水平、偿债能力、资金需求等因素，未进行现金分红或现金分红水平较低原因的说明', '公司为增强投资者回报水平拟采取的措施', '充分披露高送转的主要考虑及其合理性且送转股后每股收益不低于0.5元']",旻琯物流
2024-12-31,年报,2025-03-30,无保留意见,False,1802407188.4853697,1026764896.094277,775642292.3910927,0.5696631164443513,309740791.5080228,7.411338286309565e-14,306430855.5009007,91.87642644933837,51821123.685248196,177783364.86729112,231633083.62484428,1096074843.3142242,40000000,19.391057309777317,9383360.766225997,8583961.73799389,19143519.493433192,6848727.486194897,0.17121818715487244,6216225.177106797,-90084906.3892081,25703814.429996923,-286272353.8429501,-350653445.8021613,0.08400641984297222,0.34271031009827824,-0.06315179458106601,-0.05829535602856679,2021-10-15,2025-04-27,False,False,False,False,False,0.0,0,0,False,[],旻琯物流
2017-03-31,季报,2017-04-30,保留意见,False,256413482.87007195,68470299.88050081,187943182.98957112,0.2670308094336662,15882459.479598014,9.613253161606302,1906616.959100892,6265792.715303954,131196091.23134308,4072.6164170386855,23786058.746280644,181850009.19877544,40000000,4.698579574739278,5666241.252117043,5451820.92716522,11625394.80074272,8094630.360167205,0.20236575900418013,7788315.610236028,35228284.65206799,-269584.47854406014,-22177992.479415223,12780707.69410871,0.04412879438650623,0.39414613112040014,-0.03296919056633382,0.03303671091248963,2021-07-01,2017-05-22,False,False,False,False,False,0.0,0,0,False,[],淼骞物流
2017-06-30,半年报,2017-08-27,无保留意见,False,270054152.53003085,64585908.64318791,205468243.8868429,0.23915910212121538,16123969.697592186,8.934787853102145,1880151.2056310135,5901324.974836015,145128534.8054488,3897.391705139935,28813797.2712312,190093215.89254156,40000000,5.136706097171072,20051675.550587017,17940189.144525543,39205632.92652915,20550620.42638568,0.5137655106596419,17840526.024800465,42656102.87576305,-291707.7192226584,-23387089.400665622,18977305.75587477,0.09324658983903787,0.49636077070853823,-0.027871707312450783,-0.04708298765872397,2021-07-01,2017-09-15,False,False,False,False,False,0.0,0,0,False,[],淼骞物流
2017-09-30,季报,2017-10-27,无保留意见,False,249159538.0132087,53320670.23510415,195838867.77810454,0.21400212354012899,13501019.353433223,7.766462697720327,1439214.0316349347,4979961.267192277,105595370.24093886,3421.5255327468667,24051876.414101217,150333883.51077288,40000000,4.895971694452614,22870124.132956073,20676284.66015941,4866893.235186213,4026355.1176700816,0.10065887794175205,3908707.879476952,13590764.869309735,-253695.655412906,-22433189.07356129,-9096119.85966446,-0.046865520075411345,-0.4400530569424227,-0.0251569785810864,-0.1953106117847323,2021-07-01,2017-11-15,False,False,False,False,False,0.0,0,0,False,[],淼骞物流
2017-12-31,年报,2018-03-30,保留意见,False,290417497.82971567,63265319.242079325,227152178.58763635,0.21784265657152144,17042741.30843462,10.985358897372294,2036356.2249609097,6558816.033193606,144008273.6379027,4091.1413903876487,28717367.963833276,200151335.1862077,40000000,5.678804464690908,41817367.54112064,37790689.7166388,100862626.72918822,27067490.583092235,0.6766872645773059,24449150.08068485,44699471.94446329,-293547.42780186964,-26283380.033965312,18122544.48269611,0.15989323858332052,1.0958216645955388,0.0038405330313924547,0.08665505310774888,2021-07-01,2018-05-09,False,False,False,False,False,0.0,0,0,False,[],淼骞物流
2018-03-31,季报,2018-04-30,无保留意见,False,329045410.6109313,65809082.12218625,263236328.488745,0.2,19459151.033980444,9.270579516536783,1980579.1455457623,6691906.024629947,140870013.47165555,4516.274592272039,27656927.50775189,197191805.1532668,40000000,6.580908212218625,68342084.38199113,64016840.911415674,133332036.57231763,37892452.629815,0.947311315745375,37465930.27825266,26596041.905913062,-323568.49149048404,-25902692.137219273,369781.27720330656,0.15885451825938454,0.2456450753943334,-0.10727440451171205,0.025686648774208447,2021-07-01,2018-05-25,False,False,False,False,False,0.0,0,0,False,[],淼骞物流
2018-06-30,半年报,2018-08-27,无保留意见,False,358070684.5192437,71614136.90384874,286456547.61539495,0.2,20696485.9456295,10.79235562616094,2193417.405535164,7685394.9104249235,145569088.7434903,4731.62486999966,31979090.511370383,224436789.39852872,40000000,7.161413690384874,88659802.33199066,81839247.59541145,91317232.31260793,29025311.35714218,0.7256327839285545,25460580.977136824,29320943.526675325,-319004.3821805606,-31628228.983984318,-2626289.839489553,0.08821054168305162,-0.1615366202066293,-0.023446013102139455,-0.03193919064609208,2021-07-01,2018-09-24,False,False,False,False,False,0.0,0,0,False,[],淼骞物流
2018-09-30,季报,2018-10-27,无保留意见,False,353355673.82156944,70671134.76431389,282684539.05725557,0.2,19270629.37836061,11.1716386810738,2325534.4509520833,7618265.919492353,152860584.94873905,4732.060920243245,35123798.19519127,223459838.94896868,40000000,7.067113476431389,107111729.37198791,98384535.62103054,108751638.44469726,26359895.771424644,0.6589973942856161,23636125.75088443,70353378.99262108,-352218.8362859179,-29145465.12315185,40855695.03318331,-0.01316782105188164,-0.0579119512095146,0.03902915107338615,-0.08580352143999706,2021-07-01,2018-11-10,False,False,False,False,False,0.0,0,0,False,[],淼骞物流
2018-12-31,年报,2019-03-30,无保留意见,False,359105544.3950344,71821108.87900688,287284435.5160275,0.2,24875252.480552483,14.513923539095405,2374118.111008909,8439232.039130596,189464442.45638067,5584.424814869182,37140614.65771441,250470000.57877502,40000000,7.182110887900688,126008126.98962367,115303368.93503374,82369217.8377401,26994853.73947966,0.6748713434869915,24169761.877147444,50775931.81327368,-327090.877932798,-32187166.704897467,18261674.23044342,0.01627218974943744,0.014643899777855674,0.06847469443939194,0.029012284740947802,2021-07-01,2019-04-26,False,False,False,False,False,0.0,0,0,False,[],淼骞物流
2019-03-31,季报,2019-04-30,无保留意见,False,355681358.2943501,103164469.55795212,252516888.73639795,0.2900474459855628,20607460.38074585,12.026762733609273,2257685.293315283,7542942.4457938,155432289.91940403,4910.637463822702,34007781.84678542,222323332.67642412,40000000,6.312922218409949,137292745.0034628,125637459.16000591,53050970.58441223,16120882.876913015,0.40302207192282535,14762986.035674533,23007478.016120646,-359027.7581312488,-30621148.264233857,-7972698.006244458,-0.12102133802403588,-0.2471646099100148,0.09542136151511478,-0.008643408045923751,2021-07-01,2019-06-06,False,False,False,False,False,0.0,0,0,False,[],淼骞物流
2019-06-30,半年报,2019-08-27,无保留意见,False,339436062.7526596,106462495.95653358,232973566.79612604,0.31364521227701936,20976027.161375247,10.825292999275142,2151198.8060083836,7443084.601207867,151525621.63785553,5005.5742028297755,33805634.46544823,222389966.64608434,40000000,5.824339169903151,147733117.22548106,135500035.44584662,25756471.815600023,14914817.460026145,0.3728704365006536,14089394.694058137,22114691.787321635,-334783.4536942945,-29478141.570761636,-7698233.237134296,-0.07739411822340793,-0.03641404793975347,0.023597766291456587,-0.02608141514751971,2021-07-01,2019-10-23,False,False,False,False,False,0.0,0,0,False,[],淼骞物流
2019-09-30,季报,2019-10-27,无保留意见,True,356845961.6998592,90027777.06117283,266818184.63868636,0.25228750420018653,18931589.465343233,11.251490833866862,2242031.6161735584,7574799.8524372075,168016706.42265335,5421.098556708425,33626384.15330791,224181017.08832923,40000000,6.670454615967159,160419899.96754444,146524495.57944393,12076955.346627945,18123975.345804773,0.4530993836451193,15749228.762281852,58521513.762448326,-395757.6887915196,-29579613.588014077,28546142.485642727,0.14527235131433422,0.10055385370128339,-0.06135770807683288,0.07871696823309997,2021-07-01,2019-12-04,False,False,False,False,False,0.0,0,0,False,[],淼骞物流
2019-12-31,年报,2020-03-30,无保留意见,False,331225096.1011646,69608675.21839315,261616420.88277146,0.2101551966857393,19199854.240126885,11.021802010616698,2089559.5219922187,7139436.5508744735,165029475.2692771,4737.7258973773105,27780479.656845536,212539073.29203084,40000000,6.540410522069287,173901013.03601798,159077884.9060554,80395311.50735168,19258732.95496221,0.48146832387405525,17933413.32373064,12949285.637980664,-346796.2918610669,-28036236.352531765,-15433747.006412167,-0.0194955368688941,0.03230720890746121,-0.04213230751444723,-0.01264380311914229,2021-07-01,2020-05-27,False,False,False,False,False,0.0,0,0,False,[],淼骞物流
2020-03-31,季报,2020-04-30,无保留意见,False,396164744.9144252,92825902.61069287,303338842.30373234,0.23431136617354487,20841253.989175078,13.499427136304337,2444439.0958550903,8304030.812455709,186609239.2851541,5547.523358115733,36897057.87880074,247354892.12023953,40000000,7.583471057593308,177043653.48679453,162095109.07829034,21538606.376849,4489486.358252205,0.11223715895630512,4310320.246049961,53142160.76808919,-385967.4918230639,-34591215.886091046,18164977.39017508,0.15947936784769481,-0.40732936297181754,0.024156169487805572,0.12337639873130747,2021-07-01,2020-06-20,False,False,False,False,False,0.0,0,0,False,[],淼骞物流
2020-06-30,半年报,2020-08-27,无保留意见,False,486464995.54652536,145669976.85293102,340795018.69359434,0.2994459584687614,25957971.659811083,15.916164786207357,2906700.8702934994,10045059.214662537,208875690.4532118,6658.875010791343,42744369.39340485,295830380.445487,40000000,8.519875467339858,185904613.3648767,170356934.3279397,44123422.80634543,12658514.111545946,0.31646285278864866,11802607.499499047,25544236.647194263,-466920.831898859,-41120832.05919075,-16043516.243895348,0.12347965761785704,0.38014067051708494,0.06513459229521652,0.056759138474274884,2021-07-01,2020-10-04,False,False,False,False,False,0.0,0,0,False,[],淼骞物流
2020-09-30,季报,2020-10-27,无保留意见,False,504104157.7040912,157659994.12705,346444163.57704115,0.31275281450782305,28738231.240696844,16.227951260163508,3449501.536277823,11488786.299193678,240541349.63448095,8005.780776540706,50809667.89585127,339348883.4422024,40000000,8.66110408942603,201614944.90703052,184788753.27808616,112018349.57647008,22443330.774505496,0.5610832693626374,20616884.214494936,7783661.300533256,-526096.2783374268,-43901199.57911503,-36643634.5569192,0.016576371641528954,0.32991594340022445,0.013306856039061682,-0.06723781188891234,2021-07-01,2020-12-18,False,False,False,False,False,0.0,0,0,False,[],淼骞物流
2020-12-31,年报,2021-03-30,无保留意见,False,507459641.19768643,143896526.32939026,363563114.8682962,0.2835625035909679,26829392.42620442,16.279068078336717,3162952.107303504,8757624.759697925,212225818.63837072,6990.004689910908,45467644.03120311,317489333.67300713,40000000,9.089077871707405,223569806.59015417,204199115.39948094,60603713.26573948,31364088.11874806,0.7841022029687016,27729088.744849723,51975399.285201624,-520974.2348080886,-43549358.64857167,7905066.401821867,0.04941330549344991,0.22616643090417116,-0.029190310916855193,-0.09488531499920598,2021-07-01,2021-04-12,False,False,False,False,False,0.0,0,0,False,[],淼骞物流
2021-03-31,季报,2021-04-30,无保留意见,False,480507463.18754363,137345925.44410348,343161537.74344015,0.28583515546874433,26998852.14259097,17.187626795489656,2996559.3407045417,10698625.791905839,236677650.55717197,6976.405744633506,48801587.17631988,315411271.09286326,40000000,8.579038443586004,234137701.5056237,213649219.64549702,62874469.64017994,15096992.736385044,0.3774248184096261,13500148.92288011,39685342.18524166,-447460.78147309716,-38037854.03069055,1200027.373078011,-0.05611564069761774,-0.3363465748061353,0.002272651877776436,0.07270752610309933,2021-07-01,2021-06-22,False,False,False,False,False,0.0,0,0,False,[],淼骞物流
2021-06-30,半年报,2021-08-27,保留意见,False,500638252.1387025,206997782.6369942,293640469.5017083,0.4134677718945958,30436514.621519104,16.85145766933753,3508835.925058047,9416107.205610346,230345333.15698949,7081.615755289108,56104629.26351699,337656644.22023237,40000000,7.341011737542709,249886382.4598515,227347891.6014381,70502823.66912277,22498115.648896895,0.5624528912224224,19569531.365630087,62284316.782539606,-535270.841090387,-44014647.18663659,17734398.754812628,-0.14430832944557892,0.23058617900118608,0.1276326164258515,0.04567434478706563,2021-07-01,2021-09-29,False,False,False,True,False,0.0,0,0,False,[],淼骞物流
2021-09-30,季报,2021-10-27,保留意见,False,537448819.2524179,197080786.7920653,340368032.46035266,0.36669684578747663,30918260.604881383,17.73393797546134,3318520.852343727,12117095.97127525,252613900.45771188,7674.544830349451,53091286.775647156,351285528.9325835,40000000,8.509200811508817,266235727.21021292,241917408.45759353,45804198.73041234,23356206.786230557,0.5839051696557639,20813595.50879349,61231204.15670616,-546628.2576172892,-43712297.10648235,16972278.792606525,0.15913189022595697,0.02172486264816594,-0.04677092610711919,-0.044134474641999995,2021-07-01,2021-12-06,False,True,False,False,False,0.0,4,0,True,"['公司在相应期间是否按照中国证券监督管理委员会相关规定为中小股东参与现金分红决策提供了便利', '上市公司控股子公司向母公司实施利润分配的情况', '是否影响偿债能力、过去十二个月内是否使用过募集资金补充流动资金以及未来十二个月内是否计划使用募集资金补充流动资金等内容']",淼骞物流
2021-12-31,年报,2022-03-30,无保留意见,False,498547392.3401698,176398631.51404256,322148760.82612723,0.3538252014237433,27871192.86181555,15.70242891772434,2732555.627521716,10837584.10556928,228772645.7734742,6626.98852077717,44827597.2836359,302813038.6756307,40000000,8.053719020653181,285650761.8341319,258397380.00921655,116772811.41546725,27735763.748455726,0.6933940937113932,23542816.502318613,8851645.131568413,-527069.8037350174,-41739457.48843016,-33414882.16059676,-0.05352815157912235,0.10852251266884348,-0.012871644363733352,0.046540686793037696,2021-07-01,2022-05-21,False,True,False,False,False,0.0,4,0,True,"['结合所处行业特点、发展阶段和自身经营模式、盈利水平、偿债能力、资金需求等因素，未进行现金分红或现金分红水平较低原因的说明', '结合前述财务报表列报项目的具体情况说明现金分红方案确定的依据及未来增强投资者回报的规划']",淼骞物流
2022-03-31,季报,2022-04-30,无保留意见,False,528306429.7289056,185229460.821253,343076968.9076526,0.35060989304313667,30730736.46977835,21.05755021106845,3791533.7448685933,13177662.540083662,278188305.15356463,9149.062613339009,56771766.559660494,389363382.74924064,40000000,8.576924222691316,277708138.82076746,251259195.07312474,42623975.00584879,-11346604.304806333,-0.28366510762015834,-10197407.051559733,92414550.11800513,-529575.6355336145,-44294780.51194162,47590193.97052989,0.06496442211311472,-0.8736269324252048,-0.0032153083806066222,0.010675515945203074,2021-07-01,2022-06-20,False,False,False,False,False,0.0,0,0,False,[],淼骞物流
2022-06-30,半年报,2022-08-27,保留意见,True,503421536.6458249,182804278.05876133,320617258.58706355,0.36312367420103187,27256303.06268819,16.168892816277165,3083787.2269942025,9633902.47488984,224094422.39348805,6614.718461455874,47561577.872304454,303214915.04245055,40000000,8.015431464676588,267334265.2802526,241593295.9612941,57352442.40198874,-14819819.343592633,-0.3704954835898158,-13808427.302615184,95379641.15062697,-500761.1106264205,-43905461.51180227,50973418.52819829,-0.06546551461061378,-0.6143590907211949,0.012513781157895225,0.02533275855187346,2021-07-01,2022-10-12,False,False,False,False,False,0.0,0,0,False,[],淼骞物流
2022-09-30,季报,2022-10-27,无保留意见,False,554176827.5523978,199136271.14245337,355040556.4099445,0.3593370585738266,31738968.98298753,19.204417607179835,3509587.847755183,11885902.909530262,241552528.00442946,7835.871512069996,50137025.442255065,342327675.2972985,40000000,8.876013910248611,256227698.86052477,231789878.18734244,57979854.9127127,-15866523.456754046,-0.3966630864188511,-14004882.534216713,80190254.18509905,-569092.9622051149,-44712088.11365369,34909073.10924025,0.10736570443706582,-0.4800997156291791,-0.0037866156272052596,-0.024196358253138275,2021-07-01,2022-11-29,False,False,False,True,False,0.0,0,0,False,[],淼骞物流
2022-12-31,年报,2023-03-30,无保留意见,False,633264827.8137136,265363173.8186632,367901653.9950504,0.41903981109262656,37931260.173889205,21.058905314217416,4037218.493109321,12881073.276758075,303243548.28151774,9743.214207081617,61557321.55864082,403218338.941447,40000000,9.197541349876259,245659515.81687653,221528446.35682538,12013642.76985389,-15097404.348068943,-0.3774351087017236,-14659188.329310056,78368375.89299874,-572366.2015482526,-51577605.72035691,26218403.97109358,0.03622430551358179,0.6785487650962452,0.05970275251879993,0.06049723186695502,2021-07-01,2023-05-17,False,False,False,False,False,0.0,0,0,False,[],淼骞物流
2023-03-31,季报,2023-04-30,无保留意见,False,727470016.0612524,312339433.70943564,415130582.3518168,0.4293502506131289,47234705.71365566,24.22041466930198,4941724.314141478,16257578.976998627,358635170.7623927,11165.937830195742,78800123.44665907,498122292.8872717,40000000,10.378264558795419,236362719.8117713,213374606.2946982,11143732.151839674,-13281137.15015032,-0.332028428753758,-11648342.945895966,44249635.60163548,-782830.6551712778,-65960867.71883696,-22494062.77237276,0.12837378642880956,0.9546259585294368,0.010310439520502389,0.08310260220318055,2021-07-01,2023-06-26,False,False,False,False,False,0.0,0,0,False,[],淼骞物流
2023-06-30,半年报,2023-08-27,无保留意见,False,623724823.5801706,202898526.0053692,420826297.5748014,0.32530134818225587,36157208.444312625,20.76973274569276,4315774.06140948,12926868.99467549,301484603.9219322,9252.95285204026,59604684.0309039,403040369.0191855,40000000,10.520657439370035,226301735.08529726,203774147.09226903,10750212.836717676,-14372835.323534384,-0.35932088308835963,-13714941.717755985,74836213.93084855,-589979.4118982283,-57143236.53174619,17102997.987204142,0.013720297817416644,-0.2935569870311813,-0.10404890243087307,0.15691538007499128,2021-07-01,2023-09-21,False,False,False,False,False,0.0,0,0,False,[],淼骞物流
2023-09-30,季报,2023-10-27,无保留意见,False,611525479.7981555,209234104.32258305,402291375.47557247,0.34215108157332114,36025088.68752242,20.682071786888088,3773781.8640994984,14498502.864289658,316528458.6522595,9174.276410846329,65776083.89448625,402286309.36365336,40000000,10.057284386889311,215483537.33094135,194257835.61431295,59975671.22809792,-15454568.220508482,-0.38636420551271206,-13594730.68279441,62920396.15853346,-577465.6786676944,-51730775.23283117,10612155.247034594,-0.04404411560314707,-0.41174917836874175,0.016849733391065266,-0.051266088095071966,2021-07-01,2023-12-21,False,True,False,False,False,0.0,3,0,True,"['结合所处行业特点、发展阶段和自身经营模式、盈利水平、偿债能力、资金需求等因素，未进行现金分红或现金分红水平较低原因的说明', '公司在相应期间是否按照中国证券监督管理委员会相关规定为中小股东参与现金分红决策提供了便利', '充分披露高送转的主要考虑及其合理性且送转股后每股收益不低于0.5元']",淼骞物流
2023-12-31,年报,2024-03-30,非标准无保留意见,False,701311484.7432513,276644285.35532504,424667199.38792634,0.39446706830503986,38474295.50210416,23.70067209710572,5133449.285400345,16698659.501686316,344904155.4022003,9695.171136149682,68280614.57215358,471230115.7715558,40000000,10.616679984698159,204965894.5945091,185067396.8581183,44098770.688833304,-15025203.909188902,-0.37563009772972256,-13129198.223135218,100768453.85061891,-708815.8357728076,-57751069.033536054,42308568.98131005,0.0556209386440414,0.27782805881010914,0.05231598673171876,0.023174758604132185,2021-07-01,2024-05-20,False,False,False,True,False,0.0,0,0,False,[],淼骞物流
2024-03-31,季报,2024-04-30,无保留意见,False,862427067.8189338,348469338.0642962,513957729.75463766,0.40405658758551066,50889986.91634904,31.830039120530586,6260162.801582073,17271812.415885027,456686541.3923449,14188.80289876849,91949123.14500423,619315633.0080867,40000000,12.848943243865941,195219952.41588232,175939416.2908618,8912465.017791368,-13922774.54089538,-0.3480693635223845,-13039972.23893788,115018251.3161522,-847672.2321427886,-74051063.17694363,40119515.90706578,0.2102600118290417,0.5582497217931629,0.009589519280470804,-0.009691219865628724,2021-07-01,2024-05-23,False,False,True,False,True,0.0,0,7,True,"['充分披露高送转的主要考虑及其合理性且送转股后每股收益不低于0.5元', '结合所处行业特点、发展阶段和自身经营模式、盈利水平、偿债能力、资金需求等因素，未进行现金分红或现金分红水平较低原因的说明']",淼骞物流
2024-06-30,半年报,2024-08-27,无保留意见,False,842964644.1816819,282880964.99783933,560083679.1838425,0.3355786828668828,51977338.21636323,27.019988309083885,5383067.561779887,18694883.453460537,386788084.9691689,12322.997655494044,85276769.39514773,538170974.5173918,40000000,14.002091979596063,185696070.98062542,167963860.94226977,35452208.09707184,-13605544.907509845,-0.34013862268774614,-11393650.49798855,65704824.723014414,-794717.1418846683,-72275600.88231975,-7365493.301190004,0.08974658178839987,0.10308949981124849,-0.06847790471862787,0.07226340046566718,2021-07-01,2024-10-21,False,False,False,False,False,0.0,0,0,False,[],淼骞物流
2024-09-30,季报,2024-10-27,无保留意见,False,890131624.7162781,296405854.3328151,593725770.3834629,0.33299103874361496,54705523.00010036,31.628118437289363,5554328.772663894,18499149.326786425,419433279.81459415,13128.937783578504,86221364.53699522,598454206.6327438,40000000,14.843144259586573,178457644.91390803,162229409.35365066,0.0,-10340608.666739121,-0.25851521666847804,-8192073.698027318,93680169.28371602,-929939.7031969379,-77699782.28886665,15050447.291652426,0.0600661873394416,0.9618439931622675,-0.002587644123267847,0.1303681406303562,2021-07-01,2024-12-16,False,False,False,True,False,0.0,0,0,False,[],淼骞物流
2024-12-31,年报,2025-03-30,无保留意见,False,1011449852.1193595,346811158.21602947,664638693.90333,0.3428851736834333,59696538.91484517,32.74907546706464,6629470.406139567,21175153.6065799,519024998.7574107,15412.788341464506,102378850.32936391,667675324.4004242,40000000,16.61596734758325,171140573.00891846,155656157.2907009,5909235.227865076,-10452959.864270816,-0.2613239966067704,-9390360.0899282,113464869.1981545,-1099912.6620707032,-82024338.03291212,30340618.503171667,0.11943716620901816,-0.016871091051602085,0.00989413493981834,-0.07416833388241097,2021-07-01,2025-04-10,False,False,False,False,False,0.0,0,0,False,[],淼骞物流
2017-03-31,季报,2017-04-30,非标准无保留意见,False,248269857.10671952,64311867.55313328,183957989.55358624,0.2590401762928821,60933932.38885379,202011.28646387256,38628123.3746615,20636.528668229737,0.847684089964373,1344857.9052710894,2989.913314052926,104833991.44312137,40000000,4.598949738839656,-342194.67067028023,-330936.5854375136,881718.4344184264,-488849.52952897176,-0.012221238238224293,-472766.5506250194,24791666.793868076,-41775559.687667355,75610896.12047033,58627003.226671055,0.021988830853256952,-0.08271386275160951,-0.04095982370711789,-0.06856989108837531,2021-03-19,2017-06-09,False,False,False,False,False,0.0,0,0,False,[],璟璋实业
2017-06-30,半年报,2017-08-27,非标准无保留意见,False,243266838.65710554,48653367.731421106,194613470.92568442,0.2,64745079.35494153,213365.25481049792,41192122.603351235,19278.29615478857,0.9446707090592222,1475609.9252349148,3045.3425788955983,105791707.3745901,40000000,4.86533677314211,-272334.5101094797,-269684.0037522189,131625.70386887458,99800.22937257215,0.002495005734314304,87503.68812184955,23507626.012371734,-43123117.98031718,68810247.78576519,49194755.81781974,0.05792344979392304,0.03565165007455396,-0.07378056767845996,0.13371753431451835,2021-03-19,2017-09-26,False,False,False,False,False,0.0,0,0,False,[],璟璋实业
2017-09-30,季报,2017-10-27,无保留意见,False,244213092.3118832,54977988.05842117,189235104.25346205,0.22512301669809365,64206390.15444874,218089.7407132513,42264171.4689716,21516.172399883973,0.8411830814405503,1449992.7076413925,3135.7337745385535,111829129.51425092,40000000,4.730877606336551,3440159.2271223967,2912768.0222941437,11383844.829505911,5303562.481759824,0.1325890620439956,4546360.03720909,19698348.089549966,-47939742.83696548,76655114.32105483,48413719.57363932,-0.027636147932823017,0.3043171371937245,0.03986340808367151,0.12667610811869456,2021-03-19,2017-11-10,False,False,False,False,False,0.0,0,0,False,[],璟璋实业
2017-12-31,年报,2018-03-30,保留意见,False,263230417.0016954,62366376.37745456,200864040.62424085,0.23692693681768878,63038522.72009086,201602.8452427073,42875835.64244227,20246.292087302947,0.9459263287028616,1353859.9589006857,3361.911549116579,108781062.71674915,40000000,5.021601015606021,493856.01961839886,297099.8341661233,5947365.718588132,-4209004.582148569,-0.10522511455371422,-3736668.8401828865,18780590.280280974,-48321434.63277071,78389132.01290686,48848287.660417125,0.061452320998555084,-0.426504378916503,0.011803920119595154,-0.041782359820510165,2021-03-19,2018-05-04,False,False,False,False,False,0.0,0,0,False,[],璟璋实业
2018-03-31,季报,2018-04-30,无保留意见,False,269271592.54883903,57983294.5187662,211288298.03007284,0.21533387153808103,70468411.49791639,229916.69366622617,43766462.00116998,23655.00752607867,0.9532487463056125,1393229.855299304,3668.4085262195654,116608263.34735364,40000000,5.282207450751821,4960117.667052101,4054987.433710483,24558334.568476863,6380373.782048147,0.1595093445512037,5368410.856491943,9525589.830008157,-47350636.9317376,79450692.7028465,41625645.60111705,0.051897081097421464,0.8278775824919706,-0.021593065279607766,0.057959642413404594,2021-03-19,2018-06-14,False,False,False,False,False,0.0,0,0,False,[],璟璋实业
2018-06-30,半年报,2018-08-27,无保留意见,True,338659859.4903965,82189150.54015687,256470708.95023966,0.24268937766593368,79255852.42702904,296611.38488675264,58553989.91771151,24887.35141310437,1.1330069353928074,1591879.2058135488,4110.0674383058495,136328083.0269679,40000000,6.411767723755991,17118192.31779064,15700321.00456254,64216754.663490094,17368678.07248363,0.43421695181209075,16636190.81550294,42954920.14657811,-62052159.331780136,103924600.1527686,84827360.96756658,0.21384246710026478,0.46997983834084334,0.02735550612785266,-0.09917160198500298,2021-03-19,2018-10-15,False,False,False,False,False,0.0,0,0,False,[],璟璋实业
2018-09-30,季报,2018-10-27,无保留意见,False,309082990.9191766,72087885.84812659,236995105.07105002,0.23323148787238557,79865511.0254566,263038.34534512815,59267736.35199519,26979.65522097067,1.244441212360214,1505602.7785036885,4218.891828420632,134345052.54613963,40000000,5.924877626776251,31343302.103369355,28400176.54227867,0.0,20321585.407969594,0.5080396351992399,18142650.7681659,29698834.50183559,-58824972.52180304,92940595.71877071,63814457.69880326,-0.0759369518605272,0.08591856018605876,-0.009457889793548117,0.08087697056851775,2021-03-19,2018-11-20,False,False,False,False,False,0.0,0,0,False,[],璟璋实业
2018-12-31,年报,2019-03-30,无保留意见,True,332263734.51964307,87080690.70266238,245183043.81698072,0.2620830432444148,89054913.57787369,323469.37319784745,61869429.24597787,29133.999501501952,1.2568491751877597,1936305.0214766783,4902.757425451521,151261366.83671257,40000000,6.129576095424518,31714052.90756883,28748124.97938041,441912.7375182911,529644.0059992559,0.013241100149981398,497069.19585962285,41592123.08532278,-63011898.991801195,99519697.77036583,78099921.86388743,0.03454897831529484,-0.5303081631077762,0.02885155537202917,0.1463764629057427,2021-03-19,2019-05-15,False,False,False,False,False,0.0,0,0,False,[],璟璋实业
2019-03-31,季报,2019-04-30,无保留意见,False,348366195.2554544,93043494.30299832,255322700.95245612,0.26708531301313604,75104772.5563331,252685.72013306443,60815774.487929806,27956.078461177534,1.2300787742594665,1729380.8190494052,4444.156726947796,140814282.3019932,40000000,6.383067523811403,24757694.808813192,22493884.397589996,32483052.818611898,-9937654.426793765,-0.24844136066984412,-8934629.40255773,62519600.00884365,-59832234.102732964,105861312.36364308,108548678.26975377,0.041355458263436055,-0.5971198519040516,0.0050022697687213055,-0.06048147250979339,2021-03-19,2019-06-03,False,False,False,False,False,0.0,0,0,False,[],璟璋实业
2019-06-30,半年报,2019-08-27,非标准无保留意见,False,403475852.587281,135638233.4088163,267837619.17846465,0.3361743522915654,100793858.44392231,370941.1888658073,69562276.69411473,33800.3303903369,1.414158690736356,2104886.132279129,5381.4383027176,175856179.7380894,40000000,6.695940479461616,19488151.70611687,17896772.69958575,13196971.659788942,-7527918.718137607,-0.18819796795344018,-6567302.425720354,26327153.32971163,-75877282.51547049,123530400.66923667,73980271.48347782,0.049016081137019274,0.341208977056919,0.06908903927842934,0.05051234925805371,2021-03-19,2019-10-21,False,False,False,False,False,0.0,0,0,False,[],璟璋实业
2019-09-30,季报,2019-10-27,无保留意见,False,463925037.2810567,190965198.44796258,272959838.8330941,0.4116294295456862,115576871.90223043,411014.6829213416,78661184.48129754,40062.449825248186,1.5476217258910474,2406622.692239367,6565.540780668618,203958285.10348672,40000000,6.823995970827353,17177232.19255052,15798695.943021027,8390806.350272255,-3301313.5908090714,-0.08253283977022678,-2997252.5093781757,58386210.87007055,-85983681.67092131,138857733.6241447,111260262.82329394,0.01912434732036847,0.4462171513901433,0.0754550772541208,-0.022006363153991376,2021-03-19,2019-11-21,False,False,False,False,False,0.0,0,0,False,[],璟璋实业
2019-12-31,年报,2020-03-30,无保留意见,False,566755191.0199705,265516817.82064036,301238373.1993302,0.46848590366291754,143556526.18462136,476768.2227456495,104670823.39800648,51136.447657155084,2.13164625646912,2882495.5385962604,8172.327291779933,250902630.25831196,40000000,7.530959329983255,14619023.223916613,13432586.271114709,4186056.2517435965,-3654584.240905583,-0.09136460602263957,-3380156.6741518877,98694910.89458598,-107253150.55790488,155407020.90933374,146848781.24601483,0.10359961555929639,-0.025788651520593165,0.05685647411723136,0.08009373969059938,2021-03-19,2020-05-09,False,False,False,False,False,0.0,0,0,False,[],璟璋实业
2020-03-31,季报,2020-04-30,无保留意见,False,596572153.0903856,328860114.77274287,267712038.31764266,0.5512495229104633,158578531.32732552,512804.633270303,105102526.86133374,49875.680263034075,2.276270946595872,2843699.312751599,7476.399782155616,264009603.11876428,40000000,6.692800957941066,9644785.279414138,9161572.850802325,22804506.33705435,-7106054.206432106,-0.17765135516080266,-6101447.743303405,91504910.15586564,-104658927.09584798,176027951.68520296,162873934.7452206,-0.11129503364932561,-0.2586258853100527,0.08276361924754572,0.007041238398153083,2021-03-19,2020-05-12,False,False,False,False,False,0.0,0,0,False,[],璟璋实业
2020-06-30,半年报,2020-08-27,非标准无保留意见,False,626462319.8061537,378720227.78183,247742092.02432364,0.6045379200125196,152919929.8173949,568414.1014716383,107633282.95686218,53878.111961444294,2.151822731673411,3203821.041029498,7684.892876302594,261428458.09773606,40000000,6.193552300608091,11990854.11403151,11364041.538154483,10910083.625928761,3351526.906596247,0.08378817266490618,3146383.8390745125,29433748.096469183,-107579933.614476,174140523.40961936,95994337.89161254,-0.07459487596752948,1.0569676983501244,0.05328839710205622,0.07020007357761497,2021-03-19,2020-10-25,False,False,False,False,False,0.0,0,0,False,[],璟璋实业
2020-09-30,季报,2020-10-27,无保留意见,False,803039389.5877045,518948074.9773625,284091314.610342,0.6462299131351454,213454078.1033974,672039.8444702307,135185811.84264937,66158.18317561533,2.8523384418611673,4418336.466019533,10019.092120872234,356471704.03477895,40000000,7.102282865258551,13539727.87206322,12833209.014606971,8455805.957714966,2212676.7971881554,0.05531691992970388,2098810.680646412,128209585.55806214,-149709390.98962563,236986731.96202084,215486926.53045735,0.1467220297084179,-0.05595895161256788,0.04169199312262594,0.08988387740073335,2021-03-19,2020-12-15,False,False,False,False,False,0.0,0,0,False,[],璟璋实业
2020-12-31,年报,2021-03-30,无保留意见,False,818714803.0888262,520953027.3418066,297761775.74701965,0.6363058605711883,202709906.644192,827329.109197694,136231231.45263842,70039.51559153193,2.69658358294733,3939444.253263969,10470.366352555075,350519305.81840074,40000000,7.444044393675491,19832135.679493263,18590263.462143026,12470540.375713635,8989154.01061435,0.22472885026535877,8224363.4964800775,40972932.05480661,-147088417.6202518,244972992.49277732,138857506.92733213,0.04811995451331531,0.3527086457009446,-0.009924052563957174,0.05416040696029211,2021-03-19,2021-04-16,False,False,True,False,True,0.0,0,4,True,['留存未分配利润的预计用途以及收益情况'],璟璋实业
2021-03-31,季报,2021-04-30,无保留意见,False,961574638.7319224,673321104.1032051,288253534.62871736,0.7002276027071055,237225247.55029726,823694.8228065261,164935740.0107252,80952.68501988941,3.5525898125105444,4695311.061281129,12156.849127148022,414587694.03910005,40000000,7.206338365717934,22279163.201921053,20750518.902213685,1978030.857204174,3495753.603468273,0.08739384008670682,3086079.2001009407,185989008.2566625,-179710307.48279846,296908659.2532963,303187360.02716035,-0.03193237645916148,-0.2113728059367571,0.06392174213591718,0.023983244588307775,2021-03-19,2021-06-09,True,True,False,False,True,4303015.74669466,4,0,True,"['留存未分配利润的预计用途以及收益情况', '根据公司盈利能力、融资能力及其成本、偿债能力及现金流等情况披露现金分红方案的合理性，是否导致公司营运资金不足或者影响公司正常生产经营', '结合前述财务报表列报项目的具体情况说明现金分红方案确定的依据及未来增强投资者回报的规划', '上市公司控股子公司向母公司实施利润分配的情况']",璟璋实业
2021-06-30,半年报,2021-08-27,无保留意见,False,1165445968.038271,861559457.8899064,303886510.14836466,0.7392530254663976,286860558.8350862,1059271.123144734,205871386.58511513,95516.57450937145,4.168069890290428,5965201.680304236,14358.981225572064,493671147.3735916,40000000,7.597162753709116,29513586.39703195,27450775.248585247,48124774.69537659,10334890.278729852,0.2583722569682463,9571794.780530807,98490236.50062932,-229783997.76853326,335910527.85037285,204616766.58246893,0.054233421768039115,0.33368554323878413,0.03902542275929218,0.013645095628006957,2021-03-19,2021-09-17,False,False,False,False,False,0.0,0,0,False,[],璟璋实业
2021-09-30,季报,2021-10-27,无保留意见,False,1091343602.7597613,774843221.7135068,316500381.04625463,0.7099901623595936,248146301.14345327,951041.3545175667,178220607.6153072,79758.5985893696,3.2442422064138197,5309284.6297343755,13316.607997332272,436978325.5717211,40000000,7.912509526156366,35420008.8321345,32382924.95924849,23113305.872195825,8437746.335860793,0.21094365839651982,7045928.158090345,213584725.860558,-206622466.80901602,330067368.7453729,337029627.7969149,0.041508492403073624,-0.06940375189086767,-0.029262863106804093,-0.019364347420806133,2021-03-19,2021-12-19,True,False,False,False,True,5406194.235940712,0,0,True,"['公司为增强投资者回报水平拟采取的措施', '结合前述财务报表列报项目的具体情况说明现金分红方案确定的依据及未来增强投资者回报的规划', '结合所处行业特点、发展阶段和自身经营模式、盈利水平、偿债能力、资金需求等因素，未进行现金分红或现金分红水平较低原因的说明', '充分披露高送转的主要考虑及其合理性且送转股后每股收益不低于0.5元']",璟璋实业
2021-12-31,年报,2022-03-30,无保留意见,False,1416299872.3382514,1102066331.717397,314233540.6208543,0.7781306439701445,339739518.04569316,1192381.6536080746,233672957.815294,113140.13785160326,4.651414938212054,6476266.435486829,17860.315819865606,555979907.8447015,40000000,7.855838515521358,41472310.85496772,37684684.46162256,24776851.792879548,8646145.746904597,0.21615364367261491,7573942.146248667,87595689.5590737,-247902306.34008926,426859313.7150932,266552696.93407762,-0.0071622044115927175,0.008192526503419601,0.06814048161055097,0.12246881360355681,2021-03-19,2022-04-24,False,True,False,True,False,0.0,2,0,True,['公司为增强投资者回报水平拟采取的措施'],璟璋实业
2022-03-31,季报,2022-04-30,无保留意见,False,1126366786.341686,853297933.8111427,273068852.53054327,0.7575666684762248,287698795.7652792,1125282.2919834717,213640423.90451849,103353.53180560842,4.0702093491788975,6044521.940998044,14284.847683672922,498616608.05241996,40000000,6.826721313263581,41276259.36825467,37491531.2237187,743909.4411188493,-280073.5524472166,-0.007001838811180414,-275933.1970055076,164580684.08046314,-192775999.86707154,305557479.3981904,277362163.611582,-0.13100029999655338,-0.34805305200408837,-0.020563975493919823,0.05429234105898385,2021-03-19,2022-05-29,False,False,False,False,False,0.0,0,0,False,[],璟璋实业
2022-06-30,半年报,2022-08-27,无保留意见,False,1266218670.1689668,965797316.4417803,300421353.7271864,0.7627413330691944,335972542.8757565,1069186.5846017292,226759763.1824064,102382.97373108305,4.595034767772214,6438174.656161943,16435.258792996996,549198625.8626494,40000000,7.510533843179659,42264647.622519076,38392218.10871814,4249520.097165094,1411983.2203777246,0.03529958050944312,1286695.5499991977,224278227.754716,-244273547.71536067,375262218.2163051,355266898.2556604,0.10016704923745798,0.10120001293860963,0.0051746645929697495,0.040154892924133385,2021-03-19,2022-09-21,False,False,False,False,True,0.0,0,0,False,[],璟璋实业
2022-09-30,季报,2022-10-27,无保留意见,False,1059946892.4602159,796689357.8608674,263257534.59934855,0.7516313916555686,266053745.87356496,859916.3210469239,175731373.0932402,86069.49290171739,3.564315098344363,5160064.423048369,14313.919825330784,442793139.6457022,40000000,6.581438364983714,39696228.91829314,36169492.07657182,16010238.945046244,-3669169.5774656273,-0.09172923943664069,-3175322.903066168,85406686.26321596,-211407562.7014485,317692338.6026917,191691462.16445917,-0.12370565096909328,-0.2759698798888603,-0.011109941413625899,-0.06817262659793256,2021-03-19,2022-12-02,False,False,False,False,False,0.0,0,0,False,[],璟璋实业
2022-12-31,年报,2023-03-30,无保留意见,False,1188831767.2975905,933611157.114032,255220610.18355846,0.7853181440770911,298335547.56698143,1147929.0291723295,228369604.98271415,122151.35873583407,4.6673501516309,6075096.804475702,15403.268043200846,535479420.8470806,40000000,6.380515254588961,39105815.17192777,35640626.43025987,0.0,-843448.2090933863,-0.02108620522733466,-755522.3518742163,97244184.22693034,-229818526.74261212,378671418.04862463,246097075.53294283,-0.030528753632907357,0.2119688930702814,0.033686752421522546,0.10841597516722129,2021-03-19,2023-04-26,False,False,True,False,False,0.0,0,1,True,"['留存未分配利润的预计用途以及收益情况', '公司为增强投资者回报水平拟采取的措施', '结合所处行业特点、发展阶段和自身经营模式、盈利水平、偿债能力、资金需求等因素，未进行现金分红或现金分红水平较低原因的说明']",璟璋实业
2023-03-31,季报,2023-04-30,无保留意见,False,962830513.2139066,725514433.1868745,237316080.02703214,0.7535224769363859,249099893.79588547,901686.5343940005,184427142.70685598,89506.11523391557,3.6315199898758816,5434894.63963006,12477.015380195333,446122598.1659309,40000000,5.932902000675804,40395190.83140985,36857755.46478751,3183078.066337391,1841965.2278315313,0.04604913069578828,1738755.7636109248,15500135.115879044,-167847505.95718873,292099413.4588777,139752042.61756802,-0.07015315159559064,0.1662120402718822,-0.031795667140705176,-0.09323684829155614,2021-03-19,2023-05-28,False,False,False,False,False,0.0,0,0,False,[],璟璋实业
2023-06-30,半年报,2023-08-27,无保留意见,False,892053428.984657,639999204.5670316,252054224.41762543,0.7174449240058236,212859837.83364773,765571.5802215671,148572664.8744176,70240.51488821562,2.88435368037945,4005126.014126798,10593.85750655069,359278035.9745343,40000000,6.301355610440636,46422253.96597055,42679363.377056144,31305336.287722614,8610090.192229576,0.21525225480573942,8316582.731812319,55210480.41246058,-179940802.6672122,258604580.71804872,133874258.46329711,0.06210343769758251,0.3592048325405475,-0.036077552930562334,-0.06000082743059485,2021-03-19,2023-09-13,True,True,False,False,False,8920204.660712648,1,0,True,"['结合前述财务报表列报项目的具体情况说明现金分红方案确定的依据及未来增强投资者回报的规划', '充分披露高送转的主要考虑及其合理性且送转股后每股收益不低于0.5元']",璟璋实业
2023-09-30,季报,2023-10-27,无保留意见,False,669026492.1590946,398647513.68576676,270378978.47332776,0.5958620747576739,167751054.08767352,638658.5247221573,124693125.99542116,60265.39596548588,2.6214427958575666,3599111.8875185917,8828.022959794904,298403048.2000475,40000000,6.759474461833194,56991289.9080858,52819079.66817795,29988507.652965456,15098622.774450362,0.377465569361259,14485308.987316864,127679375.79311882,-116716094.37058903,201272260.04580233,212235541.4683321,0.07270163433301671,0.2533584432353732,-0.12158284924814966,0.15725835486276254,2021-03-19,2023-11-13,True,False,False,True,True,15117271.946574442,0,0,True,"['结合前述财务报表列报项目的具体情况说明现金分红方案确定的依据及未来增强投资者回报的规划', '公司在相应期间是否按照中国证券监督管理委员会相关规定为中小股东参与现金分红决策提供了便利', '是否影响偿债能力、过去十二个月内是否使用过募集资金补充流动资金以及未来十二个月内是否计划使用募集资金补充流动资金等内容', '上市公司控股子公司向母公司实施利润分配的情况']",璟璋实业
2023-12-31,年报,2024-03-30,无保留意见,False,797951071.4932191,514243213.15618473,283707858.33703446,0.6444545681151512,170084488.53497946,670218.1336636342,115382869.69073996,59770.009606388434,2.6578802450009746,4015909.144994266,9147.211739252121,321280324.3958175,40000000,7.092696458425862,80229927.92489548,74263005.04935543,138926554.76884508,33198054.30972811,0.8299513577432027,30634179.115967844,144296924.53281978,-150998131.2836293,230040162.92606726,223338956.17525774,0.04929702722810439,0.5638694115463548,0.048592493357477395,0.010284064942999525,2021-03-19,2024-05-05,False,True,False,False,False,0.0,4,0,True,"['留存未分配利润的预计用途以及收益情况', '根据公司盈利能力、融资能力及其成本、偿债能力及现金流等情况披露现金分红方案的合理性，是否导致公司营运资金不足或者影响公司正常生产经营', '结合所处行业特点、发展阶段和自身经营模式、盈利水平、偿债能力、资金需求等因素，未进行现金分红或现金分红水平较低原因的说明']",璟璋实业
2024-03-31,季报,2024-04-30,无保留意见,False,1068144645.2725506,718607254.1360848,349537391.1364658,0.6727621182360776,244536699.8852398,1003165.382250395,198832799.42537972,92481.27176238649,3.836532112535191,5955284.242294562,14083.180475179115,472734616.1248084,40000000,8.738434778411644,91084882.8290935,83940890.7320339,35660968.78418173,15507078.43456861,0.38767696086421527,13825550.97525493,117059312.49158616,-194104631.4308996,340724542.8362038,263679223.8968904,0.2320328142663864,-0.352423537494183,0.028307550120926287,0.07827527100259088,2021-03-19,2024-06-20,False,False,False,False,False,0.0,0,0,False,[],璟璋实业
2024-06-30,半年报,2024-08-27,无保留意见,False,888583494.2201865,556581773.3867505,332001720.8334361,0.6263696962717071,241749281.23862195,711437.2835758222,140626672.84645522,75445.59999306011,3.2083597226635874,4548563.23708144,12100.469332997814,377327213.75277394,40000000,8.300043020835902,112084204.68017353,103501574.65760686,0.0,29999031.215828598,0.7499757803957149,27943834.17938996,152256075.58372122,-167543072.94292277,264627916.5971854,249340919.23798385,-0.050168224480978164,0.4458091430895549,-0.04639242196437036,0.05637543182963274,2021-03-19,2024-09-07,False,False,False,True,False,0.0,0,0,False,[],璟璋实业
2024-09-30,季报,2024-10-27,保留意见,False,769333467.2581035,406159224.5162053,363174242.7418982,0.5279365084217025,181190615.70246664,671888.0354603676,122647388.67566574,61954.53925394488,2.4016949796129516,3510866.465373207,8789.375178885843,304241109.2459453,40000000,9.079356068547455,134305489.60781345,123545756.79394016,130613481.43184537,31744692.75377132,0.793617318844283,28634545.909047563,50285727.34383117,-150050771.21506178,253096988.1699038,153331944.2986732,0.0938926516109874,0.03714250044700516,-0.09843318785000471,-0.16384599248534606,2021-03-19,2024-11-24,False,False,False,False,False,0.0,0,0,False,[],璟璋实业
2024-12-31,年报,2025-03-30,无保留意见,False,837666586.5587766,477001342.04861534,360665244.51016134,0.5694405742124531,214699122.32289433,760691.836473641,146265044.34817326,69107.56721754083,3.150982842055891,4350794.645915644,10284.313179974595,364843954.55437684,40000000,9.016631112754034,147796579.82088473,136864222.61730176,24601629.19434467,19272986.01867325,0.4818246504668312,19026379.747659404,138748289.23032,-145009695.46007138,251307279.5343166,245045873.30456522,-0.006908524714732859,-0.2558577361046789,0.041504065790750624,0.1350623890666191,2021-03-19,2025-04-19,False,False,False,False,True,0.0,0,0,False,[],璟璋实业
2017-03-31,季报,2017-04-30,无保留意见,False,279249640.96028227,91521544.25008634,187728096.71019593,0.32774095585355995,61675533.04815909,8.806179213407079e-25,36871.065162535735,80402258.41883653,2.1844141046885752e-05,282736.2254225459,109273.26788705862,144683845.06525293,40000000,4.6932024177548985,-4181105.40454343,-3697089.0685503604,11299796.761157552,-5973007.720776329,-0.14932519301940822,-5281555.812214801,-10129012.1763171,-17731033.69651359,37621934.094547145,9761888.221716456,0.04293387061219948,-0.38738931782090713,0.02774095585355994,-0.01471835712369572,2021-06-17,2017-06-09,False,False,False,False,False,0.0,0,0,False,[],翊瑄医药
2017-06-30,半年报,2017-08-27,无保留意见,False,345194375.563912,131844240.70006289,213350134.86384907,0.38194203044206965,80088768.80473481,1.2631523766012564e-24,51249.665414232244,108900691.62128395,2.725177979908546e-05,346096.03744591033,146900.49019023843,179818008.8923683,40000000,5.333753371596226,-6666967.405621014,-6134386.466449972,15100914.236482307,-3551231.4301108345,-0.08878078575277086,-3481853.4255708735,-32996048.005443215,-21385758.622229144,41976614.202339485,-12405192.425332874,0.1364848341972326,0.21962256156000448,0.0542010745885097,0.064842736582409,2021-06-17,2017-09-27,False,False,False,False,False,0.0,0,0,False,[],翊瑄医药
2017-09-30,季报,2017-10-27,非标准无保留意见,False,381065457.2519773,170441906.69214737,210623550.55982998,0.44727724187145,90443586.40906838,1.4126788248240517e-24,60949.068149465005,109679106.41158505,2.8519024979140957e-05,359264.6925938194,143525.58601478583,201816913.71407908,40000000,5.2655887639957495,-9395654.573255807,-8731081.405346476,5082628.791124628,-3898124.5251925625,-0.09745311312981406,-3709564.1984235775,-32062986.045872148,-21327985.332397122,51056402.10502165,-2334569.273247622,-0.012779857419631238,-0.02579366975340759,0.06533521142938038,0.04912849199704579,2021-06-17,2017-12-03,False,False,False,False,False,0.0,0,0,False,[],翊瑄医药
2017-12-31,年报,2018-03-30,无保留意见,False,470367307.5771098,224112964.35369998,246254343.2234098,0.4764637353478483,97707421.78577146,1.7186594927525737e-24,69006.03694286407,134695183.2434132,3.711982943014316e-05,473740.2451826481,166759.98766954258,239558632.5935991,40000000,6.156358580585245,-8650980.019202711,-8058112.75730813,3013281.4563832926,1063820.791504424,0.026595519787610603,961383.782911923,-64613908.425253324,-27010603.63274206,62048577.09262557,-29575934.965369806,0.16916813228565575,0.3787202317895573,0.029186493476398286,-0.11595944924003233,2021-06-17,2018-05-04,False,False,False,False,False,0.0,0,0,False,[],翊瑄医药
2018-03-31,季报,2018-04-30,无保留意见,False,473959211.38032466,211338449.07100868,262620762.30931598,0.44590007746768295,112753893.3751585,1.7766856053106507e-24,66302.07093567292,142704921.85358202,4.010624141124851e-05,462390.9259054988,194443.1995822986,254157317.1383977,40000000,6.5655190577328995,-12077872.80400039,-11297434.766037377,3527611.452746609,-4895561.121139543,-0.12238902802848858,-4627602.869613211,-4829590.814039306,-26827125.407666873,53106482.75485774,21449766.533151563,0.06646144336653606,-0.32990705462748604,-0.030563657880165362,-0.16614347997034037,2021-06-17,2018-06-14,False,False,False,False,False,0.0,0,0,False,[],翊瑄医药
2018-06-30,半年报,2018-08-27,无保留意见,False,478151492.3228586,195329462.2137646,282822030.10909396,0.4085095735346441,92039978.17320754,1.4442903401566744e-24,64909.35513318002,123526990.84009315,3.6920184767704045e-05,400888.83831441577,162748.5420026618,223830767.56180817,40000000,7.070550752727349,-15003765.241078114,-13740793.70936092,9842384.213705933,-4179846.3386824597,-0.10449615846706149,-3490512.7761764894,-59021821.54951085,-28395644.43746816,64130383.81382696,-23287082.173152044,0.07692182302016494,0.059128290837754394,-0.03739050393303884,-0.04637670177315772,2021-06-17,2018-10-23,False,False,False,False,False,0.0,0,0,False,[],翊瑄医药
2018-09-30,季报,2018-10-27,非标准无保留意见,False,377317910.21748,121564351.51080449,255753558.7066755,0.32218017809103405,80707407.42665632,1.188125301266281e-24,55139.271356463076,118314744.26044747,2.9193958877731275e-05,392087.76010417886,137788.14571410086,194338428.98585483,40000000,6.393838967666888,-19627306.24819633,-17872797.591512755,31446246.213110603,-6605058.581597457,-0.16512646453993643,-5902862.688788334,-14939251.890628576,-22558183.65288361,51055053.932834834,13557618.389322646,-0.09570849693702152,-0.18917185448662993,-0.0863293954436101,-0.01403134967146171,2021-06-17,2018-12-08,False,False,False,False,False,0.0,0,0,False,[],翊瑄医药
2018-12-31,年报,2019-03-30,无保留意见,False,414198557.7348906,133772401.10003173,280426156.63485885,0.322966844287404,88121049.92998412,1.1970835109498127e-24,59736.83230797585,120439647.46279655,3.1756920147022296e-05,437273.3935369994,166371.23650006816,204359427.37271547,40000000,7.010653915871472,-20299774.160980903,-18492324.44593123,1960682.2317125686,-960668.4468351025,-0.02401671117087756,-885038.3634549674,-64714293.21462332,-26128058.331823803,52564852.32322372,-38277499.22322341,0.09647020378895449,0.5429939340273611,0.0007866661963699775,-0.06147354693779313,2021-06-17,2019-05-18,False,False,False,False,False,0.0,0,0,False,[],翊瑄医药
2019-03-31,季报,2019-04-30,无保留意见,False,433521327.9753951,139313315.48532507,294208012.49007004,0.32135285277874936,95982174.83284664,1.5075211257241165e-24,60309.1940428013,124372778.679915,3.37357124487287e-05,392317.72783461196,170309.9848314161,219357806.46177673,40000000,7.3552003122517515,-8393804.76296637,-7823950.897676828,63943463.832617246,17008527.711449333,0.4252131927862333,15240533.640363434,-47023787.28983355,-28977149.55061396,53818446.45533502,-22182490.385112494,0.04914611397379894,1.12032076266537,-0.001613991508654616,0.10598937980444566,2021-06-17,2019-05-10,False,False,False,False,False,0.0,0,0,False,[],翊瑄医药
2019-06-30,半年报,2019-08-27,无保留意见,False,429767671.6779548,138499349.27496302,291268322.4029918,0.32226562955332555,95087050.08473444,1.5875664089889497e-24,59109.346366719794,123731568.57934442,3.788585200843727e-05,454075.82410734106,165656.7700941332,234231329.94326368,40000000,7.281708060074794,5771342.263623084,4729211.330088644,62594297.83114016,20235924.32369922,0.5058981080924805,17933088.89680782,-79227006.86298032,-26706838.949405782,54657932.10288953,-51275913.709496565,-0.009991876367328529,0.09489962751793435,0.0009127767745761523,-0.1260547764079968,2021-06-17,2019-10-04,False,False,False,False,False,0.0,0,0,False,[],翊瑄医药
2019-09-30,季报,2019-10-27,非标准无保留意见,False,424750585.0339236,114162124.6254032,310588460.4085204,0.26877449648782803,95072282.66827099,1.5538703200000404e-24,65926.5436829052,157346973.34448493,3.899880731084736e-05,418622.575229912,149547.4907662124,233614623.1280372,40000000,7.76471151021301,29925203.13709597,24811955.358098045,87247968.66806836,34505515.533532694,0.8626378883383173,28689634.325727716,-5650723.573188365,-25740550.09485363,56165986.56324652,24774712.895204525,0.06633106493056162,0.3832210820331762,-0.05349113306549752,0.06513706348434548,2021-06-17,2019-12-12,False,False,False,False,False,0.0,0,0,False,[],翊瑄医药
2019-12-31,年报,2020-03-30,无保留意见,False,456659679.4908587,140792347.49341503,315867331.9974437,0.30830912781787073,99480333.06345934,1.4925111559594268e-24,64568.65712990226,154113582.29306868,3.7494005231641635e-05,449811.0716804999,178402.37916348485,242272697.03947252,40000000,7.896683299936092,55219773.228764296,48041741.98044638,156010813.02594736,36135100.13095476,0.9033775032738689,33185409.46049763,-68096552.31820844,-27284357.10706308,59601500.43742483,-35779408.987846695,0.016996354539315122,0.03163903089876099,0.03953463133004269,0.016353845451996134,2021-06-17,2020-05-23,False,False,False,False,False,0.0,0,0,False,[],翊瑄医药
2020-03-31,季报,2020-04-30,无保留意见,False,529755304.77025515,161306769.20829564,368448535.5619595,0.30449297582447304,111516610.71678676,1.6519578171619686e-24,68361.19284720643,147516546.38741174,4.07268447958731e-05,469081.5462947185,187100.12627777233,256676559.62677652,40000000,9.211213389048988,85672167.70865457,75799634.41203256,129261610.1036003,43503420.68555752,1.0875855171389381,39654132.0451231,-76950281.73588553,-29821346.937856425,68669023.37898043,-38102605.29476152,0.16646610218286628,0.13867143444621505,-0.003816151993397652,0.19074163017983725,2021-06-17,2020-05-17,False,False,False,False,False,0.0,0,0,False,[],翊瑄医药
2020-06-30,半年报,2020-08-27,保留意见,False,526776073.40775585,127383160.27733931,399392913.1304165,0.24181652642893903,108073185.24681564,1.987461996243156e-24,79283.93254375637,160603805.9014794,4.3311006684530715e-05,567031.5726834991,209243.64675170046,273556594.47203195,40000000,9.984822828260413,109429643.27437028,96613990.41935836,142090694.27949,33939250.80816532,0.848481270204133,29734794.296179716,-48120223.619707786,-31293933.239665188,66966099.56581428,-12448057.293558694,0.08398561693632606,-0.1580765148320815,-0.06267644939553403,0.16903633009527985,2021-06-17,2020-09-14,False,False,False,False,False,0.0,0,0,False,[],翊瑄医药
2020-09-30,季报,2020-10-27,保留意见,False,565411908.6999401,175915327.36007327,389496581.3398668,0.31112773652850356,120372439.96853009,2.044851554151131e-24,90215.96210571822,170240957.59719998,4.870060528971495e-05,573492.6602114207,217323.65541946274,305909525.98485583,40000000,9.73741453349667,116627651.29395173,103026056.91604014,24536499.45306747,10282868.59940207,0.25707171498505177,9160094.995259667,-78324383.163183,-35501582.50671937,78353492.4223119,-35472473.24759048,-0.02477843613443928,-0.4644038110778662,0.06931121009956454,-0.04169716844482065,2021-06-17,2020-11-26,False,False,False,False,False,0.0,0,0,False,[],翊瑄医药
2020-12-31,年报,2021-03-30,无保留意见,False,566858793.4170282,211204751.6721702,355654041.744858,0.3725879427555965,119338105.41342634,1.9983038262291566e-24,80656.8720827098,169794907.26398087,4.580014558932122e-05,568985.5023491173,232484.82306699123,294622564.10368294,40000000,8.89135104362145,131565544.42995642,116406319.5561518,34359049.596549846,21339847.337149568,0.5334961834287392,19114660.914445244,-20766868.44058042,-31469296.897902664,71642757.12334752,19406591.78486444,-0.08688789893505763,0.405271853927773,0.061460206227092924,0.13420888290139607,2021-06-17,2021-04-14,False,False,False,False,False,0.0,0,0,False,[],翊瑄医药
2021-03-31,季报,2021-04-30,无保留意见,False,530745308.7097757,198562589.24713692,332182719.4626388,0.374120290822421,117334547.16088164,1.8938496732868814e-24,83366.16967198401,167682035.1970716,4.2024713237274535e-05,492536.0172885479,210066.46813585685,288898983.14712083,40000000,8.30456798656597,137447708.93683457,121264795.55765624,29323346.50875106,8403092.152683076,0.2100773038170769,6940680.002149205,-86986372.10485844,-32704003.43791889,72930983.75103836,-46759391.79173897,-0.06599481385637473,-0.337423231519531,0.0015323480668245077,0.03919614746870324,2021-06-17,2021-06-07,False,False,False,False,False,0.0,0,0,False,[],翊瑄医药
2021-06-30,半年报,2021-08-27,非标准无保留意见,False,599559158.3456813,233340395.93555185,366218762.4101295,0.38918660934042026,134582716.59031427,2.065468305208762e-24,81559.39865892685,173011432.25807086,4.5898229110299356e-05,619304.4591000023,214071.3030218606,303487830.40276635,40000000,9.155469060253237,141556971.351447,125527895.22871868,22251032.820236012,5870374.878017724,0.14675937195044308,6090142.3872320615,-83967798.74268737,-37707467.83444369,79216086.60100846,-42459179.9761226,0.1024618107845879,-0.09970114108324586,0.015066318517999285,0.0766552558215435,2021-06-17,2021-10-02,False,False,True,False,False,0.0,0,8,True,"['根据公司盈利能力、融资能力及其成本、偿债能力及现金流等情况披露现金分红方案的合理性，是否导致公司营运资金不足或者影响公司正常生产经营', '充分披露高送转的主要考虑及其合理性且送转股后每股收益不低于0.5元']",翊瑄医药
2021-09-30,季报,2021-10-27,无保留意见,False,526418061.34704983,225445986.09456405,300972075.2524858,0.42826415476260615,111893385.18553361,1.8072683970787624e-24,74158.06242459417,165372822.2412919,4.294161732145431e-05,509380.34056569426,228000.97205888425,279437004.8233962,40000000,7.524301881312145,147930408.97461247,131022534.70614728,31984850.780607074,9104910.8902364,0.22762277225591,7849484.967755128,-19784771.729706306,-31365408.490687996,60841519.34327526,9691339.122880958,-0.17816314688042584,0.14142907711266298,0.039077545422185854,0.02001628561755587,2021-06-17,2021-11-22,True,True,False,True,False,7309579.847654713,2,0,True,['充分披露高送转的主要考虑及其合理性且送转股后每股收益不低于0.5元'],翊瑄医药
2021-12-31,年报,2022-03-30,无保留意见,False,492788625.19735134,241355472.7223271,251433152.47502422,0.4897748454028731,93172027.3986879,1.6200416047102688e-24,69727.60677049047,145851410.51643103,3.783992415037363e-05,496928.077804212,179744.0292610064,240443345.66679743,40000000,6.285828811875605,155608418.37546808,137804684.7215557,42141092.29202215,10968584.858365152,0.2742146214591288,9688785.736297768,-58899178.48899159,-30213145.36574576,63879139.67449069,-25233184.18024665,-0.16459640893894653,0.0713917000508052,0.06151069064026698,0.0770828187732756,2021-06-17,2022-05-26,False,True,False,False,False,0.0,2,0,True,"['结合前述财务报表列报项目的具体情况说明现金分红方案确定的依据及未来增强投资者回报的规划', '结合所处行业特点、发展阶段和自身经营模式、盈利水平、偿债能力、资金需求等因素，未进行现金分红或现金分红水平较低原因的说明', '公司在相应期间是否按照中国证券监督管理委员会相关规定为中小股东参与现金分红决策提供了便利']",翊瑄医药
2022-03-31,季报,2022-04-30,无保留意见,False,584287811.4135365,315479211.3821056,268808600.031431,0.5399380326262213,121809997.15140596,2.0471687158063642e-24,76128.68219989927,188764838.50997373,4.689165157481807e-05,581197.1068286862,229400.37772868335,306946764.4591249,40000000,6.7202150007857755,155784529.18802017,137952424.43188602,1080435.5509359841,251586.87507443503,0.006289671876860876,211056.72904326682,-70206146.07274607,-34274677.76069615,76106671.96985649,-28374151.863585725,0.06910563458067745,-0.3831798440129286,0.050163187223348234,0.1697860297132415,2021-06-17,2022-05-17,False,True,True,False,False,0.0,4,8,True,['公司在相应期间是否按照中国证券监督管理委员会相关规定为中小股东参与现金分红决策提供了便利'],翊瑄医药
2022-06-30,半年报,2022-08-27,无保留意见,False,582691868.9579912,323801515.8155549,258890353.14243633,0.5556993894467732,126087324.32970588,2.2366921564485744e-24,87170.67496840117,175433628.4898824,5.179901413470786e-05,631679.5075778442,240794.72304250838,313467169.99035954,40000000,6.472258828560908,152931283.9045421,135403555.92058405,0.0,-4076064.6906830017,-0.10190161726707504,-3641240.7304313676,-55524998.1979632,-36846293.45687187,73861584.40493676,-18509707.249898314,-0.03689705942382432,-0.25085527476954295,0.015761356820551912,0.06592043393978538,2021-06-17,2022-09-28,False,False,False,False,False,0.0,0,0,False,[],翊瑄医药
2022-09-30,季报,2022-10-27,无保留意见,False,481572604.2527455,228432581.87303692,253140022.37970862,0.4743471282538901,107077929.43096691,1.9088644138681215e-24,70001.80338439032,161545160.57324967,3.867255513181454e-05,491542.54457126954,175119.69850944626,262337156.9836797,40000000,6.328500559492715,147801648.4532926,131056360.88439347,17322206.014475234,-7328050.64464213,-0.18320126611605325,-6210278.623129392,-65249743.36255892,-29330717.324104637,64982601.67613861,-29597859.01052496,-0.022211452427367908,-0.2516250566199243,-0.0813522611928832,0.18426875589010513,2021-06-17,2022-12-03,False,True,False,False,True,0.0,0,0,True,"['公司在相应期间是否按照中国证券监督管理委员会相关规定为中小股东参与现金分红决策提供了便利', '根据公司盈利能力、融资能力及其成本、偿债能力及现金流等情况披露现金分红方案的合理性，是否导致公司营运资金不足或者影响公司正常生产经营', '公司为增强投资者回报水平拟采取的措施', '上市公司控股子公司向母公司实施利润分配的情况']",翊瑄医药
2022-12-31,年报,2023-03-30,无保留意见,False,489669057.8225794,252837758.35093752,236831299.47164187,0.5163441600235799,106223576.57671838,1.9673408064413112e-24,76365.73157903223,168218630.53879932,4.012905092752561e-05,489751.62979005114,205064.3084593131,271924920.1424575,40000000,5.920782486791047,143053306.54913142,127141784.1625076,6153825.060477988,-6783345.57737308,-0.169583639434327,-5592252.459836963,-35558830.271471985,-29672367.62636908,62814711.00236527,-2416486.8954757974,-0.06442569908445285,0.05631802310537367,0.041997031769689754,-0.06967488007799821,2021-06-17,2023-05-15,False,False,False,False,False,0.0,0,0,False,[],翊瑄医药
2023-03-31,季报,2023-04-30,无保留意见,False,642511115.7260306,367950850.34266275,274560265.38336784,0.5726762406699879,136497917.1891734,2.27925883360459e-24,93146.38042764258,192095713.5546405,4.444548893798394e-05,620771.3657556961,275891.3581969342,336233634.97452176,40000000,6.864006634584196,135671087.972992,120416597.53345543,50263509.25285363,-10546026.53734205,-0.2636506634335512,-9607409.470074514,-84229651.09743361,-34905632.9358685,86962072.46836321,-32173211.564938903,0.15930734660451265,-0.36828895295075487,0.056332080646407996,-0.015464221628726167,2021-06-17,2023-06-19,False,False,False,True,False,0.0,0,0,False,[],翊瑄医药
2023-06-30,半年报,2023-08-27,无保留意见,False,710884131.6757593,424007174.9185329,286876956.7572264,0.5964504706540931,141686354.1499834,2.1230772554961465e-24,89845.41445762813,195637730.8993298,5.5816593629382185e-05,658339.0327436554,230082.42121568302,335911828.7838262,40000000,7.17192391893066,128732425.37333344,113684140.70331122,46090839.07929639,-9912375.1423694,-0.24780937855923502,-9617795.471634591,-27742446.505774032,-42473113.26079158,90399831.7867773,20184272.020211697,0.044859700862616855,0.0981800434474813,0.023774229984105198,-0.0881391907891794,2021-06-17,2023-10-13,False,True,False,False,False,0.0,1,0,True,"['是否影响偿债能力、过去十二个月内是否使用过募集资金补充流动资金以及未来十二个月内是否计划使用募集资金补充流动资金等内容', '公司在相应期间是否按照中国证券监督管理委员会相关规定为中小股东参与现金分红决策提供了便利', '根据公司盈利能力、融资能力及其成本、偿债能力及现金流等情况披露现金分红方案的合理性，是否导致公司营运资金不足或者影响公司正常生产经营', '留存未分配利润的预计用途以及收益情况']",翊瑄医药
2023-09-30,季报,2023-10-27,无保留意见,False,742709895.4051945,425958362.6656615,316751532.739533,0.5735191698681686,186176282.94596443,3.047764881461593e-24,119105.276965851,250133815.96857485,6.552820847633403e-05,843992.0797500312,302845.82166093244,432329347.3759562,40000000,7.918788318488325,122190003.91158247,107950075.05329664,45566447.42862041,-9346316.373929955,-0.23365790934824887,-8191522.357163707,-47785991.892846495,-48502925.25387721,93660901.17902662,-2628015.967697084,0.104137245179955,0.07986579140542688,-0.022931300785924418,0.1429800790038809,2021-06-17,2023-12-01,False,False,False,True,True,0.0,0,0,False,[],翊瑄医药
2023-12-31,年报,2024-03-30,无保留意见,True,741699044.0329006,406225978.40296,335473065.6299406,0.5476965106954357,158984001.6905206,2.480155073709817e-24,122174.12178946895,230322074.40742612,5.2486633940411327e-05,691335.8714352971,301373.16240745026,398280207.0051445,40000000,8.386826640748517,114915719.63426778,101631970.85420167,6444201.411127802,-10391834.681878146,-0.2597958670469536,-9025863.141564228,-51981403.0009745,-46099208.80398526,88872317.06887941,-9208294.736080348,0.059104790207289946,-0.136603282684293,-0.025822659172732902,-0.03833132254852783,2021-06-17,2024-05-04,False,False,True,False,False,0.0,0,1,True,"['充分披露高送转的主要考虑及其合理性且送转股后每股收益不低于0.5元', '是否影响偿债能力、过去十二个月内是否使用过募集资金补充流动资金以及未来十二个月内是否计划使用募集资金补充流动资金等内容', '结合所处行业特点、发展阶段和自身经营模式、盈利水平、偿债能力、资金需求等因素，未进行现金分红或现金分红水平较低原因的说明', '公司为增强投资者回报水平拟采取的措施']",翊瑄医药
2024-03-31,季报,2024-04-30,保留意见,False,1083695623.5073614,705733838.5270398,377961784.98032176,0.6512288351252585,224441007.643639,3.718608620109778e-24,152574.2177154042,308885099.7473523,8.281846535968066e-05,987211.6883683334,396514.94610800216,524016733.4847243,40000000,9.449044624508044,111492249.6548278,98571750.92662072,7080047.073506079,-4890671.399199957,-0.12226678497999893,-4371742.753687082,-130412401.65778188,-66861029.59040681,133242870.17049077,-64030561.07769793,0.126653146566617,0.8324796699005267,0.10353232442982281,-0.09429096903179615,2021-06-17,2024-05-23,False,False,False,True,False,0.0,0,0,False,[],翊瑄医药
2024-06-30,半年报,2024-08-27,无保留意见,False,1110285475.2888846,725114304.2594475,385171171.0294373,0.6530881655195753,246965669.8426341,4.053720405026021e-24,160663.06257254828,330168933.18314064,0.00010403132759267055,907561.9177628921,454975.2761293884,576801442.9360371,40000000,9.629279275735932,104993810.78933167,93177240.31659797,23826040.862269633,-9283484.093565885,-0.23208710233914712,-7706443.728603933,-193312829.58098954,-67990244.94329007,140829895.4652867,-120473179.05899289,0.01907437824564945,-0.36276269636251357,0.0018593303943167875,0.10006692626226095,2021-06-17,2024-09-13,False,True,False,False,False,0.0,0,0,True,"['结合所处行业特点、发展阶段和自身经营模式、盈利水平、偿债能力、资金需求等因素，未进行现金分红或现金分红水平较低原因的说明', '留存未分配利润的预计用途以及收益情况', '结合前述财务报表列报项目的具体情况说明现金分红方案确定的依据及未来增强投资者回报的规划', '上市公司控股子公司向母公司实施利润分配的情况']",翊瑄医药
2024-09-30,季报,2024-10-27,无保留意见,False,1034582353.1739962,642510171.5370103,392072181.63698596,0.6210333759954949,243859981.2407481,3.903576063526577e-24,157665.61465932243,288370117.6486566,9.528307991944228e-05,1022180.653334627,463720.1158517637,559433725.9428111,40000000,9.80180454092465,96281267.28612469,85394764.86286806,31950346.15158401,-12446490.718867125,-0.3111622679716781,-11117822.07675702,-140939804.02429512,-65952082.08807629,135362311.73195356,-71529574.38041785,0.017916737094067818,-0.4099008754279753,-0.0320547895240805,-0.034715298112510264,2021-06-17,2024-11-09,False,False,False,False,False,0.0,0,0,False,[],翊瑄医药
2024-12-31,年报,2025-03-30,无保留意见,True,862684439.8016374,441230579.8620724,421453859.93956494,0.5114623140340023,193512087.35447535,2.955238510113788e-24,130986.81024206601,263555807.64347982,6.719556352586173e-05,766406.3936140542,340084.826643692,448958884.00123304,40000000,10.536346498489124,87498863.14011821,78080015.18962702,31896883.912296638,-12546291.637152122,-0.31365729092880307,-10449642.390344344,-117392020.34802237,-50679244.01709527,103089490.8838049,-64981773.48131274,0.07493946186108921,-0.021917363537286516,-0.10957106196149252,-0.0047529387536937645,2021-06-17,2025-05-15,False,False,False,False,False,0.0,0,0,False,[],翊瑄医药
2017-03-31,季报,2017-04-30,无保留意见,False,286509524.0738617,106550293.69929264,179959230.37456906,0.37189093117834415,120133.1991367244,3.2783808149845077e-16,136196755.558305,39696648.10193885,2075.204279059195,29102.07798992306,3096891.979377654,181402834.16470578,40000000,4.498980759364226,8066689.635424546,7468398.268821196,12243876.708853845,11523842.33632078,0.2880960584080195,10669140.38403028,10344481.07391655,-53032002.5454765,3537543.030625057,-39149978.4409349,-0.00022649791906077243,0.5846579075733767,0.07189093117834418,-0.01950755483416093,2021-10-20,2017-06-07,False,False,False,False,False,0.0,0,0,False,[],鸾琯物流
2017-06-30,半年报,2017-08-27,无保留意见,True,316125451.9230154,122975296.99535474,193150154.92766067,0.3890078962237509,138293.11438319294,3.4552873063758514e-16,141449210.56893238,40917020.47948453,2319.893500492948,30373.05647610399,3090289.2751296936,195475426.20361418,40000000,4.828753873191517,23673849.717500135,21864415.60212458,75203286.97486559,22295942.974393703,0.5573985743598425,20565739.047576267,56685173.56557833,-52245795.27421778,4364214.594465384,8803592.885825934,0.07329951637176862,0.37765250947121815,0.017116965045406753,0.04912644353225989,2021-10-20,2017-09-20,False,False,False,False,False,0.0,0,0,False,[],鸾琯物流
2017-09-30,季报,2017-10-27,无保留意见,False,387761616.5239446,164913901.80717722,222847714.71676737,0.4252971278733919,190452.10279275573,4.334615857870463e-16,188827550.18784,48073806.02254257,2871.7274199683584,40466.76626579666,4797559.217175267,258864812.3401706,40000000,5.571192867919184,27736943.003389787,25407186.62943993,19856176.804742597,5804418.979842357,0.14511047449605893,5061101.467593355,6572642.002309354,-69918246.3384612,4764658.27765061,-58580946.05850124,0.1537537456298139,-0.41967497777818097,0.03628923164964102,-0.13095284492370535,2021-10-20,2017-12-23,False,False,False,False,False,0.0,0,0,False,[],鸾琯物流
2017-12-31,年报,2018-03-30,无保留意见,True,378924964.46426004,161870422.3709848,217054542.09327525,0.4271833147753777,160807.17421472308,3.7044907616488014e-16,162523416.19935372,47211261.6917125,2505.737728202216,33063.69087813006,3873913.247075557,220713506.46354207,40000000,5.426363552331881,34107156.651538014,30482579.770414084,12967463.99265242,9100305.211640328,0.2275076302910082,7250561.629963076,64516296.91538149,-71156590.6950328,5096472.927012706,-1543820.8526386078,-0.025996105146759332,0.14452840191680932,0.0018861869019857487,-0.057639314664414756,2021-10-20,2018-05-08,False,False,False,False,False,0.0,0,0,False,[],鸾琯物流
2018-03-31,季报,2018-04-30,无保留意见,False,343169804.19195604,105649514.83731467,237520289.3546414,0.30786366850102687,136386.7072443338,3.6284353578576975e-16,171527778.56030557,42793984.341065705,2119.36440035281,34733.01443450385,3621441.406290933,208691887.86883646,40000000,5.938007233866035,41581087.57022445,36963560.09369379,40623903.46808505,10677044.169552043,0.2669261042388011,9258543.318971008,46536246.04622743,-61941768.68692868,4563567.345235863,-10841955.295465387,0.09428850031883411,0.0604107478869064,-0.11931964627435081,0.12039545509741378,2021-10-20,2018-06-24,False,False,False,False,False,0.0,0,0,False,[],鸾琯物流
2018-06-30,半年报,2018-08-27,无保留意见,False,399711352.54237914,131395546.28622429,268315806.25615484,0.3287260805840964,171010.9314927729,3.722585511278866e-16,186910671.12331867,51014658.486435965,2863.2059585331044,38560.68510221478,4422779.02158114,246853822.4842214,40000000,6.707895156403871,55509711.86600619,49886457.08555866,48701065.54566482,19898034.708259627,0.49745086770649066,18461281.41694982,39135809.28648076,-76417336.8853999,5260856.080659154,-32020671.518259976,0.12965425810648395,0.33316384806914257,0.020862412083069555,0.14241607662006336,2021-10-20,2018-10-09,False,False,False,False,False,0.0,0,0,False,[],鸾琯物流
2018-09-30,季报,2018-10-27,无保留意见,False,430899204.6290063,158716458.26653886,272182746.36246747,0.36833778424629454,203928.00540712444,4.819498382765204e-16,215363340.87790355,59411721.70726261,2891.715956926739,48411.392320049265,5043630.921283316,285753659.7281293,40000000,6.804568659061687,56102024.74231508,50423089.38005528,3600984.812204786,846161.2518698461,0.021154031296746152,766617.5635666017,47932962.0602224,-81456686.5971952,5936330.165641245,-27587394.371331546,0.014411898278631124,-0.5163384339308732,0.03961170366219809,0.1155046281320076,2021-10-20,2018-11-30,False,False,False,False,False,0.0,0,0,False,[],鸾琯物流
2018-12-31,年报,2019-03-30,无保留意见,False,420404568.7301908,125594460.78303666,294810107.94715416,0.29874666006220607,199561.89938452936,4.908134119777883e-16,232371258.6225512,62081982.6858265,3354.5071791904693,42456.557122156475,4921404.703112457,289206254.1796987,40000000,7.370252698678854,56777190.92483285,51040884.837958604,1592496.0445356218,964523.1178825311,0.02411307794706328,882564.9398618892,65203658.76906907,-73807007.37165067,5708867.353240884,-2894481.249340714,0.08313297549931278,0.006632343188106172,-0.06959112418408847,-0.07954691290550452,2021-10-20,2019-05-22,False,False,False,False,False,0.0,0,0,False,[],鸾琯物流
2019-03-31,季报,2019-04-30,无保留意见,False,408158406.17439115,121887399.91833064,286271006.2560605,0.29862768492449626,186019.71139957127,4.140051408402492e-16,213692868.04387406,57868938.28217928,3007.133019153053,45736.17859097825,4453209.178887506,271747017.1611722,40000000,7.156775156401512,51989279.42018546,46337562.52266623,4906081.826579167,-6839873.578067705,-0.17099683945169264,-6719031.878989103,58151560.4092174,-79243723.1054934,5364274.487987916,-15727888.208288077,-0.02896475209263961,-0.4344338363305319,-0.00011897513770981007,0.0453286954745863,2021-10-20,2019-05-16,False,False,False,False,False,0.0,0,0,False,[],鸾琯物流
2019-06-30,半年报,2019-08-27,无保留意见,False,354640301.68772423,94964926.04153806,259675375.64618614,0.26777815603472693,162151.78849953483,3.9978145477786667e-16,179121273.58101106,41959994.51737002,2586.612361481148,36032.25659267633,4102043.495928114,224647181.95037547,40000000,6.491884391154653,46650248.46540164,41692025.393782854,27626850.14119565,-7627187.078262594,-0.19067967695656485,-6636481.612690545,43377802.84190299,-64914527.344592385,4686748.967299679,-16849975.535389714,-0.09290368227540792,-0.07749052201706293,-0.03084952888976932,0.11007098748922615,2021-10-20,2019-09-27,False,False,False,False,False,0.0,0,0,False,[],鸾琯物流
2019-09-30,季报,2019-10-27,无保留意见,False,451392882.71758544,136565219.40730318,314827663.31028223,0.3025418092219797,225745.7489770601,5.018579780365394e-16,205646255.26062268,60111645.8524907,3182.255683478649,48909.10059163027,4808979.948642617,289655201.37469554,40000000,7.870691582757056,42015133.68764674,37159912.12645546,6508501.420871587,-6621592.539649855,-0.16553981349124638,-6474447.524753415,77704573.94112788,-83604657.62709711,6001107.83831903,101024.15234979615,0.21238936316873713,0.1072884465964924,0.03476365318725278,0.14582651595199184,2021-10-20,2019-12-05,False,False,False,False,False,0.0,0,0,False,[],鸾琯物流
2019-12-31,年报,2020-03-30,无保留意见,False,494356966.4135672,187386076.33123153,306970890.08233565,0.37905013798160747,231355.48795338874,5.665338061972177e-16,241646094.66929674,61621591.08371198,3332.0954202941734,44802.04499909743,5154776.5722107235,315240187.01398695,40000000,7.674272252058391,32290903.68173064,28325550.814710658,45953787.575047806,-13891757.151308715,-0.34729392878271786,-12620516.159635434,84150478.02382177,-92495691.21405463,6328562.260563911,-2016650.9296689471,-0.024955790559621993,-0.7005086897420368,0.07650832875962779,0.22486213872655175,2021-10-20,2020-05-19,False,False,False,False,False,0.0,0,0,False,[],鸾琯物流
2020-03-31,季报,2020-04-30,无保留意见,False,694770942.5366895,341535656.6534374,353235285.88325214,0.49158022557254766,318820.84476041375,7.501897707414832e-16,321492067.8946809,91143900.96219982,5108.042230930112,68790.46001935445,7771324.187619093,446266300.41017175,40000000,8.830882147081304,23500628.837587845,21257589.89850458,53094083.96229775,-12557535.491632562,-0.3139383872908141,-10097087.023151543,30418370.999077912,-132619977.83865972,9259424.045396099,-92942182.7941857,0.15071264831824135,0.42925270792078657,0.11253008759094019,0.20124142350315488,2021-10-20,2020-06-11,False,False,False,False,False,0.0,0,0,False,[],鸾琯物流
2020-06-30,半年报,2020-08-27,无保留意见,True,743663061.0455877,370673154.4976623,372989906.54792535,0.49844233755068745,343710.18600395584,7.732947952047333e-16,345223374.05249923,99052256.7473108,4681.644554466264,72921.68984663066,8103016.934438206,448898185.0023645,40000000,9.324747663698133,16142630.277645456,15207703.590411173,0.0,-10511426.514203414,-0.26278566285508537,-8642694.725847725,51796031.41979894,-135486338.55768803,10322931.659272315,-73367375.47861677,0.05592482250259199,0.460579701554233,0.006862111978139768,-0.00928247698063348,2021-10-20,2020-10-04,False,False,False,False,False,0.0,0,0,False,[],鸾琯物流
2020-09-30,季报,2020-10-27,无保留意见,False,801455845.3720229,349670171.8012354,451785673.57078743,0.43629374446564073,365579.0319179275,8.939798852993633e-16,389888925.66988647,117909776.55358972,6181.526501320802,89776.61636169611,9404923.087382115,537551745.3710845,40000000,11.294641839269685,10576457.549246281,10237824.198838642,7771110.525058848,-7951675.326284535,-0.19879188315711338,-7099827.702246474,18377861.609191418,-144182750.1270757,10940310.22292265,-114864578.29496163,0.21125442174059914,0.394501379004514,-0.06214859308504672,-0.005931545676531369,2021-10-20,2020-12-06,False,False,False,False,False,0.0,0,0,False,[],鸾琯物流
2020-12-31,年报,2021-03-30,无保留意见,False,1160022456.7071643,656720446.6474926,503302010.0596716,0.5661273562855473,580144.3516020449,1.3298538387817031e-15,602672922.7925941,167295975.66026643,8680.516302341028,119075.50048953874,13603076.636241613,766339031.4698789,40000000,12.58255025149179,7309653.170207651,7279594.275646774,15218214.954920877,-4666863.398626614,-0.11667158496566536,-4226042.747416953,213994722.2164779,-214462264.01121584,16134719.496143684,15667177.701405749,0.11402826495518002,0.36302984763577184,0.12983361181990663,-0.05919641202389201,2021-10-20,2021-05-18,False,False,False,False,False,0.0,0,0,False,[],鸾琯物流
2021-03-31,季报,2021-04-30,保留意见,False,1195224563.240676,660414114.0291822,534810449.21149373,0.552543960641644,537987.3791991597,1.3595655542902921e-15,569416653.9362502,176809985.5152593,9138.512895090476,138323.93505607478,14036156.125475138,804111431.6280677,40000000,13.370261230287344,7304960.990092229,7275621.493757982,30595.397665633263,-6703.1144506037235,-0.0001675778612650931,-5675.4026982745645,33040562.14177,-218336077.65196955,16125878.509173354,-169169637.00102618,0.06260344390058471,0.377856861137585,-0.01358339564390331,0.01752947460925234,2021-10-20,2021-05-24,False,False,False,False,False,0.0,0,0,False,[],鸾琯物流
2021-06-30,半年报,2021-08-27,保留意见,False,1199984454.4106493,663514334.0882938,536470120.3223555,0.5529357748339889,576451.1960931735,1.2216859276866278e-15,624842057.2330008,152982437.2324495,8687.447311457843,118338.21639423248,11853531.553197227,751586949.2682428,40000000,13.411753008058888,8491533.873957915,8438464.767888464,4999824.405159382,1695104.1198081225,0.042377602995203066,1661204.6773292602,138129965.70449287,-219475821.52016214,14667327.549526013,-66678528.266143255,0.003103288489049975,0.10014579546985346,0.00039181419234488084,0.001911275831365618,2021-10-20,2021-10-14,False,False,False,False,False,0.0,0,0,False,[],鸾琯物流
2021-09-30,季报,2021-10-27,无保留意见,False,1230466147.675161,691551841.9695226,538914305.7056382,0.562024272895389,581493.3809678807,1.4229762948084405e-15,665592930.0943502,179254762.27540296,9123.73606410209,127970.88063756235,12119595.393226523,821335578.7641478,40000000,13.472857642640955,12449924.595010402,11999666.52370975,21625450.278619234,5654843.887217838,0.14137109718044596,5087431.079744693,78192838.89483428,-239077753.15133587,16498033.907556226,-144386880.34894535,0.004556051289145358,0.21180624306950135,0.00908849806140007,0.05910847709363156,2021-10-20,2021-12-12,True,False,False,False,False,8146123.476527329,0,0,True,"['公司在相应期间是否按照中国证券监督管理委员会相关规定为中小股东参与现金分红决策提供了便利', '根据公司盈利能力、融资能力及其成本、偿债能力及现金流等情况披露现金分红方案的合理性，是否导致公司营运资金不足或者影响公司正常生产经营', '充分披露高送转的主要考虑及其合理性且送转股后每股收益不低于0.5元', '结合前述财务报表列报项目的具体情况说明现金分红方案确定的依据及未来增强投资者回报的规划']",鸾琯物流
2021-12-31,年报,2022-03-30,无保留意见,False,1033080645.9025328,494316083.63421047,538764562.2683223,0.47848741102139214,532684.0403406735,1.143944479545413e-15,525620268.687378,160611565.37415302,7756.922922987158,119218.24817722497,12770236.949069086,725289521.1041529,40000000,13.469114056708058,21807618.60457909,19958546.73557082,64023299.91410941,13368134.299383845,0.3342033574845961,11369828.874087242,169949739.7526775,-187459744.08142754,13021802.565136364,-4488201.76361368,-0.0002778613143693215,0.3404698108080074,-0.08353686187399688,-0.019432334865950456,2021-10-20,2022-05-01,False,False,False,False,False,0.0,0,0,False,[],鸾琯物流
2022-03-31,季报,2022-04-30,无保留意见,False,1366195546.4518485,797180865.4571052,569014680.9947433,0.5835042190903539,605641.4053476285,1.4995292840028292e-15,640818995.4342211,197891742.05221608,10211.826459036387,141577.22411931286,16691779.449032286,899546574.9759911,40000000,14.225367024868584,43942293.624364115,42537727.8556441,0.0,31620964.313978612,0.7905241078494654,32255973.028676115,266976313.3472145,-219849267.4876611,17488161.508730665,64615207.36828406,0.05614719460957298,0.6010520710508418,0.1050168080689618,0.12383371637141054,2021-10-20,2022-05-26,False,False,True,False,False,0.0,0,9,True,"['公司在相应期间是否按照中国证券监督管理委员会相关规定为中小股东参与现金分红决策提供了便利', '留存未分配利润的预计用途以及收益情况', '结合所处行业特点、发展阶段和自身经营模式、盈利水平、偿债能力、资金需求等因素，未进行现金分红或现金分红水平较低原因的说明', '是否影响偿债能力、过去十二个月内是否使用过募集资金补充流动资金以及未来十二个月内是否计划使用募集资金补充流动资金等内容']",鸾琯物流
2022-06-30,半年报,2022-08-27,无保留意见,False,1459003200.893604,859475134.8970963,599528065.9965078,0.5890837897892812,647708.7427041484,1.5906692790344346e-15,678249377.6989979,195660994.70156777,10355.829224388706,134664.43183008925,17063281.709889274,920256463.8041822,40000000,14.988201649912694,77757179.65273213,71922908.56473377,31937638.468340144,48306980.04052573,1.207674501013143,41978829.58441382,278275415.044302,-264481755.60964656,18906551.526526265,32700210.961181693,0.05362495208106302,0.34318561883705506,0.005579570698927262,-0.092848029350338,2021-10-20,2022-10-19,True,False,False,False,False,31155511.638029635,0,0,True,"['留存未分配利润的预计用途以及收益情况', '根据公司盈利能力、融资能力及其成本、偿债能力及现金流等情况披露现金分红方案的合理性，是否导致公司营运资金不足或者影响公司正常生产经营', '上市公司控股子公司向母公司实施利润分配的情况']",鸾琯物流
2022-09-30,季报,2022-10-27,无保留意见,False,1567342626.830436,885154825.9607804,682187800.8696556,0.5647487733749625,718732.199505452,1.791542590090529e-15,766896926.7471175,198353818.76961616,12712.400096529645,150441.2759639323,16867241.700187966,977316479.5983009,40000000,17.05469502174139,107285811.2585961,99354943.48699196,193951352.81104195,42183759.436948545,1.0545939859237137,39188621.31751169,130751122.58378772,-317379300.10790086,19947803.217386734,-166680374.3067264,0.13787467103104617,-0.09376058424042065,-0.024335016414318605,-0.06145937799423704,2021-10-20,2022-11-12,False,False,False,False,False,0.0,0,0,False,[],鸾琯物流
2022-12-31,年报,2023-03-30,无保留意见,False,1638943709.2489922,943893070.7886997,695050638.4602925,0.5759154908506386,702028.0561253832,1.7637979874425196e-15,876199238.6994678,229673640.7192682,12781.485167870635,172277.93659027547,18277953.2813605,1086996852.7666278,40000000,17.37626596150731,142841068.34412932,130871738.18741712,145330942.70610735,50793224.407904625,1.2698306101976156,45023992.42917881,226791443.39504352,-298567946.50227994,19956085.188832033,-51820417.918404385,0.018855273539396644,0.14547005889560266,0.011166717475676028,0.2082904662552155,2021-10-20,2023-05-10,False,False,False,False,False,0.0,0,0,False,[],鸾琯物流
2023-03-31,季报,2023-04-30,保留意见,False,1575318673.5579515,944161205.7505627,631157467.8073889,0.5993461650639347,724693.0142391226,1.8528794621868257e-15,812160608.5832633,212817523.31981352,11570.824975447533,170106.01445833762,18997912.54194866,1086934837.3420925,40000000,15.778936695184722,160841684.0812628,147118899.226212,68253455.05940591,25715165.338762097,0.6428791334690525,23210230.05542125,277191199.52531195,-279994828.03938234,21324905.868497513,18521277.35442712,-0.09192592182123961,-0.36991984506077635,0.023430674213296043,0.0232486463291736,2021-10-20,2023-06-08,False,False,False,False,False,0.0,0,0,False,[],鸾琯物流
2023-06-30,半年报,2023-08-27,无保留意见,False,1542875889.824791,925914886.1328415,616961003.6919494,0.6001227268111555,675131.9102967469,1.6401832925629905e-15,744350072.0791647,194100080.7649384,10935.899957582398,153366.16981142998,16051959.822995609,950292802.7638694,40000000,15.424025092298734,163665121.86955196,149571534.28752404,14336902.035145465,4033482.5546987504,0.10083706386746875,3503764.3733029324,147075422.45643285,-300116483.5340548,19620517.706164237,-133420543.37145773,-0.022492745217381965,-0.5075874718524896,0.000776561747220828,0.05108122462072331,2021-10-20,2023-10-25,True,False,False,False,False,5608611.579836699,0,0,True,"['公司在相应期间是否按照中国证券监督管理委员会相关规定为中小股东参与现金分红决策提供了便利', '充分披露高送转的主要考虑及其合理性且送转股后每股收益不低于0.5元']",鸾琯物流
2023-09-30,季报,2023-10-27,保留意见,False,1783050653.5344434,1093496312.5436916,689554340.9907517,0.6132727134678502,686866.4694497673,1.7468628921086102e-15,792844961.099435,226255435.7135678,11833.233806856524,163840.71718493235,16148310.52279705,1019449105.4675131,40000000,17.238858524768794,162570502.63564378,148555240.91911054,6341414.174096556,-1563741.7627259567,-0.03909354406814892,-1451847.6691621984,276396191.26328903,-339272224.52008295,23662437.683560625,-39213595.57323329,0.11766276452546828,-0.26611020323756707,0.01314998665669467,0.09701201151585309,2021-10-20,2023-11-12,False,False,False,False,False,0.0,0,0,False,[],鸾琯物流
2023-12-31,年报,2024-03-30,无保留意见,False,2184196335.3067155,1444791323.5301178,739405011.7765976,0.6614750240972422,984120.7650790497,2.5764173516427384e-15,1126866234.2701318,279731751.5132822,16455.02758052174,241562.8360755183,25190068.444757074,1429988181.4194252,40000000,18.485125294414942,158077234.0443064,144708731.12781876,18248879.37043224,-6418955.1304819565,-0.16047387826204892,-5495013.987559644,130788782.95571052,-407399648.2051388,26108821.746519238,-250502043.50290903,0.07229404243068137,-0.31453304895043027,0.04820231062939212,0.1067566381275382,2021-10-20,2024-05-05,False,False,False,True,False,0.0,0,0,False,[],鸾琯物流
2024-03-31,季报,2024-04-30,无保留意见,True,2057635928.3546715,1369868380.9753628,687767547.3793088,0.6657486691879151,1061095.986512347,2.3483448011796233e-15,1057793075.5915637,299040497.11925685,16801.368363736034,226880.54806851633,23737379.08411295,1451875418.2954018,40000000,17.19418868448272,157352906.3153585,144066878.0559486,3672523.4440392954,-1034753.8984970041,-0.025868847462425102,-916932.9598145528,29139277.41871584,-394040122.2104731,28277730.935542006,-336623113.8562153,-0.06983650851002116,0.50885345430259,0.004273645090672714,-0.04887603428902588,2021-10-20,2024-06-05,False,False,False,False,False,0.0,0,0,False,[],鸾琯物流
2024-06-30,半年报,2024-08-27,非标准无保留意见,False,2076937933.7751389,1385965451.059406,690972482.7157327,0.6673119251764115,798641.716149012,1.9285878661444534e-15,833618321.4177451,227808661.20522285,13491.395678700277,183485.4873960644,20494738.123088226,1113450759.6670995,40000000,17.274312067893316,164056521.6567192,150362775.8709606,15101078.48112597,9576593.344801016,0.2394148336200254,8994139.735731408,246636752.49079973,-403135559.62996835,26212972.231002934,-130285834.9081657,0.0046599106756868135,0.664652907686719,0.0015632559884964598,0.060439403878229006,2021-10-20,2024-10-21,True,False,False,False,False,10770099.737645509,0,0,True,['公司为增强投资者回报水平拟采取的措施'],鸾琯物流
2024-09-30,季报,2024-10-27,保留意见,False,2563276720.036164,1859091355.1227539,704185364.9134098,0.7252792258404801,1145994.1025117938,2.896103313781353e-15,1257066240.9792943,322260364.61020863,19306.72163899616,258390.67269272183,27732542.331849568,1631439375.0320075,40000000,17.604634122835247,184873529.4909058,169369522.2816195,62372281.76686752,29738582.620266557,0.743464565506664,27152494.87236987,403422714.0348155,-502702970.15166223,33054015.013034448,-66226241.10381229,0.019122153961539233,0.7586370839139048,0.057967300664068695,-0.04065643336529002,2021-10-20,2024-12-18,False,False,False,False,False,0.0,0,0,False,[],鸾琯物流
2024-12-31,年报,2025-03-30,无保留意见,False,3879123068.200459,3149069887.808746,730053180.391713,0.8117994279747387,1883147.5879579198,4.540024209861163e-15,1942425702.261455,472402557.7060937,26662.052375079238,377365.6201210001,38632170.3872819,2473246347.914215,40000000,18.251329509792825,210626886.7853926,192704570.90340665,116980566.54989202,36790510.42069547,0.9197627605173867,33335783.7454102,471652980.04929614,-666616009.1724076,53018934.011604436,-141944095.11150706,0.0367343838244691,0.1508802236842135,0.0865202021342586,0.019723604708355567,2021-10-20,2025-04-15,False,True,False,True,False,0.0,1,0,True,"['是否影响偿债能力、过去十二个月内是否使用过募集资金补充流动资金以及未来十二个月内是否计划使用募集资金补充流动资金等内容', '充分披露高送转的主要考虑及其合理性且送转股后每股收益不低于0.5元']",鸾琯物流
2017-03-31,季报,2017-04-30,保留意见,False,322761140.75082695,111126265.83776382,211634874.91306314,0.3442987764241229,6777703.953560485,386564.47313038097,2565169.5260678753,137581236.6953393,6017610.151626646,32881840.342965398,4270565.515449146,190247706.18630397,40000000,5.290871872826578,-1952947.3248820521,-1728920.1866283866,11395937.900058338,-2789924.7498315033,-0.06974811874578758,-2469885.9808976953,-48813030.66977406,-40641330.0388771,-51275226.069788165,-140729586.7784393,0.1757493050725729,-0.21055137499063906,0.04429877642412289,0.04883029752795632,2021-12-08,2017-05-11,False,False,False,False,False,0.0,0,0,False,[],颢璞控股
2017-06-30,半年报,2017-08-27,保留意见,False,389216765.5724853,155829529.55773538,233387236.01474994,0.40036695060792454,6515625.671491406,345914.30819077534,2711160.9367849478,128404141.51773508,5757003.228905981,31272033.542645786,4007528.0813048696,182913709.02316526,40000000,5.834680900368749,2434957.1904529245,2114263.0341019607,22052236.378742643,6268435.02190711,0.15671087554767774,5490261.7439004965,-63072801.47996363,-50731145.70734491,-62550330.84686283,-176354278.03417137,0.10278249797261622,0.6374603661322061,0.05606817418380168,-0.09992787241643726,2021-12-08,2017-09-20,False,False,False,False,False,0.0,0,0,False,[],颢璞控股
2017-09-30,季报,2017-10-27,无保留意见,False,310338198.23262185,120903644.16033393,189434554.07228792,0.3895867310208057,6449622.56948337,333858.7318848533,2495356.3275117124,131596245.02801868,5606723.359361527,29034807.221472852,3712090.5826537334,173211196.67401797,40000000,4.735863851807198,5050821.413539281,4559741.383935962,9711261.347959777,3736948.8901233673,0.09342372225308418,3493540.49976286,-13853913.788435627,-38990949.29841019,-46685674.86636612,-99530537.95321193,-0.1883251316266681,-0.10879486004969233,-0.010780219587118837,0.0886717898096125,2021-12-08,2017-11-17,False,False,False,False,False,0.0,0,0,False,[],颢璞控股
2017-12-31,年报,2018-03-30,无保留意见,False,308783867.97775626,117888202.07545036,190895665.9023059,0.3817822571091785,6377381.230351526,341154.0396207215,2436561.8690206204,128060927.45492664,5796867.724127931,28149343.5251691,3850823.2880480955,179181113.6728503,40000000,4.772391647557647,11659859.33736797,10262048.342331344,42340922.60466471,9441482.7483267,0.2360370687081675,8146152.797707688,-23621818.670030713,-41492368.999215685,-53439855.92922718,-118554043.59847358,0.007713016440814863,0.2750903176947261,-0.007804473911627195,-0.026639008464109094,2021-12-08,2018-04-28,False,False,False,False,False,0.0,0,0,False,[],颢璞控股
2018-03-31,季报,2018-04-30,无保留意见,False,327616056.3643849,109917905.90374108,217698150.4606438,0.3355082993291602,5585881.935980378,362046.7697377294,2566016.4501326587,129636817.83242431,5573467.18448866,33569302.11618086,3916366.8680133387,183065966.14065427,40000000,5.442453761516095,14533637.960079214,13004815.54955945,14167498.81356199,4105398.03244463,0.10263495081111575,3918238.8674687212,-37956718.572065026,-43223612.32327985,-54867932.22191778,-136048263.11726266,0.14040384013775636,-0.2018073179432327,-0.0462739577800183,0.2985721976479724,2021-12-08,2018-06-16,False,False,False,False,False,0.0,0,0,False,[],颢璞控股
2018-06-30,半年报,2018-08-27,无保留意见,False,415423224.83606017,191665384.0514015,223757840.78465867,0.4613737812252529,7964793.812858425,416531.2644596477,3430318.853174418,177716000.58670604,7228001.46575004,42457023.35979347,4978858.262624064,229408003.4582873,40000000,5.5939460196164665,19476177.103466563,17399080.60271472,31371601.264222372,7060770.204839073,0.17651925512097683,6277521.5045075305,-77327796.77776867,-57545215.8868938,-70918704.62355909,-205791717.28822157,0.027835286203363355,0.14002920806569244,0.12586548189609267,0.004074748261496011,2021-12-08,2018-10-06,False,False,False,False,False,0.0,0,0,False,[],颢璞控股
2018-09-30,季报,2018-10-27,无保留意见,False,446545758.82802355,222691706.35703492,223854052.4709886,0.4986985139921558,8482009.54898975,566394.0410369367,3642106.522203527,191234829.8305845,8418272.373239638,47456220.96531573,5737284.399091133,266005172.5368741,40000000,5.596351311774715,14536514.43628939,13022312.874908905,11281733.271979054,-7056660.953110246,-0.17641652382775616,-6252525.325436878,-24504396.80300399,-55416310.96897549,-70220500.97777522,-150141208.7497547,0.00042998129581752305,-0.5867406171025248,0.03732473276690293,0.1163612360471606,2021-12-08,2018-12-16,False,False,False,False,False,0.0,0,0,False,[],颢璞控股
2018-12-31,年报,2019-03-30,非标准无保留意见,False,418663564.2745758,194684821.0676984,223978743.20687747,0.46501496113002205,8046685.763871206,470674.2128867442,3517164.185195454,180266735.22154742,7941655.676976094,46869752.09065634,4746275.397464627,252147759.32668197,40000000,5.599468580171937,13620203.180244295,12229742.353707047,6384196.305952414,-1309016.0800644215,-0.03272540200161054,-1132243.6017169382,-16501435.62258639,-51986396.26522592,-69568910.60002393,-138056742.48783624,0.0005570179968264977,0.5780397154257423,-0.03368355286213376,0.09620322164841025,2021-12-08,2019-05-16,False,False,False,False,False,0.0,0,0,False,[],颢璞控股
2019-03-31,季报,2019-04-30,保留意见,False,443246728.252658,235069266.07632884,208177462.17632914,0.5303350280847092,8323843.062936745,434881.1750089972,3255593.590896681,165525016.36846521,6811547.386749149,39825662.231340244,5275221.392279087,228535266.85414466,40000000,5.204436554408228,10228387.972723713,9481294.54629402,16558631.940818064,-4845450.296457972,-0.12113625741144932,-3926354.0105900387,-32604101.13717677,-61623014.45064099,-74165705.08626127,-168392820.67407903,-0.07054812793530808,-0.22538001660306786,0.06532006695468721,-0.07786548429787234,2021-12-08,2019-06-06,False,False,False,False,False,0.0,0,0,False,[],颢璞控股
2019-06-30,半年报,2019-08-27,无保留意见,False,483619054.1846475,281131073.1813857,202487981.0032618,0.5813068586707273,8876066.142008735,474592.7663090726,3389406.5813823864,191165905.79934126,8082048.68940013,43870515.73989935,5555675.107683654,261415617.1501746,40000000,5.062199525081545,5325259.404715289,4558852.8466314925,30688534.01261199,-7004469.382869178,-0.17511173457172946,-7032059.570946468,-43947934.77241712,-60717206.52114888,-73693727.12562625,-178358868.41919225,-0.027329957400711685,-0.17763052840880103,0.05097183058601804,0.02418804959654102,2021-12-08,2019-10-22,False,False,False,False,False,0.0,0,0,False,[],颢璞控股
2019-09-30,季报,2019-10-27,无保留意见,False,589399321.5600297,371544645.1097083,217854676.4503215,0.6303784743530059,10208320.628726952,643335.4822221502,4808180.49512121,276430238.928029,10557429.254344366,57521936.94879273,6838305.248839977,327400134.48921233,40000000,5.446366911258037,1880146.797344663,1240661.7652845024,4634251.729513743,-4921589.439100895,-0.12303973597752238,-4740272.973352844,-29888709.874837924,-71176060.12360196,-99052384.89376675,-200117154.8922066,0.07588942005803377,0.2083811278811496,0.04907161568227847,-0.060770552228254344,2021-12-08,2019-11-13,False,False,False,False,False,0.0,0,0,False,[],颢璞控股
2019-12-31,年报,2020-03-30,保留意见,False,672728999.493893,444293278.59603465,228435720.89785838,0.6604342594570548,12610541.298181145,708358.7295596208,5581302.318055293,282106239.7584532,11201272.058102246,71770719.8152809,8573825.750343904,386275920.69857204,40000000,5.710893022446459,4463034.062327907,3599163.6751812384,2471980.3970057215,3689838.9499760643,0.0922459737494016,3369288.4427096234,-101810509.74765277,-88463313.75314254,-100921543.4217054,-291195366.9225007,0.04856927847472536,0.712960397037202,0.030055785104049017,-0.0869665088031139,2021-12-08,2020-05-01,False,False,False,False,False,0.0,0,0,False,[],颢璞控股
2020-03-31,季报,2020-04-30,无保留意见,False,617698620.4395427,386495651.9841474,231202968.4553952,0.6257026310162785,12082558.341231242,663785.0490561927,4540425.292265496,254395819.19658887,10266205.447637014,55272548.443094715,7126154.247715934,331324081.642946,40000000,5.78007421138488,10017133.086657329,8654330.873533268,34926506.378515214,7934427.1776134595,0.1983606794403365,7221667.426217185,-54877243.522496596,-79103102.67364174,-99598987.35327372,-233579333.54941207,0.012113900342119104,0.2051532753783136,-0.0347316284407762,-0.048961022138154446,2021-12-08,2020-05-19,False,False,False,False,False,0.0,0,0,False,[],颢璞控股
2020-06-30,半年报,2020-08-27,无保留意见,False,690542454.3444221,436676999.9254985,253865454.4189236,0.6323680711855219,13628502.072543427,780141.5947303413,5777131.953046574,299073753.82985514,12844696.272075348,67444743.93199025,8345045.426010307,400767736.5669232,40000000,6.34663636047309,23503239.21293649,21651620.759643134,52891403.79434034,19265865.894684516,0.4816466473671129,18567556.98015695,-76305723.26274422,-81173106.98085526,-113583060.85502867,-271061891.09862816,0.09801987454975347,0.4544495302159821,0.006665440169243231,0.18271277871793623,2021-12-08,2020-10-23,False,False,False,False,False,0.0,0,0,False,[],颢璞控股
2020-09-30,季报,2020-10-27,无保留意见,False,729647257.610938,492337916.84040266,237309340.77053526,0.6747615532092177,12605616.588854186,783186.1799199401,5791816.84445289,257616237.9988986,11953641.478506112,63621665.933134735,9053176.721317079,386721988.9638522,40000000,5.932733519263381,27913428.81408993,25569916.684732947,29079050.853954464,6300270.858790629,0.15750677146976572,5597565.6072711665,-82273875.17299047,-94490301.20887001,-120963813.82517315,-297727990.20703363,-0.06521609521974496,-0.35751511003613595,0.04239348202369587,0.03156205041385012,2021-12-08,2020-11-19,False,False,False,False,False,0.0,0,0,False,[],颢璞控股
2020-12-31,年报,2021-03-30,无保留意见,False,977135777.4808912,747504043.4142745,229631734.0666168,0.7649950607083288,18445409.007845476,981242.8795940453,6899472.972234605,337074128.96424174,16465387.178929552,85635822.05740787,11734608.781252284,507710266.8129846,40000000,5.74079335166542,33465240.209489536,30124887.18136219,17235605.74429089,7931159.136285152,0.1982789784071288,6507100.709470348,-36742950.182319455,-127793394.9486779,-166024952.1979549,-330561297.32895225,-0.032352737060368286,0.06999439136902691,0.09023350749911109,0.04071271357309368,2021-12-08,2021-05-20,False,False,False,False,False,0.0,0,0,False,[],颢璞控股
2021-03-31,季报,2021-04-30,无保留意见,False,821766319.4347159,619138254.2011678,202628065.23354807,0.7534237404948237,15689101.945292722,887158.7983002663,6497640.314052693,339335272.3074812,13806507.61414881,76686694.03415929,9626347.812054105,444548498.34570754,40000000,5.065701630838702,35643095.584833026,32138506.191411268,7006325.594302644,3111221.964776419,0.07778054911941047,2876598.5857843943,-32326614.94349848,-102149588.9115278,-129311210.65977506,-263787414.51480132,-0.11759554463511082,-0.19332984660523578,-0.011571320213505067,-0.08369876580442165,2021-12-08,2021-06-23,False,False,False,False,False,0.0,0,0,False,[],颢璞控股
2021-06-30,半年报,2021-08-27,无保留意见,False,535151191.85483646,365655872.0489335,169495319.80590296,0.683275824877767,10301218.728227189,544636.1192298045,3914056.8987597004,214254143.5060978,9528184.915199686,49335524.63068866,5963790.483614939,286073157.59335923,40000000,4.237382995147574,41785100.214441575,37701751.65514098,11439605.140643653,8774292.328012213,0.21935730820030533,7947493.519613875,-17920119.427553043,-66130361.5000025,-99579454.48263408,-183629935.41018963,-0.16351508558035388,0.28158758195570205,-0.07014791561705681,-0.008365777385583166,2021-12-08,2021-10-15,False,False,False,False,False,0.0,0,0,False,[],颢璞控股
2021-09-30,季报,2021-10-27,非标准无保留意见,False,666524604.8774048,491859489.1683168,174665115.70908806,0.7379464847494797,12667063.532388354,682440.987375713,5040266.993519789,249777709.74942735,11743661.606371328,61216086.028412506,8505808.586644368,364059773.21978664,40000000,4.366627892727202,44927124.12672313,40441461.06011219,17361484.829744022,4488605.588973649,0.11221513972434122,3913870.578530302,-121009862.84002833,-93280482.84047306,-105707904.42200606,-319998250.1025075,0.030501113004803144,-0.16627757163989193,0.05467065987171268,-0.08863105221357467,2021-12-08,2021-12-24,True,True,False,True,False,6421751.664237171,1,0,True,['留存未分配利润的预计用途以及收益情况'],颢璞控股
2021-12-31,年报,2022-03-30,无保留意见,False,696331866.0377781,531546338.2278242,164785527.8099539,0.7633520224377986,13372473.504884591,776437.9226171019,5046582.404988676,280023346.69768274,12361397.023961663,67014617.32104295,8759131.254773093,387698704.16302097,40000000,4.1196381952488474,51190965.21759057,46569320.673271835,8577731.128981903,8948344.415524907,0.22370861038812268,8754085.16165663,-107973424.29458296,-100768156.1722444,-105093520.17994449,-313835100.64677185,-0.05656302839308221,0.20753970322018783,0.02540553768831907,0.08445075416106096,2021-12-08,2022-04-09,True,False,True,False,False,11744504.975877674,0,5,True,['公司为增强投资者回报水平拟采取的措施'],颢璞控股
2022-03-31,季报,2022-04-30,无保留意见,False,956426289.3905021,776206719.9915814,180219569.39892069,0.811569828853441,16770464.848597366,922344.3014710656,7881965.846064742,387611882.6693458,18328140.089178164,84883144.91248004,11342882.918706635,526476193.12521046,40000000,4.505489234973017,69392923.46499762,62816319.6007134,64551473.090835646,26002797.496295787,0.6500699374073947,23209998.46777367,-25441391.906416867,-123212522.24515946,-150747368.53113264,-299401282.682709,0.09366139001458176,0.6572462893072745,0.04821780641564241,-0.077348779868229,2021-12-08,2022-05-24,False,False,False,False,False,0.0,0,0,False,[],颢璞控股
2022-06-30,半年报,2022-08-27,无保留意见,False,882185813.200907,724183226.1562294,158002587.04467764,0.8208964770455967,18229275.463937994,944942.8128742897,6684597.035822279,348232890.87042165,15725537.595373174,81008006.59163891,11145149.878227873,491581236.7185856,40000000,3.9500646761169413,81544209.46711227,72762540.52667049,44813391.3879147,17358980.00302095,0.43397450007552374,14208887.03708154,-135943862.74980006,-121590897.42360595,-156316476.1193252,-413851236.29273117,-0.12327730239475376,-0.2010059344166949,0.00932664819215566,-0.1516820323723491,2021-12-08,2022-10-05,False,True,False,False,False,0.0,1,0,True,['是否影响偿债能力、过去十二个月内是否使用过募集资金补充流动资金以及未来十二个月内是否计划使用募集资金补充流动资金等内容'],颢璞控股
2022-09-30,季报,2022-10-27,无保留意见,False,781716781.1018727,636731065.2007065,144985715.90116626,0.814529098765411,13802729.95479138,749323.3357752708,5379423.97175618,278998396.20824885,12661895.146574449,67900374.20102079,9005909.857679702,389997425.87766075,40000000,3.6246428975291565,84753824.9336279,75578476.22887036,12512299.093488181,4585164.95216519,0.11462912380412975,4022765.2888569846,-111912356.67013513,-95206160.89728923,-128431363.81761901,-335549881.3850434,-0.08238391147247905,-0.3717751530962981,-0.0063673782801856385,-0.1349286630864632,2021-12-08,2022-12-10,False,True,False,False,False,0.0,4,0,True,"['上市公司控股子公司向母公司实施利润分配的情况', '是否影响偿债能力、过去十二个月内是否使用过募集资金补充流动资金以及未来十二个月内是否计划使用募集资金补充流动资金等内容', '根据公司盈利能力、融资能力及其成本、偿债能力及现金流等情况披露现金分红方案的合理性，是否导致公司营运资金不足或者影响公司正常生产经营']",颢璞控股
2022-12-31,年报,2023-03-30,无保留意见,False,1490314929.569724,1341283436.6127517,149031492.9569724,0.9,31763770.942670897,1581261.032833494,11964647.1404528,559835134.3578774,27713060.0598399,149964919.07116812,19198741.896621987,848329395.7790397,40000000,3.7257873239243096,76777511.91168062,68332514.7026011,47958309.75889815,-11394732.888496114,-0.2848683222124028,-10351373.608956104,-81257544.6711956,-196899718.52584988,-239340143.18377203,-517497406.3808175,0.02790465964636167,-0.7403185417426413,0.09733281112599164,0.010014296220881878,2021-12-08,2023-05-23,False,False,True,True,False,0.0,0,4,True,['是否影响偿债能力、过去十二个月内是否使用过募集资金补充流动资金以及未来十二个月内是否计划使用募集资金补充流动资金等内容'],颢璞控股
2023-03-31,季报,2023-04-30,无保留意见,False,1570102811.9555295,1413092530.7599766,157010281.19555292,0.9,29083077.970729258,1599179.3995553746,12947733.062713506,566627901.4860752,26466381.65894127,151594510.61408216,18870687.978229456,822006397.6183195,40000000,3.9252570298888227,70945700.41933721,63558564.29162372,38399002.53409314,-8331159.274776313,-0.20827898186940783,-6819929.158539121,-287107651.5856999,-201494622.18396425,-245168514.19556236,-733770787.9652265,0.053537598532171445,0.5465526535626323,0.038030491880272424,0.08838099063254937,2021-12-08,2023-05-13,False,False,False,True,False,0.0,0,0,False,[],颢璞控股
2023-06-30,半年报,2023-08-27,保留意见,False,1094255553.6160815,923434081.4735442,170821472.1425372,0.8438925243942881,18922267.235485673,1002305.8820201815,8205794.15286161,382990217.78138316,17094170.00445061,99415124.4986211,12530713.215742273,562063484.5033561,40000000,4.27053680356343,65171882.27222657,58399607.67076154,38125802.49217539,-8248311.638729483,-0.20620779096823708,-7369938.02980311,-126695889.05284192,-156835566.30524236,-175309360.78574398,-458840816.1438283,0.08796360876382822,0.009556945233261888,-0.105999877377387,0.05853916795284425,2021-12-08,2023-10-11,False,True,False,False,True,0.0,0,0,True,"['结合所处行业特点、发展阶段和自身经营模式、盈利水平、偿债能力、资金需求等因素，未进行现金分红或现金分红水平较低原因的说明', '根据公司盈利能力、融资能力及其成本、偿债能力及现金流等情况披露现金分红方案的合理性，是否导致公司营运资金不足或者影响公司正常生产经营']",颢璞控股
2023-09-30,季报,2023-10-27,无保留意见,False,573010767.4100068,423903794.9944701,149106972.41553658,0.7397832974596689,10518219.859659208,602725.6015071938,4795792.988605576,254564348.2460043,10053926.863876317,55211177.64585859,6819954.117287014,319511593.51423377,40000000,3.7276743103884145,55352852.7349186,49722668.80338582,46785760.91175117,-14027185.053297104,-0.3506796263324276,-12395626.953393886,-18872753.469416928,-70390584.33545639,-90791646.41075677,-180054984.21563008,-0.12711809267678928,-0.660315264439864,-0.10410922693461927,0.001396271021850935,2021-12-08,2023-11-28,False,False,False,True,False,0.0,0,0,False,[],颢璞控股
2023-12-31,年报,2024-03-30,保留意见,False,685596346.9315501,536329209.0907644,149267137.84078574,0.7822813109946624,12765220.911591869,702948.0116769122,5110049.751439405,236697303.4395611,12198046.661025446,68255129.72871515,7587737.090329806,367543552.0798584,40000000,3.7316784460196435,45306958.75348926,40715570.61197871,0.0,-14351277.116327621,-0.3587819279081905,-12867283.130581578,-43560752.993284315,-93135071.9284344,-115359594.0874528,-252055419.00917152,0.0010741645588699539,-0.1090185796428276,0.042498013534993516,0.17358896598951354,2021-12-08,2024-05-24,False,False,False,False,True,0.0,0,0,False,[],颢璞控股
2024-03-31,季报,2024-04-30,无保留意见,False,828332882.1865779,656072171.6442227,172260710.5423552,0.7920392703865228,14379296.987060137,789154.9477779743,6015474.352327137,316895361.0594917,13699328.261122186,79464676.45692907,9555914.145460598,434505873.2025418,40000000,4.3065177635588805,34926123.850677595,31689483.07077796,16996577.687661566,-14829764.146873815,-0.37074410367184535,-12894410.773143932,-28043095.95390105,-105426513.51741497,-129766371.03266717,-263235980.5039832,0.15404310040496197,-0.18064820351564467,0.009757959391860407,0.009889667876591311,2021-12-08,2024-06-11,False,True,False,False,False,0.0,0,0,True,"['公司为增强投资者回报水平拟采取的措施', '充分披露高送转的主要考虑及其合理性且送转股后每股收益不低于0.5元', '结合前述财务报表列报项目的具体情况说明现金分红方案确定的依据及未来增强投资者回报的规划', '公司在相应期间是否按照中国证券监督管理委员会相关规定为中小股东参与现金分红决策提供了便利']",颢璞控股
2024-06-30,半年报,2024-08-27,无保留意见,False,764051019.565625,588241595.1739336,175809424.39169133,0.7698983184504593,14492317.21077449,881917.6979457084,5956881.756544886,307765955.3924238,14626885.75440306,75770898.52038294,8808329.90868451,435130334.2527454,40000000,4.395235609792283,23728957.156423993,22273708.6725934,28269282.87639465,-15995952.42036229,-0.39989881050905723,-13451106.2831208,-142565652.71401623,-98365776.88589661,-119117157.70228964,-360048587.30220246,0.020600831368703644,-0.537355546775528,-0.022140951936063444,-0.024600643857998233,2021-12-08,2024-10-23,False,False,False,False,False,0.0,0,0,False,[],颢璞控股
2024-09-30,季报,2024-10-27,无保留意见,False,1155112088.9512813,966063996.0210023,189048092.93027905,0.8363378803334016,23312131.79185837,1167989.9401122883,9296445.979715025,415818109.8079894,19370737.449603546,110796224.90876237,14894885.33123707,641678107.2184359,40000000,4.7262023232569765,12923139.771598514,12159403.331856363,26188218.68708654,-15436881.978322115,-0.38592204945805286,-14449007.62962434,-177191216.1228969,-140908967.75389257,-197923193.61301753,-516023377.489807,0.07530124499522187,0.5568166821754651,0.0664395618829423,-0.021955307841788393,2021-12-08,2024-12-03,False,False,False,False,False,0.0,0,0,False,[],颢璞控股
2024-12-31,年报,2025-03-30,无保留意见,False,1620251758.3632236,1410673064.1149125,209578694.248311,0.8706505373831366,32310468.617417503,1811455.7254014628,13508164.122481436,668704117.8272057,27785371.541455653,172006474.8814327,20592026.058273364,939340945.2435235,40000000,5.239467356207776,1548957.137390922,2267688.68307105,39281926.82590334,-16248832.334582275,-0.4062208083645569,-14131020.926836163,-87942195.08303182,-222620428.70919725,-266306234.4483274,-576868858.2405565,0.10859988587985199,-0.5194427707951276,0.034312657049735115,0.022963162579072497,2021-12-08,2025-04-12,False,False,False,False,False,0.0,0,0,False,[],颢璞控股
2017-03-31,季报,2017-04-30,非标准无保留意见,False,282355189.87815064,83532115.86042002,198823074.01773062,0.29584055421991,42473560.83093269,10726780.382276947,6862450.570215805,23830500.174524732,22096175.351054385,869380.4381235793,58634217.39796712,164734446.9747663,40000000,4.9705768504432655,-552328.2444482553,-509046.97999540786,3940181.412486411,-789040.3492117934,-0.019726008730294835,-727209.9714220113,-54367861.137142256,11764507.416224409,-35320994.44281734,-77924348.16373518,0.10457263343183681,-0.09939113051176628,-0.004159445780089986,0.11284840665209683,2021-01-19,2017-05-20,False,False,False,False,False,0.0,0,0,False,[],钧璟机械
2017-06-30,半年报,2017-08-27,无保留意见,False,303354490.0193203,73267845.27432646,230086644.74499387,0.24152550130265124,52478736.078504525,12071361.636249945,7570866.778887651,27297508.96772576,25056772.489567786,1015586.3401781083,65274687.25597799,184239967.44247985,40000000,5.752166118624847,1011166.8802758328,801590.2473798059,7334715.697242644,2233564.4638915546,0.05583911159728887,1872338.8962503055,-43784179.6821876,12626309.713169849,-36700951.22896819,-67858821.19798595,0.15724317150671951,0.1864544035772974,-0.05431505291725876,0.09371544443311355,2021-01-19,2017-09-22,False,False,False,False,False,0.0,0,0,False,[],钧璟机械
2017-09-30,季报,2017-10-27,无保留意见,False,357998782.4393387,117272489.08534218,240726293.3539965,0.3275778992494576,55253331.99594616,13126059.601457627,9159885.837240135,32451462.82322431,27553501.508456934,1084228.453782833,70832010.62120496,212725252.30632073,40000000,6.018157333849912,1478736.7112611942,1203125.7223684045,733524.7794802843,667956.901407659,0.016698922535191476,573622.1071265696,-6458368.128896618,15559712.595980039,-42151500.7525316,-33050156.285448182,0.0462419216934324,-0.08139976162105128,0.08605239794680639,-0.010478248495659745,2021-01-19,2017-12-22,False,False,False,False,False,0.0,0,0,False,[],钧璟机械
2017-12-31,年报,2018-03-30,保留意见,False,377975768.693503,124851506.55715798,253124262.13634506,0.33031616547461506,59835818.937719695,13958349.944556534,9686025.746635528,32797380.59485162,29581129.274974793,1344065.986131886,76234804.61343774,223994451.25137255,40000000,6.3281065534086265,-3603779.4835847653,-3101122.6333302776,27468388.347059917,-7260737.421208514,-0.18151843553021285,-6148926.222426689,-53427631.70792092,14959855.112679003,-42034747.97598834,-80502524.57123026,0.05150234571226056,-0.4487612442604765,0.0027382662251574366,0.011799112094521422,2021-01-19,2018-05-23,False,False,False,False,False,0.0,0,0,False,[],钧璟机械
2018-03-31,季报,2018-04-30,无保留意见,False,426473183.55023587,162865963.62355196,263607219.92668387,0.381890280340141,71180033.24015947,17117272.562788926,10419947.950740164,40626758.74902599,39125497.97156455,1529205.6357386955,84589787.12248921,275536218.2030628,40000000,6.590180498167097,-6243744.35935744,-5389301.998184072,5947356.953940083,-3771378.393960964,-0.0942844598490241,-3268827.6640768494,-31983534.90696692,19101400.27267295,-54253265.21612332,-67135399.85041729,0.04141427495674907,0.3582775388812378,0.05157411486552594,-0.23145299537771152,2021-01-19,2018-05-29,False,False,False,False,False,0.0,0,0,False,[],钧璟机械
2018-06-30,半年报,2018-08-27,无保留意见,False,451070875.0375029,198813794.2746052,252257080.76289767,0.4407595463973937,69976804.61940707,15215112.38587353,10370458.695790142,37059964.84117327,33128701.681798536,1389419.4993080932,91624029.99300665,255735274.89771014,40000000,6.306427019072442,-2853046.3418734306,-2304864.8750317637,17472657.962615136,4843854.310691442,0.12109635776728606,4406338.74736044,-77062463.26344095,18800295.594786655,-59058336.90842562,-117320504.57707992,-0.04305701174248177,0.6512570214208442,0.058869266057252664,-0.019450551440017637,2021-01-19,2018-10-25,False,False,False,False,False,0.0,0,0,False,[],钧璟机械
2018-09-30,季报,2018-10-27,无保留意见,True,521165719.33071613,237957636.32797745,283208083.00273865,0.4565872763725979,84219269.24843541,18186341.871823907,12248338.947195174,40623229.74161476,37422847.8973478,1589745.1469633025,100534030.263578,299608555.4615955,40000000,7.080202075068466,7883664.151755333,8067222.93162312,25096977.820923947,15338157.848041091,0.3834539462010273,14817268.295221264,-69557384.42548214,22138590.695361055,-64784871.64166807,-112203665.37178916,0.12269626741987309,0.4804236188397041,0.015827729975204204,0.13967037588894118,2021-01-19,2018-12-17,False,False,False,False,False,0.0,0,0,False,[],钧璟机械
2018-12-31,年报,2019-03-30,无保留意见,False,569466489.6087096,278322300.857132,291144188.75157756,0.48874219279939046,85013494.43165609,18736650.29682554,15193423.05035947,47609812.978527024,42110536.3542607,1795769.9555673134,126782448.65705386,340433240.2408984,40000000,7.278604718789439,19743969.34241657,19261331.32214072,50298050.97258296,16943293.12951605,0.42358232823790126,15991583.415025143,-40360084.49279029,25024307.51138402,-78483338.93712002,-93819115.91852629,0.028022172477196364,0.04963595295123439,0.03215491642679255,0.1029939252238863,2021-01-19,2019-05-06,False,False,False,False,False,0.0,0,0,False,[],钧璟机械
2019-03-31,季报,2019-04-30,无保留意见,False,624953767.8984005,320111287.21070826,304842480.6876923,0.5122159488487941,104173038.20130433,24510364.146287102,14049701.046107003,53676849.609079525,50478973.65103657,1797076.700471422,127207555.65374132,373637075.9137887,40000000,7.621062017192307,35265529.54917708,32686976.169645373,0.0,22173657.438229308,0.5543414359557327,19179492.639292363,-84207023.75845358,26386647.145923283,-74787247.72968055,-132607624.34221084,0.04704985524475982,0.15409124532366267,0.023473756049403643,-0.004580098219309263,2021-01-19,2019-06-18,False,False,False,False,False,0.0,0,0,False,[],钧璟机械
2019-06-30,半年报,2019-08-27,无保留意见,False,928356579.076957,569221207.0276467,359135372.0493104,0.6131493219917823,153758339.82472527,33741162.40280539,24387448.13659359,85645829.01129991,74116706.5457416,3088167.3545828587,196336968.3948933,550732453.9868557,40000000,8.97838430123276,55686825.14549631,51485412.61376934,50536652.62436178,29173279.423313178,0.7293319855828294,26854909.205891393,-177625980.05826715,41671230.219761476,-111432106.56518658,-247386856.40369225,0.17810146157825213,0.17868186028126612,0.10093337314298827,-0.12543291998862482,2021-01-19,2019-09-12,False,False,False,False,False,0.0,0,0,False,[],钧璟机械
2019-09-30,季报,2019-10-27,保留意见,False,1290084899.6214797,903889447.0260912,386195452.59538853,0.7006433819133135,217565386.4884553,51360663.808036625,34586873.19082097,121061891.77470712,108237124.34717207,4652455.121010734,295169335.7191393,827083030.0893986,40000000,9.654886314884713,75735485.48688021,70070650.73758823,111298638.46803497,28640943.344834156,0.7160235836208539,26550340.17688412,-173841206.73075202,55125978.81582063,-174402015.48817176,-293117243.4031031,0.07534785669166197,-0.011529093993922457,0.08749405992153125,-0.002710832370867828,2021-01-19,2019-11-26,False,False,False,False,False,0.0,0,0,False,[],钧璟机械
2019-12-31,年报,2020-03-30,无保留意见,True,1476223830.3334599,1052175933.8520356,424047896.4814243,0.7127482379243009,266070328.61061537,57449122.94796715,37763880.08965354,121111471.53078298,110226088.93508308,5021912.795173158,295852276.29876953,894930200.9223126,40000000,10.601197412035607,85747429.43795842,78672605.30186519,14829942.458691936,14302777.072968852,0.35756942682422127,12288506.520395676,-220488348.16104713,64272214.56002286,-192094368.69762412,-348310502.29864836,0.09801369651468494,-0.314151400498784,0.012104856010987219,0.12131556143582406,2021-01-19,2020-04-30,False,False,False,False,False,0.0,0,0,False,[],钧璟机械
2020-03-31,季报,2020-04-30,无保留意见,False,2410988483.671414,1994760984.5591319,416227499.11228186,0.8273623030838964,410259793.37696505,95746887.13829878,64074902.172283575,200822800.82327121,215114878.56136122,8002832.695568076,509086618.5329515,1537533750.0541413,40000000,10.405687477807046,90312484.70147073,82696339.28644982,28340133.035558153,6521507.519303311,0.16303768798258278,5748191.406549447,-184338202.47749633,103991039.20268977,-316310890.00860894,-396658053.2834155,-0.018442250118519434,-0.24858080596257928,0.1146140651595956,0.04223940300989266,2021-01-19,2020-06-09,False,False,False,False,False,0.0,0,0,False,[],钧璟机械
2020-06-30,半年报,2020-08-27,非标准无保留意见,False,2620062379.1550198,2188436765.7016335,431625613.4533864,0.8352613216817428,428302786.0570395,101623389.91531861,73362924.75664397,222323057.33487478,217958715.98524922,8851817.632824074,542960247.385127,1555584871.6273127,40000000,10.790640336334661,84596575.82017444,77249324.35715303,36096285.81025824,-8165584.116137547,-0.2041396029034387,-7781449.898995394,-89848389.85156596,124377214.1409596,-339337564.28018785,-304808739.9907942,0.036994466665333924,-0.6244111532131882,0.007899018597846405,0.0294069951975676,2021-01-19,2020-09-30,False,False,False,False,False,0.0,0,0,False,[],钧璟机械
2020-09-30,季报,2020-10-27,非标准无保留意见,False,2579982565.2360415,2188773254.516748,391209310.71929353,0.8483674595361066,379049815.35431576,97155030.25831519,56811710.16779248,202798875.9297574,175470292.59183452,7770286.291916373,484653956.308319,1456557075.585211,40000000,9.780232767982339,81263266.71823013,74077768.00834914,19037419.450648624,-4761870.145634726,-0.11904675364086814,-4530794.784005568,-52967477.71175811,125207037.20985244,-329173530.16824377,-256933970.67014945,-0.09363740583124044,0.3852788928264379,0.013106137854363906,0.1014468540441146,2021-01-19,2020-12-01,False,False,False,False,False,0.0,0,0,False,[],钧璟机械
2020-12-31,年报,2021-03-30,无保留意见,False,4495384653.0343485,4045846187.7309136,449538465.3034347,0.9,682131008.4240632,150390248.69433066,93141499.57864808,375440436.2303825,318490712.77830935,13789215.086132716,838890632.4171057,2430896498.7792044,40000000,11.238461632585869,88464744.6345831,80834646.0927986,36456854.11439709,10287825.59478996,0.25719563986974897,9652682.977784961,-727178346.5540708,199141061.39961404,-584565831.0060987,-1112603116.1605556,0.14909960725856652,1.2297381968909684,0.12013430151407524,-0.11031358659315911,2021-01-19,2021-05-28,False,True,False,False,True,0.0,1,0,True,"['结合所处行业特点、发展阶段和自身经营模式、盈利水平、偿债能力、资金需求等因素，未进行现金分红或现金分红水平较低原因的说明', '上市公司控股子公司向母公司实施利润分配的情况']",钧璟机械
2021-03-31,季报,2021-04-30,保留意见,False,5221654749.253597,4699489274.328238,522165474.9253596,0.9,969540576.7387973,196668592.04936746,125151319.6113186,507268586.2584911,379795949.0317796,17388937.4916354,1120533926.3093934,3235645191.605313,40000000,13.05413687313399,100260985.2284248,90984458.34627007,75740241.44157518,16851772.27691672,0.421294306922918,14499731.790673507,-226528618.96024242,204472986.20151758,-708853215.4344457,-730908848.1931705,0.16155905495851655,0.24054487812982822,0.022697173580883752,0.03506955964262804,2021-01-19,2021-05-19,True,False,False,False,False,6532668.273130166,0,0,True,['上市公司控股子公司向母公司实施利润分配的情况'],钧璟机械
2021-06-30,半年报,2021-08-27,无保留意见,False,4776966470.098818,4299269823.088936,477696647.0098817,0.9,871722260.560218,208796995.42059416,127696066.36842611,471710456.5704957,371150839.7359741,17215686.360071976,1093388502.7153392,3036538838.8162622,40000000,11.942416175247041,117296271.25698927,105763598.88125613,94117564.91393565,24336122.897949256,0.6084030724487314,21113057.907122944,-666822579.6574066,196286275.31087273,-600362182.5386063,-1070898486.8851402,-0.08516232889934851,0.2210918400315503,0.0529872710929901,0.05431418566868921,2021-01-19,2021-10-05,False,False,False,False,False,0.0,0,0,False,[],钧璟机械
2021-09-30,季报,2021-10-27,无保留意见,False,4380369870.619549,3942332883.5575943,438036987.0619548,0.9,748047867.9922038,174484052.35934237,107718908.67269783,410786746.28145427,327839763.0880147,15643966.883774241,969487507.8955039,2737537115.7113347,40000000,10.950924676548869,139597279.29262745,125765188.07198688,144560163.06114012,31858582.908054546,0.7964645727013636,28573698.84390106,-322452711.34087634,197238752.29602855,-550258816.6561127,-675472775.7009604,-0.08302268855386478,0.1819827183279079,-0.0072566221076365775,0.029715922219776283,2021-01-19,2021-12-06,True,False,False,False,False,44010030.54623252,0,0,True,"['结合前述财务报表列报项目的具体情况说明现金分红方案确定的依据及未来增强投资者回报的规划', '公司在相应期间是否按照中国证券监督管理委员会相关规定为中小股东参与现金分红决策提供了便利', '充分披露高送转的主要考虑及其合理性且送转股后每股收益不低于0.5元']",钧璟机械
2021-12-31,年报,2022-03-30,无保留意见,False,4004658352.293277,3604192517.063949,400465835.2293276,0.9,608550925.4181198,141308462.8606807,98885963.58936802,314023557.9564323,313661613.6683391,12248073.15042275,829080662.010224,2264184537.028966,40000000,10.011645880733191,157961965.12387964,141030745.10933697,60635227.95389848,26235265.473217405,0.6558816368304351,21807938.624785855,-150826954.57386616,178639752.43941495,-439555839.65366405,-411743041.78811526,-0.08577164244651587,-0.11509374812240236,0.06871961340324358,-0.037257027143687754,2021-01-19,2022-04-23,False,False,False,False,False,0.0,0,0,False,[],钧璟机械
2022-03-31,季报,2022-04-30,无保留意见,False,4617076722.633178,4155369050.36986,461707672.2633177,0.9,693604427.0162091,164308446.03414878,102033088.91633557,369521017.589376,348300801.03106654,14332920.36949814,984453693.1796633,2647648414.017625,40000000,11.542691806582942,169621061.99640167,151597097.7891028,25944174.14934756,16655852.67503146,0.41639631687578654,15094789.542522583,-603586788.9057622,196114060.32238427,-599758109.023214,-1007230837.6065919,0.15292649621139273,-0.2215647965460054,0.04172008954039006,-0.03789368674773738,2021-01-19,2022-05-14,True,False,False,True,False,15785234.656997684,0,0,True,"['根据公司盈利能力、融资能力及其成本、偿债能力及现金流等情况披露现金分红方案的合理性，是否导致公司营运资金不足或者影响公司正常生产经营', '是否影响偿债能力、过去十二个月内是否使用过募集资金补充流动资金以及未来十二个月内是否计划使用募集资金补充流动资金等内容', '结合前述财务报表列报项目的具体情况说明现金分红方案确定的依据及未来增强投资者回报的规划', '公司在相应期间是否按照中国证券监督管理委员会相关规定为中小股东参与现金分红决策提供了便利']",钧璟机械
2022-06-30,半年报,2022-08-27,无保留意见,False,5373136783.335043,4835823105.001539,537313678.3335042,0.9,804056309.602364,209551440.75443286,116211329.35362892,424687212.01416284,422309021.45525485,16244304.804914663,1035953782.057006,3079499959.250429,40000000,13.432841958337605,178383253.54439956,159468480.5398662,27756350.844671007,12517416.497139867,0.3129354124284967,11244832.501090597,-173033580.5070383,245413094.30416635,-675253164.322609,-602873650.5254809,0.16375297750535867,-0.12296334363745909,-0.06041392895365421,0.09615322060507053,2021-01-19,2022-09-15,False,False,False,True,False,0.0,0,0,False,[],钧璟机械
2022-09-30,季报,2022-10-27,无保留意见,False,4781146812.558405,4303032131.302565,478114681.25584036,0.9,811169976.2751406,164604969.8909322,113267614.38337122,428886186.5125385,348803950.2544945,15905566.126959803,902913709.4234906,2865236819.4065475,40000000,11.952867031396009,186861500.06084007,167413048.87064785,42347103.608097576,12111780.737772152,0.3027945184443038,11349383.329688076,-102122417.20667654,199259573.0768449,-603902058.3767467,-506764902.5065783,-0.11017586088869256,-0.013742251440163078,0.02108879084864245,0.04449439482142804,2021-01-19,2022-12-01,False,False,False,False,False,0.0,0,0,False,[],钧璟机械
2022-12-31,年报,2023-03-30,无保留意见,False,4837467161.757454,4353720445.581709,483746716.1757453,0.9,786777646.1075952,180895968.79092482,109075783.83683392,417729222.1043471,324977389.14960647,15909673.190562962,993761415.4708549,2788316990.9471726,40000000,12.093667904393632,191334926.85818103,171283516.6280475,0.0,6390609.710487071,0.1597652427621768,5529239.653428089,-749141712.4859227,219772651.79136533,-623627752.8072121,-1152996813.5017695,0.011779673665555629,-0.1965242552085431,-0.05719334425810129,-0.12994140481390323,2021-01-19,2023-04-28,False,False,True,False,False,0.0,0,9,True,"['结合前述财务报表列报项目的具体情况说明现金分红方案确定的依据及未来增强投资者回报的规划', '公司在相应期间是否按照中国证券监督管理委员会相关规定为中小股东参与现金分红决策提供了便利']",钧璟机械
2023-03-31,季报,2023-04-30,保留意见,False,4756832450.947723,4281149205.852951,475683245.0947722,0.9,641446987.1853546,157252457.72110868,109768356.16927795,411805804.59585375,384244559.68982416,15319468.098767154,963055419.2807723,2703933285.1233935,40000000,11.892081127369305,193209537.1780551,172947425.21798834,11934709.310991129,2678014.7426772565,0.06695036856693141,2377012.2713440675,-756375591.3314607,203316425.44940493,-655184004.7723463,-1208243170.654402,-0.01666878722137659,-0.15872159869972485,0.031181778784276065,0.11962327279430353,2021-01-19,2023-05-24,True,False,False,False,False,341595.42198242375,0,0,True,"['充分披露高送转的主要考虑及其合理性且送转股后每股收益不低于0.5元', '结合前述财务报表列报项目的具体情况说明现金分红方案确定的依据及未来增强投资者回报的规划', '公司在相应期间是否按照中国证券监督管理委员会相关规定为中小股东参与现金分红决策提供了便利']",钧璟机械
2023-06-30,半年报,2023-08-27,无保留意见,True,5074166042.510747,4566749438.259672,507416604.25107455,0.9,893330549.1033204,198883945.22890246,115475720.69484313,421620686.8917462,354653773.0936635,16625806.577465072,938012884.0461217,2951982174.1895065,40000000,12.685415106276864,197935681.45753673,177194684.9477314,27560289.65258425,6751634.684973724,0.1687908671243431,6067513.899632939,-341281036.72907674,216725445.79909885,-619563452.7253664,-744119043.6553442,0.06671111392620115,0.20701376615302994,0.03453644131819831,0.08152329086316595,2021-01-19,2023-09-27,False,False,True,False,False,0.0,0,6,True,"['上市公司控股子公司向母公司实施利润分配的情况', '根据公司盈利能力、融资能力及其成本、偿债能力及现金流等情况披露现金分红方案的合理性，是否导致公司营运资金不足或者影响公司正常生产经营', '结合前述财务报表列报项目的具体情况说明现金分红方案确定的依据及未来增强投资者回报的规划']",钧璟机械
2023-09-30,季报,2023-10-27,无保留意见,False,4790834144.079719,4311750729.671747,479083414.40797174,0.9,714977172.6893492,191187634.10388294,112820743.64785084,366841376.4445135,365964284.49086815,14591858.609298144,979684635.9046721,2683420572.242132,40000000,11.977085360199293,200750182.8841692,179626513.81368482,3489700.5816265186,4020716.3237606958,0.1005179080940174,3474041.237076305,-792890914.5579499,212616078.8257164,-560791284.0181166,-1141066119.75035,-0.05583812119219369,-0.11497812245069257,0.11112543396149274,-0.03640977211964325,2021-01-19,2023-11-06,False,False,False,True,False,0.0,0,0,False,[],钧璟机械
2023-12-31,年报,2024-03-30,非标准无保留意见,False,4689120610.452106,4220208549.406896,468912061.04521054,0.9,784656650.8568008,186139142.9511298,120282627.99988215,427120225.3039426,456471475.39783806,17185086.904179383,966749742.9701513,2930797038.24102,40000000,11.722801526130263,197240136.0258306,176597812.5245999,23316636.206450757,-5014352.6547694355,-0.12535881636923588,-4326716.12726415,-257993984.95880425,197226525.20348442,-566468453.5895351,-627235913.344855,-0.021230860966728337,-0.42981736870295767,-0.014056531480887534,-0.08192146894794773,2021-01-19,2024-05-01,False,False,False,False,False,0.0,0,0,False,[],钧璟机械
2024-03-31,季报,2024-04-30,无保留意见,False,4290410534.222104,3861369480.799894,429041053.42221034,0.9,685894208.2495401,172103674.6165129,117542283.38120244,377756861.84735173,312545835.426739,14875998.290123053,903492836.7786609,2626979936.2875285,40000000,10.72602633555526,194084509.47075173,173786813.01051956,5103989.445477506,-4508037.935826968,-0.11270094839567421,-4015713.591543372,-832240285.2617089,189122184.1036664,-562283094.4060577,-1205401195.5641003,-0.08502875258556417,0.04224341867892056,-0.015687319024747653,0.10838212599459304,2021-01-19,2024-05-25,False,True,False,False,False,0.0,0,0,True,"['结合前述财务报表列报项目的具体情况说明现金分红方案确定的依据及未来增强投资者回报的规划', '结合所处行业特点、发展阶段和自身经营模式、盈利水平、偿债能力、资金需求等因素，未进行现金分红或现金分红水平较低原因的说明', '上市公司控股子公司向母公司实施利润分配的情况']",钧璟机械
2024-06-30,半年报,2024-08-27,无保留意见,False,4271003317.765071,3843902985.988564,427100331.776507,0.9,629702774.116949,166249243.78882173,88396481.94236852,382802138.4764418,325813043.2819585,12646213.95817601,876282312.5922723,2489896984.4009433,40000000,10.677508294412675,196580316.40547335,176125152.47630543,6736799.374174251,3565438.478173703,0.08913596195434258,3340484.95112268,-112945372.66401577,188066657.03006783,-584874351.4413397,-509753067.0752877,-0.00452339381097286,0.6462937025045421,0.001365279362550891,0.014972429888832357,2021-01-19,2024-10-13,False,False,False,True,False,0.0,0,0,False,[],钧璟机械
2024-09-30,季报,2024-10-27,无保留意见,False,4623102643.649315,4160792379.284384,462310264.36493146,0.9,724859080.4893196,174116014.37747106,113157885.90486395,405536420.4684553,349272553.12377805,15624003.856927356,953496316.3289435,2703021359.2307863,40000000,11.557756609123286,203591257.1981505,182551845.94866833,34483428.299445406,10015629.703824468,0.2503907425956117,9180990.674804162,-352287712.1576195,194436945.5897964,-550356221.4631736,-708206988.0309967,0.08243948779428506,0.3136422903161734,-0.03760827631622583,0.09604529749197903,2021-01-19,2024-12-19,True,False,False,False,False,10472894.408820232,0,0,True,"['充分披露高送转的主要考虑及其合理性且送转股后每股收益不低于0.5元', '是否影响偿债能力、过去十二个月内是否使用过募集资金补充流动资金以及未来十二个月内是否计划使用募集资金补充流动资金等内容', '结合所处行业特点、发展阶段和自身经营模式、盈利水平、偿债能力、资金需求等因素，未进行现金分红或现金分红水平较低原因的说明']",钧璟机械
2024-12-31,年报,2025-03-30,无保留意见,False,4846589998.268758,4361930998.441882,484658999.8268756,0.9,700979559.2328535,182360795.73542252,121041763.0804358,425426208.1663854,417088467.8641967,14484039.82782728,1097558328.571984,2930030870.442529,40000000,12.11647499567189,208526329.857681,187137443.2247403,22799120.381248903,7050103.799329363,0.17625259498323406,6550853.251531388,-318454087.7397262,220077269.55552924,-623401971.2700459,-721778789.4542428,0.04834142173469651,-0.10977074889634303,0.011527941430825793,0.06149845110558974,2021-01-19,2025-04-18,False,False,True,True,False,0.0,0,0,True,"['公司为增强投资者回报水平拟采取的措施', '充分披露高送转的主要考虑及其合理性且送转股后每股收益不低于0.5元', '是否影响偿债能力、过去十二个月内是否使用过募集资金补充流动资金以及未来十二个月内是否计划使用募集资金补充流动资金等内容', '留存未分配利润的预计用途以及收益情况']",钧璟机械
2017-03-31,季报,2017-04-30,非标准无保留意见,False,260098542.34724218,72156038.17911467,187942504.1681275,0.2774180798090879,3779.68720546446,75164.35770245132,9489758.352178875,6769416.19088106,95521.02757781088,111074464.47536343,17682.86473678061,127231717.18517166,40000000,4.698562604203188,7077541.715691208,5711245.250364376,31104145.591194626,10110773.879558869,0.25276934698897174,8158921.786234823,-47065236.0569693,22321512.513654646,51169067.20229343,26425343.65897878,0.04412502315626407,0.506154104419937,-0.02258192019091208,0.06879981249203178,2021-05-19,2017-06-05,False,False,False,False,False,0.0,0,0,False,[],翊玮科技
2017-06-30,半年报,2017-08-27,无保留意见,False,305753986.659721,93315174.85862885,212438811.80109218,0.30519691951713107,4126.55066375073,86275.57716126353,9871062.995672913,8184573.120107692,103475.8346503886,123124039.5796469,21428.98870184153,143009391.04170203,40000000,5.310970295027304,8648199.865676584,7220712.66701115,6841893.171787624,2243797.357121967,0.05609493392804917,2156382.0237811063,-40567072.37636044,25221612.96019038,61938911.93689619,46593452.52072613,0.13033937023128658,-0.29017897303066253,0.027778839708043148,-0.10907702231192433,2021-05-19,2017-09-29,False,False,False,False,False,0.0,0,0,False,[],翊玮科技
2017-09-30,季报,2017-10-27,无保留意见,False,380048809.4199757,116435003.10443428,263613806.31554142,0.3063685511398799,4735.115575077703,105633.19763722063,13974757.07040023,10092372.794516295,125730.9240718453,169496043.7216373,22669.00115695488,174982241.32669196,40000000,6.590345157888535,19215808.659158178,16546653.370088806,0.0,15096583.990687992,0.3774145997671998,13322772.432968082,-15616122.026060758,31463518.407873377,80089940.72701183,95937337.10882445,0.24089286736533205,0.6678924328211823,0.0011716316227488358,-0.03439519619866686,2021-05-19,2017-12-13,False,False,False,False,False,0.0,0,0,False,[],翊玮科技
2017-12-31,年报,2018-03-30,无保留意见,False,313577350.30739075,81210869.70101817,232366480.60637257,0.258981937379755,4328.931522373425,76794.77982425415,9914855.208345167,7880000.329657446,101884.84738638424,122808607.41226843,19031.58434891314,138006309.10569334,40000000,5.809162015159314,14228670.106333727,11786278.44413284,24906353.290148422,-7124483.646892076,-0.1781120911723019,-6800535.608508523,-51254083.87772129,25208744.18783254,66892277.165927075,40846937.47603833,-0.11853448097390745,-0.6923187727400195,-0.047386613760124895,0.03394238348048388,2021-05-19,2018-04-28,False,False,False,False,False,0.0,0,0,False,[],翊玮科技
2018-03-31,季报,2018-04-30,无保留意见,False,332286811.7425484,92503827.27081704,239782984.47173136,0.2783854910934227,4659.151981202736,90566.12409409595,12377116.325068811,8774632.94898201,124198.59112499449,145677678.24098262,20677.874077935776,160137809.3521832,40000000,5.9945746117932845,9578458.247690301,7757673.111876535,8613943.187129408,-6643159.798062036,-0.1660789949515509,-5755150.474651867,-53415010.71088287,27593402.405737534,61545993.01103559,35724384.70589025,0.0319172707096354,0.0487391070623423,0.01940355371366771,0.03870514503461574,2021-05-19,2018-05-26,False,False,False,False,False,0.0,0,0,False,[],翊玮科技
2018-06-30,半年报,2018-08-27,无保留意见,False,299871338.2307308,66797537.64821666,233073800.5825141,0.22275399190308898,3921.2957175266206,85852.13142501112,10078221.042561717,7910082.472817668,105989.74046161768,124303617.47677997,19117.211792563594,141508710.76422358,40000000,5.826845014562853,2867164.055276495,759992.9868271557,28777780.18703637,-9587563.132019725,-0.23968907830049313,-9996685.892927686,-42095153.71948212,24753850.68335437,59622891.292420655,42281588.25629291,-0.027980233476526114,-0.2842955261013619,-0.055631499190333736,0.03521567472251141,2021-05-19,2018-09-06,False,False,False,False,False,0.0,0,0,False,[],翊玮科技
2018-09-30,季报,2018-10-27,无保留意见,False,335053029.07870203,98048461.72965546,237004567.34904656,0.29263565233020006,4136.8768907267295,96390.0532650508,11672130.215276562,9185575.588693433,125971.47329292916,130102029.26926132,21116.729542896213,158285378.77722615,40000000,5.925114183726164,383926.57438510726,-1301765.417545247,3557644.758984176,-3547482.1155591253,-0.08868705288897813,-2945369.1491034324,-30017135.757951796,30281193.695655692,64174820.83791532,64438878.77561922,0.016864901832417237,0.8148576674631951,0.0698816604271111,0.03304721795795453,2021-05-19,2018-12-07,False,False,False,False,False,0.0,0,0,False,[],翊玮科技
2018-12-31,年报,2019-03-30,无保留意见,False,343476447.9617053,85334295.96944663,258142151.99225867,0.24844293248007698,4835.928706714176,90984.97511573842,13770749.12959646,9718047.346229488,131066.37992791904,139953819.80084202,24863.19288546618,166600324.8369888,40000000,6.453553799806467,1717833.2094673659,-108410.89036434906,6836279.175758693,1905580.9072603695,0.047639522681509235,1704792.181686997,-68242785.39717524,27098389.75364406,68290140.00679152,27145744.363260344,0.08918640210035238,0.4053563109643945,-0.044192719850123095,0.1065955630163545,2021-05-19,2019-05-08,False,False,False,False,False,0.0,0,0,False,[],翊玮科技
2019-03-31,季报,2019-04-30,保留意见,False,389638467.8241562,115009924.82864642,274628542.9955098,0.29517086819197325,5638.544294796201,111456.21169054111,13964007.629289586,10306400.52662463,145903.77083709775,157099905.48976296,23756.89041123072,190658263.91180012,40000000,6.865713574887745,3093174.57514148,1218797.0970368956,6928973.4537234595,1964773.3795344494,0.049119334488361234,1896011.4105732068,-27653956.203399297,33945638.22007482,83714566.75566502,90006248.77234054,0.06386555189074868,0.003130952313205554,0.04672793571189626,-0.04683467325114527,2021-05-19,2019-06-04,False,False,False,False,False,0.0,0,0,False,[],翊玮科技
2019-06-30,半年报,2019-08-27,无保留意见,False,390320859.037615,98190508.33792643,292130350.69968855,0.2515635689571586,4591.128492708644,99939.89996812616,12286825.655746346,9430282.108073855,137334.4077848759,136630210.79400578,24821.911325179764,165209667.11071074,40000000,7.303258767492214,343787.0462865779,-1340098.0721411326,3404152.1958635296,-3927696.469792718,-0.09819241174481795,-3655564.5273971832,-27444329.17478826,33109983.07187458,77283612.92904729,82949266.82613361,0.06372901925370854,-0.3107060512352833,-0.04360729923481467,-0.05865207604566351,2021-05-19,2019-10-24,False,False,False,False,False,0.0,0,0,False,[],翊玮科技
2019-09-30,季报,2019-10-27,无保留意见,True,385254665.3856478,105750580.72661568,279504084.6590321,0.2744952630768461,4947.5078866155145,107097.59275633591,12360536.93342304,10105860.157130962,137475.8433273159,160018929.0094483,23400.38991465386,179316025.9447973,40000000,6.987602116475803,-332860.6329904932,-1960971.1045224243,3153117.1993371374,-966639.5418243874,-0.024165988545609685,-886961.474830417,-47245648.910911895,33818131.27010279,83960562.77807921,70533045.13727011,-0.043221342836904826,0.22651378321548038,0.022931694119687516,-0.03800282295031172,2021-05-19,2019-11-14,False,False,False,False,False,0.0,0,0,False,[],翊玮科技
2019-12-31,年报,2020-03-30,无保留意见,False,347176439.54915273,113457762.78366384,233718676.76548892,0.32680144692710533,5323.218396539762,103420.95977402412,12031825.081118634,10395490.524738276,125309.2042041087,143720545.733179,24000.89547048523,171347274.6507913,40000000,5.842966919137223,-9516139.730720522,-11290921.353234602,9578907.190220194,-13118970.139614327,-0.3279742534903582,-13328500.35530311,-9590100.907142786,32366212.623994946,68241144.82786185,91017256.544714,-0.16380944110135962,-0.7579403350589123,0.05230618385025923,-0.009558892857108564,2021-05-19,2020-05-17,False,False,False,False,False,0.0,0,0,False,[],翊玮科技
2020-03-31,季报,2020-04-30,无保留意见,False,466744879.7875811,192931223.94705918,273813655.8405219,0.4133547732432835,6240.756502210856,116571.70680188293,15645162.36572466,11807712.734721217,153990.2592109873,176002917.51405913,28122.846587048767,204925482.14732727,40000000,6.845341396013047,-16925957.42989095,-17966593.51174138,8656461.088982372,-10585453.85595775,-0.26463634639894373,-9536674.512152545,-54831684.11044355,39943928.45545112,101241620.4130471,86353864.75805467,0.17155231079484448,0.6527948443573204,0.0865533263161782,0.027575324558539456,2021-05-19,2020-06-13,False,False,False,False,False,0.0,0,0,False,[],翊玮科技
2020-06-30,半年报,2020-08-27,非标准无保留意见,False,517723816.4518036,215335447.14128488,302388369.31051874,0.41592725754259574,7400.083598188477,151254.87533327818,17759908.02611279,14894112.428538768,199419.57254203426,236376265.3094643,34167.897439558445,264302764.5552259,40000000,7.559709232762969,-23099584.325228445,-23588806.35295951,12112346.939021122,-8819466.993339285,-0.22048667483348214,-8031732.630311616,-96469946.59802301,38237736.616661154,111118195.86599697,52885985.88463511,0.10435824824836222,0.27530971372911384,0.002572484299312238,0.03794401586896918,2021-05-19,2020-10-24,False,False,False,False,False,0.0,0,0,False,[],翊玮科技
2020-09-30,季报,2020-10-27,无保留意见,False,667051399.6882747,315246088.3908027,351805311.29747206,0.4725963974262297,9517.154116786902,185629.89763118714,23473651.665835995,19304023.74845927,254414.69087205487,322790738.0243197,49677.72257924566,325542760.5715518,40000000,8.795132782436802,-28369205.791317705,-28611022.829917043,15536844.434540568,-7528030.665841797,-0.18820076664604493,-7174594.967082188,-51601836.17287479,58879503.45645451,137401459.85105658,144679127.13463628,0.16342209887116294,0.15786701507664394,0.05666913988363399,0.01311421518621149,2021-05-19,2020-11-20,False,False,False,False,False,0.0,0,0,False,[],翊玮科技
2020-12-31,年报,2021-03-30,无保留意见,True,688351652.1912718,347172580.46726125,341179071.7240105,0.5043535224504592,9111.36065981353,183170.16849533792,22591741.949500382,17260578.452316273,249529.2856465884,281864528.05030787,46365.09421479882,323261360.6386056,40000000,8.529476793100264,-29772626.645274002,-29983270.863599,3779623.158207863,-2004886.9342232905,-0.050122173355582264,-1960354.3338313687,-128755594.06023046,61481742.00126131,145742264.0558717,78468411.99690254,-0.03020488671496052,0.5831040554260157,0.03175712502422947,0.20992608212661643,2021-05-19,2021-04-13,False,False,False,False,False,0.0,0,0,False,[],翊玮科技
2021-03-31,季报,2021-04-30,无保留意见,False,783593887.0959778,417825984.1558672,365767902.9401105,0.5332175136081558,11695.562409542501,213386.24446787368,27052982.237098757,22974689.97448901,287669.2307992652,361457808.9869207,52159.42899747541,393205090.89208764,40000000,9.144197573502762,-37238584.623052195,-35670593.35594875,39096315.92302898,-10665654.253968846,-0.26664135634922115,-8124746.417642501,-22099759.581402455,64557680.94538182,164651348.4238443,207109269.78782368,0.0720701627208558,-0.5775726586224944,0.02886399115769664,0.012501096701874728,2021-05-19,2021-05-17,False,False,False,False,False,0.0,0,0,False,[],翊玮科技
2021-06-30,半年报,2021-08-27,无保留意见,False,778544461.9922915,422344081.9465116,356200380.0457798,0.542479078029449,11808.859395225729,205522.823306637,26160225.020071547,25364945.669449016,304139.7222546861,314203878.3688392,51124.30135091593,393222045.45172817,40000000,8.905009501144496,-41991907.83350906,-40166534.01877583,32639851.743808437,-6790461.729224086,-0.16976154323060214,-6422772.375467259,-17711576.959445674,66787900.378486946,159596740.91920304,208673064.33824432,-0.02615736049397768,0.6117747088833605,0.009261564421293045,-0.10149411902468623,2021-05-19,2021-09-24,False,True,False,True,True,0.0,3,0,True,"['是否影响偿债能力、过去十二个月内是否使用过募集资金补充流动资金以及未来十二个月内是否计划使用募集资金补充流动资金等内容', '上市公司控股子公司向母公司实施利润分配的情况', '结合前述财务报表列报项目的具体情况说明现金分红方案确定的依据及未来增强投资者回报的规划']",翊玮科技
2021-09-30,季报,2021-10-27,无保留意见,False,1069469982.6045886,712258770.4059527,357211212.19863594,0.6659922971108705,14327.636156686176,308217.07434266096,35653861.55633733,27671077.78552236,401932.75873861637,436916045.61963135,72874.8010257558,510812080.1493844,40000000,8.930280304965898,-40501987.30611857,-38825759.87397767,6808926.066986526,2128457.896272123,0.05321144740680307,1915391.6354259457,-159752131.59647158,86190478.70704576,224173485.08423498,150611832.19480917,0.002837818849958122,0.8735869721969689,0.12351321908142165,0.02978780179479357,2021-05-19,2021-12-17,True,False,False,False,False,2435952.5424336074,0,0,True,['上市公司控股子公司向母公司实施利润分配的情况'],翊玮科技
2021-12-31,年报,2022-03-30,保留意见,False,1189039464.8561115,769660893.420457,419378571.4356544,0.6472963397506706,16831.613203406057,361221.76870130457,46433863.85197505,35808647.6297472,521363.87435373286,522283606.8213834,73773.82721958031,635798799.8022617,40000000,10.48446428589136,-28987982.47212539,-28168633.400010925,70522798.96574536,16448578.334275972,0.4112144583568993,15224466.391381063,-133813734.96956675,93296978.45212355,251013875.34560123,210497118.82815802,0.1740352965249277,0.7486291114347825,-0.01869595736019995,-0.08315341937693296,2021-05-19,2022-04-14,False,True,False,False,False,0.0,2,0,True,"['充分披露高送转的主要考虑及其合理性且送转股后每股收益不低于0.5元', '留存未分配利润的预计用途以及收益情况', '根据公司盈利能力、融资能力及其成本、偿债能力及现金流等情况披露现金分红方案的合理性，是否导致公司营运资金不足或者影响公司正常生产经营', '上市公司控股子公司向母公司实施利润分配的情况']",翊玮科技
2022-03-31,季报,2022-04-30,无保留意见,False,831364004.5920241,488033846.4999808,343330158.0920432,0.5870278768437588,12636.373531071924,259990.65449943245,34127992.197932824,25260894.349921286,328923.42536100454,380432325.5849915,62252.466946011315,425498303.14501834,40000000,8.58325395230108,-16244252.234618003,-17465390.65392545,37500509.21900116,18205328.91072484,0.455133222768121,15290346.78012211,-71221671.28017907,70109408.75761661,166127519.07989317,165015256.55733073,-0.18133595401232688,0.05252093404067543,-0.060268462906911784,-0.04865147775062124,2021-05-19,2022-06-06,True,False,False,True,False,18363371.47295639,0,0,True,"['留存未分配利润的预计用途以及收益情况', '是否影响偿债能力、过去十二个月内是否使用过募集资金补充流动资金以及未来十二个月内是否计划使用募集资金补充流动资金等内容', '结合前述财务报表列报项目的具体情况说明现金分红方案确定的依据及未来增强投资者回报的规划', '公司为增强投资者回报水平拟采取的措施']",翊玮科技
2022-06-30,半年报,2022-08-27,非标准无保留意见,False,1088906426.3831897,680982737.2878561,407923689.09533346,0.6253822374340696,14937.930650696931,296358.41230655846,39112787.048044816,27974535.173836958,413069.40932240576,468823048.33619905,69425.09441536262,542731038.557289,40000000,10.198092227383336,-10615437.227858711,-12508985.090905715,17975692.244250122,8041164.295370415,0.20102910738426036,7080579.375742482,-68340263.73940097,90012639.83964206,226366082.75990862,248038458.8601497,0.18813823802211227,-0.28871096876069935,0.03835436059031087,-0.04212770874871113,2021-05-19,2022-09-25,False,False,False,True,False,0.0,0,0,False,[],翊玮科技
2022-09-30,季报,2022-10-27,无保留意见,False,1840927290.2741237,1364458140.6801867,476469149.5939369,0.7411798107881881,27463.118314745254,530773.6493018123,71963601.26366271,50724362.03263978,805992.4316296376,884166290.8136631,124616.74871390377,969832232.7396383,40000000,11.911728739848423,9292063.460955905,4985407.639554425,0.0,28439286.698306598,0.710982167457665,24991989.614943057,-364505236.0437777,152488467.97336987,384902753.75543755,172885985.68502972,0.16803500833849358,0.8145836256785937,0.1157975733541184,-0.028368387643923916,2021-05-19,2022-12-19,False,False,False,False,False,0.0,0,0,False,[],翊玮科技
2022-12-31,年报,2023-03-30,无保留意见,True,1625604807.508078,1133462415.8487072,492142391.6593709,0.6972558217185727,24472.64747631297,478951.6976725185,57005875.760920174,44028436.50841891,594755.7518160336,725911067.0610284,99943.57213341759,782835226.3426055,40000000,12.303559791484272,7087995.325559672,2884455.609657228,15504574.845542306,-3148668.764851762,-0.07871671912129405,-3001360.042710282,-176284560.37761167,126012647.11889935,337937302.4676141,287665389.20890176,0.032894557976715165,-0.6951683830973421,-0.043923989069615296,-0.002953522487220585,2021-05-19,2023-04-09,False,False,False,False,True,0.0,0,0,False,[],翊玮科技
2023-03-31,季报,2023-04-30,无保留意见,False,1688214523.2356672,1127805277.610631,560409245.6250362,0.6680461884956752,22252.44450362253,434322.6400698192,51726815.42172202,44542477.99525682,557300.465079741,694682543.6068292,108002.40995760683,778677718.7157342,40000000,14.010231140625907,12176202.509987133,7374408.406197189,29560844.903832782,7268867.406324945,0.18172168515812365,6414218.280771375,-207255843.5866613,132048520.69361822,331850359.4680152,256643036.5749721,0.13871362256660733,0.7520963865727106,-0.0292096332228975,-0.02218261599383132,2021-05-19,2023-06-14,False,False,False,False,False,0.0,0,0,False,[],翊玮科技
2023-06-30,半年报,2023-08-27,保留意见,False,1288680516.1268458,665228815.8472308,623451700.279615,0.5162092601869925,18380.976761371672,395864.9292323087,47672604.84840948,33849976.798428416,501989.22469448834,585773954.6110018,83523.82356983724,603717726.3645566,40000000,15.586292506990375,8933043.472254826,4377103.890722531,14700363.01138301,-4633084.33961758,-0.1158271084904395,-4281863.593535228,-223130183.30434483,104291675.9391123,263612407.42171124,144773900.0564787,0.11249360203589469,-0.4904205683220571,-0.15183692830868278,0.03801898903744413,2021-05-19,2023-10-07,False,False,False,False,False,0.0,0,0,False,[],翊玮科技
2023-09-30,季报,2023-10-27,无保留意见,False,1294277821.894603,654469667.8896536,639808154.0049495,0.5056639747806395,18159.548298792968,358753.01295520214,42910631.7562819,33459539.83165173,454311.0351793438,545595842.3294752,86525.69210022996,606614883.2859659,40000000,15.995203850123737,1377358.9450305644,-2305714.865214439,6646477.857381176,-10793835.038891803,-0.2698458759722951,-9546883.937052814,-41428063.416462526,106046305.431831,249614182.5411754,314232424.5565439,0.02623531817781354,-0.4981638808300659,-0.010545285406352928,0.07314626208691515,2021-05-19,2023-12-04,False,True,False,True,True,0.0,1,0,True,"['充分披露高送转的主要考虑及其合理性且送转股后每股收益不低于0.5元', '结合所处行业特点、发展阶段和自身经营模式、盈利水平、偿债能力、资金需求等因素，未进行现金分红或现金分红水平较低原因的说明']",翊玮科技
2023-12-31,年报,2024-03-30,无保留意见,False,1254840250.8079078,613850275.7927527,640989975.0151551,0.48918599431085796,14294.034971114586,301660.38402254204,38109304.90044237,31403551.690591216,445950.63313648594,491364589.1906839,71212.53176394409,522944176.00746673,40000000,16.024749375378878,-2793783.436006153,-6289860.480035914,3107978.788770637,-5958774.830052454,-0.14896937075131136,-5691636.592602109,-198789334.68840957,106776443.30272937,258936233.47963682,166923342.09395662,0.0018471490286702257,0.7790737499146303,-0.016477980469781543,-0.11818384153131137,2021-05-19,2024-05-08,False,False,False,False,False,0.0,0,0,False,[],翊玮科技
2024-03-31,季报,2024-04-30,无保留意见,False,1468517701.4437044,736786339.3737409,731731362.0699635,0.5017211155503294,21557.038604580375,411072.2578777613,48160996.32571619,36428506.51898872,535780.3695578019,595775322.2593831,95796.80680903106,684200256.5104368,40000000,18.293284051749087,-5732712.911733234,-8803517.958048653,4117607.5163714867,-4198470.679610116,-0.1049617669902529,-3590939.2543039126,-205243679.1431411,122014152.23481725,307230783.44902015,224001256.54069632,0.1415644403060485,0.15943014686754217,0.012535121239471422,0.004745369081355928,2021-05-19,2024-06-19,False,False,False,True,False,0.0,0,0,False,[],翊玮科技
2024-06-30,半年报,2024-08-27,无保留意见,False,1681261674.7025414,935746055.9253834,745515618.7771578,0.5565737148507481,23921.26907712721,450985.1060158269,66696741.98579973,44862861.315336525,606883.1814411371,675165151.0734562,113980.18355364454,791559544.363257,40000000,18.637890469428946,-12855411.393441055,-15032299.735818323,17250830.992170755,-10175283.545296889,-0.25438208863242223,-8898259.6825281,-153541684.0756381,137680448.7757339,341193255.8882509,325332020.5883467,0.01883786512607678,-0.46688272284523774,0.054852599300418685,-0.0017936312418168371,2021-05-19,2024-09-24,False,False,False,False,False,0.0,0,0,False,[],翊玮科技
2024-09-30,季报,2024-10-27,无保留意见,False,1595857423.4503086,850788910.3829446,745068513.067364,0.5331233842579147,21015.037980996578,432275.8801097365,52970505.14014895,38930136.13425306,569701.3606073823,645635260.879278,91597.32436581452,728466371.3174196,40000000,18.6267128266841,-19287946.44247374,-20732089.98823682,42796507.97694223,-9189335.784332406,-0.22973339460831013,-8142557.503454994,-94201083.60703892,131585574.72181132,342755383.3292583,380139874.44403076,-0.0005997268179668674,0.14446721230228415,-0.023450330592833333,0.12380744497753791,2021-05-19,2024-12-24,False,False,False,False,False,0.0,0,0,False,[],翊玮科技
2024-12-31,年报,2025-03-30,无保留意见,False,1978100822.9337554,1132230598.0655131,845870224.8682424,0.5723826535728762,26913.63915021278,539280.7605578017,63636118.23305396,55386856.4607794,710122.2473634543,743908594.9389143,141698.72533411725,965573931.2700299,40000000,21.14675562170606,-28556144.65417402,-28929614.576704755,34724123.452594735,-13240283.159571834,-0.3310070789892958,-11710749.412097048,-394000938.62266725,162788192.3590984,386988371.40765744,155775625.1440886,0.13529186918111602,-0.5186431349991385,0.03925926931496151,0.13480434318114926,2021-05-19,2025-04-17,False,False,True,True,False,0.0,0,9,True,"['留存未分配利润的预计用途以及收益情况', '结合所处行业特点、发展阶段和自身经营模式、盈利水平、偿债能力、资金需求等因素，未进行现金分红或现金分红水平较低原因的说明', '根据公司盈利能力、融资能力及其成本、偿债能力及现金流等情况披露现金分红方案的合理性，是否导致公司营运资金不足或者影响公司正常生产经营', '上市公司控股子公司向母公司实施利润分配的情况']",翊玮科技
2017-03-31,季报,2017-04-30,无保留意见,False,324177469.040201,144429517.52813226,179747951.51206875,0.4455260816112475,143029.63962390702,3.5510418237705206e-06,2439.2270375181897,51106567.73919086,4872.02298899509,649613.5171036229,35811329.20162459,88965425.22357675,40000000,4.493698787801718,3104413.9331711633,2590242.8578083827,15963289.298451185,4434877.047387376,0.11087192618468442,3700346.9397262614,-39651670.81760236,15926739.35263916,66848747.9221728,43123816.4572096,-0.001400269377395877,0.19082650263263215,0.14552608161124753,0.22320252662719806,2021-10-05,2017-06-15,False,False,False,False,False,0.0,0,0,False,[],芷琰生物
2017-06-30,半年报,2017-08-27,无保留意见,False,358470349.1785941,181686109.3505296,176784239.82806453,0.506837203598146,148294.3251417868,3.7114373468312657e-06,2433.433684042335,54744299.404206835,4658.799741725323,675823.9016563122,33272000.717462823,92387304.76999377,40000000,4.419605995701613,-2169339.303978279,-2283947.073976097,4444567.330502049,-7533933.1959277745,-0.18834832989819436,-6963128.473977829,-43877282.93676699,20166126.67037595,89206049.26598203,65494892.99959099,-0.0164881527665433,-0.5583801678383776,0.06131112198689846,0.04104219605698101,2021-10-05,2017-09-27,False,False,False,False,False,0.0,0,0,False,[],芷琰生物
2017-09-30,季报,2017-10-27,无保留意见,False,353274621.3428811,166478894.09429216,186795727.24858895,0.4712449862983822,133651.02453448012,3.5923967999029283e-06,2156.9187791857576,54873763.72432975,4924.986582499494,623780.809938619,34189233.808924764,87447745.0466839,40000000,4.669893181214723,-2260147.333021517,-2367983.510607688,161730.56552597068,-129725.75577605516,-0.003243143894401379,-120052.05233084434,-61161592.59467064,18355765.058063798,86511899.01032357,43706071.47371673,0.05663110823827566,0.7821841524471903,-0.035592217299763786,0.15653587560908858,2021-10-05,2017-11-07,False,False,False,False,False,0.0,0,0,False,[],芷琰生物
2017-12-31,年报,2018-03-30,无保留意见,False,408210976.0208049,214601399.6710114,193609576.34979352,0.5257119780632111,173786.7248910292,4.00588082499198e-06,2866.2526620834424,65308000.22667034,5502.792163532434,690293.5078757906,44222717.81245096,105367584.46742636,40000000,4.840239408744838,-3192977.026460329,-3153242.4279462276,740205.6585845848,-1332613.8477697317,-0.03331534619424329,-1121798.4533407707,-32297084.67499837,21341576.254527587,93321859.54273875,82366351.12226796,0.03647754261604002,-0.07130222511975588,0.05446699176482885,-0.04027276931493135,2021-10-05,2018-04-09,False,False,False,False,False,0.0,0,0,False,[],芷琰生物
2018-03-31,季报,2018-04-30,无保留意见,False,355149392.1563859,144108050.43537676,211041341.72100917,0.4057674139898864,152638.99074819763,4.003173096981127e-06,2693.22215880711,56789024.54739118,5799.570251023262,714393.0040302312,37360758.56245063,98817616.50388046,40000000,5.276033543025229,-4824201.086508781,-4583147.738900593,9112482.704247585,-2330320.085783502,-0.05825800214458755,-2042721.87279195,-21533174.249876365,17512910.3206774,78349183.39973384,74328919.47053488,0.09003565680925699,-0.06368045239452678,-0.11994456407332467,0.12125330485428831,2021-10-05,2018-05-20,False,False,False,False,False,0.0,0,0,False,[],芷琰生物
2018-06-30,半年报,2018-08-27,保留意见,False,343381700.5847225,148018636.88575473,195363063.69896778,0.4310615173543126,143518.45501829058,3.89921075453076e-06,2249.067931573084,49006565.49962743,5265.621575406358,638339.9264501802,38226237.018671155,91364887.3253755,40000000,4.8840765924741945,-5704925.05057877,-5462064.9132285565,5515103.980424225,-1258177.0915285572,-0.03145442728821393,-1255595.9633256625,-51666779.01840162,19142286.09163909,79223473.69420278,46698980.767440245,-0.07429007934742786,0.07308564334903585,0.025294103364426196,0.01067516669414428,2021-10-05,2018-10-08,False,False,False,False,False,0.0,0,0,False,[],芷琰生物
2018-09-30,季报,2018-10-27,无保留意见,False,376288972.3665234,156619103.9576539,219669868.40886948,0.41622028669258854,151160.3312704321,3.7600283118293116e-06,2582.258231207214,58181151.09256717,5013.669387110371,681279.4578611298,40000580.54205447,97165039.32951295,40000000,5.4917467102217365,-9933128.869022816,-9102506.491683466,21461606.05948349,-6040291.169205781,-0.15100727923014454,-5200630.82636416,-71456606.25274706,20254803.320930302,89532782.40378517,38330979.47196841,0.124418629856029,-0.30378400935407135,-0.01484123066172405,0.10823997296938888,2021-10-05,2018-12-04,False,False,False,False,False,0.0,0,0,False,[],芷琰生物
2018-12-31,年报,2019-03-30,无保留意见,False,470975508.5346519,229104788.912332,241870719.62231985,0.4864473518488185,181635.68793951493,4.472578243583564e-06,2825.1110797215088,66328299.50728608,6388.209880802253,813461.6673440513,48327370.01215837,115319328.0947542,40000000,6.0467679905579965,-12847857.319793975,-11578310.657803055,8192904.525168631,-4163897.7868159376,-0.10409744467039844,-3536863.094456555,-29046958.320056107,26144900.429129705,110012667.90106048,107110610.01013407,0.10106461743823773,0.17120832417715495,0.07022706515622992,0.0605387087469456,2021-10-05,2019-04-19,False,False,False,False,False,0.0,0,0,False,[],芷琰生物
2019-03-31,季报,2019-04-30,无保留意见,False,486663579.1709634,241402253.9929805,245261325.17798287,0.49603517568380984,183822.68060453542,5.081047195821393e-06,3350.04647364385,74669813.38486454,6317.418076519,920601.3475219896,53109328.98567854,125639048.83352643,40000000,6.131533129449572,-19092773.121275734,-17383082.238410637,6575511.121255649,-8921308.287831087,-0.22303270719577717,-8292530.829439399,-41657124.007966496,25534855.836337544,123463667.7377457,107341399.56611675,0.014018255541462079,-0.37062734637067446,0.009587823834991394,0.11845426711070232,2021-10-05,2019-05-22,False,False,False,False,False,0.0,0,0,False,[],芷琰生物
2019-06-30,半年报,2019-08-27,无保留意见,False,591197396.8613689,319719552.1941468,271477844.667222,0.5407999999518242,214528.44110899814,5.441221834766903e-06,3447.2001715145243,74796378.97741213,7450.153495917327,1060780.7258237181,60830653.7198526,139523672.94667846,40000000,6.786946116680551,-25256788.872467257,-23062563.196589075,41227774.08514114,-8805736.787416462,-0.22014341968541154,-8113544.225969198,-72102063.00494161,31563940.395116415,150965351.97305644,110427229.36323124,0.10689218722199341,0.01430571985319596,0.04476482426801429,0.053770866174430366,2021-10-05,2019-10-23,False,False,False,False,False,0.0,0,0,False,[],芷琰生物
2019-09-30,季报,2019-10-27,无保留意见,False,831774565.692379,535471927.21309865,296302638.47928035,0.6437704990021731,356415.81303198746,8.94682068739566e-06,5533.594121077664,129516743.6397859,11543.568991061675,1500717.3313813813,79452885.11090295,214031030.0904773,40000000,7.407565961982009,-29508304.211887967,-26913475.58829798,22953903.762189966,-6073593.342029586,-0.15183983355073966,-5501303.41672701,-64210527.80149402,47300976.98897782,187500022.28181285,170590471.46929663,0.09144316672503632,0.3334214894624392,0.10297049905034895,-0.011802621524494985,2021-10-05,2019-11-15,False,False,False,False,False,0.0,0,0,False,[],芷琰生物
2019-12-31,年报,2020-03-30,无保留意见,False,981043454.9867444,638150900.8766671,342892554.1100772,0.6504817881745001,380741.8701968769,9.926021557803961e-06,6125.707850254243,145685500.39473644,12269.133794523257,1699235.5977230484,98774187.85057332,244420384.90670645,40000000,8.57231385275193,-29838597.00202378,-27227451.121314876,1798136.1451236124,-471846.8430511616,-0.01179617107627904,-448536.4757384236,-79049116.3232055,44732803.07908814,210163013.40646014,175846700.1623428,0.1572375996039428,0.5126796644432191,0.006711289172326988,0.02555047548939623,2021-10-05,2020-04-26,False,False,False,False,False,0.0,0,0,False,[],芷琰生物
2020-03-31,季报,2020-04-30,保留意见,False,1020357333.4417801,662881984.6804658,357475348.7613142,0.6496567064838847,382052.1190214469,1.0099373990508378e-05,7487.446560564002,154828036.39139163,13778.570139567502,1880253.18299486,105797117.26747179,256654403.6309728,40000000,8.936883719032855,-29868998.742725316,-27254554.928864267,170959.52590003805,-43431.058145053685,-0.001085776453626342,-38719.72507056101,-91548316.947929,52513599.92084538,242541502.8289224,203506785.8018388,0.04252875857594614,0.025920366349339776,-0.0008250816906153864,0.051411463102943526,2021-10-05,2020-06-02,False,False,False,False,False,0.0,0,0,False,[],芷琰生物
2020-06-30,半年报,2020-08-27,非标准无保留意见,False,1173153846.9461122,816849554.7020981,356304292.2440139,0.6962851094325564,489398.35972270987,1.162327767208705e-05,7792.696389203044,180087977.9387666,15257.475192552072,2136355.1224692776,119916286.71896029,298857139.04863566,40000000,8.907607306100347,-28128069.616377667,-25679964.034189988,7561554.351563612,2487041.6090680733,0.06217604022670183,2249415.5638204,-149873525.9676879,64159337.23282377,263123445.0149165,177409256.28005236,-0.003275908454549682,0.14923258802475084,0.04662840294867164,-0.1425206080845179,2021-10-05,2020-10-02,False,False,False,False,False,0.0,0,0,False,[],芷琰生物
2020-09-30,季报,2020-10-27,非标准无保留意见,False,1175419870.3347058,835524154.1527325,339895716.1819733,0.7108303809044962,435470.06079977914,1.120967072485778e-05,7530.205804902686,179417897.0604245,15948.178507247398,1939284.2487789444,115454210.77074996,281262290.10705096,40000000,8.497392904549333,-24595544.214132696,-22314183.752258074,23147012.26424293,5046464.860349957,0.12616162150874893,4808257.545617018,-15612517.084235065,59838271.88481624,271625715.1032427,315851469.90382385,-0.04605214256246819,0.1313397540081653,0.01454527147193989,-0.044527833879380294,2021-10-05,2020-11-25,False,False,False,False,False,0.0,0,0,False,[],芷琰生物
2020-12-31,年报,2021-03-30,无保留意见,False,1126838563.6701467,784385160.9538609,342453402.71628577,0.6960936430850353,482945.36567857896,1.158105066817338e-05,7874.201683625059,163903167.91832066,16152.747352910934,2124337.630472691,116957545.64913559,285638401.2266292,40000000,8.561335067907144,-14898673.894611277,-13621415.676844636,36317100.14939467,13852671.885030601,0.346316797125765,12418240.107733482,-128023029.96148658,59900320.75450101,267812850.50414908,199690141.29716352,0.007524915474201335,0.39943850773637624,-0.014736737819460909,-0.030227712285702507,2021-10-05,2021-05-12,False,False,False,False,False,0.0,0,0,False,[],芷琰生物
2021-03-31,季报,2021-04-30,无保留意见,True,999890146.6148684,707789636.2352358,292100510.37963265,0.7078673978651155,427474.2563066679,1.0961797179628958e-05,7233.871403395043,159021853.7015797,13784.026122399944,1859227.9491891726,106611686.04538578,266066555.91363367,40000000,7.302512759490816,2607469.753186802,3072894.196706667,15490550.549239734,25008776.639711544,0.6252194159927886,23849014.10507329,-190384855.85419124,55019923.27263451,233262563.90471685,97897631.32316011,-0.14703574833031888,0.3615928239944031,0.011773754780080222,0.10739077041733924,2021-10-05,2021-06-03,False,False,False,False,False,0.0,0,0,False,[],芷琰生物
2021-06-30,半年报,2021-08-27,无保留意见,False,1521814244.0362072,1208492802.210448,313321441.8257592,0.7941132151616892,673165.6399670175,1.6436049147789056e-05,10895.536180050618,231456868.37056965,21226.967872873673,2654417.523663577,155825418.2585819,395010656.1128236,40000000,7.833036045643979,5661414.644196941,5980308.127819458,2922216.7019914603,4362778.41572877,0.10906946039321926,4153448.4730182732,-42010967.21881311,79454554.38488187,368908683.69664055,406352270.8627093,0.07264941584164435,-0.4914686852476868,0.08624581729657364,0.16683614334937844,2021-10-05,2021-10-22,True,False,False,False,False,3895775.061525546,0,0,True,"['公司在相应期间是否按照中国证券监督管理委员会相关规定为中小股东参与现金分红决策提供了便利', '充分披露高送转的主要考虑及其合理性且送转股后每股收益不低于0.5元', '结合所处行业特点、发展阶段和自身经营模式、盈利水平、偿债能力、资金需求等因素，未进行现金分红或现金分红水平较低原因的说明', '结合前述财务报表列报项目的具体情况说明现金分红方案确定的依据及未来增强投资者回报的规划']",芷琰生物
2021-09-30,季报,2021-10-27,非标准无保留意见,False,1857591982.7979548,1526495692.732811,331096290.0651439,0.8217604871622897,738355.0753259915,1.916941183491314e-05,11653.283444045532,248845939.2606072,24968.44943319807,3297773.4913431383,176410216.28881285,458928589.6688653,40000000,8.277407251628597,2855536.6792209568,3360407.5942553226,11156554.120848184,-4008397.092822835,-0.10020992732057087,-3742715.0479487656,-322233610.7170138,97495509.32899632,460207498.13134444,235469396.74332696,0.056730392072143795,-0.39185799457565684,0.027647272000600336,0.09325668181936048,2021-10-05,2021-12-19,False,False,False,False,False,0.0,0,0,False,[],芷琰生物
2021-12-31,年报,2022-03-30,无保留意见,False,1764273232.2884789,1435567125.696057,328706106.59242177,0.8136875283393323,696994.4415891515,1.945160754142758e-05,12822.524435808311,273970986.62269527,25643.135158527293,3978485.503002403,217134746.5331159,492938192.0826041,40000000,8.217652664810544,-1173407.9285015622,-151302.02977025777,7339455.296381106,-5755635.153889313,-0.14389087884723284,-5016728.034322258,-40359625.078439035,87578200.07174806,432928502.0158531,480147077.0091621,-0.007218998051146576,-0.1344897987992863,-0.008072958822957218,-0.030512886531499216,2021-10-05,2022-05-22,False,False,False,False,False,0.0,0,0,False,[],芷琰生物
2022-03-31,季报,2022-04-30,无保留意见,True,2312698334.628503,1948462898.6167507,364235436.0117521,0.8425062920840212,906521.7368844926,2.3594198365045067e-05,17133.00627265466,304537249.3547799,31661.488502170476,3909188.157665034,227142069.2838389,585716441.8810745,40000000,9.105885900293803,-8200839.508131517,-6059932.680051726,35174107.682978556,-10039187.970899936,-0.2509796992724984,-8440900.928973528,-439047235.33441263,121971060.95784779,514097858.3320462,197021683.95548135,0.1080884373814963,-0.3809510697700512,0.028818763744688822,-0.1609078673403079,2021-10-05,2022-05-21,False,False,False,True,False,0.0,0,0,False,[],芷琰生物
2022-06-30,半年报,2022-08-27,无保留意见,False,2624067689.7765427,2147755285.6427455,476312404.1337974,0.8184831870040827,1165787.0891005753,2.6347619461496516e-05,16255.753746754774,395269718.4384499,39104.71112978164,5102500.528843731,256425621.2005742,675177847.2385076,40000000,11.907810103344936,-13487198.678122345,-10467924.452778907,19770610.892706554,-7551941.671415471,-0.18879854178538677,-6297131.103895973,-81638153.73317511,144386371.1813755,608807640.5190102,671555857.9672105,0.30770473446858426,0.35732128508662425,-0.024023105079938396,0.007748698364836233,2021-10-05,2022-10-10,False,True,False,False,True,0.0,0,0,True,"['公司在相应期间是否按照中国证券监督管理委员会相关规定为中小股东参与现金分红决策提供了便利', '是否影响偿债能力、过去十二个月内是否使用过募集资金补充流动资金以及未来十二个月内是否计划使用募集资金补充流动资金等内容', '根据公司盈利能力、融资能力及其成本、偿债能力及现金流等情况披露现金分红方案的合理性，是否导致公司营运资金不足或者影响公司正常生产经营']",芷琰生物
2022-09-30,季报,2022-10-27,无保留意见,False,3520532453.006196,2921565058.1274495,598967394.8787466,0.8298645438228283,1641982.9434148653,3.710599637966124e-05,26959.05120056966,605501129.4115403,56033.22294439699,6785830.700168428,403248338.0020716,994607207.9272377,40000000,14.974184871968665,-17865290.92492792,-14455757.511235617,29586567.1800347,-6254417.495436534,-0.15636043738591335,-5696904.369223871,-696774608.9746256,184814885.16963264,810276830.3704586,298317106.5654657,0.2575095455849079,0.13733236299498242,0.011381356818745516,-0.019975322451224183,2021-10-05,2022-12-18,False,False,False,True,False,0.0,0,0,False,[],芷琰生物
2022-12-31,年报,2023-03-30,无保留意见,False,3745994656.9720845,3117432659.348972,628561997.6231127,0.8322042460863561,1582988.3645233326,3.993274772223336e-05,25281.563466320502,602888934.352166,58497.61170507968,7322172.192309215,422660373.4600002,1003167088.5521778,40000000,15.714049940577818,-21983180.289717015,-17917718.532861654,3261762.523691703,-5882699.092555851,-0.14706747731389627,-4945658.60232291,-331680683.2642653,188886921.95234567,848776630.1707842,705982868.8588645,0.04940937185797429,0.03459267124167725,0.0023397022635278826,0.06650827041387952,2021-10-05,2023-04-13,False,False,False,False,False,0.0,0,0,False,[],芷琰生物
2023-03-31,季报,2023-04-30,保留意见,False,4221413600.072196,3552399412.179439,669014187.8927572,0.8415189196620498,1748176.307728632,4.47354062496083e-05,30103.765050952574,644221274.1076725,63084.75173448487,8309690.8355434965,501616714.81007195,1131274264.381762,40000000,16.72535469731893,-21613762.90364762,-17595046.127816748,468790.79850741057,527739.1229562797,0.013193478073906991,460960.5786355796,-437117528.2696883,205064502.61030316,1017944910.480373,785891884.8209879,0.06435672284136351,0.5766182159574089,0.009314673575693563,0.02470297404046959,2021-10-05,2023-06-07,True,False,False,False,False,189936.98989805617,0,0,True,"['公司为增强投资者回报水平拟采取的措施', '上市公司控股子公司向母公司实施利润分配的情况']",芷琰生物
2023-06-30,半年报,2023-08-27,无保留意见,True,4467267568.624765,3744526877.1074224,722740691.5173433,0.838214147593618,1700548.0026984408,4.223172061200981e-05,29526.89513054258,671162388.7576034,62662.24936535541,7937541.7453687955,445709739.56391543,1113024396.4332447,40000000,18.06851728793358,-18383455.39395237,-14683849.332422417,17526215.531659324,4614725.013850357,0.11536812534625894,4158852.564849041,-231413081.4089599,226659670.82332787,1101290378.680805,1096536968.095173,0.08030697195497807,0.23317245094898242,-0.0033047720684318614,-0.14398164565301552,2021-10-05,2023-10-20,False,False,False,False,False,0.0,0,0,False,[],芷琰生物
2023-09-30,季报,2023-10-27,无保留意见,False,7246647343.886678,6345122707.302771,901524636.5839068,0.8755942446482594,2925869.3314851155,7.600058039089836e-05,54068.799717628775,1154039548.8002448,107997.55630258594,15054661.970261702,757647105.0606859,1916104592.0713959,40000000,22.538115914597668,-12066406.590622874,-9069013.224544698,38964961.324267775,9024355.43332785,0.22560888583319624,8021194.439825313,-360962094.2616449,341237042.81746644,1973781751.725692,1954056700.2815137,0.24736941916362737,0.20401047973785824,0.03738009705464153,-0.0007343457689758521,2021-10-05,2023-11-10,False,False,False,False,False,0.0,0,0,False,[],芷琰生物
2023-12-31,年报,2024-03-30,无保留意见,False,7781670702.427022,6787263685.874039,994407016.5529836,0.8722116297927078,2889305.084576698,7.562731589288681e-05,48465.27567481991,1070481738.7438195,103635.16291946266,13251436.620792134,722329861.7134217,1796040675.4533901,40000000,24.860175413824592,4397940.669672835,4712178.505740348,82349875.82884559,23520496.08613673,0.5880124021534182,19687416.75755007,-1476799992.927983,407367419.6107772,1854265538.8050728,784832965.4878669,0.10302811060275681,0.5570220822547071,-0.0033826148555517062,0.00863431105768713,2021-10-05,2024-05-02,False,False,False,False,False,0.0,0,0,False,[],芷琰生物
2024-03-31,季报,2024-04-30,无保留意见,False,7176762317.832761,6260179401.427926,916582916.4048344,0.8722846214194224,2701906.54017936,7.252612219155501e-05,42837.210172820014,1075674381.2926455,91911.70390654079,12501173.3198488,704814746.6445298,1762249042.6942258,40000000,22.91457291012086,22500883.909338538,20355742.089741297,23693039.614450343,25861347.48523672,0.646533687130918,22347947.97714421,-1338727966.849541,380680005.6288049,1709094174.9479923,751046213.7272563,-0.07826181719626138,0.05776956417621119,7.299162671471675e-05,0.17524435247996556,2021-10-05,2024-06-24,True,False,False,False,False,23475908.888975304,0,0,True,['根据公司盈利能力、融资能力及其成本、偿债能力及现金流等情况披露现金分红方案的合理性，是否导致公司营运资金不足或者影响公司正常生产经营'],芷琰生物
2024-06-30,半年报,2024-08-27,无保留意见,False,9687800591.865406,8719020532.678865,968780059.1865402,0.9,3559955.9834553725,0.0001053814402352543,61648.14604553855,1332505410.9052408,129804.74841025913,16796553.961234506,900423569.5204962,2393273112.5025554,40000000,24.219501479663506,44113899.84207523,40953523.329709195,76083763.36555953,30875737.046766713,0.7718934261691678,29425401.771382708,-1477765561.1472623,519759141.06873983,2224008559.790468,1266002139.7119458,0.05694754053069374,0.1169909453560031,0.07191481484353132,-0.058004186893833604,2021-10-05,2024-09-08,False,False,False,False,False,0.0,0,0,False,[],芷琰生物
2024-09-30,季报,2024-10-27,无保留意见,False,9580731235.413395,8622658111.872055,958073123.5413393,0.9,3896611.23000532,0.00010405617691006706,71865.4004041659,1421879140.4586828,132652.64760373055,18182583.5210993,1105301842.022477,2573677913.611787,40000000,23.95182808853348,85161424.2348463,76497499.70812488,276759857.0030978,58639320.561101526,1.465983014027538,50777109.11202239,-1643333636.4986308,480467071.7595336,2276891979.9514117,1114025415.2123146,-0.011051977735990313,0.5799092656728052,0.035760202697273515,-0.06822036723831412,2021-10-05,2024-12-16,True,True,False,False,True,12286757.828400081,1,0,True,"['结合前述财务报表列报项目的具体情况说明现金分红方案确定的依据及未来增强投资者回报的规划', '公司为增强投资者回报水平拟采取的措施', '上市公司控股子公司向母公司实施利润分配的情况']",芷琰生物
2024-12-31,年报,2025-03-30,无保留意见,False,8863787658.901314,7977408893.011182,886378765.8901311,0.9,3603305.81455854,9.161194068148528e-05,54655.64708851421,1317866765.6344159,126305.30370723107,15445602.30332309,834780202.1504445,2251640584.995255,40000000,22.15946914725328,108086532.96029335,98681775.142029,112455113.68256979,32750155.322067223,0.8187538830516806,31691822.048434462,-325831048.8163109,469317666.2531256,2015832272.2740412,2159318889.710856,-0.07483182221645383,-0.3422712558360569,0.02714383377655542,-0.017142708488671252,2021-10-05,2025-05-22,False,True,False,False,False,0.0,1,0,True,['充分披露高送转的主要考虑及其合理性且送转股后每股收益不低于0.5元'],芷琰生物
2017-03-31,季报,2017-04-30,无保留意见,False,256935838.0524727,77272475.5838682,179663362.4686045,0.3007461947293131,18187900.85995693,73.55563168761893,17068021.94784008,7787268.089398548,42924825.37918204,335574.97237498284,84359156.5056019,179460298.66008732,40000000,4.491584061715113,7026705.075127501,5832685.273354322,23323450.154906932,10038150.107325003,0.2509537526831251,8332407.533363317,31886675.3624459,-46965747.7279262,127709633.17481385,112630560.80933355,-0.0018702085077527725,0.5021194504069446,0.000746194729313066,0.07389153270691035,2021-03-23,2017-06-04,False,False,False,False,False,0.0,0,0,False,[],麒瑾能源
2017-06-30,半年报,2017-08-27,非标准无保留意见,False,324869325.7028667,119396978.56807098,205472347.13479573,0.36752309042951725,23059636.043728177,91.59631021729155,20920451.164246947,8780977.422769452,52749926.828361295,368247.2368557718,116486266.4211647,213429398.12767574,40000000,5.136808678369893,7830981.6724332115,6587933.627875671,1932838.5392313232,1148966.567579586,0.028724164189489653,1078926.2207447847,52127219.431789085,-60480113.128104,155084391.97698137,146731498.28066647,0.1436519071644406,-0.3287644866405714,0.06677689570020418,0.1620508441149397,2021-03-23,2017-09-15,False,False,False,False,False,0.0,0,0,False,[],麒瑾能源
2017-09-30,季报,2017-10-27,无保留意见,False,391345967.3000185,171510705.01012293,219835262.28989556,0.43825852146481237,27439516.66100787,101.88316026067352,26989663.467938807,9656028.439393524,62103743.83371564,479675.3768277878,128255724.76715034,254163142.9113112,40000000,5.495881557247389,3420345.135605098,2434482.2918025637,16774906.790605038,-6300909.338325877,-0.1575227334581469,-5933501.908675867,15577555.464033669,-73726992.79476975,172461502.53482172,114312065.20408565,0.06990193744016256,-0.4104848547803019,0.07073543103529513,0.00557588246893954,2021-03-23,2017-11-13,False,False,False,False,False,0.0,0,0,False,[],麒瑾能源
2017-12-31,年报,2018-03-30,无保留意见,False,398580101.5159588,172432022.23136067,226148079.28459808,0.432615731632194,24976320.855158865,114.1349494435972,27450961.33650941,11942965.281686524,66942520.93967926,468173.45565247844,139270619.42104152,269994039.299469,40000000,5.653701982114952,4690313.544700706,3468337.5550599704,7858313.085657776,1814240.5844222978,0.045356014610557445,1476936.0903677242,34148952.287628174,-81133382.39745747,180672306.59629026,133687876.48646097,0.028716125561229773,0.7584896865878477,-0.005642789832618345,0.08233139423050215,2021-03-23,2018-05-20,False,False,False,False,False,0.0,0,0,False,[],麒瑾能源
2018-03-31,季报,2018-04-30,无保留意见,False,507211335.084653,266645770.4368297,240565564.6478233,0.5257094074846076,33280064.949108157,136.67510888593816,36070983.19296285,15755370.702285774,83548158.7941581,672811.2404320637,182592037.07925785,358014208.32264185,40000000,6.014139116195582,14496956.404617125,12553315.397100495,10229437.758049758,14009489.799880598,0.3502372449970149,12978539.774343608,56595338.58028564,-95586839.57186593,239108044.21091017,200116543.2193299,0.06375241129101696,0.6481924774341226,0.0930936758524135,0.14596839042438411,2021-03-23,2018-06-16,False,False,False,False,False,0.0,0,0,False,[],麒瑾能源
2018-06-30,半年报,2018-08-27,无保留意见,False,552982595.1324267,289582513.97675025,263400081.15567645,0.5236738308325994,36593746.031431906,163.76331454297917,38968338.354147576,16584106.851592025,97376643.77567203,760535.7914490623,202700760.31685776,385232866.82620376,40000000,6.585002028891911,17158578.305636354,14806739.854730824,12215466.32998404,3802317.001456041,0.09505792503640102,3219177.7966147545,39619179.005460165,-108528499.48898494,260622166.34397638,191712845.8604516,0.09492013764015564,-0.32916287447153875,-0.002035576652008096,0.09432004988262238,2021-03-23,2018-10-02,False,False,False,False,False,0.0,0,0,False,[],麒瑾能源
2018-09-30,季报,2018-10-27,无保留意见,False,484839445.26528025,233453877.70875457,251385567.55652565,0.4815076000695862,32700940.757302534,130.0586364216864,33084968.353116494,14339393.769020023,79172221.48513988,593613.9061313255,170285552.97354972,323096473.2677456,40000000,6.284639188913141,23510149.506126564,20234513.797060214,12572799.849131586,9073673.143557444,0.22684182858893612,7753962.7747562695,42918286.49610484,-94265638.31024988,201934947.67724213,150587595.86309707,-0.04561317349044368,0.2534023561765952,-0.04216623076301322,0.07019002850945495,2021-03-23,2018-12-05,False,False,False,False,False,0.0,0,0,False,[],麒瑾能源
2018-12-31,年报,2019-03-30,无保留意见,True,487977726.4333353,284768809.1416558,203208917.2916795,0.5835692772763457,36439960.63391456,142.53761164521072,35694594.28810866,14413575.697845176,90710858.77854353,688452.4025535765,181241705.9744518,360648392.96575266,40000000,5.080222932291988,36801691.82417499,32870252.72373533,76150452.79972093,18987917.597212046,0.4746979399303012,18051055.609535877,49100891.78994634,-89693586.25128841,222782952.8684807,182190258.40713865,-0.19164445569856875,0.38023965396315157,0.10206167720675938,0.07292344625385794,2021-03-23,2019-05-25,False,False,False,False,False,0.0,0,0,False,[],麒瑾能源
2019-03-31,季报,2019-04-30,无保留意见,False,731471564.9248474,497399379.2757265,234072185.64912087,0.6799982434407141,50781904.02840209,189.650974128081,44370581.9997594,20837118.493435666,126975591.86889997,882237.2845019732,257486677.6302075,491754107.95271987,40000000,5.851804641228021,32826677.470157743,29348575.08361931,3118364.4739450007,-5678591.934310358,-0.14196479835775894,-5030968.057308596,127090234.46241598,-141140813.1812813,343964027.66639996,329913448.9475346,0.1518794980494938,-0.6854108594889441,0.09642896616436851,-0.06776283579915694,2021-03-23,2019-06-25,False,False,False,False,False,0.0,0,0,False,[],麒瑾能源
2019-06-30,半年报,2019-08-27,无保留意见,False,1010885559.0749338,744617513.3291813,266268045.74575248,0.7365992190160322,76020280.00683461,287.0463636512476,69439794.43902826,29699593.863427572,183370163.0259277,1272697.8158464602,349389701.1919624,707890416.1978868,40000000,6.656701143643812,25729101.280328736,22974739.12272585,12492788.060573155,-10139394.556898575,-0.2534848639224644,-9105479.94413351,117722020.21852858,-185945314.39812732,502865459.8977114,434642165.71811265,0.13754671452033965,-0.39401482542679533,0.056600975575318034,0.016109217504361957,2021-03-23,2019-10-22,False,False,False,False,False,0.0,0,0,False,[],麒瑾能源
2019-09-30,季报,2019-10-27,无保留意见,False,996415144.525309,720170551.3985889,276244593.1267201,0.7227615470875619,72361078.30693674,283.25536886377813,63873958.74021259,26110747.26066873,181503695.8248356,1354629.0205980884,333874403.78364366,666634293.0123432,40000000,6.906114828168001,19959702.38053503,17879466.40317885,16669349.353492433,-8241998.428276725,-0.20604996070691814,-7278961.027924289,195774844.96020728,-186156629.84910873,497374187.5272855,506992402.6383841,0.037468061002309594,0.2765639482342985,-0.013837671928470165,0.05872341799579775,2021-03-23,2019-11-29,False,False,False,False,False,0.0,0,0,False,[],麒瑾能源
2019-12-31,年报,2020-03-30,无保留意见,False,813222683.599069,505771421.776547,307451261.822522,0.6219347196983747,51331101.049650624,205.30955354962418,55567275.90322409,22153757.343940366,132279842.73850442,986805.5902580371,250811362.59327233,523760506.4892311,40000000,7.68628154556305,11872871.91477248,10046392.000780003,35691537.496232204,-11552614.951089356,-0.2888153737772339,-11190106.28914121,114429783.13609849,-165775686.89717525,382333117.14234585,330987213.3812691,0.11296752759061836,-0.378010496538563,-0.10082682738918729,0.0670985993111057,2021-03-23,2020-04-30,False,False,False,False,False,0.0,0,0,False,[],麒瑾能源
2020-03-31,季报,2020-04-30,保留意见,False,676082903.4792938,425395302.793447,250687600.68584684,0.6292058275756642,44926257.431143194,203.12465114643416,45646474.58853186,18393447.614048906,104085300.07244876,814912.2606007165,210189642.70587084,441333767.2197714,40000000,6.267190017146171,4471052.525679416,2752450.47228419,9573842.527464638,-10574027.698704379,-0.26435069246760945,-10419916.469279734,109686574.78152,-121554993.36038926,304718872.8438155,292850454.2649462,-0.18462653495122833,0.17964348831567767,0.00727110787728951,-0.008116163853781926,2021-03-23,2020-05-21,False,False,False,False,False,0.0,0,0,False,[],麒瑾能源
2020-06-30,半年报,2020-08-27,无保留意见,False,794044529.3735414,524365070.0729289,269679459.3006125,0.6603723729280332,51820292.408026725,226.95727335149624,52610137.75861556,23062002.739044763,129052654.29700214,1055832.087518985,257597933.83627367,516932442.9251428,40000000,6.741986482515313,-5768670.933407254,-6360316.432159936,49497814.98385008,-14628176.370123815,-0.3657044092530954,-13018238.43492018,139588779.33980805,-153278403.38156784,344299029.0660401,330609405.0242803,0.07575906651468428,-0.6309004274111214,0.031166545352368992,-0.04209479204160474,2021-03-23,2020-10-09,False,False,False,False,False,0.0,0,0,False,[],麒瑾能源
2020-09-30,季报,2020-10-27,非标准无保留意见,False,879239189.6508117,592376313.4938666,286862876.15694517,0.6737373862158348,56113545.63258946,245.75712076743585,55644935.81908454,24482275.80699492,146247080.11968163,1170106.5577106918,293500582.7107372,584709626.6428288,40000000,7.171571903923629,-15018946.906937374,-14428032.141501363,31548791.75251969,-13214679.96218589,-0.3303669990546472,-11525308.15620204,144875596.87028676,-160270206.33336535,412914516.49586105,397519907.03278244,0.06371792980042365,0.5959534217186766,0.013365013287801621,-0.0478965929637449,2021-03-23,2020-12-02,False,False,False,False,False,0.0,0,0,False,[],麒瑾能源
2020-12-31,年报,2021-03-30,无保留意见,False,834884697.6510633,580715173.5402956,254169524.11076775,0.6955633217067336,59490631.3777034,216.2491631947425,55119654.92560342,24429385.107112676,149788738.30278835,1022911.0657658292,277583577.4925589,565513114.6960955,40000000,6.354238102769194,-22610148.368345656,-20357314.750685655,10534271.138775101,-10844573.516297545,-0.2711143379074386,-8470403.72740613,85253590.63136916,-153238356.1886522,420379433.0729259,352394667.5156429,-0.11396857092198498,0.6261310595172276,0.021825935490898826,0.18880057406412695,2021-03-23,2021-05-05,False,False,False,False,False,0.0,0,0,False,[],麒瑾能源
2021-03-31,季报,2021-04-30,无保留意见,False,724559665.7812215,468089249.92601216,256470415.85520935,0.646032717569667,51535911.10781472,198.3870827879515,46451012.8176525,20734010.262650725,128337254.73752522,850065.9820806053,251247607.09457874,491641307.72168404,40000000,6.411760396380234,-29182260.219872758,-25980668.74005183,12282735.478632214,-9388731.216467284,-0.23471828041168208,-8033362.8419516785,125569366.69655465,-128403756.43780197,339613868.8183194,336779479.077072,0.009052587057757864,0.23651363616881044,-0.04953060413706667,-0.01898751729354662,2021-03-23,2021-06-17,False,False,False,False,False,0.0,0,0,False,[],麒瑾能源
2021-06-30,半年报,2021-08-27,无保留意见,False,683027729.2961754,412802211.2747109,270225518.02146447,0.604371087100786,46849766.92512618,192.63856291174073,44081442.49622577,19746822.500269167,116424647.96813929,968563.0301493199,250105772.67361873,473825705.7751845,40000000,6.755637950536611,-32866509.86577805,-29171875.689349476,24207495.08105846,-5263213.779864706,-0.13158034449661765,-4558867.070425216,117449703.48045164,-128335880.87372501,292517098.55768424,281630921.1644109,0.05363231513618533,0.5420275586020952,-0.04166163046888095,0.012637646228803584,2021-03-23,2021-09-17,False,False,False,False,False,0.0,0,0,False,[],麒瑾能源
2021-09-30,季报,2021-10-27,无保留意见,False,1061621362.7077975,751762466.3453404,309858896.36245716,0.7081267321409929,63908601.05668204,270.1484457965802,68411113.71895188,27793306.992663804,167962621.77181458,1290182.326482341,324383228.1414276,665204623.7330207,40000000,7.746472409061429,-31778916.084255777,-28050075.3303819,3625793.530032845,1553705.4021746702,0.038842635054366755,1602571.9413822498,117226948.77110921,-203397511.99680254,494873320.4594451,408702757.2337518,0.14666778560063504,0.5808165075329107,0.10375564504020683,-0.06873965671706085,2021-03-23,2021-12-15,False,False,True,True,False,0.0,0,3,True,"['公司为增强投资者回报水平拟采取的措施', '上市公司控股子公司向母公司实施利润分配的情况']",麒瑾能源
2021-12-31,年报,2022-03-30,无保留意见,False,912319692.1966445,565622671.3451561,346697020.8514884,0.6199829688902954,59455759.85050592,240.86422894399647,54127043.62752146,25230452.60456976,138405762.81157908,1116224.377292221,331257909.3060384,579140418.7661091,40000000,8.66742552128721,-22979074.375578538,-20907293.38888517,28319286.33404874,12571202.440967485,0.31428006102418715,10203974.202138184,22069307.04238111,-186302107.26389375,391933218.1026932,227700417.88118055,0.11888677369437206,0.5938165342164733,-0.08814376325069744,-0.035949580068754185,2021-03-23,2022-04-26,True,False,False,False,False,6984717.824424824,0,0,True,['是否影响偿债能力、过去十二个月内是否使用过募集资金补充流动资金以及未来十二个月内是否计划使用募集资金补充流动资金等内容'],麒瑾能源
2022-03-31,季报,2022-04-30,保留意见,True,1126186660.911025,756375866.3004264,369810794.61059874,0.6716256661116538,80200333.80751766,303.26058334530154,71982843.36741455,27161695.97831441,191312957.8001671,1331822.378926518,368349056.18382365,740285808.3601203,40000000,9.24526986526497,-9630780.966714684,-7542754.156546366,20041816.47557693,19068990.584091224,0.4767247646022806,19092198.903341148,102302446.67989112,-204098200.96718532,560267166.4816216,458471412.1943274,0.06666850987742226,0.21973364647904225,0.051642697221358363,-0.014703117424381561,2021-03-23,2022-05-17,True,False,False,False,False,28512427.16412113,0,0,True,"['结合所处行业特点、发展阶段和自身经营模式、盈利水平、偿债能力、资金需求等因素，未进行现金分红或现金分红水平较低原因的说明', '公司为增强投资者回报水平拟采取的措施', '公司在相应期间是否按照中国证券监督管理委员会相关规定为中小股东参与现金分红决策提供了便利']",麒瑾能源
2022-06-30,半年报,2022-08-27,保留意见,False,1332350955.3149638,876921046.3627286,455429908.9522351,0.6581757177900827,85283517.26528594,341.7602473583489,89859839.22989881,35909922.60207508,217260887.88913468,1554861.9233328898,432158418.2464631,881229174.0240369,40000000,11.385747723805878,11946546.024125336,13836662.1823782,94655910.93942821,30824752.844057173,0.7706188211014293,30542023.341320813,151781223.70355746,-250303521.1873285,599813532.9864801,501291235.5027091,0.23152140388922687,0.32592434857744546,-0.01344994832157123,0.12086033488995251,2021-03-23,2022-09-30,True,False,False,False,False,34089330.13132459,0,0,True,"['结合前述财务报表列报项目的具体情况说明现金分红方案确定的依据及未来增强投资者回报的规划', '是否影响偿债能力、过去十二个月内是否使用过募集资金补充流动资金以及未来十二个月内是否计划使用募集资金补充流动资金等内容', '留存未分配利润的预计用途以及收益情况']",麒瑾能源
2022-09-30,季报,2022-10-27,无保留意见,False,1497428887.303945,999751171.2737494,497677716.0301956,0.6676451748394927,89533510.94978958,406.5518003758909,99274163.71354927,38677193.50159091,247912530.8652222,1870378.561488524,483953217.81593955,967094412.7985566,40000000,12.44194290075489,34402545.0477237,35218451.91408499,41505363.62412259,32079998.605140522,0.801999965128513,30545413.902438276,244845955.6798483,-290669959.08670557,711335153.2539262,665511149.8470689,0.09276467409695614,0.02624677988773619,0.009469457049410135,-0.026288434636092657,2021-03-23,2022-12-16,True,False,True,False,False,23117633.92177201,0,6,True,"['是否影响偿债能力、过去十二个月内是否使用过募集资金补充流动资金以及未来十二个月内是否计划使用募集资金补充流动资金等内容', '充分披露高送转的主要考虑及其合理性且送转股后每股收益不低于0.5元']",麒瑾能源
2022-12-31,年报,2023-03-30,无保留意见,False,1094154456.7969818,646273829.942258,447880626.85472375,0.5906605104311821,71061966.8095471,298.4082517160123,68685204.10310028,31170519.160837356,191906246.59001437,1247446.0424808208,332341543.48900664,724605350.019534,40000000,11.197015671368094,77205551.58544141,73787348.1200403,207291984.35827553,61147152.196739584,1.5286788049184896,55098423.15136473,197428483.47565755,-219307099.72576487,464072225.8156549,442193609.5655476,-0.1000589087505989,0.592240310058905,-0.07698466440831069,-0.012577806887617237,2021-03-23,2023-04-28,False,False,False,False,False,0.0,0,0,False,[],麒瑾能源
2023-03-31,季报,2023-04-30,无保留意见,False,967042458.6876857,555075646.2071778,411966812.48050797,0.5739930457246283,68694882.8195358,259.22047940777117,66217840.4772371,25376741.758401334,166700533.56935292,1275401.7565805798,330507782.4667417,641744936.1660872,40000000,10.299170312012699,94569058.31853272,89351192.38518736,28211796.12422548,24805009.618701868,0.6201252404675467,22234063.235924374,56221833.62355498,-180998196.37069657,465021085.96343064,340244723.21628904,-0.08018613045717848,-0.4650475616378758,-0.016667464706553708,-0.09525202562319054,2021-03-23,2023-05-19,False,True,True,False,False,0.0,0,7,True,"['公司为增强投资者回报水平拟采取的措施', '上市公司控股子公司向母公司实施利润分配的情况']",麒瑾能源
2023-06-30,半年报,2023-08-27,无保留意见,True,1297046881.237753,819909145.5532284,477137735.6845246,0.6321353201750125,81179322.79141627,402.4705613762386,95937635.83316997,39585438.176548496,228375775.75305182,1813091.5297272666,461251502.76329917,922402457.2520205,40000000,11.928443392113115,121002481.17908913,113961719.85729942,169903696.11971426,37762032.657937735,0.9440508164484434,35157896.388731524,230585558.10931006,-234765916.45674258,541237391.3874598,537057033.0400273,0.15819459536464517,0.30993948231121604,0.05814227445038415,-0.06895806822444508,2021-03-23,2023-09-21,False,False,True,False,False,0.0,0,1,True,['是否影响偿债能力、过去十二个月内是否使用过募集资金补充流动资金以及未来十二个月内是否计划使用募集资金补充流动资金等内容'],麒瑾能源
2023-09-30,季报,2023-10-27,无保留意见,False,1587041899.4699655,1039326875.7119795,547715023.7579861,0.6548830727525783,104287171.73179276,394.46580900219686,98494392.51268132,41034971.425136395,239390615.99183866,1977913.129423583,538347987.2431602,999813749.2586927,40000000,13.692875593949651,159025444.0448231,149065127.74397704,222675516.46273202,54318518.379619986,1.3579629594904996,50147725.552396625,239405179.17761126,-301666331.18185854,734910190.783317,672649038.7790697,0.14791805970284022,0.30233512012053454,0.02274775257756571,-0.02751194940307546,2021-03-23,2023-11-17,False,False,True,False,False,0.0,0,7,True,"['充分披露高送转的主要考虑及其合理性且送转股后每股收益不低于0.5元', '结合前述财务报表列报项目的具体情况说明现金分红方案确定的依据及未来增强投资者回报的规划', '根据公司盈利能力、融资能力及其成本、偿债能力及现金流等情况披露现金分红方案的合理性，是否导致公司营运资金不足或者影响公司正常生产经营']",麒瑾能源
2023-12-31,年报,2024-03-30,无保留意见,False,1307372119.125741,733459267.1254197,573912852.0003211,0.5610179813348741,86712467.04894684,349.80317036663047,88581470.67034516,38844225.890303284,242660740.42749292,1594093.449089548,449377920.7102715,872970041.9360857,40000000,14.347821300008029,219454070.94703245,203982772.8450323,169608332.6864052,86326609.86029905,2.158165246507476,78453778.71579322,168166068.85726705,-246485979.31813243,588910159.4148594,510590248.95399404,0.047831129521674336,0.4488047734012619,-0.09386509141770406,0.055106468530551816,2021-03-23,2024-04-10,False,False,False,True,False,0.0,0,0,False,[],麒瑾能源
2024-03-31,季报,2024-04-30,无保留意见,False,1605039523.651573,976361916.1909491,628677607.4606239,0.6083102015890923,108811802.15880239,414.9026399994822,112756347.35048991,47041771.49039044,255863295.02780178,1926541.5639689758,482399708.81545454,1053421052.9388986,40000000,15.716940186515597,233779094.48266423,217410216.98389742,13071314.628536234,20464319.336616844,0.5116079834154211,19182063.05552162,202886069.05615807,-303285908.31498235,811018787.5916587,710618948.3328345,0.09542346938115265,-0.6374184792545713,0.04729222025421816,0.02717441795912619,2021-03-23,2024-06-25,True,False,False,False,False,28160165.27551169,0,0,True,"['上市公司控股子公司向母公司实施利润分配的情况', '是否影响偿债能力、过去十二个月内是否使用过募集资金补充流动资金以及未来十二个月内是否计划使用募集资金补充流动资金等内容', '结合所处行业特点、发展阶段和自身经营模式、盈利水平、偿债能力、资金需求等因素，未进行现金分红或现金分红水平较低原因的说明', '充分披露高送转的主要考虑及其合理性且送转股后每股收益不低于0.5元']",麒瑾能源
2024-06-30,半年报,2024-08-27,非标准无保留意见,False,1733270115.479618,1080775541.1103797,652494574.3692383,0.6235470925495737,124862542.25978273,490.3693934117876,110387428.15871313,49736332.55296636,300097465.3969933,2090869.8775586346,566551084.5021013,1168545100.5357137,40000000,16.312364359230955,247000014.9747548,229331766.94383258,72546896.72009857,18887029.274415113,0.4721757318603778,17030785.65705017,274886608.85467273,-314862275.5490935,836608619.1647538,796632952.4703331,0.03788422973233719,-0.04210112688902171,0.015236890960481402,0.1167945731048015,2021-03-23,2024-10-13,False,False,True,True,False,0.0,0,1,True,"['上市公司控股子公司向母公司实施利润分配的情况', '根据公司盈利能力、融资能力及其成本、偿债能力及现金流等情况披露现金分红方案的合理性，是否导致公司营运资金不足或者影响公司正常生产经营', '结合前述财务报表列报项目的具体情况说明现金分红方案确定的依据及未来增强投资者回报的规划']",麒瑾能源
2024-09-30,季报,2024-10-27,无保留意见,True,1690659149.608817,1071851367.8356072,618807781.7732099,0.6339843061113832,111996169.45692855,450.11097542797006,104019239.85982725,47185853.304272495,272312548.8041654,2121350.083415152,592521267.4601133,1096063528.252101,40000000,15.470194544330248,247401696.06363565,229671837.65079805,2622551.591570956,573830.126972612,0.0143457531743153,485815.2956649392,19525710.355151515,-329758020.66081214,820063157.9425809,509830847.63692033,-0.05162769763808837,-0.5103013405597912,0.010437213561809522,0.046343694887344244,2021-03-23,2024-11-14,False,True,False,False,False,0.0,3,0,True,['结合所处行业特点、发展阶段和自身经营模式、盈利水平、偿债能力、资金需求等因素，未进行现金分红或现金分红水平较低原因的说明'],麒瑾能源
2024-12-31,年报,2025-03-30,非标准无保留意见,False,1572335702.540225,874059997.4087403,698275705.1314849,0.5558990971181481,96586095.99362539,421.95214184214433,96258499.84873572,43361601.3989665,281252278.89813125,2017836.409187775,489703133.10149455,1023462331.3493038,40000000,17.45689262828712,249300166.29086933,231209918.83574733,9772111.399975492,2712100.3246195093,0.06780250811548773,2197258.835641864,190622070.521557,-284449400.65947115,712345438.1245265,618518107.9866123,0.12842101489182542,0.12167354425288585,-0.07808520899323516,0.160804314739958,2021-03-23,2025-04-25,False,False,False,True,False,0.0,0,0,False,[],麒瑾能源
2017-03-31,季报,2017-04-30,无保留意见,False,275552022.13748574,95697269.72986124,179854752.4076245,0.347292932156794,34114509.878340945,1.095193836040269e-22,4024.580937255464,72892442.92144796,58559154.832515635,180661.8419118371,3285565.8257181277,172532602.7986766,40000000,4.496368810190613,6614046.975343248,5415055.717961843,44234171.32429128,9448638.53620464,0.236215963405116,7735793.882802634,28565231.89030477,13260551.960056689,115807390.40532558,157633174.25568703,-0.0008069310687526642,0.46936880756692445,0.047292932156794025,0.05102616286850747,2021-05-06,2017-05-26,False,False,False,False,False,0.0,0,0,False,[],筠煜化工
2017-06-30,半年报,2017-08-27,无保留意见,False,245593273.81658214,87347538.37388763,158245735.44269451,0.3556593265625096,35620170.46254097,1.0075701402721267e-22,3843.582019592919,70051748.22498144,56144126.44085862,165046.91823733912,2793088.5640591322,163795227.4117933,40000000,3.956143386067363,6507673.808962991,5322897.596463818,309616.74404423963,-151961.6662575081,-0.0037990416564377023,-131654.4592828926,21008128.46804488,12354406.885556443,95631216.44579515,128993751.79939647,-0.12014704463274417,-0.36299033650901213,0.008366394405715565,-0.005355261943956779,2021-05-06,2017-09-27,False,False,False,False,False,0.0,0,0,False,[],筠煜化工
2017-09-30,季报,2017-10-27,无保留意见,False,281034174.52559596,127819395.05933361,153214779.46626237,0.4548179781875321,39933531.64454769,1.257090154127161e-22,4402.809955487575,81935513.93936415,67712550.1617537,209830.35532472125,3254748.081032667,189044816.5818965,40000000,3.830369486656559,18519319.19158115,16326025.556319008,67855946.67434514,17159493.403740227,0.4289873350935057,15718754.228364557,24535991.86429591,13204130.56498256,119061897.26904793,156802019.6983264,-0.031792047743706794,1.027505679122722,0.09915865162502256,0.12828912066052534,2021-05-06,2017-12-12,False,False,False,False,False,0.0,0,0,False,[],筠煜化工
2017-12-31,年报,2018-03-30,保留意见,False,348092657.3912283,173952691.0134889,174139966.37773943,0.4997309978244671,46757630.87410712,1.3162525711583803e-22,4903.396587690332,95950128.56100696,69786754.96947259,214194.46210225517,3774535.115983937,217809960.0347571,40000000,4.353499159443485,33971790.7461649,30824456.425982222,81984723.80958427,22074959.363691077,0.551873984092277,20712044.099518877,28748614.53937101,17823568.72143233,145164032.75883424,191736216.01963758,0.1365742063812111,0.14389750754947186,0.04491301963693497,-0.046888730575441885,2021-05-06,2018-04-14,False,False,False,False,False,0.0,0,0,False,[],筠煜化工
2018-03-31,季报,2018-04-30,无保留意见,False,372053838.68436253,159938166.8758542,212115671.8085083,0.42987909341674646,48378757.93288193,1.445954403184879e-22,5488.74382601431,103225699.15622869,82094677.42576818,220308.44214349063,4056740.426290757,235205346.03679505,40000000,5.302891795212708,60291943.76248738,53455404.36305042,37470404.077891715,37600218.594746396,0.9400054648686599,32329925.624383144,40952624.94452706,17731635.737976763,163540460.70777038,222224721.3902742,0.2180757595208961,0.39731990727242006,-0.06985190440772066,0.09773049186935036,2021-05-06,2018-06-24,False,False,False,False,False,0.0,0,0,False,[],筠煜化工
2018-06-30,半年报,2018-08-27,无保留意见,False,485107936.36734504,251377167.33965018,233730769.02769485,0.5181881154574564,63073108.74180633,1.940821339022828e-22,7019.225826187192,133085306.86557162,106360517.93188085,311792.9727385596,5492669.681597951,302207339.02012676,40000000,5.843269225692371,97542669.908381,86010509.04399711,88167446.91268836,53215323.06556231,1.3303830766390576,46507292.40135241,20248837.492990583,21447207.34663375,230482664.5886565,272178709.42828083,0.1019024055832141,0.2859897793947365,0.08830902204070984,0.0682018177443415,2021-05-06,2018-10-05,False,False,False,False,False,0.0,0,0,False,[],筠煜化工
2018-09-30,季报,2018-10-27,无保留意见,False,442499815.76717055,177859596.68746793,264640219.07970265,0.40194275873111784,56082015.65495477,1.5533022702839017e-22,6296.456388464142,120817711.00249438,95861544.30558673,282297.7067509897,4630856.427621383,265469547.7157086,40000000,6.616005476992566,126725044.8076091,110414004.04059166,26914045.03138798,41689106.99889727,1.0422276749724317,34862135.70942077,6533017.010882389,21129611.343664646,173856389.6252094,201519017.9797564,0.13224382130170176,-0.1641552806914046,-0.11624535672633848,-0.06483781249265164,2021-05-06,2018-12-10,False,False,False,False,False,0.0,0,0,False,[],筠煜化工
2018-12-31,年报,2019-03-30,无保留意见,False,586198998.0360719,268414998.03398833,317784000.0020836,0.4578905780003932,80379262.36519153,2.2377168625769275e-22,8042.563850229956,161881364.41072044,127196209.05012001,371410.0207623137,6849554.634835587,370573581.13996035,40000000,7.94460000005209,141545937.05875188,122491167.04444048,82648506.77247883,21172703.215918265,0.5293175803979566,17253090.00549831,79349902.78727284,26285829.60703046,254374391.8195741,360010124.2138774,0.200815209068337,-0.3495777126642001,0.055947819269275355,0.02320601154277629,2021-05-06,2019-05-10,False,False,False,False,False,0.0,0,0,False,[],筠煜化工
2019-03-31,季报,2019-04-30,无保留意见,False,616753557.4641645,293478880.8939587,323274676.57020587,0.47584465033428003,88990982.34194328,2.4857334161111086e-22,8851.35430256234,168331638.826538,150394213.91541424,416765.2897681064,7410998.430592245,407690789.1833709,40000000,8.081866914255146,153637110.20575902,134249566.90435076,85060711.91633116,17273104.495724455,0.43182761239311135,16797714.08558611,33584884.20237005,28501667.18542932,265340705.36288536,327427256.75068474,0.01727801452586104,-0.10215673483054906,0.017954072333886847,0.16888380998388958,2021-05-06,2019-06-26,False,False,False,False,False,0.0,0,0,False,[],筠煜化工
2019-06-30,半年报,2019-08-27,无保留意见,False,624105925.6494249,269565626.7941961,354540298.8552288,0.43192287673553914,82799426.97070868,2.4303359667397697e-22,9619.160985430111,168711178.65592116,141472948.82610613,404762.46380971,7816151.495197221,413025069.560186,40000000,8.86350747138072,172207457.8277977,151534349.72847325,42923591.468855925,26529068.03148385,0.6632267007870963,24692546.891603593,34324169.513918675,33200945.253682967,270569404.161475,338094518.9290767,0.09671534627065954,0.2700649291024708,-0.04392177359874089,0.09802795546220824,2021-05-06,2019-10-13,False,False,False,False,False,0.0,0,0,False,[],筠煜化工
2019-09-30,季报,2019-10-27,非标准无保留意见,False,619855651.0283457,255723508.02063164,364132143.0077141,0.41255332204584116,83736621.96833783,2.318282709426532e-22,10290.889857062275,171725817.7921797,131788456.14594388,410497.98834310094,7115679.092281197,415849131.91887975,40000000,9.103303575192852,191281707.82164383,167512939.9393678,45963817.539143935,27248928.56263733,0.6812232140659332,22826557.444135062,82884985.73836151,32307314.489327822,262379209.16274434,377571509.39043367,0.027054312819886364,0.016537467115831966,-0.019369554689697997,-0.030159443515082113,2021-05-06,2019-11-28,False,False,False,False,False,0.0,0,0,False,[],筠煜化工
2019-12-31,年报,2020-03-30,无保留意见,False,698078307.6331985,296810033.0422158,401268274.59098274,0.4251815731798574,86499753.00110328,2.4533746127450424e-22,10840.208529982763,179858408.3785276,137788399.96150884,490355.0241642907,6864200.772435013,433456498.9736375,40000000,10.031706864774568,211852236.67226365,185052568.67162365,95388366.3755328,29386469.786599755,0.7346617446649939,25056612.474651195,67670183.66971347,34045550.15721391,296937590.0223286,398653323.849256,0.10198531576071794,0.04830718603585157,0.012628251134016274,0.09864299821243339,2021-05-06,2020-05-14,False,False,False,False,False,0.0,0,0,False,[],筠煜化工
2020-03-31,季报,2020-04-30,无保留意见,False,712137196.4036576,294947410.9448666,417189785.45879096,0.41417217417426244,90152752.40649872,2.6427980172506196e-22,10825.714909107177,200529431.89189398,170346639.07472265,482543.3074076789,8343167.250694486,461376826.7868725,40000000,10.429744636469774,237429834.06006527,208838178.2149116,108334850.83314592,36539424.8397166,0.913485620992915,33979442.20469711,93285172.68759438,38491686.36342692,298999385.33947504,430776244.3904964,0.039677970764165627,0.15420347972208065,-0.01100939900559496,0.047680444249097634,2021-05-06,2020-06-13,False,False,False,False,False,0.0,0,0,False,[],筠煜化工
2020-06-30,半年报,2020-08-27,无保留意见,False,719306709.8820051,355781264.53704065,363525445.34496444,0.4946169132711176,91968979.18402003,2.4780424780430177e-22,9577.183743417256,177676168.67046252,159214470.35251847,436672.6352565217,7382628.30414871,425300033.4530787,40000000,9.088136133624111,272084754.59193045,240459006.25928894,113916828.60973671,49507029.33123595,1.2376757332808987,45172611.491967596,46303660.96321999,33394484.969387926,321432234.9658988,401130380.89850676,-0.12863291955916634,0.24220664548304474,0.08044473909685518,0.1261359185515742,2021-05-06,2020-09-16,False,False,False,False,False,0.0,0,0,False,[],筠煜化工
2020-09-30,季报,2020-10-27,无保留意见,False,816136632.7288449,417524492.1735238,398612140.55532104,0.5115865106771198,111539653.66450636,3.1385827019860697e-22,11875.92382736822,230755879.82422605,182595468.52540576,610233.0818061618,9122372.117797695,545771793.8292651,40000000,9.965303513883025,312719194.4410399,276841992.5107858,272098361.16932756,58049199.78444213,1.4512299946110532,51975694.64499559,101449909.07990584,36494004.21560117,335036241.337379,472980154.632886,0.09651785221543811,0.128440114362381,0.01696959740600217,0.06252188701485036,2021-05-06,2020-11-25,False,False,False,False,False,0.0,0,0,False,[],筠煜化工
2020-12-31,年报,2021-03-30,无保留意见,False,824660098.7476902,434692452.34344906,389967646.4042411,0.5271171152861197,113635164.78155787,3.0294010408340186e-22,11375.005754656353,210379299.60546586,179596145.27806267,550158.5259715039,9296986.123401895,540521545.5127077,40000000,9.749191160106028,352734898.48007274,314347016.5178044,184159783.07528496,57165291.48433262,1.4291322871083156,53578605.724312216,139218484.5019638,42176292.57805742,345341441.5425491,526736218.6225703,-0.02168647984237758,-0.011777717852399228,0.015530604608999923,0.02028793587282688,2021-05-06,2021-05-26,False,True,False,False,False,0.0,1,0,True,['充分披露高送转的主要考虑及其合理性且送转股后每股收益不低于0.5元'],筠煜化工
2021-03-31,季报,2021-04-30,无保留意见,False,703816691.3898125,356251517.3272565,347565174.062556,0.5061708846713678,91907299.66454376,2.6590100668425647e-22,10987.877240011394,198854826.01158565,167250089.6702807,453274.6388561735,7260809.405610314,453203237.398209,40000000,8.689129351563901,384401615.5825387,339568441.0662444,38968476.1202713,45238167.289237194,1.13095418223093,36030606.497771464,118889210.41598023,36515584.41190014,304291204.6713909,459695999.4992713,-0.10873330834663804,-0.1608181395419316,-0.02094623061475186,-0.0009514505003132596,2021-05-06,2021-06-02,True,False,False,True,False,32918202.80633689,0,0,True,"['公司为增强投资者回报水平拟采取的措施', '结合所处行业特点、发展阶段和自身经营模式、盈利水平、偿债能力、资金需求等因素，未进行现金分红或现金分红水平较低原因的说明', '上市公司控股子公司向母公司实施利润分配的情况']",筠煜化工
2021-06-30,半年报,2021-08-27,无保留意见,False,624035714.4949667,257149862.85743982,366885851.6375269,0.41207555414605024,82933268.0634181,2.5179725768211327e-22,9209.836430453817,162940473.21463042,148154128.10460907,390043.2893533745,7061975.93223295,403691135.11853397,40000000,9.172146290938173,418422930.5740605,371515604.1754187,97421672.36681713,48601878.55931677,1.2150469639829193,45638804.4416775,111572070.70475194,30316147.309699018,265712934.6637219,407601152.6781728,0.05558864643755557,0.054045795636100805,-0.09409533052531759,0.10495988263167466,2021-05-06,2021-10-06,True,False,True,True,False,30522815.410757493,0,8,True,"['是否影响偿债能力、过去十二个月内是否使用过募集资金补充流动资金以及未来十二个月内是否计划使用募集资金补充流动资金等内容', '根据公司盈利能力、融资能力及其成本、偿债能力及现金流等情况披露现金分红方案的合理性，是否导致公司营运资金不足或者影响公司正常生产经营', '结合前述财务报表列报项目的具体情况说明现金分红方案确定的依据及未来增强投资者回报的规划']",筠煜化工
2021-09-30,季报,2021-10-27,无保留意见,False,727393619.6346091,309846173.0552036,417547446.5794055,0.42596768062228585,96360263.69808567,3.1543446834567467e-22,11862.712757185374,218160782.78799713,173372271.28340366,530347.5433989622,8817960.542750636,522296205.29739827,40000000,10.438686164485137,464198857.652718,413325835.9693299,258143240.41518947,65394181.540939316,1.634854538523483,59728902.56273031,134443424.3064411,32531690.86303847,341633927.2478874,508609042.417367,0.1380854418772486,0.25597289819130803,0.013892126476235611,0.031224856206032745,2021-05-06,2021-12-25,True,False,False,True,False,29620062.232143413,0,0,True,"['留存未分配利润的预计用途以及收益情况', '根据公司盈利能力、融资能力及其成本、偿债能力及现金流等情况披露现金分红方案的合理性，是否导致公司营运资金不足或者影响公司正常生产经营', '是否影响偿债能力、过去十二个月内是否使用过募集资金补充流动资金以及未来十二个月内是否计划使用募集资金补充流动资金等内容']",筠煜化工
2021-12-31,年报,2022-03-30,无保留意见,False,688906390.5059396,292097800.310127,396808590.1958126,0.42400216391606926,101262513.15527031,2.623126745719661e-22,10558.632761459316,181001726.24027678,154880153.34323028,458617.5940944063,8143696.695766738,444827447.1478493,40000000,9.920214754895314,547084038.1461489,481631054.8225217,447646704.34649587,118407400.70490128,2.960185017622532,97578884.07598825,35171819.38294492,33516169.126931705,259304790.95426837,327992779.464145,-0.049668262980621436,0.6434097429273113,-0.0019655167062165575,0.058209632872792606,2021-05-06,2022-05-28,False,True,False,False,False,0.0,2,0,True,['上市公司控股子公司向母公司实施利润分配的情况'],筠煜化工
2022-03-31,季报,2022-04-30,无保留意见,False,930486423.1471432,485916491.1574472,444569931.989696,0.5222177122305055,111219229.35255583,3.1892419784485394e-22,13610.797022550027,251626023.37485668,192894129.33384553,601887.2550470551,9965641.827668006,561060484.0959026,40000000,11.114248299742401,583148964.7164966,514506019.0404903,172705644.30457956,51521323.6719252,1.28803309179813,46964234.59709809,75421333.68337247,47010061.921178214,444503555.2496458,566934950.8541965,0.12036367904816464,-0.4939617530857384,0.0982155483144362,0.10555037718370734,2021-05-06,2022-06-09,True,False,False,False,False,23333196.90678664,0,0,True,"['留存未分配利润的预计用途以及收益情况', '公司为增强投资者回报水平拟采取的措施']",筠煜化工
2022-06-30,半年报,2022-08-27,无保留意见,False,962517942.3777516,473131064.5524941,489386877.82525754,0.49155557909257985,145560714.13688543,3.956362537946116e-22,14396.27586445172,272292356.1891978,237422379.94539806,674077.1726211404,11919009.823512282,660022391.1446223,40000000,12.234671945631439,624328054.8780437,552855888.8262445,199257856.07946163,58827271.65935302,1.4706817914838255,54785528.26536312,40680400.69207507,49648921.137691684,401435182.0556126,491764503.8853794,0.10080966482591579,0.10662298385256136,-0.030662133137925613,0.08018022159489602,2021-05-06,2022-10-10,False,False,False,False,False,0.0,0,0,False,[],筠煜化工
2022-09-30,季报,2022-10-27,无保留意见,False,1159099203.370377,626956920.6964747,532142282.6739025,0.5409001394129486,158952515.45421696,4.500143660085777e-22,16941.908424839374,332711992.0555775,244396812.9257549,700470.2690498111,13111310.732258786,723493906.0592456,40000000,13.303557066847564,661865840.3668238,585763991.4801652,98314086.45057285,53625407.84111437,1.3406351960278593,47011575.21988679,52035141.94520113,58525002.97857801,529749485.44258267,640309630.3663619,0.08736524575125906,-0.06860148999699649,0.049344560320368665,-0.04451875174183746,2021-05-06,2022-11-17,False,False,False,False,False,0.0,0,0,False,[],筠煜化工
2022-12-31,年报,2023-03-30,无保留意见,True,1265840044.6375604,767908255.1874619,497931789.45009845,0.6066392499119682,177548462.05243668,4.796548184519201e-22,18305.12784504856,364613311.8429706,275155275.13588214,822835.399887246,15532307.826407261,837714560.0619826,40000000,12.44829473625246,724001594.4954989,640385809.6805656,97263769.51893747,88765363.04096448,2.2191340760241123,78031168.85771482,102962410.16332904,64149273.52514036,548064752.4298394,715176436.1183088,-0.06428824458733781,0.4975540145397004,0.06573911049901963,0.052366505159243584,2021-05-06,2023-05-24,False,False,False,True,False,0.0,0,0,False,[],筠煜化工
2023-03-31,季报,2023-04-30,无保留意见,False,1656249518.2556815,1093360214.2926335,562889303.9630479,0.6601422081886139,215936188.83048022,6.216193468503799e-22,24389.27757750764,439082109.23657113,368364672.99695665,1094120.686391587,18904231.5248057,1080861861.6718473,40000000,14.072232599076196,806153009.6629388,716425479.1508944,258614461.3514049,117359164.52491412,2.9339791131228528,108628099.24332693,322485410.19349134,79740840.15948299,700014774.8748686,1102241025.2278428,0.13045464436943588,0.2703512819492222,0.05350295827664571,0.09525916982555206,2021-05-06,2023-05-18,False,False,False,False,False,0.0,0,0,False,[],筠煜化工
2023-06-30,半年报,2023-08-27,无保留意见,False,1774862222.3275084,1090461568.3449874,684400653.9825212,0.6143922354237639,236155852.28752524,7.539739482465617e-22,25680.70305717252,502382310.32450324,434396026.8149623,1229707.2114279035,23474512.350158922,1198799861.2227952,40000000,17.11001634956303,909736325.2605827,808703482.7199003,239534596.7266861,147976165.13949126,3.6994041284872816,131825719.38429406,141535839.49304643,80337146.45807885,742433455.2895759,964306441.2407012,0.21587077452701128,0.22787430037122502,-0.04574997276485002,-0.03393176602384627,2021-05-06,2023-10-05,True,True,False,True,False,79670272.95574746,1,0,True,['结合所处行业特点、发展阶段和自身经营模式、盈利水平、偿债能力、资金需求等因素，未进行现金分红或现金分红水平较低原因的说明'],筠煜化工
2023-09-30,季报,2023-10-27,无保留意见,False,2106616408.862205,1322338693.8157315,784277715.0464736,0.6277073928850359,274171612.03281426,7.96435140643497e-22,32946.68253999928,588161886.1174035,495277903.61631525,1411350.4120580847,24730752.386224665,1362604749.161945,40000000,19.606942876161842,926390866.9825208,823946684.7308874,14425957.583661433,23792202.45991157,0.5948050614977892,21776002.872838687,69094988.0676045,94620869.64391856,931550357.9227242,1095266215.6342473,0.14593361429853782,-0.7527388127526131,0.013315157461272091,0.014052338918476733,2021-05-06,2023-11-10,True,False,True,True,False,33961014.94301801,0,0,True,['公司在相应期间是否按照中国证券监督管理委员会相关规定为中小股东参与现金分红决策提供了便利'],筠煜化工
2023-12-31,年报,2024-03-30,保留意见,False,2319823233.6055837,1404593175.3840308,915230058.2215528,0.6054742253792083,341782917.37002045,9.801443126415359e-22,36021.22336757111,718885155.7685096,531509661.8837987,1721816.896633184,29412957.762103174,1587494532.7033587,40000000,22.88075145553882,938810056.1112076,834974826.44736,40329410.842581704,17741698.75526683,0.44354246888167076,15754488.166389361,227576878.7010938,124460702.50592025,1030573791.9972894,1382611373.2043035,0.16697190378196497,-0.14832500673605098,-0.022233167505827593,0.032910527109773505,2021-05-06,2024-05-05,False,False,False,False,False,0.0,0,0,False,[],筠煜化工
2024-03-31,季报,2024-04-30,无保留意见,False,2212326079.7659874,1260417956.6893358,951908123.0766516,0.5697252173706051,307857829.0992093,8.733773397779098e-22,37253.56211072883,626210411.3318163,511144993.90261024,1535707.8157074496,26127053.78301815,1476866361.493386,40000000,23.79770307691629,949903071.2010413,844421425.2701151,55000770.52846863,15847164.414048191,0.3961791103512048,13495141.175364478,322617195.91091704,103516464.72852477,965708659.1247468,1391842319.7641888,0.04007524067377161,-0.054532000710858425,-0.03574900800860327,0.02333002220344299,2021-05-06,2024-06-24,True,False,False,False,False,20874061.517290752,0,0,True,"['留存未分配利润的预计用途以及收益情况', '公司在相应期间是否按照中国证券监督管理委员会相关规定为中小股东参与现金分红决策提供了便利']",筠煜化工
2024-06-30,半年报,2024-08-27,无保留意见,False,2408446089.331944,1576279211.2037442,832166878.1281998,0.6544797569627034,306322090.69733983,7.972018946370223e-22,36252.34948448797,603141626.9216169,478691517.151486,1405346.04295609,25397476.843213227,1457114078.9257236,40000000,20.804171953204996,967109087.0451614,859557493.8876144,116532135.80987507,24580022.63445712,0.614500565861428,21622955.167855892,460856449.3519886,109611966.5596738,1064541171.4946344,1635009587.4062967,-0.12579075863060976,0.2658633820054807,0.08475453959209847,-0.057238177855534186,2021-05-06,2024-10-18,True,True,False,False,False,24143802.2912976,2,0,True,"['结合前述财务报表列报项目的具体情况说明现金分红方案确定的依据及未来增强投资者回报的规划', '上市公司控股子公司向母公司实施利润分配的情况', '公司为增强投资者回报水平拟采取的措施']",筠煜化工
2024-09-30,季报,2024-10-27,无保留意见,False,2722621471.4068804,1935394309.5942824,787227161.8125978,0.7108569185690701,321129700.05495507,9.345739304560833e-22,40177.73241402372,718888707.0179306,536724864.9907837,1553210.0997531181,28555728.696780913,1590340292.5647516,40000000,19.680679045314942,963925651.2358005,856479325.9577856,15341712.420547545,-4547765.441944113,-0.11369413604860283,-4397382.756898185,35793123.93504121,132316793.56115238,1156408601.7824433,1324518519.278637,-0.054003250425786506,-0.700523622424948,0.056377161606366584,-0.01585660410925054,2021-05-06,2024-11-21,False,False,False,False,False,0.0,0,0,False,[],筠煜化工
2024-12-31,年报,2025-03-30,无保留意见,False,3890246790.7672176,3055647931.296006,834598859.4712112,0.7854637753440277,545698417.3585125,1.4470353533633201e-21,57071.008064120746,961735990.0167179,869999631.7985281,2464795.8889294825,44725940.22613912,2522198359.7921433,40000000,20.86497148678028,957975893.4762769,851138738.0040663,26101492.70779934,-8499653.94217654,-0.21249134855441348,-7629411.36245607,642867136.3780463,189067883.1197879,1774483662.824136,2606418682.32197,0.060175385144917645,-0.3173638017985921,0.07460685677495754,0.08771236254935959,2021-05-06,2025-04-20,False,False,False,True,False,0.0,0,0,False,[],筠煜化工
2017-03-31,季报,2017-04-30,无保留意见,False,263550108.05969292,75573869.11698756,187976238.94270536,0.2867533224455002,49860103.14397061,4846182.06232449,14918539.943336023,2601783.914576264,6969341.110092783,40878.93359424573,774572.6226590623,82780681.05974047,40000000,4.699405973567634,8997928.090195462,8995358.247574676,50441832.86829842,12854182.98599352,0.32135457464983797,12850511.782249538,-30668436.813752733,-2558344.49336273,92710184.63495733,59483403.32784186,0.044312438570585234,0.6585657214440843,-0.013246677554499752,0.22646344541216792,2021-04-27,2017-05-25,False,False,False,False,False,0.0,0,0,False,[],璟颉实业
2017-06-30,半年报,2017-08-27,无保留意见,False,287334500.7110676,88772093.8552689,198562406.85579872,0.3089503475412257,56787458.66827966,5096686.41262463,15661886.215123314,2572966.6829760848,7452209.158015495,42647.073595206675,876776.195119387,85044056.35685128,40000000,4.964060171394968,14686303.117966855,14433192.702869006,8696624.393535167,8126250.039673418,0.20315625099183546,7768334.936134756,-30586368.128383342,-2818336.426792779,105750468.29741767,72345763.74224155,0.05631652155951481,-0.15836752084417346,0.02219702509572548,0.015488564397390872,2021-04-27,2017-10-19,False,False,False,False,False,0.0,0,0,False,[],璟颉实业
2017-09-30,季报,2017-10-27,无保留意见,True,269178689.96553934,74284277.56894054,194894412.39659882,0.2759664131601596,48369773.967739515,4577081.248286449,14886960.431293596,2433743.002187586,6597282.533553905,40085.022428854914,765559.1456409057,78381547.6130542,40000000,4.872360309914971,20862608.649788707,19984612.918302365,32821365.630851544,8823293.616888363,0.22058234042220906,7930600.30776194,-9813124.734717617,-2693135.7858679574,96610736.19239426,84104475.67180869,-0.018472753817210245,0.02774164772356956,-0.03298393438106616,-0.006503855296377658,2021-04-27,2017-11-09,False,False,False,False,False,0.0,0,0,False,[],璟颉实业
2017-12-31,年报,2018-03-30,保留意见,False,282057897.0095937,70366613.73350441,211691283.27608934,0.24947577954575403,50525387.21978615,4693523.594888354,13476472.379033009,2381529.0150067387,6118316.550435984,42712.732009424646,696887.1363963983,76320732.32040316,40000000,5.292282081902234,22046157.342487045,20944484.504585065,7522769.266874686,1690783.8467119075,0.042269596167797685,1371245.1232610007,-44189790.772509664,-2647118.6961933845,97434950.00176501,50598040.53306197,0.08618446610624143,-0.27620449490268795,-0.026490633614405523,-0.015012941406917567,2021-04-27,2018-04-15,False,False,False,False,False,0.0,0,0,False,[],璟颉实业
2018-03-31,季报,2018-04-30,无保留意见,False,311406793.964469,108439259.32335387,202967534.64111516,0.3482238070108599,63166850.71945867,5692076.284005409,17124184.30032691,2982208.460944624,7383710.044058775,47849.05499900855,970056.7355972718,93275225.20042332,40000000,5.074188366027879,22956711.617588624,21679808.64766592,837348.9408783804,1300791.8215736859,0.032519795539342145,1050463.0615440845,-27148891.016356297,-2905429.2274259212,111457079.7438942,81402759.50011198,-0.041209767827788214,-0.02086547189976882,0.09874802746510587,-0.032060343815583404,2021-04-27,2018-06-21,False,False,False,False,False,0.0,0,0,False,[],璟颉实业
2018-06-30,半年报,2018-08-27,无保留意见,False,415693454.7788097,175055608.27628124,240637846.5025285,0.42111706658799386,82316955.66506338,7621684.035172814,25440949.925257694,4451774.76083982,11025579.53442339,66277.34211708096,1262074.064811681,134715737.6749766,40000000,6.015946162563212,24392845.489961077,22924351.556550752,9976092.360384746,2051619.8176749311,0.05129049544187328,1777918.441264041,-56969866.820631765,-4149453.9917519456,143191971.55201718,82072650.73963347,0.18559772097553195,0.041027077047898104,0.07289325957713397,0.14687941541542007,2021-04-27,2018-10-10,False,False,False,False,False,0.0,0,0,False,[],璟颉实业
2018-09-30,季报,2018-10-27,无保留意见,False,461867242.1678909,200477214.7294911,261390027.43839982,0.43405809381176397,82682549.27987222,7609365.767288333,26054036.995090622,4205158.391655952,10868983.538478909,69890.6674353608,1317157.1584138395,136659146.8877225,40000000,6.534750685959995,34577823.26691434,31556528.887318134,8125078.932856834,14549968.252790373,0.3637492063197593,12331681.901096262,-57525302.486679986,-4795873.722950617,165149456.18171915,102828279.97208855,0.08623822577157789,0.656025500966602,0.012941027223770114,0.14904626894976136,2021-04-27,2018-11-08,False,False,False,False,False,0.0,0,0,False,[],璟颉实业
2018-12-31,年报,2019-03-30,无保留意见,False,620799696.4068978,301379091.3553113,319420605.05158657,0.48546913456893015,126632898.97247937,11177871.58769415,34385180.916356064,5874118.82718411,15869247.574568795,92779.248904154,1895358.528450612,195743255.5229058,40000000,7.985515126289664,64168605.644166775,56999783.139472984,53813114.73337288,42272546.25321777,1.0568136563304442,36347506.07450692,-115181782.37572598,-5810344.728536767,211648253.52078488,90656126.41652213,0.22200761896649804,0.8786879840354681,0.051411040757166154,0.10298697025718773,2021-04-27,2019-04-22,False,False,False,False,False,0.0,0,0,False,[],璟颉实业
2019-03-31,季报,2019-04-30,无保留意见,False,729244692.7653048,368624478.1278945,360620214.6374102,0.5054880505610072,141135733.16689664,12968350.146030866,45411122.54916709,7075767.420770957,18745783.650875956,115267.73868345421,2192785.9525507637,234530430.16523597,40000000,9.015505365935256,98134287.8188561,87655173.06289363,179653340.4651439,48522403.106699035,1.2130600776674758,43793414.17631522,-141444187.1777045,-7070388.362196936,258989823.68558604,110475248.1456846,0.12898231652641787,0.10544269225049488,0.020018915992077096,0.04273611616470981,2021-04-27,2019-06-27,False,False,False,False,False,0.0,0,0,False,[],璟颉实业
2019-06-30,半年报,2019-08-27,无保留意见,False,677190816.787557,337153869.5297845,340036947.2577725,0.4978712959061785,125095505.168597,12382861.86054707,38323652.43685968,6214536.936251204,15873058.61950689,102885.58470850499,2077946.44521646,205036113.4774156,40000000,8.500923681444313,121502659.86605504,109439173.30033757,84312053.47623736,33383388.638855644,0.8345847159713911,31120000.339205615,-34092806.24854949,-6352931.425877506,238426671.7486723,197980934.0742453,-0.057077408709141395,-0.23105096501406508,-0.007616754654828696,-0.051265096891283606,2021-04-27,2019-10-17,False,False,False,False,False,0.0,0,0,False,[],璟颉实业
2019-09-30,季报,2019-10-27,无保留意见,False,703970304.7028207,338402622.03080994,365567682.6720107,0.48070581922296535,135372240.51371574,12388049.315093195,37369804.52338138,6474422.774000404,16598843.240929501,102560.41500265186,2145147.609244501,210314160.18590435,40000000,9.139192066800268,151182961.14432633,136667923.85442954,70731015.2789457,42400430.397530414,1.0600107599382604,38898215.07727426,-45485427.04982358,-7210988.420132647,249986655.69192442,197290240.2219682,0.07508223920997638,0.17896854503590942,-0.017165476683213193,0.14928854606586042,2021-04-27,2019-11-14,False,False,False,False,False,0.0,0,0,False,[],璟颉实业
2019-12-31,年报,2020-03-30,无保留意见,False,750585182.6949369,340536112.3331199,410049070.36181694,0.4536941578175615,141214441.99891955,14078741.106375685,41763989.25365557,6294074.68509556,16736214.673226219,114390.35765739947,1981306.2811000363,226519974.77326012,40000000,10.251226759045423,181090377.56501177,165709312.65353838,207831517.93967208,42724880.60097922,1.0681220150244803,41487698.28444118,-44771161.45952056,-7126236.709993768,278606472.4056124,226709074.23609808,0.12167757107160691,0.005462085060284289,-0.02701166140540386,-0.13145069321598524,2021-04-27,2020-05-15,False,False,False,False,False,0.0,0,0,False,[],璟颉实业
2020-03-31,季报,2020-04-30,保留意见,False,676887991.4669431,245389300.6718259,431498690.79511726,0.3625257114401177,134463377.28818458,12091426.837120468,38944576.01888474,6478921.941816663,17218669.70018354,106273.78262765158,2041903.2101552302,198775634.14561626,40000000,10.787467269877931,215778987.2996969,194819198.1457739,94908213.59106521,49555156.76383591,1.2388789190958978,41585550.70319358,-114548217.5529507,-6620918.946008159,222045510.21357912,100876373.71462026,0.05230988675178242,0.11436232427971917,-0.09116844637744378,0.014275165043387763,2021-04-27,2020-05-27,False,False,False,False,False,0.0,0,0,False,[],璟颉实业
2020-06-30,半年报,2020-08-27,无保留意见,False,688597319.0122653,264090800.4534442,424506518.55882114,0.3835199370689682,118858762.62873648,12249527.590161864,40485126.74162923,6649012.410519472,16054133.346848346,106929.20366357919,2155075.249249925,210710298.50109413,40000000,10.612662963970529,242464584.0745714,219764087.225064,177454864.88534117,38122281.106963545,0.9530570276740886,35635555.82755733,-55532469.31349877,-6496583.478692838,227760345.20169294,165731292.4095013,-0.016204388067578537,-0.1717804631944711,0.020994225628850508,0.017211111876901233,2021-04-27,2020-10-18,False,False,False,False,False,0.0,0,0,False,[],璟颉实业
2020-09-30,季报,2020-10-27,无保留意见,False,675217028.3529086,256615186.03380835,418601842.3191002,0.38004845147312544,139782365.45908612,11913176.898786677,37071010.564017884,6959725.58311515,19506205.106259923,101515.42797612923,2102076.0124331973,212794259.3391606,40000000,10.465046057977505,300874183.64330745,274472394.2280907,310256410.4254386,83442285.09819439,2.08605712745486,78154724.29003812,-108703822.47268824,-6773321.303734112,230820245.06437743,115343101.28795508,-0.013909506642599904,0.8221721431173794,-0.003471485595842778,0.10253499999096001,2021-04-27,2020-12-24,False,False,False,False,False,0.0,0,0,False,[],璟颉实业
2020-12-31,年报,2021-03-30,无保留意见,False,695355367.6669284,291896264.38927203,403459103.2776564,0.4197799829584242,131119037.13330247,12281982.260686764,39034074.7050918,6795956.520815641,15240890.050354421,102006.40434563275,1988682.3202799014,215423477.18537852,40000000,10.08647758194141,374592846.411895,339208034.8330322,225871031.92915854,105312375.38369644,2.6328093845924108,92479486.57848787,-100900095.56675972,-7053799.404809606,259870693.2884121,151916798.31684276,-0.03617456377533211,0.21773788065575564,0.039731531485298795,0.059067468289681416,2021-04-27,2021-05-24,False,False,False,False,False,0.0,0,0,False,[],璟颉实业
2021-03-31,季报,2021-04-30,无保留意见,False,823448095.2763317,408854217.8778639,414593877.39846784,0.4965148625921116,155048701.26946747,14080399.665637834,44872339.82456077,7617262.3557349425,17825246.84252165,116082.44089214793,2556345.1825990444,242051583.62129465,40000000,10.364846934961696,411543618.85063267,369564524.78252393,201375627.29874647,52786817.76962525,1.319670444240631,43366414.21355964,-62437963.605041035,-8382117.026362966,288748619.74931544,217928539.11791146,0.027598272118174536,-0.4294378017702415,0.07673487963368734,-0.024114906675373818,2021-04-27,2021-06-24,False,False,True,False,False,0.0,0,2,True,"['是否影响偿债能力、过去十二个月内是否使用过募集资金补充流动资金以及未来十二个月内是否计划使用募集资金补充流动资金等内容', '公司在相应期间是否按照中国证券监督管理委员会相关规定为中小股东参与现金分红决策提供了便利', '结合前述财务报表列报项目的具体情况说明现金分红方案确定的依据及未来增强投资者回报的规划', '公司为增强投资者回报水平拟采取的措施']",璟颉实业
2021-06-30,半年报,2021-08-27,无保留意见,False,994008467.1965365,538312632.5491648,455695834.64737177,0.5415573914248448,191232923.9219726,17892492.447893173,57269799.95038223,9399234.361826625,26469910.39431684,155615.80023578228,2911487.2195891654,314435949.66129297,40000000,11.392395866184295,437339940.7581191,392351680.1389489,42346586.73110291,36851888.43926631,0.9212972109816577,32553079.080607135,-68919006.42403819,-9880993.759436391,334043164.99334085,255243164.80986628,0.09913787802852832,-0.22833723960536612,0.04504252883273327,0.08403516093436156,2021-04-27,2021-10-24,True,False,False,False,False,48342168.77059369,0,0,True,"['公司在相应期间是否按照中国证券监督管理委员会相关规定为中小股东参与现金分红决策提供了便利', '上市公司控股子公司向母公司实施利润分配的情况', '留存未分配利润的预计用途以及收益情况', '结合所处行业特点、发展阶段和自身经营模式、盈利水平、偿债能力、资金需求等因素，未进行现金分红或现金分红水平较低原因的说明']",璟颉实业
2021-09-30,季报,2021-10-27,无保留意见,False,1320167579.5717683,825177660.1467742,494989919.42499405,0.6250552376194867,267731287.68168336,22084361.36481588,72193254.73793364,12121146.232100107,30384449.585710987,197340.26183000812,3851955.6687873974,402402535.8074761,40000000,12.374747985624852,470278123.86199635,422604545.33752656,108239631.91441903,47054547.29125319,1.1763636822813297,43218378.85511093,-242104538.20669287,-11450455.008210236,446203644.4697007,192648651.25479758,0.08622875565239489,0.1894577729338748,0.08349784619464176,-0.045682420302661425,2021-04-27,2021-12-24,False,False,False,False,False,0.0,0,0,False,[],璟颉实业
2021-12-31,年报,2022-03-30,无保留意见,False,1433150735.6368513,972464962.8686912,460685772.76816,0.6785503706534788,252121371.32919884,20519551.570458975,66550970.129974045,11119005.395581316,30604527.54217938,209100.84241006363,3834056.2930183206,386305422.7877647,40000000,11.517144319204,500285120.05590516,450146282.8532254,109860625.9777458,42867137.419869825,1.0716784354967457,39345339.30814117,-199831191.51392862,-14455766.254838305,485294213.87594396,271007256.107177,-0.06930271771328898,-0.06537256211246634,0.053495133033992254,0.11105188688432356,2021-04-27,2022-04-24,False,False,False,False,False,0.0,0,0,False,[],璟颉实业
2022-03-31,季报,2022-04-30,无保留意见,False,1243499142.4865575,795429045.4247514,448070097.061806,0.6396699589467953,277326877.5535944,23035528.607090764,68606999.13305967,11124862.04529061,31511721.442667354,193707.65410698057,3798410.5972662116,404663742.52985847,40000000,11.20175242654515,558671863.4341147,502151507.29246587,285580449.8709541,83409633.39744209,2.085240834936052,74293177.77034356,-92718580.3343237,-11495270.500376623,451277502.66103655,347063651.8263362,-0.027384556789216908,0.6772078593508342,-0.03888041170668351,-0.011295426150487621,2021-04-27,2022-06-08,False,False,False,False,False,0.0,0,0,False,[],璟颉实业
2022-06-30,半年报,2022-08-27,无保留意见,False,1437590964.5654688,942816638.8824781,494774325.6829907,0.6558309436561165,255099848.65916112,24338539.316292595,71848812.27564041,12486178.880384812,31407661.271296944,185467.99985798716,4001901.315525193,389364975.700056,40000000,12.369358142074766,606987267.5839981,546212075.2432144,36048925.73402425,69022005.92840493,1.7255501482101232,62943668.50106937,-81675678.66827086,-13350469.882403236,474985073.90709233,379958925.35641825,0.10423420113827046,-0.14328931380605636,0.01616098470932108,0.07086914338735367,2021-04-27,2022-10-21,False,False,False,True,False,0.0,0,0,False,[],璟颉实业
2022-09-30,季报,2022-10-27,无保留意见,False,1278564901.6074543,747997150.9550016,530567750.6524526,0.5850286911635028,247207787.18632,22081079.880511116,70135863.76267068,10393760.791609878,28529085.84587968,188124.03034493708,3870056.911602944,383596113.99654275,40000000,13.264193766311315,649061726.735632,582601539.3529747,265863325.32944414,60106370.216619834,1.5026592554154958,51984948.72822894,-57275175.75187342,-12140980.730155407,431481659.52676976,362065503.0447409,0.07234293113340586,-0.10364366205556137,-0.07080225249261368,0.08684403900993186,2021-04-27,2022-11-08,False,False,False,False,False,0.0,0,0,False,[],璟颉实业
2022-12-31,年报,2023-03-30,无保留意见,True,1406021619.8536525,884119297.6508964,521902322.20275617,0.6288091770188576,261474408.28757015,24660994.291545443,76343821.63386956,12305124.485739497,34150091.33232239,220611.9531111898,3880238.6990012955,415389477.9791187,40000000,13.047558055068905,677390972.3491895,607251572.5470271,83420217.68419656,40470350.87651072,1.0117587719127679,35214333.13436072,-14409731.210675126,-13875047.448678693,508889391.21457636,480604612.5552226,-0.01633236931389122,-0.25466144087634257,0.04378048585535486,-0.04422125330963111,2021-04-27,2023-05-25,False,False,False,True,True,0.0,0,0,False,[],璟颉实业
2023-03-31,季报,2023-04-30,无保留意见,False,1810418212.998312,1309739311.1048636,500678901.8934484,0.7234457219339103,322745246.0475617,34121891.766992636,108813361.84128696,17020251.133618232,44651268.849069275,279950.1324571141,5507384.83044213,576571185.2843903,40000000,12.516972547336211,697172511.6582276,623953893.0168854,107253234.47392018,28259341.870054327,0.7064835467513582,23860457.814083297,-244957863.52873775,-18662851.037812255,598577602.4190757,334956887.8525257,-0.04066550273187428,-0.2124749339480243,0.09463654491505276,0.04199349480739881,2021-04-27,2023-05-15,False,False,False,False,False,0.0,0,0,False,[],璟颉实业
2023-06-30,半年报,2023-08-27,无保留意见,False,1711301346.9531004,1234133717.2476132,477167629.7054873,0.7211668006017385,318304119.57249486,27173311.250197034,92852907.99499367,14181538.00657756,37274178.02392555,264204.37984984706,4339818.008554916,491351952.9688799,40000000,11.929190742637182,709484568.5631329,634955488.4790958,62384564.57191869,17588652.721293353,0.4397163180323338,15716564.946014926,-256501049.27005255,-16665393.515934367,607864819.871527,334698377.08554006,-0.04695878356177397,-0.23576766050637588,-0.002278921332171808,-0.00716151981053738,2021-04-27,2023-09-12,False,False,False,False,False,0.0,0,0,False,[],璟颉实业
2023-09-30,季报,2023-10-27,无保留意见,False,1263615054.1181526,809224206.8244389,454390847.2937136,0.6404040567474701,229809735.57648882,22190579.957654975,71842110.00003037,11350140.322915718,27981682.218849584,180981.67460763114,3999329.342727249,367407388.50507206,40000000,11.359771182342842,733954332.2536393,656941847.1831133,79374324.4160002,34956805.27215209,0.8739201318038022,31409083.862882167,-152101105.93797565,-12473628.273326008,457692254.98996055,293117520.77865887,-0.047733293278573265,0.5021344049103887,-0.08076274385426839,-0.05529971311112729,2021-04-27,2023-12-01,True,False,False,False,False,24776316.84979477,0,0,True,"['公司为增强投资者回报水平拟采取的措施', '充分披露高送转的主要考虑及其合理性且送转股后每股收益不低于0.5元', '公司在相应期间是否按照中国证券监督管理委员会相关规定为中小股东参与现金分红决策提供了便利']",璟颉实业
2023-12-31,年报,2024-03-30,无保留意见,False,1336462364.7289364,904782803.6489185,431679561.08001786,0.6769983409390119,250125037.9883912,23468139.32774959,81061472.46590427,10827769.11234234,30977670.314874914,190786.58402452245,4120065.698960757,408837094.9064569,40000000,10.791989027000447,732909512.2863289,656010426.1754253,3806615.1742584743,-1492599.9533005618,-0.037314998832514046,-1330601.4395543737,-69812241.72000198,-13759230.469921745,488987474.4097657,405416002.21984196,-0.049981830287649805,-0.7015328412616793,0.03659428419154183,0.07269206199209516,2021-04-27,2024-05-22,False,True,False,False,False,0.0,4,0,True,"['公司为增强投资者回报水平拟采取的措施', '充分披露高送转的主要考虑及其合理性且送转股后每股收益不低于0.5元', '是否影响偿债能力、过去十二个月内是否使用过募集资金补充流动资金以及未来十二个月内是否计划使用募集资金补充流动资金等内容', '公司在相应期间是否按照中国证券监督管理委员会相关规定为中小股东参与现金分红决策提供了便利']",璟颉实业
2024-03-31,季报,2024-04-30,无保留意见,False,1337985635.0434952,884102380.5464871,453883254.49700814,0.6607712051540424,219098178.3463452,20064122.09375627,66115258.50850217,10298431.625246214,25928218.113406144,170193.72232012704,3516423.2352199727,338134309.37093645,40000000,11.347081362425204,735087981.2206613,658019121.0213434,12235406.481877398,3112098.4776176102,0.07780246194044026,2869564.065597201,-33663685.23221178,-14064733.911798766,457422911.9495408,409694492.80553025,0.05143559116266439,0.29693555444829245,-0.016227135784969465,-0.04976256953003893,2021-04-27,2024-06-19,False,True,True,False,False,0.0,4,4,True,"['结合前述财务报表列报项目的具体情况说明现金分红方案确定的依据及未来增强投资者回报的规划', '结合所处行业特点、发展阶段和自身经营模式、盈利水平、偿债能力、资金需求等因素，未进行现金分红或现金分红水平较低原因的说明', '留存未分配利润的预计用途以及收益情况']",璟颉实业
2024-06-30,半年报,2024-08-27,无保留意见,False,1611436024.6971781,1114434897.0159001,497001127.68127805,0.6915787409092615,314033592.61802584,28390979.46527643,96989125.25238076,16501496.228025733,43376856.159197524,242380.04413668756,4563425.720568949,496060991.62808686,40000000,12.42502819203195,749885405.0467768,670519530.2514993,11337456.06303149,21139176.89445065,0.5284794223612662,17857727.47165127,-322063409.7047375,-15885757.561358912,533043394.9314772,195094227.66538078,0.09499771749026745,0.8963300590883169,0.030807535755219016,0.1529521380514939,2021-04-27,2024-10-22,True,False,False,False,False,11486960.592507338,0,0,True,"['结合前述财务报表列报项目的具体情况说明现金分红方案确定的依据及未来增强投资者回报的规划', '是否影响偿债能力、过去十二个月内是否使用过募集资金补充流动资金以及未来十二个月内是否计划使用募集资金补充流动资金等内容']",璟颉实业
2024-09-30,季报,2024-10-27,无保留意见,False,1537039043.3144393,994046989.8687524,542992053.445687,0.6467285227349917,323095621.0842136,24810442.430851594,86205921.85341147,14201843.328727255,38187749.71494929,209428.90941992067,5092074.31954676,487170176.39617485,40000000,13.574801336142176,756360684.1387035,676140334.7319123,7611699.607803876,9250398.702752493,0.23125996756881234,8029720.686304175,-76452123.59472616,-15437492.863535173,596506455.3907956,504616838.9325342,0.09253686400869211,-0.3117208906893847,-0.04485021817426974,0.07840906278565474,2021-04-27,2024-12-08,False,False,False,False,False,0.0,0,0,False,[],璟颉实业
2024-12-31,年报,2025-03-30,保留意见,True,1824338998.7221928,1281727705.123969,542611293.5982237,0.7025710166924675,340513064.4293353,30284367.83476315,105363216.55940786,16162348.143198213,46738672.869872615,262150.70677937864,5208440.749112479,552506791.930659,40000000,13.565282339955592,757708724.4135712,677361831.2213175,7433906.251367682,1925771.8212397955,0.04814429553099489,1744994.9848646612,-348204372.71852255,-17186144.23600289,626000991.3046167,260610474.35009128,-0.0007012254508094706,-0.2790291669263167,0.055842493957475745,0.017805352558146408,2021-04-27,2025-04-13,True,False,False,False,True,1289062.1576696637,0,0,True,"['是否影响偿债能力、过去十二个月内是否使用过募集资金补充流动资金以及未来十二个月内是否计划使用募集资金补充流动资金等内容', '根据公司盈利能力、融资能力及其成本、偿债能力及现金流等情况披露现金分红方案的合理性，是否导致公司营运资金不足或者影响公司正常生产经营', '公司为增强投资者回报水平拟采取的措施']",璟颉实业
2017-03-31,季报,2017-04-30,无保留意见,False,302063905.19843906,92022637.54862288,210041267.6498162,0.30464625519612865,10570112.672979807,2.4101435648257332e-14,4269758.487665856,66906219.23322608,381122.35296834365,47.44879330467113,297928.17578573356,87803843.00506379,40000000,5.251031691245404,11124296.227137385,10109718.675215647,16764350.039362902,15891851.753053408,0.3972962938263352,14442455.250308068,26049793.128177118,-50975557.88853577,7041295.866614086,-17884468.893744566,0.16689593138786768,0.8273250973918561,0.004646255196128643,0.12198248921912742,2021-07-19,2017-05-28,False,False,False,False,False,0.0,0,0,False,[],瑾祺建筑
2017-06-30,半年报,2017-08-27,无保留意见,False,292263944.0208598,87451799.45069481,204812144.57016495,0.29922199176390063,9525332.33431907,2.2579699961210145e-14,4276881.704711123,62409617.09969304,363898.2127660169,45.98826941561742,304274.49633971124,82100474.3765369,40000000,5.120303614254124,20388091.540718067,17328847.857717216,53360016.254052505,13233993.30511526,0.3308498326278815,10313041.689287955,56578730.90807672,-55006152.14351603,7909092.6070543425,9481671.371615034,-0.024895693775612186,-0.08080598404410032,-0.005424263432228006,-0.06295096411959357,2021-07-19,2017-10-13,False,False,False,False,False,0.0,0,0,False,[],瑾祺建筑
2017-09-30,季报,2017-10-27,无保留意见,False,286508646.48881805,72879863.83872601,213628782.65009207,0.25437230161069635,10026281.238190444,2.2326183434648264e-14,4071666.2238612073,69108305.33050674,334249.5595029096,45.09256753107565,292199.72535655124,81980839.94584733,40000000,5.340719566252302,17804012.55377291,14993333.254273476,6347315.297669009,-3691541.40992165,-0.09228853524804125,-3336449.4334910563,26910749.792520616,-55831245.36818293,7587064.208064891,-21333431.36759742,0.04304743792625368,-0.559818034760671,-0.044849690153204246,-0.033419372805545425,2021-07-19,2017-12-22,False,False,False,False,False,0.0,0,0,False,[],瑾祺建筑
2017-12-31,年报,2018-03-30,无保留意见,False,384343746.2658038,137703254.62745538,246640491.63834846,0.3582815018205676,14292762.650232926,3.29836894883984e-14,6208759.49882547,92426597.64992198,506297.7532289637,62.12460544746049,424603.1045042769,117371381.0819357,40000000,6.166012290958712,11640019.113191493,8969688.115192186,19962895.339881495,-8805704.915116314,-0.22014262287790784,-8605207.3415447,45460912.258116595,-71624225.25250347,10208637.986824114,-15954675.00756276,0.15452837664823066,-0.38427917632830505,0.10390920020987127,-0.0479989041931714,2021-07-19,2018-05-26,False,False,False,False,False,0.0,0,0,False,[],瑾祺建筑
2018-03-31,季报,2018-04-30,无保留意见,False,422407887.3306046,160108677.2939465,262299210.0366581,0.37903808639973324,13303401.407610733,3.0360585480952456e-14,5972183.636719875,103149359.4968345,551095.7044121,68.93589237607374,439833.7812838602,117731248.2424386,40000000,6.557480250916453,4282888.233461067,2520800.8747831415,37757612.587973386,-10510186.971043466,-0.2627546742760866,-9212696.057727208,61952545.00749894,-75387059.90800805,10339271.991199505,-3095242.909309607,0.06348802783474082,-0.2080083812299452,0.020756584579165623,-0.05715066276234064,2021-07-19,2018-05-23,False,False,False,False,False,0.0,0,0,False,[],瑾祺建筑
2018-06-30,半年报,2018-08-27,无保留意见,False,367256708.6889396,127123080.98634827,240133627.70259127,0.3461422976864378,12629503.206135824,2.853208137680372e-14,5192878.229459415,95955425.47609293,461745.8440275291,65.46741700304617,378134.61735365435,105903509.17367457,40000000,6.003340692564782,-1739855.8461629036,-2872966.1397646796,32875880.44330829,-8603920.11374853,-0.21509800284371325,-7705381.44935403,15468445.251144959,-64735868.326603614,9815495.7559721,-39451927.31948655,-0.08450495268731086,0.2937321689838321,-0.03289578871329551,-0.05015861946546842,2021-07-19,2018-09-28,False,False,False,False,False,0.0,0,0,False,[],瑾祺建筑
2018-09-30,季报,2018-10-27,无保留意见,False,419954734.2091942,157163219.1087845,262791515.1004097,0.37423847454591613,14930744.995875958,3.256710617159331e-14,5398173.0459748395,94483186.65971886,520904.93201201694,66.14027085013498,437994.90752605506,119844842.91067074,40000000,6.569787877510242,-8002348.587879455,-8203486.36559482,18057627.45305085,-8946418.202452216,-0.2236604550613054,-7615028.894043059,57966148.50325233,-82117568.15223393,11342758.84685285,-12808660.80212875,0.09435532880001508,-0.04079261909650553,0.02809617685947836,0.1231375799421464,2021-07-19,2018-11-30,False,False,False,False,False,0.0,0,0,False,[],瑾祺建筑
2018-12-31,年报,2019-03-30,无保留意见,False,428960668.39690244,136497468.37960812,292463200.0172943,0.3182050906665218,13883036.570048548,3.4133133372166885e-14,6307766.023013905,90700525.05324073,519456.41751979437,66.8993546247987,452782.9858404376,119482991.42666627,40000000,7.3115800004323575,-13213974.58757835,-12907435.094637271,35717636.86274748,-7445179.999569852,-0.1861294999892463,-6719926.755774929,7998438.291514859,-81694981.30000079,10043901.974424561,-63652641.034061365,0.11290960024164928,0.18640627743291502,-0.05603338387939433,0.10068000874565708,2021-07-19,2019-05-01,False,False,False,False,False,0.0,0,0,False,[],瑾祺建筑
2019-03-31,季报,2019-04-30,无保留意见,False,419685649.30822176,115773146.17521316,303912503.1330086,0.275856814179958,13332884.190262865,3.5019485454251034e-14,6086592.192202391,96617762.32331741,499959.96376201394,72.2539848873153,442981.0166981461,119648252.90908481,40000000,7.597812578325215,-20574051.18225616,-19797716.733170398,22129319.121351115,-10514395.135254014,-0.26285987838135033,-9843259.483618755,7863679.860976552,-80077094.57619183,10880036.335422719,-61333378.37979256,0.03914784189955274,-0.32122165938719827,-0.04234827648656381,0.10067609445879384,2021-07-19,2019-05-17,False,False,False,False,False,0.0,0,0,False,[],瑾祺建筑
2019-06-30,半年报,2019-08-27,无保留意见,False,424760087.0109515,87745222.71422265,337014864.29672885,0.20657595992996472,14134522.163443947,3.2721470778414555e-14,6106791.264883965,104865894.17407994,551571.291115197,65.16613284408693,440832.416716836,117740103.60507552,40000000,8.42537160741822,-23625344.886739444,-22666390.988288682,10651009.979728984,-4358991.006404694,-0.10897477516011736,-4098106.078740407,63050572.60757867,-69592709.70577297,10019465.636789832,3477328.5385955386,0.10892069533984529,0.9490871333078665,-0.06928085424999327,-0.09915481577702304,2021-07-19,2019-09-19,False,False,False,False,False,0.0,0,0,False,[],瑾祺建筑
2019-09-30,季报,2019-10-27,无保留意见,False,533461595.06983006,144818970.06965154,388642625.0001785,0.2714702827870763,20088812.34333248,4.6765181457655776e-14,8121814.280119443,145213999.91377825,778234.0716893404,92.13385122965947,624404.3885790544,162093728.34829435,40000000,9.716065625004463,-27597018.12564779,-26202754.92939949,26681195.540950775,-5673818.912726205,-0.14184547281815513,-5051948.487301154,14919895.841434624,-101342088.7401597,14937260.46679834,-71484932.43192674,0.15319134605882967,-0.10401289224520623,0.06489432285711158,0.11973525153661163,2021-07-19,2019-11-12,False,False,False,False,False,0.0,0,0,False,[],瑾祺建筑
2019-12-31,年报,2020-03-30,非标准无保留意见,True,503327047.73108757,146988919.00384802,356338128.72723955,0.2920346118223707,15844145.43831721,4.054678653912231e-14,7697114.240772802,111764725.3624119,593062.4941913342,80.02787615037727,512271.31715419074,149967756.57099614,40000000,8.90845321818099,-26598807.38198783,-25288734.599579614,3756359.3273323267,1426015.3480856605,0.03565038370214151,1305743.3283141123,65869331.3697468,-96899398.4177407,13088559.386888914,-17941507.661104992,-0.08312134129117753,0.6268515580056642,0.020564329035294412,-0.032602431949136625,2021-07-19,2020-04-20,False,False,False,False,False,0.0,0,0,False,[],瑾祺建筑
2020-03-31,季报,2020-04-30,无保留意见,False,548739388.7518513,164482406.63215962,384256982.1196917,0.2997459449854459,18712921.723971132,4.738509549564275e-14,8223737.770003489,149376985.7048782,705551.3841000609,81.72604163760433,607918.368294182,162702673.8225893,40000000,9.606424552992292,-25743778.098263025,-24464126.966813993,681759.9234679929,1221470.405321151,0.030536760133028775,1178010.9039508821,54252965.71491355,-108298466.64878646,14556405.374977412,-39489095.5588955,0.07834932930745338,-0.01110087769387187,0.007711333163075158,-0.007004162668902156,2021-07-19,2020-06-07,False,False,False,False,False,0.0,0,0,False,[],瑾祺建筑
2020-06-30,半年报,2020-08-27,无保留意见,False,498533380.7945299,165768451.6319883,332764929.1625416,0.3325122409412132,16202856.410086727,3.7661231490146884e-14,6920428.0202250155,119079373.02479453,627046.2933751129,71.66199231964278,539743.2778627396,141375473.22576278,40000000,8.31912322906354,-25152354.497416027,-23959058.24502769,3564497.221361302,844890.8583528548,0.02112227145882137,721526.7454090043,55645819.733957514,-99427744.56746528,13049590.379311057,-30732334.454196706,-0.1340042090402691,-0.020666803424290472,0.03276629595576733,0.15257269736310977,2021-07-19,2020-10-12,False,False,False,False,False,0.0,0,0,False,[],瑾祺建筑
2020-09-30,季报,2020-10-27,非标准无保留意见,True,446833979.6307064,141718764.89262632,305115214.7380801,0.3171620139760907,14636986.344184678,3.4199498510112055e-14,7258035.082560029,100411928.58859934,552457.6152373301,69.65171437446017,483934.06625141983,125380517.25435817,40000000,7.6278803684520025,-23268486.335007194,-22201079.834176343,4946304.757032987,2691240.2320126183,0.06728100580031546,2511397.729787636,15091030.991564246,-80926296.67642011,11828423.891439056,-54006841.793416806,-0.08309083079772447,0.10346655456261997,-0.015350226965122548,0.09195660526234517,2021-07-19,2020-11-27,False,False,False,False,False,0.0,0,0,False,[],瑾祺建筑
2020-12-31,年报,2021-03-30,保留意见,False,542883455.2528801,216675761.6546169,326207693.5982632,0.39912021550497856,19981578.356123157,4.563229630726345e-14,9280628.685782386,131081912.76111399,707562.1298753158,89.71219975171539,605844.8209750089,163562536.59052765,40000000,8.15519233995658,-15525575.125808062,-15634309.205677092,8018842.086733279,11061301.72742733,0.27653254318568327,9381100.897856073,80062002.96051112,-95065003.46341127,12926231.03320098,-2076769.4696991742,0.06912955448088522,0.4250652268112225,0.0819582015288879,0.22183988641655628,2021-07-19,2021-05-24,False,False,False,False,False,0.0,0,0,False,[],瑾祺建筑
2021-03-31,季报,2021-04-30,无保留意见,False,640188602.6186371,295143139.7879827,345045462.8306544,0.4610252956405734,21395005.875502225,4.845329575133647e-14,9392174.355057355,159167041.5211088,889064.7297983823,117.54559919644993,807817.2581778666,197985675.46702668,40000000,8.62613657076636,916628.3685872569,178611.3890105851,14154999.371053267,23488862.134850457,0.5872215533712615,22589886.56383954,93747136.80578214,-122690283.67707291,15145509.113950104,-13797637.75734067,0.05774777726607075,0.44287184280108893,0.0619050801355948,-0.0172144415905201,2021-07-19,2021-06-11,False,False,False,False,False,0.0,0,0,False,[],瑾祺建筑
2021-06-30,半年报,2021-08-27,无保留意见,False,750730380.7372713,376462922.86501944,374267457.87225187,0.5014622193593734,24466380.4627386,5.735115418410518e-14,11983049.89209001,176738820.58066896,918769.1261667915,110.15932327928732,801811.6210589054,206242116.7956607,40000000,9.356686446806297,11372829.444439022,9709282.141574139,70321020.15422179,14937430.108359665,0.3734357527089916,13615243.932233648,58561370.51519254,-149923345.1884717,19002630.373047765,-72359344.3002314,0.08469027473037505,-0.21120455294618462,0.040436923718800095,-0.14053652133783354,2021-07-19,2021-10-03,True,False,False,True,False,12692086.497207284,0,0,True,"['根据公司盈利能力、融资能力及其成本、偿债能力及现金流等情况披露现金分红方案的合理性，是否导致公司营运资金不足或者影响公司正常生产经营', '是否影响偿债能力、过去十二个月内是否使用过募集资金补充流动资金以及未来十二个月内是否计划使用募集资金补充流动资金等内容']",瑾祺建筑
2021-09-30,季报,2021-10-27,无保留意见,False,789588651.1342983,383498345.34570897,406090305.78858936,0.4856938417171869,27931757.31733518,6.22996760630951e-14,12517449.15125211,205652727.8014842,1081973.5475442547,122.82624715468037,857502.5914751866,231083317.68578994,40000000,10.152257644714734,20516464.62280228,18770157.761336222,43162756.13011976,13062335.969090369,0.3265583992272592,12944108.02823155,25594708.554345995,-154573052.33698708,20421996.125246596,-108556347.65739448,0.0850270234480271,-0.05871149096553299,-0.015768377642186544,-0.05428898762621975,2021-07-19,2021-11-28,True,False,False,True,True,2918456.471982909,0,0,True,"['根据公司盈利能力、融资能力及其成本、偿债能力及现金流等情况披露现金分红方案的合理性，是否导致公司营运资金不足或者影响公司正常生产经营', '结合所处行业特点、发展阶段和自身经营模式、盈利水平、偿债能力、资金需求等因素，未进行现金分红或现金分红水平较低原因的说明']",瑾祺建筑
2021-12-31,年报,2022-03-30,无保留意见,False,787708345.7493808,342163768.8336801,445544576.9157008,0.43437875284686106,27303326.813407104,6.860987678252743e-14,12883269.29579916,180679268.4436262,1032092.2292903865,123.56121874047888,876324.0984035351,245266414.39675957,40000000,11.13861442289252,18790906.683651686,17221932.20696408,4225692.729452662,-2465082.770215135,-0.06162706925537838,-2211750.791960207,125474323.00318415,-150196371.66712505,20500365.398264837,-4221683.265676055,0.09715639739415836,-0.5165073916834193,-0.051315088870325855,-0.047900273921372014,2021-07-19,2022-05-21,False,True,False,False,True,0.0,4,0,True,"['根据公司盈利能力、融资能力及其成本、偿债能力及现金流等情况披露现金分红方案的合理性，是否导致公司营运资金不足或者影响公司正常生产经营', '公司为增强投资者回报水平拟采取的措施']",瑾祺建筑
2022-03-31,季报,2022-04-30,无保留意见,False,646203557.4478433,239974902.79125625,406228654.65658706,0.3713611601567594,21039320.304971237,4.591226007331667e-14,9226974.692592824,139838653.19601837,833980.3910705817,101.56638190492058,716579.4935576054,184522239.32376614,40000000,10.155716366414676,18443675.204670023,16907166.07518227,594980.1892722088,-496044.9699738007,-0.012401124249345018,-449665.9025454446,69448614.15219997,-120437273.72100532,15843389.4239777,-35145270.14482765,-0.08824239884430807,0.13546948834399938,-0.06301759269010164,-0.12457452631753527,2021-07-19,2022-05-27,False,False,False,True,False,0.0,0,0,False,[],瑾祺建筑
2022-06-30,半年报,2022-08-27,无保留意见,False,832496070.5468826,333111265.56280553,499384804.9840771,0.4001355409929783,29511887.307011373,6.802251641134651e-14,12047998.350559166,203307000.88511804,1101674.979435298,132.23633019628724,866743.1162750301,250734978.2125911,40000000,12.484620124601927,11873177.898177044,11028845.550912421,24941531.136128563,-9386424.723561399,-0.23466061808903496,-8397600.748956926,24408593.91907616,-153718536.73666012,20299491.387147453,-109010451.4304365,0.22931949595294146,-0.5386817727879791,0.02877438083621887,0.05108447378757243,2021-07-19,2022-10-18,False,False,False,False,False,0.0,0,0,False,[],瑾祺建筑
2022-09-30,季报,2022-10-27,无保留意见,False,793824680.3400017,238400206.027522,555424474.3124797,0.30031846065231077,29460086.665575806,5.746520597709145e-14,11509106.944782931,195273887.6496132,1037855.8383925646,127.99095844967943,835109.4914554922,224586454.42176443,40000000,13.885611857811993,8231948.004680192,7860266.773528343,0.0,-5201756.990709789,-0.13004392476774473,-4526541.110548682,157312605.99158025,-156467268.93197742,22381037.917228054,23226374.97683088,0.11221740983927103,0.5496324106496614,-0.09981708034066751,0.00024709230207193227,2021-07-19,2022-12-07,False,False,True,False,False,0.0,0,9,True,"['公司在相应期间是否按照中国证券监督管理委员会相关规定为中小股东参与现金分红决策提供了便利', '充分披露高送转的主要考虑及其合理性且送转股后每股收益不低于0.5元', '留存未分配利润的预计用途以及收益情况', '结合前述财务报表列报项目的具体情况说明现金分红方案确定的依据及未来增强投资者回报的规划']",瑾祺建筑
2022-12-31,年报,2023-03-30,无保留意见,False,703735871.9672709,178355463.74980554,525380408.2174653,0.25344091562537324,23521876.14230913,6.082463767029427e-14,11085725.869834917,167228078.06487176,907737.6134020962,101.47407271077812,743420.095423858,207837160.94006422,40000000,13.134510205436632,8178284.787261437,7810105.305320481,231695.05641649925,-76661.73916964978,-0.0019165434792412445,-71659.24029694714,33344874.784358136,-132149417.44665347,18932793.81863064,-79871748.8436647,-0.05409208179420591,0.43439478636815,-0.04687754502693755,0.11163276157272378,2021-07-19,2023-04-13,False,True,False,False,True,0.0,4,0,True,"['上市公司控股子公司向母公司实施利润分配的情况', '留存未分配利润的预计用途以及收益情况', '公司为增强投资者回报水平拟采取的措施', '结合前述财务报表列报项目的具体情况说明现金分红方案确定的依据及未来增强投资者回报的规划']",瑾祺建筑
2023-03-31,季报,2023-04-30,无保留意见,False,687518897.9888353,137503779.59776706,550015118.3910682,0.2,23801632.55495659,5.1212140720525877e-14,10869982.116797742,160694829.25583425,873969.5591859253,104.40537188361915,733695.7216863185,198520758.8159761,40000000,13.750377959776705,12794791.7005601,12013779.131591376,21571846.29497409,6595009.876140948,0.1648752469035237,6005248.323244139,76264183.68278395,-129812691.7210007,16691110.842720123,-36857397.19549663,0.04688928210548388,0.3942290529494652,-0.060272736024600586,0.04397782707374884,2021-07-19,2023-06-24,False,False,False,False,False,0.0,0,0,False,[],瑾祺建筑
2023-06-30,半年报,2023-08-27,保留意见,False,767258694.2165098,153451738.84330195,613806955.3732078,0.2,28291756.7089871,6.456784643408441e-14,12279082.912840007,190598116.08223593,1120958.9160442834,131.85288204778143,893649.1810889711,234422348.58820662,40000000,15.345173884330196,24032213.98805068,22191296.880370356,57886034.22404953,16053460.410700832,0.40133651026752076,14539311.069684258,67818626.56612302,-144701141.6994181,17136435.468614772,-59746079.6646803,0.1159819700388359,0.40086656391376124,-0.00795445966000467,-0.140869960307951,2021-07-19,2023-09-27,False,True,False,True,True,0.0,2,0,True,['公司在相应期间是否按照中国证券监督管理委员会相关规定为中小股东参与现金分红决策提供了便利'],瑾祺建筑
2023-09-30,季报,2023-10-27,无保留意见,False,1098709620.6196384,364710179.03975105,733999441.5798874,0.33194410260471346,41617719.751044154,8.927357973214033e-14,17495011.725746352,236999055.71915203,1607756.643051785,162.28249101775225,1269741.2275988932,322199987.9934979,40000000,18.349986039497185,33344753.897830047,31156707.825760953,56485719.0799724,13303628.442541953,0.3325907110635488,12807729.921986563,136452455.56191778,-213277152.86532235,30624075.40099159,-46200621.90241298,0.19581480000271434,-0.08319346700742525,0.1467303826639455,0.10015713180619387,2021-07-19,2023-11-16,False,False,False,False,False,0.0,0,0,False,[],瑾祺建筑
2023-12-31,年报,2024-03-30,无保留意见,False,1100083976.6211357,324508523.9431242,775575452.6780117,0.29498522916390363,36859822.923053026,7.69278207598842e-14,15286499.811333261,232925734.15832582,1299308.643991787,166.57458772147078,1055130.535204455,288961894.9928685,40000000,19.38938631695029,42571429.19265988,39829131.88403893,11009833.210038397,13180964.706899762,0.32952411767249407,12389177.226111406,129773520.52417108,-206352045.32483292,25302289.65663449,-51276235.14402734,0.056643109984708735,-0.004047823377810023,-0.036958873440809836,0.027193434451985327,2021-07-19,2024-05-22,False,False,False,True,False,0.0,0,0,False,[],瑾祺建筑
2024-03-31,季报,2024-04-30,无保留意见,False,1233304159.7639942,350104779.7619422,883199380.0020521,0.2838754552072041,43954296.936703905,1.0022629218177211e-13,18220067.772057477,308905505.2444432,1625320.6007015316,201.3932359506584,1427541.409856237,362438976.760969,40000000,22.079984500051303,57920968.80962669,53779182.56976742,60298142.290915735,21927913.738524012,0.5481978434631003,19928643.836754985,236336938.85360202,-250084074.17199844,31106551.068748675,17359415.750352256,0.138766546765272,0.2898167476278379,-0.011109773956699568,-0.10670218732865275,2021-07-19,2024-05-25,True,False,False,False,False,12735863.532372775,0,0,True,"['结合前述财务报表列报项目的具体情况说明现金分红方案确定的依据及未来增强投资者回报的规划', '公司为增强投资者回报水平拟采取的措施']",瑾祺建筑
2024-06-30,半年报,2024-08-27,非标准无保留意见,False,1276710161.8443017,418458431.8991687,858251729.945133,0.3277630619738115,45790433.51530036,1.0334556590307734e-13,19378007.91079894,302227646.71734,1619597.2340588192,194.4088251159775,1275082.940794991,367581512.3810426,40000000,21.456293248628324,92923916.96629141,85492224.27249065,132205331.97657731,50004211.65237818,1.2501052913094546,45304345.28960462,139659258.5816845,-256962055.98128733,33649956.72064648,-83652840.67895636,-0.028246906215968003,0.721238186624658,0.04388760676660742,-0.010202961598162112,2021-07-19,2024-10-15,False,False,False,False,False,0.0,0,0,False,[],瑾祺建筑
2024-09-30,季报,2024-10-27,无保留意见,False,1297701705.443352,314398637.4894741,983303067.9538779,0.2422734255266018,46460326.249691606,1.1246214365299185e-13,22494017.10444533,368202412.35135704,1863194.7988025567,245.03315016443958,1676528.3125123554,421750997.8884667,40000000,24.58257669884695,157472738.52568668,147739855.90340585,220550499.90665677,92212602.22770754,2.3053150556926885,88925188.04416457,27854887.433155812,-243368333.5995459,35366704.281430975,-180146741.8849591,0.14570473166041775,0.6299363806309519,-0.08548963644720968,-0.039730790816044866,2021-07-19,2024-12-12,True,False,False,False,False,36944403.78758498,0,0,True,"['是否影响偿债能力、过去十二个月内是否使用过募集资金补充流动资金以及未来十二个月内是否计划使用募集资金补充流动资金等内容', '公司在相应期间是否按照中国证券监督管理委员会相关规定为中小股东参与现金分红决策提供了便利']",瑾祺建筑
2024-12-31,年报,2025-03-30,无保留意见,False,1269126034.630646,253825206.9261292,1015300827.7045168,0.2,51119292.38543722,1.0967383060505966e-13,19763144.141673107,283352208.4849385,1708925.1077764174,207.06745359946024,1497840.8787557983,377369289.9231469,40000000,25.382520692612918,228862047.55727836,215714534.70470676,492305629.3352385,101984727.18798812,2.549618179699703,97106684.00185841,55825637.70536013,-246289907.28658828,32428190.417714782,-158036079.16351336,0.03254109622298019,0.08947799760238082,-0.048301369524002505,0.13960971418227555,2021-07-19,2025-05-23,True,False,False,False,False,87096055.87250528,0,0,True,"['根据公司盈利能力、融资能力及其成本、偿债能力及现金流等情况披露现金分红方案的合理性，是否导致公司营运资金不足或者影响公司正常生产经营', '结合前述财务报表列报项目的具体情况说明现金分红方案确定的依据及未来增强投资者回报的规划']",瑾祺建筑
2017-03-31,季报,2017-04-30,无保留意见,False,281835557.24139166,96903821.67120627,184931735.57018542,0.3438310716351816,9668513.279294884,9466.717173454108,131908143.37154236,251.58868282959597,1238.9632630967692,281669.9260497088,36970901.00537575,170698863.00245,40000000,4.623293389254636,-5911513.738849653,-5570094.5131307375,36167072.81136824,-8445019.626928076,-0.2111254906732019,-7957277.875901054,7199717.59528342,1766928.7840806844,98593506.1389427,107560152.5183068,0.027398530945474498,-0.5247233126071154,0.04383107163518161,0.09714430401048589,2021-07-27,2017-05-19,False,False,False,False,False,0.0,0,0,False,[],瑾璟机械
2017-06-30,半年报,2017-08-27,无保留意见,False,361539361.7971967,151245432.15723836,210293929.63995832,0.41833738767863005,11390128.835563725,10644.987402033814,153787279.66669935,327.67489872020866,1480.6343737248335,329018.59838935017,45717379.856423065,205030496.61002448,40000000,5.257348240998958,-14225769.1276956,-13341050.563936725,48533091.61438195,-11877507.698351352,-0.29693769245878376,-11101365.786865696,61195056.12822119,2281972.410033974,125442253.5863237,188919282.12457886,0.1371435464636486,-0.4012268785826259,0.07450631604344848,-0.10430603199100226,2021-07-27,2017-09-06,False,False,False,False,False,0.0,0,0,False,[],瑾璟机械
2017-09-30,季报,2017-10-27,非标准无保留意见,False,417564242.9122706,193674283.2467118,223889959.66555882,0.4638191285152794,15135071.9134556,12433.059585027135,203329853.4690118,431.78515782863315,1940.8298955177613,430834.01643911144,56662981.648494855,263274908.74460626,40000000,5.5972489916389705,-23121864.79561294,-21573632.950516604,50817322.16574432,-12708708.097024769,-0.3177177024256192,-11760831.980828403,70232989.5501137,2562437.227308712,153687953.8868143,226483380.6642367,0.06465250827200812,-0.16226484096538282,0.045481740836649305,0.012768448189141864,2021-07-27,2017-11-24,False,False,False,False,False,0.0,0,0,False,[],瑾璟机械
2017-12-31,年报,2018-03-30,无保留意见,False,393192525.9760947,156824783.91712868,236367742.05896604,0.3988498599453625,13112293.148051925,11873.884413436313,167997033.99601498,377.44271205274634,1688.4063813797518,401208.2899339797,50838063.38632351,240345846.89557028,40000000,5.909193551474151,-31061325.41929964,-29108698.71941297,33936364.78846175,-11342086.605266722,-0.28355216513166803,-10764379.669851948,20081767.33249266,2527781.9363926193,126783719.92532319,149393269.19420847,0.05573176399712716,0.31846388515555013,-0.0649692685699169,0.0451908127375062,2021-07-27,2018-05-10,False,False,False,False,False,0.0,0,0,False,[],瑾璟机械
2018-03-31,季报,2018-04-30,非标准无保留意见,False,388771845.8818218,132374786.088727,256397059.7930948,0.3404947850286619,12867306.784530405,11755.239456461963,170578509.23190287,367.72345099676085,1365.5529222381767,349464.1921061412,49983927.423429295,229847584.33342555,40000000,6.409926494827371,-38293513.425296396,-35427368.33615497,28649367.65000244,-10331697.151423939,-0.25829242878559844,-9026670.881059999,9622933.534322407,2475951.912688082,142368473.70359015,154467359.15060064,0.08473794926353409,0.17857987271125653,-0.058355074916700604,0.07396980413859955,2021-07-27,2018-05-25,False,False,False,False,False,0.0,0,0,False,[],瑾璟机械
2018-06-30,半年报,2018-08-27,无保留意见,False,372299914.96747,123597174.12063302,248702740.84683695,0.33198281587421913,12100338.472347915,11140.036785011665,156719175.15263128,333.1543193529637,1577.5538042624962,352902.900496333,53551125.30664446,221453509.5523128,40000000,6.217568521170924,-44716847.67744967,-41661201.58125898,38739739.6204677,-9176191.788790401,-0.22940479471976002,-8905476.064434309,20526951.594500396,2242582.88398085,129229669.58433531,151999204.06281656,-0.030009388377803294,0.1732832759508338,-0.008511969154442748,0.030693084975486274,2021-07-27,2018-09-10,False,False,False,False,False,0.0,0,0,False,[],瑾璟机械
2018-09-30,季报,2018-10-27,非标准无保留意见,False,438540906.788648,138910456.50645182,299630450.2821962,0.3167559841193989,13927772.355037777,15319.64323649486,200134302.87401325,407.5720264630518,1991.4720535548145,456230.3848995773,59787020.871753566,275148967.29759806,40000000,7.490761257054905,-52499458.10465086,-48626363.46574504,23370715.465338968,-11118014.896001693,-0.27795037240004233,-9950231.263551498,29070012.799518347,2729695.7047725148,158590290.71000475,190389999.2142956,0.20477341448650552,-0.24819410890327492,-0.01522683175482018,-0.02475293504889048,2021-07-27,2018-11-07,False,False,False,False,False,0.0,0,0,False,[],瑾璟机械
2018-12-31,年报,2019-03-30,无保留意见,False,430601937.2941415,137486939.93455327,293114997.3595882,0.31929011002251206,13666050.13434749,14144.925216799016,187923792.3953515,376.50877990391297,1737.7452312882076,380221.20845807035,53268014.55236323,245963570.3266075,40000000,7.327874933989706,-59799683.83628136,-54871902.856795706,20752042.216890313,-10428893.902329288,-0.2607223475582322,-8922199.130072381,35490668.53307384,2560142.156778495,150206012.06367123,188256822.75352356,-0.021744962557949964,0.1171578950793282,0.0025341259031131593,0.1967351020839232,2021-07-27,2019-05-16,False,False,False,False,False,0.0,0,0,False,[],瑾璟机械
2019-03-31,季报,2019-04-30,无保留意见,False,432003329.5865488,146369908.86432707,285633420.72222173,0.3388166220950454,14297196.245286815,14259.657999948331,194115100.02652952,382.15808954972454,1763.6771851920141,424116.579565677,54741914.67341348,253507971.53569576,40000000,7.140835518055543,-66804029.6307308,-60457526.82494481,29038441.27109418,-10006208.27778491,-0.25015520694462273,-7979462.811641577,52354597.25208594,2706576.7160877874,170879385.80315444,225940559.77132815,-0.02552437338505815,0.06432488203077527,0.01952651207253332,0.06432619921911582,2021-07-27,2019-06-09,False,False,False,False,False,0.0,0,0,False,[],瑾璟机械
2019-06-30,半年报,2019-08-27,无保留意见,True,384752602.3103914,138268692.92983752,246483909.3805539,0.3593703904783262,11182407.043554189,10946.993893485404,157255736.16974607,312.0008060717318,1353.3067321231358,357098.9480533312,46786425.55933246,202602091.0210055,40000000,6.162097734513847,-69851872.05263308,-63084083.69640507,8592591.224719461,-4354060.602717543,-0.10885151506793858,-3752224.102086075,73364878.3618872,2419193.235258064,145896903.19514123,221680974.7922865,-0.13706208203045214,0.8081664281070708,0.02055376838328077,0.007195544337014524,2021-07-27,2019-10-06,False,False,False,False,False,0.0,0,0,False,[],瑾璟机械
2019-09-30,季报,2019-10-27,保留意见,False,396593017.4977079,143441038.3254447,253151979.1722632,0.3616832167910614,14216409.615411524,11686.409267972893,165797043.770943,357.6931957803762,1671.5350007701086,379203.37205868267,55962033.23294095,241097133.56507656,40000000,6.32879947930658,-70905473.35657614,-64027358.17115448,930971.8489848784,-1505144.7199186701,-0.037628617997966754,-1347534.963927735,20543293.73644345,2607564.9889953886,150177898.15541917,173328756.880858,0.027052758975086747,0.22528305674239507,0.0023128263127352297,0.07207395084088829,2021-07-27,2019-12-03,False,False,False,False,False,0.0,0,0,False,[],瑾璟机械
2019-12-31,年报,2020-03-30,无保留意见,False,431495586.7339584,175567628.73148534,255927958.0024731,0.4068816324643727,13695229.035330653,12721.875993730479,200996434.70762482,421.7221722725023,1767.653477144027,386418.76634977275,58130568.98785231,252263692.04314187,40000000,6.398198950061827,-71014531.21601781,-64135861.293524794,774530.0877386108,-155796.94205951318,-0.0038949235514878296,-155004.46052903036,8447590.500256797,2489629.3523079534,158264810.08327636,169202029.9358411,0.010965661178263642,0.08708359990904511,0.04519841567331128,0.1502622445150956,2021-07-27,2020-04-24,False,False,False,False,False,0.0,0,0,False,[],瑾璟机械
2020-03-31,季报,2020-04-30,无保留意见,False,416184221.3734802,155646135.03784665,260538086.33563352,0.3739837481685091,13804699.896434605,13974.19613901806,185084811.89700797,480.6872533985333,1870.9125285394043,447123.1816969415,54861202.83813608,263716799.94810748,40000000,6.513452158390838,-74098524.2837628,-66861109.019349664,10373570.036508536,-4405704.382492844,-0.1101426095623211,-3893211.036892667,57684554.32530183,2863349.937793873,152347999.66651714,212895903.92961285,0.018013383020529062,-0.2523068278038771,-0.032897884295863614,0.07401464015782032,2021-07-27,2020-06-10,False,False,False,False,False,0.0,0,0,False,[],瑾璟机械
2020-06-30,半年报,2020-08-27,无保留意见,False,437103244.7731149,158568319.35125777,278534925.4218572,0.3627708584811926,13510219.59195892,12915.308574792974,195650067.1566686,373.2557802576762,1762.7115732866803,425703.41623655194,56245744.11818325,248578758.82739985,40000000,6.96337313554643,-75056902.14800122,-67715415.75453313,2256570.7739844727,-1369111.2346263304,-0.03422778086565826,-1220438.1931192237,13937282.730458697,2696998.323308409,159087460.20358163,175721741.25734875,0.06907565546113481,0.2411086129855002,-0.01121288968731646,0.01281397856628336,2021-07-27,2020-10-07,False,False,False,False,False,0.0,0,0,False,[],瑾璟机械
2020-09-30,季报,2020-10-27,无保留意见,False,392945953.1356994,122472730.078803,270473223.0568964,0.31167830868717067,12856213.699577803,11568.040157201096,176395698.66298217,381.11357166756727,1422.8896082972124,361582.05947749084,50903744.708886355,227612366.1801939,40000000,6.76183057642241,-68549169.35286623,-61977695.788148195,42188275.929796696,9296761.135907132,0.2324190283976783,8196742.809121321,69113664.35566774,2309130.4101552917,141438367.40495777,212861162.1707808,-0.028943237020459475,0.68235866370958,-0.05109254979402194,-0.02068597391128009,2021-07-27,2020-11-26,False,False,False,False,False,0.0,0,0,False,[],瑾璟机械
2020-12-31,年报,2021-03-30,无保留意见,False,378054973.1371894,115358716.63287404,262696256.50431538,0.30513741341794864,13287959.356956426,11602.885794838116,172167590.80599123,359.6074158858237,1433.533853538208,392767.571303566,49967972.42932274,232367290.42606354,40000000,6.567406412607885,-57683242.71359131,-52421615.37173111,21151247.794016194,15522752.341821324,0.3880688085455331,13651543.452024415,54014306.80469818,2412009.856155839,151296328.11068958,207722644.7715436,-0.02875318475036267,0.23675886067249763,-0.006540895269222051,0.02068088668664931,2021-07-27,2021-05-07,False,False,False,False,False,0.0,0,0,False,[],瑾璟机械
2021-03-31,季报,2021-04-30,无保留意见,False,403156983.7383862,125050949.58783144,278106034.1505548,0.31017929648213316,12392954.892168516,12649.92917484051,162318622.92421997,347.92181229511823,1571.1588438427527,402059.3245331579,55679827.40367884,238082362.55034405,40000000,6.95265085376387,-45780450.63830221,-42136048.30576387,31214563.77622001,17003988.678984433,0.42509971697461085,14693667.237096058,42354829.813170664,2435742.0510049495,145470322.37299687,190260894.23717248,0.0586600580126128,0.045544618167459854,0.005041883064184524,-0.0823674920117278,2021-07-27,2021-06-10,False,False,False,False,False,0.0,0,0,False,[],瑾璟机械
2021-06-30,半年报,2021-08-27,无保留意见,False,352039221.65843093,114226534.19430342,237812687.46412754,0.3244710451755648,9911825.55445541,10440.863796302316,133361558.8985041,280.9816384517848,1208.1424040368347,333006.46837508236,42513201.26091238,197845945.93102717,40000000,5.945317186603188,-14966228.804196743,-15210723.306326654,171626004.48041278,44020316.90586495,1.1005079226466237,38464749.99919602,6967611.337459146,2120697.4631697396,122623651.16939533,131711959.97002421,-0.1448848343384528,0.7945046824338428,0.014291748693431635,0.06890052340442522,2021-07-27,2021-10-19,False,False,False,False,False,0.0,0,0,False,[],瑾璟机械
2021-09-30,季报,2021-10-27,无保留意见,False,374538595.0602615,109275427.3947395,265263167.66552198,0.2917601252206267,12655120.659338914,12782.84274617667,159278874.16005087,368.57297220049907,1680.2095649268758,388569.672794328,50771990.35588795,232824891.01673487,40000000,6.63157919163805,4900005.374159065,3361146.168328566,53590122.62633687,28380334.5405083,0.7095083635127075,26531242.106650315,17613167.6487059,2472274.6901039956,136871194.8544309,156956637.19324082,0.11542899789791547,-0.256307786625956,-0.03271091995493808,0.13547419719327272,2021-07-27,2021-12-07,False,False,False,True,True,0.0,0,0,False,[],瑾璟机械
2021-12-31,年报,2022-03-30,保留意见,True,399467915.1230676,118607152.71276936,280860762.4102982,0.2969128388602349,13308451.369157901,13404.77395116327,197452867.93814775,411.01928149539003,1938.519087475548,414553.4208293751,55599282.026776984,254977312.74527478,40000000,7.0215190602574555,10115033.125999654,8047310.624768901,35135650.28008023,7450039.645486556,0.1862509911371639,6694520.652057622,67594252.31796648,2413144.4247404244,143924198.69490537,213931595.43761227,0.05880045421324283,-0.46121949313393734,0.005152713639608187,-0.0314334678648371,2021-07-27,2022-04-24,False,False,False,False,False,0.0,0,0,False,[],瑾璟机械
2022-03-31,季报,2022-04-30,无保留意见,False,471668090.115018,155081091.6616889,316586998.45332915,0.32879284164394457,14941779.175941251,14107.63912172346,230132959.65984848,409.6409932803777,1969.2610836978336,425721.40808639023,64347599.204722375,278087824.67323506,40000000,7.914674961333229,22327618.118139483,18287783.82621716,80117323.02734555,17446549.988771185,0.4361637497192796,14629247.430640372,41164754.08398797,3064895.036496063,176122449.41327527,220352098.5337593,0.12720265991032195,0.4088545658096703,0.031880002783709664,0.19100347434810008,2021-07-27,2022-06-23,True,True,False,False,True,23441096.433560606,4,0,True,"['结合所处行业特点、发展阶段和自身经营模式、盈利水平、偿债能力、资金需求等因素，未进行现金分红或现金分红水平较低原因的说明', '是否影响偿债能力、过去十二个月内是否使用过募集资金补充流动资金以及未来十二个月内是否计划使用募集资金补充流动资金等内容', '结合前述财务报表列报项目的具体情况说明现金分红方案确定的依据及未来增强投资者回报的规划']",瑾璟机械
2022-06-30,半年报,2022-08-27,无保留意见,False,392597315.40149033,139372554.7016171,253224760.69987327,0.3550012932693834,12599698.196158305,12188.67683279223,173760350.7345735,358.1118708106774,1613.622734530372,386284.89264478,52631066.49111098,232392132.70165753,40000000,6.330619017496832,33607958.27090033,28645026.07255832,38491143.11435812,16114771.646801211,0.4028692911700303,14796060.35191594,36365155.079851486,2445480.3308297577,146343862.56093293,185154497.97161418,-0.20014162951419076,-0.03866216914042499,0.026208451625438823,0.2366456083795318,2021-07-27,2022-09-26,True,False,False,False,False,2348747.8040937423,0,0,True,"['公司在相应期间是否按照中国证券监督管理委员会相关规定为中小股东参与现金分红决策提供了便利', '根据公司盈利能力、融资能力及其成本、偿债能力及现金流等情况披露现金分红方案的合理性，是否导致公司营运资金不足或者影响公司正常生产经营', '上市公司控股子公司向母公司实施利润分配的情况']",瑾璟机械
2022-09-30,季报,2022-10-27,无保留意见,False,303582825.9530791,75186349.20865388,228396476.7444252,0.24766338139389504,11665921.327467911,10967.68401990246,137253776.56463206,324.8267681591288,1434.2325402956483,321125.8796584847,45632915.05292486,203504294.28220809,40000000,5.70991191861063,43783965.00744419,36938213.21528092,30670736.191319264,14537152.480776943,0.36342881201942356,11847410.203889433,60062370.58127064,1891812.2078722483,111599965.00409648,173554147.79323936,-0.09804840524610066,-0.04764094956930376,-0.10733791187548837,-0.04058317919197944,2021-07-27,2022-11-22,False,False,False,True,False,0.0,0,0,False,[],瑾璟机械
2022-12-31,年报,2023-03-30,无保留意见,False,269422660.24102867,63649687.15250519,205772973.08852348,0.23624474309459878,9072404.454007544,8564.097702309235,117653804.52576917,243.99827867013832,1061.7600616431005,256292.91624331666,35913755.91938326,160216790.6133418,40000000,5.144324327213087,64804532.785036765,55422046.794643104,67206211.93748555,30029382.539417975,0.7507345634854493,26405476.541945986,15315739.222228875,1746693.793122191,98495371.52977222,115557804.54512328,-0.09905364556572087,0.4912374402883747,-0.011418638299296246,0.07946880957782244,2021-07-27,2023-05-28,False,False,False,True,False,0.0,0,0,False,[],瑾璟机械
2023-03-31,季报,2023-04-30,无保留意见,False,262472759.18303657,75737979.12472029,186734780.05831626,0.28855557948359917,8401511.087633785,7601.390219179648,104501588.77559647,215.53124763152368,1211.8223593815997,268589.1429250406,39212182.579898864,158720931.39055,40000000,4.6683695014579065,93403107.38959274,82341371.24622147,139082640.24565527,40855106.57793709,1.0213776644484271,38456177.7879691,35128303.3562192,1547619.4582616382,94408191.24336036,131084114.0578412,-0.09252037692052505,0.23019064793048188,0.052310836389000394,0.04312497117717825,2021-07-27,2023-06-24,False,True,False,False,False,0.0,4,0,True,['留存未分配利润的预计用途以及收益情况'],瑾璟机械
2023-06-30,半年报,2023-08-27,非标准无保留意见,False,271554362.1801748,73124269.9044125,198430092.27576232,0.269280409702625,9134604.806826944,8570.064017200917,105035952.12770545,240.31151658543547,1174.7137534260455,249814.61860683875,35120445.13337786,166906444.8457082,40000000,4.960752306894058,113740517.8802574,98608590.44719031,127126188.24452336,29053443.558092378,0.7263360889523095,23238884.572812635,39960170.717330344,1733906.124580003,100054678.56393099,141748755.40584135,0.06263060482784033,-0.20398654013274686,-0.019275169780974155,0.12380958471053445,2021-07-27,2023-10-15,False,False,False,True,False,0.0,0,0,False,[],瑾璟机械
2023-09-30,季报,2023-10-27,无保留意见,False,258328226.98587126,71340466.84174152,186987760.14412972,0.27616210459898116,8076355.837938069,8172.761602814282,117120526.7272974,248.5425405011949,1088.4607199543775,258311.2991436193,35289544.87451992,152927606.0444985,40000000,4.674694003603243,125811588.15601672,109758099.29267886,29341021.53815633,17244386.108227603,0.43110965270569007,15927869.779269354,20669840.13491962,1805424.4499383846,83551260.59424536,106026525.17910336,-0.057664298798646596,-0.25642072638865065,0.006881694896356148,0.10100707719137887,2021-07-27,2023-11-10,False,False,False,True,False,0.0,0,0,False,[],瑾璟机械
2023-12-31,年报,2024-03-30,无保留意见,False,263979642.0233156,69631991.69451933,194347650.32879627,0.2637778851460416,8030353.154774342,7276.220188278691,112925380.28034574,222.8573314836499,1027.115670559713,243122.4430008024,32588216.937194683,148321752.82995278,40000000,4.858691258219907,123030140.63988787,107127125.55592713,2467456.3144651204,-3973496.451612655,-0.09933741129031638,-3758533.9096453437,11563501.172309933,1737837.3072702056,98222354.65117961,111523693.13075975,0.039360277801036674,-0.6196017791874628,-0.012384219452939545,-0.06959953477022544,2021-07-27,2024-04-13,False,False,False,True,False,0.0,0,0,False,[],瑾璟机械
2024-03-31,季报,2024-04-30,无保留意见,False,332342434.8520635,112681038.1424186,219661396.70964488,0.3390510098193648,10881161.854620565,9676.764531514225,128365708.58283238,332.76250823478546,1350.923551194182,326148.933255218,42493666.89032378,196576846.07781842,40000000,5.491534917741122,125415248.16880865,109181188.37985481,10162333.343360906,3407296.469886847,0.08518241174717117,2934375.4627538207,5389547.79981401,1859915.2051730598,119137539.62136832,126387002.6263554,0.13024981952713569,0.5665981584454585,0.0752731246733232,-0.12448040538145849,2021-07-27,2024-05-18,False,False,True,False,False,0.0,0,1,True,"['充分披露高送转的主要考虑及其合理性且送转股后每股收益不低于0.5元', '结合所处行业特点、发展阶段和自身经营模式、盈利水平、偿债能力、资金需求等因素，未进行现金分红或现金分红水平较低原因的说明', '是否影响偿债能力、过去十二个月内是否使用过募集资金补充流动资金以及未来十二个月内是否计划使用募集资金补充流动资金等内容', '留存未分配利润的预计用途以及收益情况']",瑾璟机械
2024-06-30,半年报,2024-08-27,无保留意见,False,360542560.5922296,140565579.28279904,219976981.30943054,0.38987236084390453,11848620.24858287,10585.092344376295,159710305.86233452,329.3436090370197,1441.5051062008304,351064.3996589616,48383182.11884712,206707577.96597284,40000000,5.499424532735763,130649961.47034502,113465755.96446502,11359451.64797091,7478161.85933765,0.18695404648344124,6120810.835157465,11613695.051302152,2296696.005126235,131159802.71333905,145070193.76976743,0.0014366866664458954,0.19948087662948388,0.050821351024539725,0.13650604184791543,2021-07-27,2024-10-20,True,False,False,False,False,2205945.5847151047,0,0,True,"['是否影响偿债能力、过去十二个月内是否使用过募集资金补充流动资金以及未来十二个月内是否计划使用募集资金补充流动资金等内容', '根据公司盈利能力、融资能力及其成本、偿债能力及现金流等情况披露现金分红方案的合理性，是否导致公司营运资金不足或者影响公司正常生产经营', '结合前述财务报表列报项目的具体情况说明现金分红方案确定的依据及未来增强投资者回报的规划', '公司为增强投资者回报水平拟采取的措施']",瑾璟机械
2024-09-30,季报,2024-10-27,无保留意见,False,360113790.3500405,154869744.7797366,205244045.5703039,0.4300578009778492,12664064.534185981,11726.73473254474,163477974.3380305,345.69286217442254,1408.1394286693646,358059.10261096235,43806309.26399245,215665853.28059894,40000000,5.131101139257598,142219766.7529256,124114469.44219305,20808558.70232288,16528293.260829423,0.4132073315207356,15212447.825325765,15919436.122686442,2112704.1276128325,118536207.26015756,136568347.51045683,-0.06697489733438326,0.3697226717225676,0.040185440133944636,0.05849787208562808,2021-07-27,2024-12-09,False,False,False,True,False,0.0,0,0,False,[],瑾璟机械
2024-12-31,年报,2025-03-30,无保留意见,False,312969743.8072252,137232630.48894927,175737113.31827596,0.43848529515836576,9246231.536074044,9054.71932033226,133181436.1460646,269.6681018344757,1264.9774700126468,303630.8934796107,41266830.13222105,179521489.7279508,40000000,4.393427832956899,148584236.28622773,129700904.34934278,35029347.72371733,9092099.333288722,0.22730248333221803,7980621.295928192,5999605.102286505,2123482.797530556,114959867.61264127,123082955.51245834,-0.1437651073873452,-0.2217886210220038,0.008427494180516578,-0.14987196130037028,2021-07-27,2025-05-13,True,True,True,False,False,3380834.148978835,1,9,True,"['结合所处行业特点、发展阶段和自身经营模式、盈利水平、偿债能力、资金需求等因素，未进行现金分红或现金分红水平较低原因的说明', '上市公司控股子公司向母公司实施利润分配的情况', '结合前述财务报表列报项目的具体情况说明现金分红方案确定的依据及未来增强投资者回报的规划']",瑾璟机械
2017-03-31,季报,2017-04-30,无保留意见,False,279372048.6853274,98484478.43560308,180887570.2497243,0.3525208727897176,116526831.92909718,2985.944353845229,336.0262751532665,71840.43983260269,4578322.797746522,3735626.0713989064,15016.677223288476,125472630.12814385,40000000,4.522189256243108,-2640756.629003706,-2492974.6651255325,12738018.285899917,-3772509.4700052943,-0.09431273675013235,-3561392.378750761,-34617155.19176105,25127088.045175493,88800015.5729703,79309948.42638475,0.00493094583180166,-0.2651394150002941,0.0525208727897176,0.14189086253912822,2021-12-09,2017-05-26,False,False,False,False,False,0.0,0,0,False,[],铄琯交通
2017-06-30,半年报,2017-08-27,无保留意见,False,273639520.2138916,96964348.16658957,176675172.04730204,0.3543506730708961,110413786.74576204,2955.835274838752,350.1657827049888,62239.17165180007,4086150.5036707274,3577156.333533169,15541.570071529462,118692548.97638951,40000000,4.416879301182551,-5264558.49482535,-4873309.321927856,8897901.942866854,-3748288.379745206,-0.09370720949363015,-3400478.0811461755,-41332848.7571312,23841036.117175918,86605473.79100059,69113661.15104531,-0.023287383409522473,0.0018311175657365676,0.001829800281178521,-0.01808144945070166,2021-12-09,2017-10-07,False,False,False,False,False,0.0,0,0,False,[],铄琯交通
2017-09-30,季报,2017-10-27,无保留意见,False,281429199.66624653,104907840.14899501,176521359.5172515,0.3727681430121952,115571325.0683305,2665.3715701714295,371.05944120652794,67605.25524514161,4170476.700172336,3570151.714411774,15464.315479001389,124148979.25756484,40000000,4.413033987931287,-6038283.14917172,-5580128.413084322,2144436.743879282,-1105320.9347805288,-0.027633023369513218,-1009741.558794952,-13275851.003764482,23967965.1295118,102382942.34668286,113075056.47243018,-0.0008705950489147596,0.1994434772429691,0.0184174699412991,0.00155108512220336,2021-12-09,2017-12-03,False,False,False,False,False,0.0,0,0,False,[],铄琯交通
2017-12-31,年报,2018-03-30,保留意见,False,288790992.932114,88282395.90478522,200508597.02732876,0.30569650046370295,121509015.24527118,3014.8849997112284,345.7187046498957,74654.19066470239,4238860.77038893,4006302.743150184,18107.523689499867,129731372.58202747,40000000,5.012714925683219,-6124316.881035476,-5649855.677304749,172696.49655350271,-122905.3312339373,-0.003072633280848432,-99610.3774577528,-11546985.126752226,25618305.9363104,91061586.75373824,105132907.56329641,0.13588858354409508,0.06180782886622094,-0.06707164254849228,0.0815215528812422,2021-12-09,2018-05-18,False,False,False,False,False,0.0,0,0,False,[],铄琯交通
2018-03-31,季报,2018-04-30,无保留意见,True,338932968.2776551,94810006.97260624,244122961.30504885,0.27973084900651374,123135844.18338385,3351.221517062078,330.33513454309355,71291.94519790026,4162191.762336674,4029405.468999422,16751.842227298144,136098719.58894667,40000000,6.103074032626221,-3100772.2132266676,-2613574.7022175128,6236104.408728837,4319349.525441155,0.10798373813602886,4337544.250124623,-36089779.01381099,27366096.44350106,110693562.20521641,101969879.63490647,0.21751867463206873,0.2632120601240831,-0.02596565145718922,-0.0030082583636824563,2021-12-09,2018-06-07,False,False,False,False,False,0.0,0,0,False,[],铄琯交通
2018-06-30,半年报,2018-08-27,无保留意见,False,376450762.36249125,105482616.92855863,270968145.4339326,0.2802029573976198,131104295.95168805,3772.7525266077405,433.5458724476767,88083.8051319878,5491676.150529395,4535338.6828163415,20899.900476896197,158172516.53365746,40000000,6.774203635848315,7343685.44359764,7084814.346967594,34674623.507274754,14920653.795463298,0.3730163448865824,13854841.498835867,-40704997.91062728,34028405.36554838,125075015.56119463,118398423.01611573,0.10996583027410843,0.4972620884784135,0.00047210839110605943,0.020531501059194133,2021-12-09,2018-09-22,False,False,False,False,False,0.0,0,0,False,[],铄琯交通
2018-09-30,季报,2018-10-27,无保留意见,False,409242037.0477686,141158065.41985443,268083971.62791416,0.34492562503635915,159395836.60539863,3984.2151015979193,415.2852995659525,90714.64748838077,5707455.414868757,4914247.7150748605,21529.495759416004,162605129.38381034,40000000,6.702099290697854,29432028.78181041,27110210.662508655,97547278.33955029,31554776.197446816,0.7888694049361704,28607709.02220152,-29553559.592921782,33470438.307597592,132937722.50252496,136854601.21720076,-0.010643958910371865,0.5211084493622632,0.06472266763873935,0.12550657731012227,2021-12-09,2018-12-19,False,False,False,False,False,0.0,0,0,False,[],铄琯交通
2018-12-31,年报,2019-03-30,非标准无保留意见,False,410898146.8114096,144995619.21397474,265902527.59743488,0.35287484341106934,156977683.77542043,3964.443465093011,456.6624358921404,100458.33801409732,6027398.286166539,5296456.033691845,24069.10095146689,173645469.70431334,40000000,6.647563189935872,52821857.607848704,48847196.10482682,155455780.96824694,33414041.180054694,0.8353510295013674,31052836.34616882,-36052760.99674248,34757748.83849289,130046679.8171317,128751667.65888211,-0.008137166937779532,0.03829211311874287,0.007949218374710236,-0.0866655807560797,2021-12-09,2019-04-22,False,False,False,False,False,0.0,0,0,False,[],铄琯交通
2019-03-31,季报,2019-04-30,无保留意见,False,533032128.588436,239036552.6987068,293995575.8897292,0.4484468006304201,223231063.6067968,5733.722629490452,635.2598334657409,136870.09833843415,8474689.4042455,7522083.183470227,28402.237439134427,235015874.8187777,40000000,7.34988939724323,90777382.06324296,81021141.95164868,261407203.10445377,54222177.79342036,1.355554444835509,45962779.7811741,-78037880.77205648,44153193.76274538,183030575.8247484,149145888.81543732,0.10565167825266418,0.41274486484923956,0.09557195721935069,-0.12530699688766786,2021-12-09,2019-06-04,False,False,False,False,False,0.0,0,0,False,[],铄琯交通
2019-06-30,半年报,2019-08-27,无保留意见,False,445144099.3834274,216288146.15833557,228855953.22509184,0.48588343967249703,182564136.3086025,4528.874230647965,504.48491134678187,102219.02097610534,6381400.166905022,5333278.361592093,26780.107657468678,185332193.9020609,40000000,5.7213988306272965,107712733.70676905,96088474.72263767,100428692.35254228,24193359.490751572,0.6048339872687893,21524761.101412844,-38331836.05347369,37826247.94912535,147600278.66668165,147094690.56233332,-0.22156667653077103,-0.4216217368383097,0.037436639042076975,-0.12125209717208293,2021-12-09,2019-10-04,False,False,False,False,False,0.0,0,0,False,[],铄琯交通
2019-09-30,季报,2019-10-27,无保留意见,False,426691534.49433243,203859578.69017044,222831955.80416203,0.4777680413363772,166106102.5360233,4676.725548017691,519.5074591733245,98010.93391289942,6551082.397753514,5832656.537631834,23295.530898044573,184440422.52316025,40000000,5.57079889510405,118221192.79440695,104782979.0534107,36870195.29124809,15012084.410911288,0.3753021102727822,12420720.472532904,-83418228.48238008,33730698.828592755,134857776.90828755,85170247.25450024,-0.026322222935598723,-0.22288240612911403,-0.008115398336119881,0.08165285867453498,2021-12-09,2019-11-25,False,False,False,False,False,0.0,0,0,False,[],铄琯交通
2019-12-31,年报,2020-03-30,无保留意见,False,438360010.33754706,223579783.01380098,214780227.32374611,0.5100369051493532,188362463.7814649,4866.4082971030275,548.5385052640642,105759.97668398995,6236461.358650236,5072590.977071424,24646.57971616042,196434909.86101705,40000000,5.369505683093653,128518077.20558633,114026144.19525115,37472381.42990609,14709834.873113398,0.3677458718278349,13204521.63120063,-54089115.93676559,37622967.17597817,133258565.2616316,116792416.50084418,-0.03613363465468243,-0.009441732500707511,0.03226886381297602,0.12865923055181844,2021-12-09,2020-04-29,False,False,False,False,False,0.0,0,0,False,[],铄琯交通
2020-03-31,季报,2020-04-30,无保留意见,False,395201553.8366033,183187324.44210055,212014229.39450273,0.46352885676618477,137891309.7460047,3717.945347474608,412.6931502139267,83095.78246806393,5248917.616414005,4374765.109513435,20132.212173045125,156489292.94505337,40000000,5.300355734862568,148079106.35082427,132902981.05429636,95667960.69233045,27944327.35033992,0.698608183758498,26966909.798636004,-36133697.589596294,36559963.81273487,115919074.49324821,116345340.7163868,-0.012878270796659952,0.4173623902547652,-0.0465080483831684,-0.02885050827956171,2021-12-09,2020-05-17,False,False,False,False,False,0.0,0,0,False,[],铄琯交通
2020-06-30,半年报,2020-08-27,无保留意见,False,395273339.9649717,169741889.20667714,225531450.75829458,0.4294291368644273,136257916.83769903,3768.956019139614,427.55619170969953,79967.19211804646,5137631.298789453,4137419.629717274,20969.109785936376,145463436.18111828,40000000,5.638286268957365,171706090.79284087,153695574.5238664,156246651.60149884,33752834.91716657,0.8438208729291642,29703704.956528608,-75870344.11443554,32445710.297911853,126159305.83251263,82734672.01598895,0.06375619882871088,0.12923783510095682,-0.03409971990175744,0.15710722977614142,2021-12-09,2020-10-09,False,False,False,False,False,0.0,0,0,False,[],铄琯交通
2020-09-30,季报,2020-10-27,无保留意见,False,428343288.04087293,199175788.09723687,229167499.94363606,0.46499103326262775,172337244.73744202,4367.34815277029,494.00692272713354,94998.62043262884,5996464.815321669,5171040.12188689,23650.032159558457,177166505.78546184,40000000,5.7291874985909015,170032246.8082234,152209559.070189,2694792.085702977,-2391205.6923107,-0.05978014230776751,-2122879.219539142,-45067955.1665873,37673745.35477316,139025628.46579942,131631418.65398528,0.016122138057091978,-0.7121580630612608,0.035561896398200434,0.12790311556760756,2021-12-09,2020-11-21,False,False,False,False,False,0.0,0,0,False,[],铄琯交通
2020-12-31,年报,2021-03-30,无保留意见,False,437954411.6419476,179382328.23689786,258572083.40504977,0.4095913261025739,173178634.4861984,4225.192232148741,479.626159302878,95721.38695615085,5801756.298751558,4836237.989959508,23902.56524258662,180682400.9666152,40000000,6.464302085126245,170490491.023627,152609033.52739057,1670221.982325792,654634.5934337601,0.016365864835844002,570677.7960022792,-51915413.97287138,35533292.08415442,132592688.1209254,116210566.23220843,0.12831044309793405,0.20849361155980492,-0.05539970716005382,0.14040935916831374,2021-12-09,2021-04-11,False,False,False,False,False,0.0,0,0,False,[],铄琯交通
2021-03-31,季报,2021-04-30,无保留意见,False,525022190.2128223,272606584.54662246,252415605.6661999,0.5192286909551747,178036571.30508423,4986.178783903685,602.6919787347931,108859.62234548826,7296212.656863031,6139623.0269438885,27896.86448537973,210874520.6934914,40000000,6.310390141654997,169438203.54930738,151612981.3245713,5509299.865480853,-1503267.8204566538,-0.037581695511416345,-1422931.7183132237,-67913950.03038444,47611701.58044885,166648295.76304698,146346047.3131114,-0.023809522117690596,-0.12222866480017647,0.10963736485260069,0.0017244322929349147,2021-12-09,2021-06-04,False,False,False,False,False,0.0,0,0,False,[],铄琯交通
2021-06-30,半年报,2021-08-27,无保留意见,False,547130503.1308318,291162827.8105785,255967675.3202533,0.532163398210234,239327556.15915576,6501.740324845259,712.008419606037,135860.59444655446,8512481.726159554,7496581.002279179,32270.838298071965,255027098.66585144,40000000,6.399191883006333,166559991.06422225,148808859.83699763,19557882.554491397,-4111732.1215501744,-0.10279330303875436,-4005887.8393909796,-98576419.58631238,47258755.98417622,186336268.06312218,135018604.46098602,0.014072306047316113,-0.16832350658655992,0.012934707255059335,0.012289100825120492,2021-12-09,2021-10-13,False,False,False,False,False,0.0,0,0,False,[],铄琯交通
2021-09-30,季报,2021-10-27,非标准无保留意见,False,557798620.1238236,304170353.5816111,253628266.5422125,0.5453049588292088,230476369.80940908,5547.426859906689,619.5102804713026,130020.4349771954,8330077.348039715,6918541.250533024,30446.75315027782,236339509.13582778,40000000,6.340706663555312,160742109.72511938,143288286.628658,40974090.583093144,-8311259.055861227,-0.2077814763965307,-7886533.1547709135,-71582026.38834807,47134762.421326324,172029404.8455267,147582140.87850493,-0.009139469564326404,-0.3258410652166056,0.013141560618974927,-0.0689496686820219,2021-12-09,2021-12-25,False,False,False,True,False,0.0,0,0,False,[],铄琯交通
2021-12-31,年报,2022-03-30,非标准无保留意见,False,742372055.5244882,457836069.823476,284535985.70101213,0.6167205061349103,300800369.1841711,7228.050923576319,859.2282233966455,160648.07944467117,10663130.201508889,9662498.602287803,38404.90527915416,306277880.55790037,40000000,7.113399642525303,154113500.92240745,137684049.10828808,41778235.58555161,-9469441.146731302,-0.23673602866828256,-8006053.600528451,-21372592.987690262,61799798.425388545,229135150.66677797,269562356.1044763,0.12186228128344508,-0.13329688367005105,0.07141554730570139,-0.036994733389880664,2021-12-09,2022-04-16,False,False,False,False,False,0.0,0,0,False,[],铄琯交通
2022-03-31,季报,2022-04-30,无保留意见,False,863384877.5789618,537425645.3569568,325959232.22200507,0.6224635841016406,329826741.9165909,8502.308236891795,996.1766399789426,186960.38952825952,12953645.639102733,10710301.362367662,50071.368782118276,373689615.4052695,40000000,8.148980805550126,148094335.98375115,131883704.70209385,26090854.056383792,-8598807.055223307,-0.21497017638058266,-8286206.294563185,-88856188.6742714,74375256.94472982,277990929.00323135,263509997.27368975,0.14558174924320502,0.11561347683115021,0.0057430779667303955,-0.09020989450353777,2021-12-09,2022-06-09,False,False,False,False,False,0.0,0,0,False,[],铄琯交通
2022-06-30,半年报,2022-08-27,无保留意见,False,1013123191.5810179,659388039.1255765,353735152.45544136,0.6508468512072811,456342135.94162315,11367.841343834358,1304.422470346897,270204.8589667851,16276518.428132294,13343642.4312584,64000.45580456962,472480276.25973296,40000000,8.843378811386033,140635269.5740395,124820107.7525017,43829323.14216597,-10655809.156730926,-0.26639522891827316,-10090852.785131667,-50700004.53948835,86671702.78415428,333802436.12586886,369774134.3705348,0.08521286556018942,-0.2448464301473432,0.028383267105640524,0.011251562891228849,2021-12-09,2022-09-07,False,True,False,False,False,0.0,3,0,True,"['根据公司盈利能力、融资能力及其成本、偿债能力及现金流等情况披露现金分红方案的合理性，是否导致公司营运资金不足或者影响公司正常生产经营', '上市公司控股子公司向母公司实施利润分配的情况']",铄琯交通
2022-09-30,季报,2022-10-27,非标准无保留意见,False,933347165.2409844,597817727.13118,335529438.10980433,0.6405095010674053,288925854.13611424,8488.11295776268,916.8923193650681,178767.3549564119,11788211.004641866,10625497.82053911,40694.53274704582,337608567.3674953,40000000,8.388235952745108,134824037.64668944,119410144.65235119,36262734.78169519,-8301759.896214357,-0.20754399740535892,-7728518.714500722,-11659420.03737237,80732116.27024384,324213069.2176467,393285765.4505182,-0.051467077046944885,0.37105587121707084,-0.01033735013987579,0.09663911023578797,2021-12-09,2022-12-23,False,False,False,False,True,0.0,0,0,False,[],铄琯交通
2022-12-31,年报,2023-03-30,保留意见,False,1047240928.2959654,695008202.5320786,352232725.7638868,0.6636564555044389,387298897.3341614,9988.333369865848,1098.7273532561344,233652.43975567457,13809508.015536848,11290490.654494802,51836.30330305987,413617881.48424613,40000000,8.80581814409717,127629419.85900451,113150033.12224536,34795651.287507705,-10278025.41097846,-0.2569506352744615,-8943016.471579751,-75971813.77317315,90754385.47494815,345460498.666581,360243070.368356,0.049781884260826643,-0.22720291589835467,0.02314695443703353,0.1410126348468489,2021-12-09,2023-05-28,False,False,False,False,True,0.0,0,0,False,[],铄琯交通
2023-03-31,季报,2023-04-30,无保留意见,False,1201793766.569552,800112067.1122051,401681699.4573467,0.6657648669588935,513702449.13481086,12438.98955156313,1481.3600124229952,282151.76693269203,17748917.755011,14238553.560608696,65394.73440112723,520099256.3164301,40000000,10.042042486433667,121632289.25466827,107498498.95056781,31582074.806358613,-8567329.434766043,-0.21418323586915108,-8073620.245253629,-71240607.96024446,105238931.99116115,348866418.63505375,382864742.66597044,0.14038722150595154,0.2544930739557331,0.002108411454454539,0.07688520478425012,2021-12-09,2023-06-19,False,True,True,False,False,0.0,0,3,True,"['留存未分配利润的预计用途以及收益情况', '上市公司控股子公司向母公司实施利润分配的情况', '结合前述财务报表列报项目的具体情况说明现金分红方案确定的依据及未来增强投资者回报的规划']",铄琯交通
2023-06-30,半年报,2023-08-27,无保留意见,False,1538247995.554924,1106240824.1296651,432007171.425259,0.7191563566644453,616455123.6544678,15629.343849549408,1927.773793513902,405920.93599776726,22597516.34443882,20999188.479384392,83422.39917930504,692970691.1192344,40000000,10.800179285631474,114621334.1747555,101109304.96469529,27365649.01365518,-10015650.114161095,-0.25039125285402736,-9127419.979817886,-179204917.28694752,131632441.05879074,469063173.0956267,421490696.8674699,0.07549627480883629,-0.17175112773480794,0.05339148970555186,0.0666122398803059,2021-12-09,2023-10-04,False,True,False,True,False,0.0,1,0,True,"['充分披露高送转的主要考虑及其合理性且送转股后每股收益不低于0.5元', '根据公司盈利能力、融资能力及其成本、偿债能力及现金流等情况披露现金分红方案的合理性，是否导致公司营运资金不足或者影响公司正常生产经营', '上市公司控股子公司向母公司实施利润分配的情况', '公司为增强投资者回报水平拟采取的措施']",铄琯交通
2023-09-30,季报,2023-10-27,非标准无保留意见,True,1416801134.2506993,984435529.3092686,432365604.9414307,0.6948297156960599,606514556.5167564,16361.005010913395,1687.651741474194,325929.64211765723,21230962.204544444,19502915.51604226,78419.69605664174,640553438.4147881,40000000,10.809140123535768,106815199.0551294,93868220.69877493,32905357.961079963,-11151621.59946588,-0.278790539986647,-10344406.094171938,-153453396.07015142,128735961.23434313,479745315.65913033,455027880.82332206,0.00082969344001665,-0.16264527176795962,-0.024326640968385497,0.1777741840767052,2021-12-09,2023-12-08,False,False,False,False,False,0.0,0,0,False,[],铄琯交通
2023-12-31,年报,2024-03-30,保留意见,False,1371466183.6808138,993694688.2866522,377771495.39416146,0.7245491723461396,568179200.2797698,14872.5081276541,1707.1298712349178,336780.3301686068,21211388.205997176,18375930.674356777,84291.0150408631,620972847.4379722,40000000,9.444287384854036,99413189.70676334,87220768.84521948,21338292.928942066,-10574299.069094371,-0.26435747672735926,-9496359.790793512,-208120850.43070024,114209706.683223,383054585.4946754,289143441.74719816,-0.1262683916651155,0.09871497547401945,0.029719456650079742,-0.04519506175702248,2021-12-09,2024-05-05,False,False,False,False,False,0.0,0,0,False,[],铄琯交通
2024-03-31,季报,2024-04-30,无保留意见,False,1392930017.8927352,957754013.7711746,435176004.1215607,0.6875822916215795,627262757.4917656,13474.454620348451,1556.9807192066464,334441.18192618096,21217205.697742194,17931209.261287905,75845.49977128406,606766360.690933,40000000,10.879400103039018,94544236.32375115,82741351.9322951,16171121.293548908,-6955647.6900174,-0.173891192250435,-6399167.0184634,-217597673.02959862,126825724.25184292,453254162.17624027,362482213.3984846,0.15195563833503162,0.5631527856630206,-0.03696688072456005,0.06019174086973701,2021-12-09,2024-05-11,False,False,False,False,False,0.0,0,0,False,[],铄琯交通
2024-06-30,半年报,2024-08-27,非标准无保留意见,False,1206831073.9150574,826086013.6617317,380745060.2533257,0.6845084051257,452958841.15213305,11984.632675580082,1358.3851690822553,271906.4440557951,17396492.628402963,16126206.009163003,68914.59815935642,503502079.6288835,40000000,9.518626506333142,92996323.18431494,81344251.9710781,1164295.856915706,-2211304.4849088714,-0.055282612122721786,-1995857.087452856,-137404411.90850925,107587362.61536573,378974963.3124341,349157914.01929057,-0.1250779991376327,0.4723393862233758,-0.003073886495879595,-0.09676011841488862,2021-12-09,2024-10-18,False,False,True,False,False,0.0,0,7,True,"['结合所处行业特点、发展阶段和自身经营模式、盈利水平、偿债能力、资金需求等因素，未进行现金分红或现金分红水平较低原因的说明', '结合前述财务报表列报项目的具体情况说明现金分红方案确定的依据及未来增强投资者回报的规划', '充分披露高送转的主要考虑及其合理性且送转股后每股收益不低于0.5元']",铄琯交通
2024-09-30,季报,2024-10-27,非标准无保留意见,False,1283296065.1041796,870737648.5020281,412558416.6021515,0.678516573205062,488157074.588131,12697.768073994755,1487.8856909819635,318189.56980767817,18184101.939901818,17486815.698896896,73755.79982065361,559627128.7538172,40000000,10.313960415053788,99800665.08040531,87256455.70583287,27883125.32169608,9720488.422986224,0.2430122105746556,8446005.335363973,-118283453.46710566,104299424.69490086,414574328.52807933,400590299.7558745,0.08355553274324583,0.8068184848162769,-0.005991831920638037,0.0576831044312044,2021-12-09,2024-12-16,False,True,False,False,False,0.0,2,0,True,"['上市公司控股子公司向母公司实施利润分配的情况', '是否影响偿债能力、过去十二个月内是否使用过募集资金补充流动资金以及未来十二个月内是否计划使用募集资金补充流动资金等内容', '公司为增强投资者回报水平拟采取的措施']",铄琯交通
2024-12-31,年报,2025-03-30,无保留意见,False,1373553522.1156297,914582573.4151989,458970948.7004308,0.6658514274758685,567138941.2345141,14900.257335859866,1761.7545346028307,307732.47395720886,19740172.28117042,16550102.847123107,79520.23042609842,574942878.2227447,40000000,11.474273717510771,102758600.60634829,89877225.32112652,5202415.588854884,4225622.179918569,0.10564055449796421,3743956.5932766274,-253543111.7348228,117734970.76903066,448416956.5865536,312608815.6207614,0.11249929762804217,-0.2056424327311589,-0.012665145729193505,-0.0026798141325972288,2021-12-09,2025-05-13,False,False,False,False,False,0.0,0,0,False,[],铄琯交通
2017-03-31,季报,2017-04-30,无保留意见,False,255260821.75009364,57555226.183117926,197705595.5669757,0.22547614549116296,57001498.45099388,2.65076031704512e-10,91406.39544156368,588169.949695807,1.0149018656182895,0.42821818471003764,74438899.47817682,134375219.41743177,40000000,4.942639889174393,4628290.882801847,3811084.0811273353,15139951.759085279,6611844.118288353,0.16529610295720884,5444405.830181908,23511094.49240517,-24051882.650612652,31186855.977796167,30646067.819588684,0.0983644198165316,0.3117691176826862,-0.07452385450883701,-0.0007212304547569887,2021-05-17,2017-06-28,False,False,False,False,False,0.0,0,0,False,[],裴滢电力
2017-06-30,半年报,2017-08-27,无保留意见,False,227796671.79029822,45559334.35805964,182237337.43223858,0.2,47015926.78907227,2.3724773005533466e-10,89788.90530386356,448399.0024683047,0.9165690099410451,0.35653644115931843,60776729.279003754,112419146.04463951,40000000,4.555933435805964,3937290.4491002643,3206403.841288777,3168885.7169220196,-987143.4767165463,-0.024678586917913657,-863828.9140550828,37826440.82737124,-20843987.142558414,32435696.851013683,49418150.535826504,-0.07823884847759426,-0.3218294834124865,-0.04497759595335379,0.12529853391118376,2021-05-17,2017-09-23,False,False,False,False,False,0.0,0,0,False,[],裴滢电力
2017-09-30,季报,2017-10-27,无保留意见,False,257115558.75369388,51423111.75073878,205692447.0029551,0.2,59158631.306627996,2.8953390776579564e-10,97579.53372735475,558422.6250822087,0.9995455499176761,0.418263276068092,72606212.18010665,130891518.58028847,40000000,5.1423111750738775,2692799.9082978615,1981558.8386232154,6927987.23432218,-1777843.6297177188,-0.04444609074294297,-1749778.5752365168,15310147.212550852,-22197840.6208877,32958059.781468283,26070366.373131435,0.1287063886095123,-0.04937908185534898,-0.018367014658740494,0.16517016266595044,2021-05-17,2017-12-03,False,False,False,False,False,0.0,0,0,False,[],裴滢电力
2017-12-31,年报,2018-03-30,保留意见,True,276241733.9777448,55248346.79554896,220993387.18219584,0.2,70400931.19321997,3.034975894865865e-10,113293.33927917216,672194.5677363536,1.1606165399619837,0.5005949839374512,89756086.97683533,152495002.44921055,40000000,5.524834679554896,7499143.064450255,6392069.581549636,30000834.368783645,6866204.508789133,0.17165511271972833,6300729.632752031,24810906.118832894,-27569166.982906394,34593514.15495112,31835253.290877618,0.07438746731921035,0.5678596335656062,-0.07087097474226826,0.02111758697881617,2021-05-17,2018-05-08,False,False,False,False,False,0.0,0,0,False,[],裴滢电力
2018-03-31,季报,2018-04-30,无保留意见,False,281949319.775287,56389863.95505739,225559455.82022956,0.2,60586967.25760976,2.838215873674753e-10,94969.91663146036,573139.4421549626,1.064375407059132,0.414379717827587,75415899.90565002,133790394.33137135,40000000,5.638986395505739,17436477.24826796,15041247.397317423,44101163.62574404,14196191.691168148,0.3549047922792037,12355968.308239697,29183064.236971654,-25623292.255241286,36651057.52858749,40210829.51031786,0.02066156230398549,0.3071283152576534,0.009559879242903753,0.003789935925537276,2021-05-17,2018-06-12,False,False,False,False,False,0.0,0,0,False,[],裴滢电力
2018-06-30,半年报,2018-08-27,保留意见,False,293605045.3077913,58721009.06155826,234884036.24623305,0.2,67325534.79067157,3.224820470618892e-10,114679.42467281607,673748.1777859946,1.1512546187631956,0.4825787704352735,87560867.68066745,153539576.06961188,40000000,5.8721009061558265,30564139.56258334,27099563.970717154,19354035.53169744,18753803.30616483,0.4688450826541208,17226166.533428196,21871921.656621408,-26573487.764018286,39483279.59766207,34781713.49026519,0.041339789511795975,0.14609512789623524,-0.003967724199518878,-0.029809896339300795,2021-05-17,2018-09-21,False,False,False,False,False,0.0,0,0,False,[],裴滢电力
2018-09-30,季报,2018-10-27,无保留意见,False,306435706.81834906,61287141.36366982,245148565.45467925,0.2,68590941.94870809,3.088757514080573e-10,116194.02081183143,641969.268434939,1.1495276431949735,0.4621740856463946,81960288.53388935,149242982.97161976,40000000,6.128714136366981,36065609.797976345,32285349.02866543,11971553.212064302,7859243.193418581,0.19648107983546453,7408264.368497535,48784435.72062708,-27030662.390345797,35757118.588025086,57510891.918306366,0.04370041222250499,-0.3047105232261476,0.0172438880214328,0.08156783354314612,2021-05-17,2018-11-10,False,False,False,False,False,0.0,0,0,False,[],裴滢电力
2018-12-31,年报,2019-03-30,保留意见,True,309870484.9033917,61974096.98067835,247896387.9227134,0.2,69947739.21054466,3.080628101272883e-10,100987.18414846066,596338.3559208437,1.1031469683302653,0.4850933548907859,79837463.38288689,146855776.07795307,40000000,6.197409698067835,41477996.85627481,37214515.16759138,0.0,7731981.511854954,0.19329953779637385,7041665.912751352,61583425.07586437,-28512381.297056966,40651399.61250791,73722443.39131531,0.011208805007435952,-0.005119290260506371,0.013156563791839866,-0.00828729540362209,2021-05-17,2019-05-28,False,False,False,False,False,0.0,0,0,False,[],裴滢电力
2019-03-31,季报,2019-04-30,无保留意见,False,314116379.89419514,62823275.978839025,251293103.9153561,0.2,81891607.94230486,3.621121798788268e-10,138553.11891857203,783056.0574501491,1.2717824958483168,0.6073340893037954,91839739.4627244,181453334.9466273,40000000,6.282327597883903,45936031.31272935,41108072.73910064,5875001.517831574,6368620.652077906,0.15921551630194763,5562225.102156088,31054486.80947451,-26169317.66077774,38832326.59437002,43717495.74306679,0.013702160088358105,-0.0551254196564694,0.02530823711427985,0.1407723788337546,2021-05-17,2019-05-21,False,False,False,False,False,0.0,0,0,False,[],裴滢电力
2019-06-30,半年报,2019-08-27,无保留意见,True,330696686.2532692,70519918.36449996,260176767.8887692,0.21324652255659796,83771570.76096776,3.550101100644919e-10,116171.43262584918,686521.1220148207,1.2482146223149757,0.526569089200013,87644625.48150541,167708723.36584222,40000000,6.504419197219231,47940215.72613652,42897381.830506705,11099858.699045718,2863120.590581674,0.07157801476454186,2556155.844865806,32637925.154009312,-31549970.312929176,34440654.51941394,35528609.36049408,0.035351801680978144,-0.15000885647842155,0.060685118448860126,-0.027649991302164268,2021-05-17,2019-09-30,False,False,False,False,False,0.0,0,0,False,[],裴滢电力
2019-09-30,季报,2019-10-27,无保留意见,False,423225919.7880876,118770734.37791821,304455185.4101694,0.28063199540658473,110056027.01211946,5.078267288442446e-10,184810.9718079227,1024234.4242252699,1.915909500111812,0.7999815342908796,134370420.3506678,244089334.34838262,40000000,7.611379635254235,55201336.78419652,49102523.32312441,16106727.983871434,10373030.082942855,0.2593257520735714,8864487.846596716,47543625.590403914,-36454644.25477852,44546195.8858909,55635177.221516296,0.1701859004579922,0.37808306394324,0.06738547284998679,0.1401735405869006,2021-05-17,2019-12-18,False,False,False,False,False,0.0,0,0,False,[],裴滢电力
2019-12-31,年报,2020-03-30,无保留意见,False,419011689.3644999,117830388.73117639,301181300.63332355,0.28121026625745343,95563841.2968068,4.214590161524145e-10,165656.35398749204,866968.2281182965,1.6233191864590042,0.7105480502102599,109781988.68902098,211698693.1097618,40000000,7.529532515833089,72878108.4315454,65666664.23941578,74889492.50543368,25252530.92478413,0.6313132731196033,23663058.45184483,42013012.09514538,-36088836.74237808,50114155.92798871,56038331.28075601,-0.01075325674757409,0.5435825261856281,0.0005782708508687082,-0.06452855171767546,2021-05-17,2020-04-21,False,False,False,False,False,0.0,0,0,False,[],裴滢电力
2020-03-31,季报,2020-04-30,无保留意见,False,358331434.2891903,71984229.07164823,286347205.21754205,0.20088728529898825,89452547.97893927,3.986226467027006e-10,145618.87498195097,830815.0852332507,1.4773825399343352,0.6175057558756764,103776374.49651363,192426001.10376063,40000000,7.158680130438551,84882277.64727777,76340718.27566047,59703059.28454268,17148813.165331945,0.4287203291332986,15248648.623206701,28035596.12234738,-33265051.68339432,43998379.5928437,38768924.03179675,-0.049253042551408076,-0.19179248158833428,-0.0803229809584652,-0.04390735051622136,2021-05-17,2020-06-06,False,False,False,False,False,0.0,0,0,False,[],裴滢电力
2020-06-30,半年报,2020-08-27,非标准无保留意见,False,494884137.2665918,160376523.5984594,334507613.6681324,0.3240688305029775,105438818.25882237,4.829978099204595e-10,169227.16759699362,1030182.441099619,1.839805074176874,0.7265516479775143,144908562.18997517,243261261.55655867,40000000,8.36269034170331,83693790.11740598,75194177.13200802,1775994.0812853693,-1697839.3283882774,-0.04244598320970694,-1637915.9195035168,30136635.842823584,-43233626.763791524,63535858.537492685,50438867.61652474,0.16818885455509228,-0.551897730749057,0.12318154520398925,-0.06866244615212243,2021-05-17,2020-10-25,False,False,False,False,False,0.0,0,0,False,[],裴滢电力
2020-09-30,季报,2020-10-27,无保留意见,False,532408256.066751,176423072.67073748,355985183.39601356,0.33136802568406887,135498983.08419988,5.17250690083605e-10,210064.79411876522,1126767.5261667934,2.058979685663251,0.8566355082970879,141642921.57548735,266921599.96130422,40000000,8.899629584900339,81125651.69495758,72903897.14424695,17036177.9837063,-3668769.1749262586,-0.09171922937315646,-3271828.553944372,5455054.694700053,-46356496.370634876,64704811.53786945,23803369.861934632,0.06420651982286195,-0.1288007549283163,0.0072991951810913456,-0.05998219237155425,2021-05-17,2020-12-22,False,False,False,False,False,0.0,0,0,False,[],裴滢电力
2020-12-31,年报,2021-03-30,保留意见,False,508185847.5200168,128273749.36356279,379912098.15645397,0.2524150367223878,119261459.43291815,5.993118785070296e-10,199668.23687408277,1155164.1316950761,2.1043908272128724,0.9332981367107671,136273187.43680486,269979790.69951886,40000000,9.49780245391135,83208385.50852743,74889566.14760432,13701820.082073377,2975334.019385487,0.07438335048463716,2836670.004796238,63623485.6760022,-50700368.636480115,60780708.6845737,73703825.72409579,0.06721323211315543,0.49838632917639825,-0.07895298896168104,0.05230635343266028,2021-05-17,2021-04-24,False,False,False,False,False,0.0,0,0,False,[],裴滢电力
2021-03-31,季报,2021-04-30,无保留意见,False,497884856.3920628,107278356.553608,390606499.8384548,0.21546820550238013,118136532.88841681,5.303152845504102e-10,196631.69882219814,1005181.1103367433,1.78114583788386,0.7949779709339648,134851624.581112,247016193.2351201,40000000,9.76516249596137,77665771.73478827,69711800.56567703,10429390.034451606,-7918019.67677022,-0.19795049191925548,-7396807.974181843,92232959.0908938,-47081590.30789363,63835792.34258387,108987161.12558405,0.02814967392166776,-0.5453402524125014,-0.03694683122000766,0.03270028093648223,2021-05-17,2021-06-13,False,False,False,False,True,0.0,0,0,False,[],裴滢电力
2021-06-30,半年报,2021-08-27,无保留意见,False,503870519.8634856,131283598.42393015,372586921.4395554,0.2605502668810611,131205089.96531188,5.816586729025489e-10,191665.60698585678,1242049.162073018,2.2304476289100372,0.9111367606098328,144738199.18523738,284306280.16814536,40000000,9.314673035988886,74626224.84517299,66951872.74647195,13466672.472939707,-4342209.84230756,-0.108555246057689,-3942754.0274358178,27210276.972166635,-48116967.03276701,64559705.818614505,43653015.75801413,-0.046132305546251515,0.39372578525814417,0.04508206137868094,-0.10572574619862955,2021-05-17,2021-10-13,False,True,False,False,True,0.0,4,0,True,"['充分披露高送转的主要考虑及其合理性且送转股后每股收益不低于0.5元', '上市公司控股子公司向母公司实施利润分配的情况', '公司在相应期间是否按照中国证券监督管理委员会相关规定为中小股东参与现金分红决策提供了便利', '结合所处行业特点、发展阶段和自身经营模式、盈利水平、偿债能力、资金需求等因素，未进行现金分红或现金分红水平较低原因的说明']",裴滢电力
2021-09-30,季报,2021-10-27,无保留意见,False,502888431.7534769,120453289.57566221,382435142.1778147,0.2395228881198646,125090727.5140572,5.706158076058221e-10,208250.04822563997,1126913.044412132,1.848020339104749,0.8023085920634176,142111211.61942145,271713184.29203147,40000000,9.560878554445368,75544600.11364424,67852652.37008564,6283994.359862069,1311964.669244647,0.03279911673111618,1286828.033733845,12709569.56918405,-44023110.834854454,59273887.48418481,27960346.218514405,0.026432008671181787,0.4466952320359043,-0.021027378761196473,-0.044347362377158514,2021-05-17,2021-12-20,False,False,False,True,True,0.0,0,0,False,[],裴滢电力
2021-12-31,年报,2022-03-30,无保留意见,False,543446531.7655146,114044760.84171009,429401770.9238045,0.20985461158655058,131909560.63960288,6.049555400585732e-10,197469.71127313646,1170381.0375264958,2.2455396047251774,0.8610940468093199,160905192.81573886,282269410.0868744,40000000,10.735044273095113,82850702.00611195,74688848.28608783,0.0,10437288.417811017,0.2609322104452754,9765994.165717414,102448493.67615654,-49526278.83891917,65048738.27623063,117970953.11346799,0.12280939580639395,0.498325762057228,-0.029668276533314025,-0.06091531340916147,2021-05-17,2022-04-11,False,False,False,False,False,0.0,0,0,False,[],裴滢电力
2022-03-31,季报,2022-04-30,保留意见,False,521931727.9851484,125303302.47527952,396628425.50986886,0.24007604013459216,132580888.2542747,6.257461886960893e-10,205641.25184407373,1270175.977228346,2.150840717012896,0.8124101378518408,150580706.86252922,276131193.09467894,40000000,9.915710637746722,99127782.85950343,90140265.87615134,110415655.05204776,23252972.647702128,0.5813243161925532,22073453.700090736,17741495.082986657,-49009509.23028453,65853964.64587469,34585950.49857682,-0.07632326560607305,0.4670900431097909,0.03022142854804158,-0.06286154548924518,2021-05-17,2022-06-03,False,False,False,False,False,0.0,0,0,False,[],裴滢电力
2022-06-30,半年报,2022-08-27,无保留意见,False,600255550.4632733,136465012.61839128,463790537.844882,0.22734485755786593,129421823.36405312,6.301876013197036e-10,211753.37998761958,1339284.839964367,1.9946714738996347,0.9068040745629304,167085638.7224981,293289611.18159056,40000000,11.59476344612205,121483883.00985679,109460430.05880623,72416720.72181146,31937285.929076232,0.7984321482269058,27600234.54664984,119603729.30655521,-55029181.630434304,76629053.05993494,141203600.73605585,0.1693325743072391,0.21574340254023072,-0.012731182576726213,0.038860076391251254,2021-05-17,2022-09-07,False,False,False,False,False,0.0,0,0,False,[],裴滢电力
2022-09-30,季报,2022-10-27,无保留意见,False,603337406.4699335,166128207.88809347,437209198.5818401,0.2753487619143207,151643873.42303595,6.806838901985491e-10,249896.66777367436,1282920.257497873,2.4687312858209682,1.066408658382657,172989466.1486996,327363380.55908805,40000000,10.930229964546003,120316467.91296263,108522760.38627371,6493162.456778369,-1667735.8527059127,-0.04169339631764782,-1339528.1036178712,52812641.07947176,-51124919.03917324,76446979.93849128,78134701.9787898,-0.057313241849561505,-0.686695658408298,0.0480039043564548,0.08076240771155135,2021-05-17,2022-11-27,False,False,False,False,False,0.0,0,0,False,[],裴滢电力
2022-12-31,年报,2023-03-30,无保留意见,True,595408878.5584406,173724108.30402872,421684770.2544118,0.29177278767598586,124499039.01556994,5.595858195722447e-10,201369.28883455548,1226899.9055817684,2.3431708719460627,0.9378239665508914,157722863.34281442,296158700.61598045,40000000,10.542119256360296,121358333.80626386,109432727.2452278,862107.4450841055,1488379.8475731947,0.037209496189329866,1299952.655648665,86519361.79727994,-53161056.54855435,74845648.7056343,108203953.95435989,-0.03550800938723217,0.20584798630906148,0.0164240257616651,0.034811397919774466,2021-05-17,2023-04-24,False,True,False,True,False,0.0,0,0,True,"['公司为增强投资者回报水平拟采取的措施', '充分披露高送转的主要考虑及其合理性且送转股后每股收益不低于0.5元']",裴滢电力
2023-03-31,季报,2023-04-30,无保留意见,False,693368152.663962,227227240.62801024,466140912.0359518,0.3277151391435986,162843614.1519761,8.139056911469312e-10,270599.5078992016,1479910.7836778623,2.7108308721698973,1.2025322578616304,198186848.91860488,362597937.094699,40000000,11.653522800898795,127341246.15184654,114878989.42386006,15089159.590418953,8547017.636546679,0.21367544091366697,7780374.5409032395,78060136.2261737,-64905276.81608169,86549724.40245733,99704583.81254934,0.10542505899541636,0.3817877957489071,0.03594235146761277,-0.015545224306285077,2021-05-17,2023-06-16,True,False,False,False,False,2567116.7600692348,0,0,True,['留存未分配利润的预计用途以及收益情况'],裴滢电力
2023-06-30,半年报,2023-08-27,保留意见,False,685118363.1757772,195387123.48149472,489731239.6942824,0.28518739824138284,172039725.19338635,7.424352420080404e-10,283818.74898210785,1679309.3228709877,2.85765855120996,1.0732562460455752,181816186.22839743,376780598.3159247,40000000,12.243280992357061,150812169.65596563,135726836.27937225,57154961.046902396,33529890.72017014,0.8382472680042535,29782638.36501743,10209611.857152307,-59906057.95537392,82504409.62768188,32807963.529460266,0.050607717643353194,0.9779174007334549,-0.04252774090221576,0.015229072930936456,2021-05-17,2023-09-11,False,False,False,True,False,0.0,0,0,False,[],裴滢电力
2023-09-30,季报,2023-10-27,保留意见,False,783312072.2514691,199140690.88087422,584171381.3705949,0.25422905880728397,203307346.59058645,9.395070954110136e-10,333661.01603284,1934313.0927244031,3.3912402426924064,1.4612663199847231,235637578.8618724,445531387.60849065,40000000,14.604284534264872,170667730.25589487,152332162.72999,118570613.20409644,28365086.571327485,0.7091271642831871,23721894.929453935,37057154.60430971,-66595597.31681851,96195419.3868086,66656976.6742998,0.1928407543191796,-0.10221285016120199,-0.030958339434098862,0.1252830800093286,2021-05-17,2023-11-23,False,False,False,False,False,0.0,0,0,False,[],裴滢电力
2023-12-31,年报,2024-03-30,无保留意见,False,788889297.4927514,166624923.52524444,622264373.9675069,0.21121458239427499,184787499.81688374,8.893478050522524e-10,306142.7534466808,1875801.6583464213,3.1595915692296934,1.3471702088253923,218071403.14073494,428834223.07052743,40000000,15.556609349187672,202399192.36933494,183198808.4449987,110463249.63083911,45330660.16205721,1.1332665040514303,44095208.16429814,146199687.8894671,-68238253.68753104,97466321.70817912,175427755.91011518,0.06520859085485745,0.37397864465782016,-0.043014476413009005,0.0982251018831529,2021-05-17,2024-04-19,False,False,False,True,False,0.0,0,0,False,[],裴滢电力
2024-03-31,季报,2024-04-30,无保留意见,False,1134971839.6126792,399012031.63312757,735959807.9795517,0.3515611733321018,288499478.4173886,1.4075222763011016e-09,434382.7422911828,2453759.0367112956,4.4853222369808075,1.824748355612538,358101459.5660899,627986176.6132325,40000000,18.39899519948879,238849349.1103095,219367069.78850523,171667064.8205785,52071652.48710653,1.3017913121776632,51668944.77643789,64564265.69199013,-98239188.04208395,134828535.41971993,101153613.06962612,0.18271242701415166,0.10814889987564721,0.1403465909378268,0.014267769269494404,2021-05-17,2024-05-11,False,False,True,False,True,0.0,0,1,True,"['留存未分配利润的预计用途以及收益情况', '是否影响偿债能力、过去十二个月内是否使用过募集资金补充流动资金以及未来十二个月内是否计划使用募集资金补充流动资金等内容']",裴滢电力
2024-06-30,半年报,2024-08-27,无保留意见,False,1203269524.5211523,440511189.189842,762758335.3313103,0.36609519331518503,297132021.99630135,1.2476790851230327e-09,476395.0103423717,2530255.2935341434,4.72987123834486,1.9429489404190359,320610623.46989834,603386565.3495406,40000000,19.068958383282755,227023695.78197998,209151066.45866218,80573781.53904726,-16893790.469042208,-0.4223447617260552,-14594290.471204346,235052749.11225763,-105990516.15602748,157786227.403547,286848460.35977715,0.036413031066641136,-0.9984623282181121,0.01453401998308321,-0.05233657461362276,2021-05-17,2024-09-08,False,False,False,False,True,0.0,0,0,False,[],裴滢电力
2024-09-30,季报,2024-10-27,无保留意见,False,1230604289.4684906,469678968.23132825,760925321.2371624,0.38166531049082153,281263701.95536333,1.2714993454025262e-09,466283.19172985415,2798158.651209848,5.074609239612506,1.7807843381378838,343855965.48581815,645275415.7681863,40000000,19.02313303092906,215222488.5810037,198586222.68865052,0.0,-16858867.429966167,-0.42147168574915417,-15092633.957159532,236423908.79218423,-104724317.56588781,135446007.53425533,267145598.76055175,-0.0024031387259132154,0.328812666444431,0.015570117175636536,-0.07738460045583152,2021-05-17,2024-12-21,False,False,False,True,False,0.0,0,0,False,[],裴滢电力
2024-12-31,年报,2025-03-30,保留意见,False,1450334243.2436793,557027501.4727484,893306741.7709309,0.38406836497699576,339646348.6600453,1.4669040413126564e-09,550573.9019535119,3396995.489991405,6.22864221970824,2.4301062407980676,450606217.2777814,752230607.5270275,40000000,22.33266854427327,203459989.31293964,187792169.624403,83472293.60110968,-16803570.382948652,-0.4200892595737163,-15420075.806067869,198464885.61036685,-122466038.59144531,187009880.1330488,263008727.15197033,0.17397426112530207,0.3918092542653868,0.0024030544861742002,0.12661639487529075,2021-05-17,2025-05-06,False,False,False,False,False,0.0,0,0,False,[],裴滢电力
2017-03-31,季报,2017-04-30,无保留意见,False,291532585.47861767,81294024.22441569,210238561.254202,0.27885055830363825,12151061.176288897,9.00285095742741,63304839.97018983,3590526.51114672,3397.7871726267163,513695.96168547746,6122451.466004811,82628767.22386421,40000000,5.255964031355051,-2228840.013331694,-1903673.8138707893,12480832.785497904,-3184057.16190242,-0.07960142904756051,-2719534.0198154133,-44615252.05937526,-34085163.69932454,6390343.333024557,-72310072.42567524,0.16799200696778882,-0.23244762010568995,-0.021149441696361758,0.07932655448455592,2021-02-12,2017-05-18,False,False,False,False,False,0.0,0,0,False,[],钧璞股份
2017-06-30,半年报,2017-08-27,无保留意见,False,258974750.85960454,63009806.08374043,195964944.77586412,0.24330482363471534,9004384.728565667,6.286659796260062,52217857.03504361,3391702.122073874,2952.5750619950677,492647.3312583779,4915087.580393889,70084797.39311083,40000000,4.899123619396603,-2989170.3087591315,-2548458.0145812393,3277778.7661335776,-1086186.1363249104,-0.027154653408122762,-921120.2867292141,-43647785.33702066,-32663648.043305703,5842394.215191161,-70469039.1651352,-0.0678924760195608,0.15184421723232747,-0.0355457346689229,0.11157201801378466,2021-02-12,2017-09-30,False,False,False,False,False,0.0,0,0,False,[],钧璞股份
2017-09-30,季报,2017-10-27,无保留意见,False,270103101.2059655,71277893.88818711,198825207.3177784,0.263891430975591,9138436.924637832,6.890875773536106,49841504.17439791,2817904.9581300607,2909.8767151809525,421469.4489217365,5031954.371107092,70363538.6891371,40000000,4.97063018294446,-2723090.6091522104,-2301084.407745772,1297057.819334872,380113.8565813154,0.009502846414532884,353390.8669078104,-3827542.942907274,-33767571.38558426,5924774.987891743,-31670339.34059979,0.014595786737192938,0.0921400743698031,0.020586607340875633,0.07636724191743031,2021-02-12,2017-11-26,False,False,False,False,False,0.0,0,0,False,[],钧璞股份
2017-12-31,年报,2018-03-30,无保留意见,False,303302710.0289196,90718430.13869552,212584279.89022407,0.29910194383045774,10376723.736416798,7.999973928398145,55540360.26649004,3296368.14553691,3178.9722070134253,498466.41737718956,6081675.70744827,75377788.80912907,40000000,5.314606997255602,439347.837384315,483470.0370287304,5129022.490592634,4517769.209337894,0.11294423023344735,3977934.921106432,-11027708.118039463,-34665290.63898852,7009921.052136425,-38683077.70489156,0.06920185200890953,0.23806836864821668,0.035210512854866746,0.11732397444697344,2021-02-12,2018-05-01,False,False,False,False,False,0.0,0,0,False,[],钧璞股份
2018-03-31,季报,2018-04-30,保留意见,False,413334492.5439493,162940413.43523058,250394079.10871872,0.3942095720886525,14749083.809247522,9.584533726587118,79322140.55981648,4111527.3617597986,4277.252401428258,659860.5702892347,7848159.780528272,102731686.20282972,40000000,6.259851977717968,8788116.975652307,8443983.187049193,29118268.178383347,11926813.05466856,0.29817032636671403,11372161.642886378,-40679171.231717855,-50601922.324117936,9519252.393199617,-81761841.16263616,0.1778579264563643,0.34432211690956444,0.09510762825819474,-0.035731101198110446,2021-02-12,2018-05-24,False,False,False,False,False,0.0,0,0,False,[],钧璞股份
2018-06-30,半年报,2018-08-27,无保留意见,False,438848199.4058548,165394594.83030745,273453604.5755474,0.37688338485661077,15910240.48671522,12.72533134946845,92088486.29826738,5674657.296516837,5540.0817427609945,815053.0623356362,9545261.25264584,124029401.30799389,40000000,6.836340114388685,19009042.076886542,17929892.276075963,12185775.220074506,14601321.573191762,0.36503303932979403,13551298.69860967,-4978940.8792210175,-54629624.66737224,9082067.240165435,-50526498.30642782,0.09209293426150272,0.09245776620703679,-0.017326187232041716,0.11016456982117877,2021-02-12,2018-10-02,False,False,False,False,False,0.0,0,0,False,[],钧璞股份
2018-09-30,季报,2018-10-27,非标准无保留意见,False,423598260.9606194,147810815.8378107,275787445.1228087,0.34894103555243866,18143095.082726173,11.315319266087828,93956606.47928256,4691712.842472191,4646.6885304477955,821660.3943586773,8609441.860612562,118533311.73163678,40000000,6.894686128070218,31728160.23759423,29852518.08762842,85411340.50872695,18170168.80101098,0.45425422002527455,17032322.587932084,-49716338.769116834,-52246594.867329545,10319460.164942794,-91643473.47150359,0.008534685622022892,0.11293348031516415,-0.027942349304172064,-0.00047156790138197464,2021-02-12,2018-11-13,False,False,False,False,False,0.0,0,0,False,[],钧璞股份
2018-12-31,年报,2019-03-30,无保留意见,False,399415602.64504373,142558985.12864262,256856617.5164011,0.35691891900210326,14479233.88778073,10.401019341486563,79734422.1811189,4086042.724671619,4102.809736291555,714998.4117477947,7619525.5321146045,101722275.8823974,40000000,6.421415437910028,41431294.82288411,38689918.49869495,56644883.58507329,13861620.83612841,0.34654052090321025,12624857.730095046,-44332286.67831789,-48768827.082319595,8712883.943392577,-84388229.81724492,-0.0686428187402718,-0.12250575165731714,0.007977883449664616,0.14468405556213645,2021-02-12,2019-05-20,False,False,False,False,False,0.0,0,0,False,[],钧璞股份
2019-03-31,季报,2019-04-30,无保留意见,False,435422406.0428288,185699630.22504005,249722775.81778875,0.4264815674340249,14609236.505068349,12.054794987649728,80887919.75672999,4719016.28261913,4287.322895508504,666228.5428385166,7937085.251932913,110486833.62781619,40000000,6.243069395444719,57952322.38575743,53830102.62825542,50679048.472347915,23601467.94696188,0.590036698674047,21628834.470800664,-55260157.21415925,-53227580.10819739,9387988.797062125,-99099748.52529451,-0.02777363405152245,0.31559739401086295,0.06956264843192159,-0.014190352476706549,2021-02-12,2019-06-12,False,False,False,False,False,0.0,0,0,False,[],钧璞股份
2019-06-30,半年报,2019-08-27,无保留意见,False,479814812.80595493,227378329.14461008,252436483.66134483,0.47388768140546267,17051607.712491635,12.007384447431711,94217043.85494846,5374650.848922453,5491.3904448927005,830909.5883524466,9404068.32919868,126094699.70619571,40000000,6.310912091533621,75641225.60615845,69233968.93531488,22694052.7176201,25269861.743430033,0.6317465435857509,22005523.29579924,-20089887.73056789,-58999830.88242325,11300951.613648005,-67788766.99934313,0.010866881623709523,0.04109195752842224,0.0474061139714378,0.0543775435803962,2021-02-12,2019-09-14,False,False,False,False,False,0.0,0,0,False,[],钧璞股份
2019-09-30,季报,2019-10-27,无保留意见,False,437743733.8673215,180734727.24501786,257009006.6223036,0.4128779312231067,16320193.069239464,12.057693686250468,87952686.57859324,5461824.88790546,4986.118431544696,754294.4840292939,8700671.123868227,118534001.3269606,40000000,6.42522516555759,100636649.32787608,92156560.03122383,26769928.474901933,35707748.17388232,0.892693704347058,32746558.70844136,-28281865.306068897,-53389276.795240514,9570173.094755506,-72100969.00655392,0.01811355828855967,0.24693448239334806,-0.06100975018235603,0.19285645985441532,2021-02-12,2019-12-01,False,False,False,False,False,0.0,0,0,False,[],钧璞股份
2019-12-31,年报,2020-03-30,无保留意见,False,551641995.6275048,258306816.65243083,293335178.975074,0.4682508197342756,20136718.598560363,17.21194689211944,118703639.66764355,6935329.455201393,6756.865176300852,1073065.2347152298,10994911.769423027,161094482.20647687,40000000,7.33337947437685,117533529.7870437,106982779.30492434,83266682.48383754,24138400.655953757,0.603460016398844,21180313.2481436,-73786416.6915186,-65031118.85243772,11831601.742169218,-126985933.80178712,0.1413420207726601,-0.21949993916950128,0.055372888511169,0.020501591136954114,2021-02-12,2020-04-11,False,False,False,False,False,0.0,0,0,False,[],钧璞股份
2020-03-31,季报,2020-04-30,无保留意见,False,466085015.4526051,211733457.123829,254351558.32877612,0.45428076446143456,15125479.379797613,11.911529551241939,81023021.80074361,4694204.801268127,4561.412419675078,744080.7022666285,8105957.965109423,110167007.1074577,40000000,6.358788958219403,122873455.8446728,111580519.16731167,6201342.623951715,7628465.7966129705,0.19071164491532427,6568199.803410466,-65190259.33320813,-61254683.574383594,10509891.484245555,-115935051.42334618,-0.1328978705605933,-0.40132660959320465,-0.013970055272841083,-0.03592022332168963,2021-02-12,2020-06-10,False,False,False,False,False,0.0,0,0,False,[],钧璞股份
2020-06-30,半年报,2020-08-27,无保留意见,False,557535228.93608,301255081.7191846,256280147.21689537,0.540333715403162,21710574.211485475,17.15540891857417,120829590.77489863,6985400.536665271,6702.317509433651,1051939.5985109697,12015553.336230166,162477660.3974932,40000000,6.407003680422385,132244875.40319572,121087620.71968019,46434721.63712376,13387742.226461314,0.33469355566153286,13581573.646240745,-84168107.29490665,-67410551.64527127,12897963.966019008,-138680694.9741589,0.007582374964757701,0.23384633364537022,0.0860529509417274,0.030103508387013034,2021-02-12,2020-09-28,False,False,False,False,False,0.0,0,0,False,[],钧璞股份
2020-09-30,季报,2020-10-27,无保留意见,False,503768447.856259,211068558.5840806,292699889.27217835,0.4189793137745402,20478493.68395862,14.384875250969154,122623549.013528,6713830.3710404765,6699.673487887697,982462.5502520681,11400937.255543154,148779748.88926822,40000000,7.317497231804459,148682246.41624746,135412170.80830657,52980913.371899374,23481958.590073913,0.5870489647518479,20463642.983751997,-74075176.55972879,-53282595.142268,12198030.42728406,-115159741.27471273,0.14210910384900077,0.3321805314914994,-0.12135440162862177,0.01693314141929401,2021-02-12,2020-11-29,False,False,False,False,False,0.0,0,0,False,[],钧璞股份
2020-12-31,年报,2021-03-30,无保留意见,False,612210148.9567207,301150072.8521993,311060076.1045214,0.49190637130958226,22469688.067910064,16.295970293244096,115722804.04281208,7312314.743081314,7109.0232043262,1169129.8929682882,12456879.701056866,165080943.3229904,40000000,7.776501902613035,159805102.5251983,145319355.67157704,44870251.72713635,15889794.44135835,0.39724486103395873,14153121.233243486,-22068668.804701895,-69465829.77115214,14597022.491671657,-76937476.08418238,0.06272700299954699,-0.1875443879975004,0.07292705753504207,-0.06285707165610167,2021-02-12,2021-05-01,True,True,False,False,False,1633213.554036431,0,0,True,"['充分披露高送转的主要考虑及其合理性且送转股后每股收益不低于0.5元', '是否影响偿债能力、过去十二个月内是否使用过募集资金补充流动资金以及未来十二个月内是否计划使用募集资金补充流动资金等内容', '结合所处行业特点、发展阶段和自身经营模式、盈利水平、偿债能力、资金需求等因素，未进行现金分红或现金分红水平较低原因的说明', '根据公司盈利能力、融资能力及其成本、偿债能力及现金流等情况披露现金分红方案的合理性，是否导致公司营运资金不足或者影响公司正常生产经营']",钧璞股份
2021-03-31,季报,2021-04-30,无保留意见,False,461502174.75719696,178064964.94937342,283437209.80782354,0.38583775914611024,15407419.328859264,12.559420977737,79164952.69581829,5118440.0147931725,5112.587394882715,785078.0212010012,8200875.945358431,119788976.456819,40000000,7.085930245195589,155220366.55555838,141107463.45211774,16905133.633000545,-6549622.813771302,-0.16374057034428255,-6016988.884941835,-45146791.459137075,-53748963.90772104,10336308.025202041,-88559447.34165609,-0.08880235175990928,-0.682260793546112,-0.10606861216347202,-0.021023575291659543,2021-02-12,2021-06-13,False,False,False,False,False,0.0,0,0,False,[],钧璞股份
2021-06-30,半年报,2021-08-27,无保留意见,False,389531632.139794,153879527.14502954,235652104.99476448,0.39503730749600763,13362960.5187163,11.355621093744304,82738498.37981461,4735167.797482381,4530.616998818294,669890.0427049844,7304982.2411352545,101558317.18006848,40000000,5.891302624869112,159394737.3440944,144874891.20631027,22259050.10086131,5963386.8407657035,0.14908467101914258,5382039.648846509,-17156873.038884893,-44458568.18969167,8595377.825123895,-53020063.403452665,-0.16859150160791642,1.1973739733553737,0.009199548349897358,0.06436941455289429,2021-02-12,2021-10-20,False,False,False,False,False,0.0,0,0,False,[],钧璞股份
2021-09-30,季报,2021-10-27,无保留意见,False,399068898.1661049,161225448.79184958,237843449.37425536,0.40400404424586983,14570188.108985007,10.797000085261923,75805177.33259457,4167435.1311183176,4280.635546895109,731052.6728155551,8733135.89445538,107290329.0369007,40000000,5.946086234356384,170067999.55696496,154464366.782806,46404422.05529681,15247517.446957983,0.3811879361739496,13699250.8235653,-68592903.44546744,-50192669.44170032,9876141.86851977,-108909431.01864798,0.009299065584580936,0.4043014504163056,0.008966736749862215,-0.1723770337561601,2021-02-12,2021-11-08,True,False,True,False,False,1537464.7533070853,0,9,True,"['根据公司盈利能力、融资能力及其成本、偿债能力及现金流等情况披露现金分红方案的合理性，是否导致公司营运资金不足或者影响公司正常生产经营', '公司为增强投资者回报水平拟采取的措施', '结合前述财务报表列报项目的具体情况说明现金分红方案确定的依据及未来增强投资者回报的规划']",钧璞股份
2021-12-31,年报,2022-03-30,无保留意见,False,421295418.87736666,156986421.67470956,264308997.20265713,0.3726278868472722,14795236.685846334,10.636615704817979,78207157.52706838,4330077.726304713,4421.487392375497,700735.2446568393,8300746.622819391,109516000.33236656,40000000,6.6077249300664285,171744786.0869111,156008838.76468575,11251560.313201264,2395409.3284944855,0.05988523321236214,2206388.5455424995,-41804438.7540557,-51301663.76020608,9854719.600807179,-83251382.9134546,0.11127297345388411,-0.3985456598202688,-0.0313761573985976,-0.07127934895388306,2021-02-12,2022-05-14,False,False,False,False,False,0.0,0,0,False,[],钧璞股份
2022-03-31,季报,2022-04-30,无保留意见,False,449120500.18305826,165941052.4687502,283179447.714308,0.3694800224018139,16382068.441613192,11.51217620457433,90647876.15528952,5225279.716263215,5044.867922099202,822797.736250508,9684508.874928335,118066356.37275489,40000000,7.079486192857701,169535796.9422682,154090050.07973167,4515081.129016591,-3155698.7780613415,-0.07889246945153354,-2741126.692791546,-68325867.00862476,-56084801.17035711,10177571.128259769,-114233097.0507221,0.07139541487943392,-0.2862073190897032,-0.003147864445458305,0.06585747897482795,2021-02-12,2022-06-28,False,False,True,False,False,0.0,0,7,True,"['充分披露高送转的主要考虑及其合理性且送转股后每股收益不低于0.5元', '留存未分配利润的预计用途以及收益情况', '公司为增强投资者回报水平拟采取的措施']",钧璞股份
2022-06-30,半年报,2022-08-27,无保留意见,False,436294652.0546298,146770356.58914733,289524295.4654825,0.3364019153064699,16981758.179999836,12.680856146325084,95054767.87328391,4852791.999430624,5161.259159809851,733969.6814616794,8982077.266609754,120559999.33947134,40000000,7.238107386637062,166727078.94842234,151478714.57853436,5128399.996241091,-4012454.276922621,-0.10031135692306552,-3730479.2874247083,-50247334.64649805,-49652676.648267575,11065638.735499535,-88834372.55926609,0.022405749436928177,-0.061885066290207784,-0.03307810709534401,0.026096656894418913,2021-02-12,2022-09-17,False,True,False,True,False,0.0,4,0,True,['留存未分配利润的预计用途以及收益情况'],钧璞股份
2022-09-30,季报,2022-10-27,无保留意见,False,512090734.0499249,200057865.95152128,312032868.09840363,0.3906687870904088,15845980.81323146,12.142303595297841,91382328.78916727,5649025.711925469,5025.979088345813,824228.9019299665,9345124.10460244,128644245.72434221,40000000,7.800821702460091,160585001.46161526,146729376.8583811,38592978.23349785,-8774396.409724422,-0.21935991024311055,-6784768.171647551,-20579736.149230212,-62031438.711953424,12147284.541477323,-70463890.31970632,0.07774329472672781,-0.3666545038097826,0.05426687178393892,0.10114377412584838,2021-02-12,2022-11-10,False,True,False,True,False,0.0,1,0,True,"['充分披露高送转的主要考虑及其合理性且送转股后每股收益不低于0.5元', '留存未分配利润的预计用途以及收益情况', '是否影响偿债能力、过去十二个月内是否使用过募集资金补充流动资金以及未来十二个月内是否计划使用募集资金补充流动资金等内容', '公司在相应期间是否按照中国证券监督管理委员会相关规定为中小股东参与现金分红决策提供了便利']",钧璞股份
2022-12-31,年报,2023-03-30,无保留意见,False,455316189.7156633,148609542.33480614,306706647.38085717,0.326387564711042,15544157.694363777,11.660654346510203,87061869.88973984,5219232.826100787,5172.969521748977,754826.0858507747,9201008.214910474,115591431.89174847,40000000,7.667666184521429,154174898.67142865,141004656.5481205,8142659.356443046,-9157289.700266594,-0.22893224250666486,-8178171.8718008455,-42163250.07442048,-54249980.08131296,10786144.861987043,-85627085.2937464,-0.01706942204520209,-0.04654895976203315,-0.06428122237936677,0.001037992695782804,2021-02-12,2023-05-24,False,False,False,False,True,0.0,0,0,False,[],钧璞股份
2023-03-31,季报,2023-04-30,无保留意见,False,558965019.4295238,233015340.9768699,325949678.45265394,0.41686927245408645,19399499.31782733,14.134474139303416,106345546.0345317,6404060.332069139,6652.944454279491,970234.459803094,10834336.759428205,147746093.03403023,40000000,8.148741961316349,146004934.52879342,133292441.57497203,10614237.835560856,-11671377.346621744,-0.29178443366554363,-11017449.961640669,-94071116.12158348,-73439002.48588292,13554927.43267006,-153955191.17479634,0.0627408347230945,-0.3205636253631109,0.09048170774304438,-0.036031375779291885,2021-02-12,2023-05-26,False,True,False,False,True,0.0,4,0,True,"['上市公司控股子公司向母公司实施利润分配的情况', '留存未分配利润的预计用途以及收益情况', '公司在相应期间是否按照中国证券监督管理委员会相关规定为中小股东参与现金分红决策提供了便利', '是否影响偿债能力、过去十二个月内是否使用过募集资金补充流动资金以及未来十二个月内是否计划使用募集资金补充流动资金等内容']",钧璞股份
2023-06-30,半年报,2023-08-27,无保留意见,False,650664251.8769256,305518240.85713166,345146011.0197939,0.46954821934019675,23401021.82270722,19.38504079081589,140623641.2567687,7322490.755478588,7506.172012754222,1143875.8804085928,12788162.188498257,177476850.66525742,40000000,8.628650275494849,137391599.6498182,125286008.94731793,20888664.726424184,-12304764.11282173,-0.3076191028205432,-11437760.896648746,-105368192.07035053,-73663297.36051577,15449967.63523411,-163581521.79563218,0.05889354656911678,-0.11886500647562824,0.05267894688611033,0.1876149420512377,2021-02-12,2023-09-29,False,True,False,False,False,0.0,2,0,True,"['是否影响偿债能力、过去十二个月内是否使用过募集资金补充流动资金以及未来十二个月内是否计划使用募集资金补充流动资金等内容', '结合前述财务报表列报项目的具体情况说明现金分红方案确定的依据及未来增强投资者回报的规划', '根据公司盈利能力、融资能力及其成本、偿债能力及现金流等情况披露现金分红方案的合理性，是否导致公司营运资金不足或者影响公司正常生产经营']",钧璞股份
2023-09-30,季报,2023-10-27,无保留意见,False,627069259.8555514,317940403.56148,309128856.2940714,0.5070259761014584,22586940.197521806,15.19729301544642,117769471.03081845,6937789.780720403,6883.2526932741175,1062062.715838777,12114017.85145001,160404413.70585683,40000000,7.728221407351785,129884422.17711459,118242343.28859021,51937032.3655381,-10724539.246719453,-0.26811348116798633,-10062379.512468174,-72572695.38022412,-76829383.71687551,15057455.01481435,-134344624.08228528,-0.10435338545360438,0.33655920683720003,0.0374777567612616,0.011304001074236548,2021-02-12,2023-12-11,False,False,False,False,False,0.0,0,0,False,[],钧璞股份
2023-12-31,年报,2024-03-30,无保留意见,False,591100216.8312509,309392574.73411536,281707642.0971356,0.5234181377782199,18275952.619059715,15.98074149240726,108623834.6640702,5667103.865759238,6077.67590044537,886178.5947425376,10076221.05128446,142649145.1545265,40000000,7.04269105242839,121648799.9797462,110937772.11016904,46256014.95942644,-11765174.567669138,-0.29412936419172847,-10435101.683458822,-89576102.03034036,-66546083.78338926,13448545.425417019,-142673640.3883126,-0.08870480266924759,-0.16582612207489036,0.01639216167676155,-0.010636208854858656,2021-02-12,2024-05-15,False,False,True,True,True,0.0,0,3,True,"['结合前述财务报表列报项目的具体情况说明现金分红方案确定的依据及未来增强投资者回报的规划', '公司为增强投资者回报水平拟采取的措施']",钧璞股份
2024-03-31,季报,2024-04-30,无保留意见,False,747255008.261663,438057963.24902976,309197045.01263314,0.5862228535183494,26805784.654714935,21.223629173235715,149033582.4336744,8439366.46305789,8742.102699820596,1268449.0526423282,16260443.633154955,201559580.37657547,40000000,7.729926125315829,114151033.4130594,104254876.57670346,35468535.90296403,-10711095.095266849,-0.26777737738167123,-9546993.619236542,-28137867.57882625,-84059425.47485685,17737258.812662624,-94460034.24102047,0.09758131767692338,0.20135904931846962,0.06280471574012948,0.04505133614204689,2021-02-12,2024-05-30,False,True,False,False,False,0.0,1,0,True,['公司为增强投资者回报水平拟采取的措施'],钧璞股份
2024-06-30,半年报,2024-08-27,无保留意见,False,687331272.1376193,380682714.0717705,306648558.0658487,0.5538562400745084,24400424.556555912,16.702584391045946,133752925.58714966,6965970.526050864,7965.143861605365,1176827.4490784702,13015617.773518587,180470852.3071743,40000000,7.666213951646218,104082009.63829777,95542622.937389,50095408.80244077,-14384319.678230915,-0.35960799195577287,-12446076.62759209,-124495249.23477657,-84905479.6518094,16123909.442119244,-193276819.4444667,-0.00824227458797471,-0.5840801599972562,-0.032366613443841064,-0.0551100230507897,2021-02-12,2024-10-19,False,True,True,False,False,0.0,1,8,True,"['是否影响偿债能力、过去十二个月内是否使用过募集资金补充流动资金以及未来十二个月内是否计划使用募集资金补充流动资金等内容', '结合所处行业特点、发展阶段和自身经营模式、盈利水平、偿债能力、资金需求等因素，未进行现金分红或现金分红水平较低原因的说明']",钧璞股份
2024-09-30,季报,2024-10-27,无保留意见,False,594659225.6515931,293409096.4666205,301250129.1849726,0.49340712093572553,20719043.51026712,15.57951886041903,120339133.72637165,7339391.244160057,6498.419397856342,997368.264476906,10927229.99733315,157406946.78213942,40000000,7.531253229624315,93063007.49051693,85274646.75077015,22475468.672948886,-15741431.639686901,-0.3935357909921725,-14668537.4094555,-39340948.67467918,-70617372.20637834,13789765.600556834,-96168555.2805007,-0.017604611986197182,-0.5188370880651495,-0.06044911913878283,-0.18858584074102688,2021-02-12,2024-12-23,False,False,True,False,False,0.0,0,4,True,"['根据公司盈利能力、融资能力及其成本、偿债能力及现金流等情况披露现金分红方案的合理性，是否导致公司营运资金不足或者影响公司正常生产经营', '结合前述财务报表列报项目的具体情况说明现金分红方案确定的依据及未来增强投资者回报的规划', '结合所处行业特点、发展阶段和自身经营模式、盈利水平、偿债能力、资金需求等因素，未进行现金分红或现金分红水平较低原因的说明']",钧璞股份
2024-12-31,年报,2025-03-30,无保留意见,False,808450180.6626936,468817060.2626952,339633120.3999984,0.5798960424232966,29091541.51485239,22.50039910316176,161464483.2128395,9039736.96471958,9371.36197018585,1360461.421196343,16989263.292479638,219026865.421541,40000000,8.49082800999996,82132300.77112623,75359995.45623535,59857039.11450664,-15615295.313415293,-0.3903823828353823,-14163787.563621154,-106792942.84151714,-99799944.7797263,17662591.91426428,-188930295.70697913,0.12741236433282355,0.10022206997181157,0.08648892148757115,-0.011049559277962155,2021-02-12,2025-04-11,False,False,False,False,False,0.0,0,0,False,[],钧璞股份
2017-03-31,季报,2017-04-30,保留意见,False,284813595.6377356,71015094.8072207,213798500.8305149,0.24933885142739914,3201377.0475706114,8.476904536365281e-11,4834111.962301997,2659848.156038635,81424799.8957372,21664708.769598886,15626537.173632214,130972625.81651922,40000000,5.344962520762873,415462.9822562899,379975.6518600414,754354.5810837268,593518.5460804142,0.014837963652010355,542822.3598000592,-14639698.170194164,-3943745.2941260417,-43782467.77490551,-62365911.239225715,0.18776944905841608,-0.02258230299553259,-0.05066114857260084,0.13590515925700125,2021-07-02,2017-06-11,False,False,False,False,False,0.0,0,0,False,[],昀璟农业
2017-06-30,半年报,2017-08-27,无保留意见,False,265722258.91879064,53144451.783758126,212577807.1350325,0.2,2992441.0139817223,8.685922135345767e-11,4335796.956690904,2429061.2353955307,75663001.2347114,19046570.194191866,14698086.324426189,121909117.64186522,40000000,5.314445178375813,2085662.7823283551,1851946.1203325728,6071969.105447097,2385999.714388665,0.05964999285971662,2102814.9549607593,-14423053.861751925,-3686184.335562879,-46677453.87863121,-64786692.07594602,-0.0057095521752515066,0.10188304082628152,-0.07337733054876226,0.180189302575027,2021-07-02,2017-09-14,False,False,False,False,False,0.0,0,0,False,[],昀璟农业
2017-09-30,季报,2017-10-27,保留意见,False,318082983.36585575,63616596.67317115,254466386.6926846,0.2,2870903.4899493707,8.407140794128673e-11,5400044.058930827,2747309.7821590197,85581664.40305376,18880994.80108945,15330964.032219335,131454597.42157723,40000000,6.361659667317115,8289485.011431086,7154500.901992148,12168045.061837934,8862603.184432473,0.22156507961081182,7575078.259513679,-22231218.659705542,-4494470.161206965,-57637506.33021246,-84363195.15112497,0.19705057702022394,0.33408663806162897,-0.007311314364157646,0.04093694999621403,2021-07-02,2017-12-16,False,False,False,False,False,0.0,0,0,False,[],昀璟农业
2017-12-31,年报,2018-03-30,无保留意见,False,343999838.30025256,74376531.99758282,269623306.30266976,0.21621095046174096,3639851.899248041,1.0742527946799711e-10,5379535.995904516,2647828.521609574,102212918.03598087,24293958.131669473,17686491.787509512,151790763.90010503,40000000,6.740582657566744,20554347.490721382,18653482.938802477,37647725.93274964,17521232.113271855,0.43803080283179635,16427117.19544333,-68311692.99152647,-5011554.016620091,-62672223.1632201,-135995470.17136666,0.05956354317354285,0.33479340293367243,0.0475607439472617,-0.17878809909398255,2021-07-02,2018-04-24,False,False,False,False,False,0.0,0,0,False,[],昀璟农业
2018-03-31,季报,2018-04-30,保留意见,False,359201213.9183557,101557097.76431066,257644116.15404505,0.2827303857257954,3730740.7257062807,1.018879924442493e-10,6007176.013167821,3090093.398819846,97872077.09782214,21387119.540485296,18078556.089941893,154991645.35569307,40000000,6.441102903851126,29302633.31656389,26405270.07989534,46627098.87212528,12497551.179775007,0.31243877949437515,11073981.63013266,-14390974.211296378,-5070892.7572237635,-68509796.74257426,-87971663.71109441,-0.0444293570644716,-0.14552438096685047,0.06651943526405445,-0.03722740407582224,2021-07-02,2018-06-08,False,False,False,False,False,0.0,0,0,False,[],昀璟农业
2018-06-30,半年报,2018-08-27,无保留意见,False,407033836.6164702,140219193.32758975,266814643.28888047,0.34449026275845473,3748880.4401766355,1.2224564708083707e-10,6226413.406468139,3259721.651555728,109171275.51180583,25414860.446146198,19496146.99612319,162953127.82572576,40000000,6.670366082222012,31343259.153246418,28095750.904785417,3281949.919814121,2915179.766689323,0.07287949416723308,2414972.606985819,-67430573.96092673,-5348201.010554003,-68131952.78923172,-140910727.76071244,0.03559377668594764,-0.3248531159310553,0.0617598770326593,0.03221710283208386,2021-07-02,2018-09-24,False,False,False,False,False,0.0,0,0,False,[],昀璟农业
2018-09-30,季报,2018-10-27,无保留意见,False,393236086.2895136,117871096.82784542,275364989.4616682,0.29974638884251525,4127166.1642091083,1.314290483612305e-10,6386016.278081792,3581787.0199852046,114412916.16872348,26269695.47374411,21847469.65519201,184125049.83156535,40000000,6.884124736541705,24424267.819354683,21526791.354482528,30186525.481899127,-9884273.334131047,-0.24710683335327618,-9384227.929004127,-7298158.866592576,-5308503.605754709,-67845183.14248037,-80451845.61482766,0.03204601541876471,-0.6426983462247771,-0.044743873915939446,-0.08547362013576802,2021-07-02,2018-11-17,False,False,False,False,False,0.0,0,0,False,[],昀璟农业
2018-12-31,年报,2019-03-30,无保留意见,False,380258806.3094257,99501919.56233814,280756886.7470876,0.2616689420767051,4317710.42548878,1.2366270655276147e-10,6132000.35362206,3566108.832122513,125940323.54993097,27177828.246486448,22060302.603938207,182552400.14631388,40000000,7.01892216867719,21156288.642436042,18551069.882415745,5213834.732643436,-4668541.681312343,-0.11671354203280858,-4251030.674381118,-14107820.605049456,-5473763.238101297,-67972808.14732519,-87554391.99047594,0.019580910761242597,0.7329865097034011,-0.03807744676581014,0.07942759915771389,2021-07-02,2019-05-20,False,False,False,False,False,0.0,0,0,False,[],昀璟农业
2019-03-31,季报,2019-04-30,无保留意见,False,445964532.68827075,105726719.29247183,340237813.3957989,0.23707427730889713,4812913.259216783,1.313899216742503e-10,7318011.407908164,4071926.0496467305,130839216.1876564,32183009.47809496,25832371.466632858,202238966.8560172,40000000,8.505945334894973,23268244.855744388,20491961.680243503,4964099.389864629,3017080.3047262095,0.07542700761815524,2772702.5683253706,-29897001.018085536,-5750146.572288325,-77106430.4298321,-112753578.02020596,0.21185919012662785,0.6232532914936271,-0.024594664767808003,0.09148746767670153,2021-07-02,2019-05-25,False,False,False,False,False,0.0,0,0,False,[],昀璟农业
2019-06-30,半年报,2019-08-27,无保留意见,False,437713959.5276872,96507188.33915664,341206771.18853056,0.22048003322373402,4191582.258001418,1.3166278482494885e-10,7035200.360497444,3424564.6456178185,120774261.9836593,30091849.121192373,21256391.554054946,191447467.48440096,40000000,8.530169279713265,20354112.608397495,17853386.770574495,16870756.561227452,-4163046.0676384196,-0.10407615169096049,-3769392.7280985834,-54792432.59830581,-5910527.827106556,-80793932.94442871,-141496893.36984107,0.002847883905262656,-0.35869998336717157,-0.0165942440851631,-0.015666814404824588,2021-07-02,2019-10-20,False,False,False,False,False,0.0,0,0,False,[],昀璟农业
2019-09-30,季报,2019-10-27,无保留意见,False,543938061.5723488,188520272.42272505,355417789.1496238,0.34658407958761694,6137139.213906388,1.8765432455030507e-10,9199040.310065629,5305779.868948752,166383467.79929852,38748017.61028073,27908392.333766934,261982714.22144502,40000000,8.885444728740595,21026765.249121193,18435383.480704512,4713115.697294277,960932.3438909948,0.02402330859727487,831423.8716143079,-63332102.00621165,-7421740.132504017,-101491641.51320937,-172245483.65192503,0.04164928471844738,0.39915843264125267,0.12610404636388292,0.025221010642029616,2021-07-02,2019-11-08,False,False,False,False,False,0.0,0,0,False,[],昀璟农业
2019-12-31,年报,2020-03-30,无保留意见,False,495052473.28833723,167892769.6464861,327159703.6418511,0.33914136117990673,5307783.637644713,1.634559700861833e-10,7644040.626890123,4618711.302902942,152657882.96810383,34675616.54500786,28263473.821542412,223231345.3563905,40000000,8.178992591046278,22508836.748510547,19822812.486484088,2230540.834588557,2117244.9991276525,0.052931124978191316,1982041.4368279632,-81984993.89486131,-7559826.268500161,-87342507.87554978,-176887328.03891125,-0.07950667178303943,0.06437932247041454,-0.007442718407710221,-0.12653572032514807,2021-07-02,2020-04-19,False,False,False,False,False,0.0,0,0,False,[],昀璟农业
2020-03-31,季报,2020-04-30,无保留意见,False,609845716.4096948,268004456.86149773,341841259.54819703,0.4394627192584102,6951367.371565235,2.0851106872986908e-10,10139857.666174406,6277843.896915854,188835152.03746137,44164266.59700148,35403832.83032659,289433298.84159714,40000000,8.546031488704926,25163667.397521906,22258957.532626726,0.0,3792615.212873373,0.09481538032183433,3480207.208775196,-53699258.97607228,-8123919.010790072,-100142184.13709375,-161965362.1239561,0.04487580757322757,0.08763659271104027,0.10032135807850348,-0.04389904087376634,2021-07-02,2020-06-09,False,False,False,False,False,0.0,0,0,False,[],昀璟农业
2020-06-30,半年报,2020-08-27,非标准无保留意见,False,617338517.1224838,252713321.20986977,364625195.9126141,0.40935939391536436,6334561.213185578,1.7799693682509373e-10,9933803.712141838,5807116.98734575,166106754.6873375,44662483.097721376,31761059.996747255,275159142.27470016,40000000,9.115629897815353,30431904.134914886,26849685.19749323,28350737.878567096,7526052.481989972,0.1881513120497493,6558182.37838072,-110516149.89791222,-8479744.578343995,-110996225.16376323,-229992119.64001945,0.0666506330877966,0.17955592554827393,-0.030103325343045845,0.13538464933340477,2021-07-02,2020-10-15,False,False,False,False,False,0.0,0,0,False,[],昀璟农业
2020-09-30,季报,2020-10-27,无保留意见,False,623744297.1077932,217852365.57962388,405891931.52816933,0.34926550285072255,6029145.292330256,2.0053520100510453e-10,10035310.444271784,5098148.333400032,165045351.3275795,35071388.21341807,30180604.667096313,270981992.1714452,40000000,10.147298288204233,32403163.63665242,28533238.877292417,5459458.640435044,2816085.0024821907,0.07040212506205477,2405076.6854274143,-94604721.683583,-8949674.015954439,-115440882.75343125,-218995278.4529687,0.11317576535617453,-0.19203936234607732,-0.060093891064641795,0.14766026810973173,2021-07-02,2020-12-11,False,False,False,False,False,0.0,0,0,False,[],昀璟农业
2020-12-31,年报,2021-03-30,无保留意见,False,636015336.5913458,246234037.5291564,389781299.0621894,0.38715110055178953,7789289.217834514,2.1574982327221533e-10,10794334.664755393,6841382.482817648,195310507.82688838,51404877.56445671,35496278.20142412,314309494.2151888,40000000,9.744532476554735,34257808.51573678,30098349.350514192,11481698.468604209,2649492.6844062246,0.06623731711015561,2235872.104602536,-38915408.330232725,-9425890.705315983,-119843932.97791454,-168185232.01346326,-0.03969192589102206,-0.008406923872959849,0.037885597701066955,0.07550864640278855,2021-07-02,2021-05-04,False,False,False,False,False,0.0,0,0,False,[],昀璟农业
2021-03-31,季报,2021-04-30,无保留意见,False,640589566.2478855,216511014.63039857,424078551.61748695,0.337987107561812,6536321.3224100815,1.9914138254035605e-10,9830181.030495262,5403635.588948361,171317220.20336655,44051647.325608075,31651194.490432728,272921105.2010792,40000000,10.601963790437173,42780832.36604905,38022876.91570824,14273048.628648622,12175748.357588954,0.30439370893972384,11320753.664562915,-102500864.89390807,-9374248.469395315,-120775325.46085653,-232650438.82415992,0.08799101608470314,0.48480924297565897,-0.04916399298997755,-0.014302569368801185,2021-07-02,2021-06-08,False,False,False,False,False,0.0,0,0,False,[],昀璟农业
2021-06-30,半年报,2021-08-27,无保留意见,False,645577412.0053663,203260374.19324657,442317037.8121198,0.3148505050104773,6250756.269438176,1.6884776198196778e-10,9683707.79484329,4821686.243179226,153507643.259262,40484850.647505105,32406688.012636524,261272660.1521032,40000000,11.057925945302994,45027299.762855455,40005181.51125531,15326934.326605633,3209239.138294868,0.0802309784573717,2831863.707924387,-102569770.70931171,-8705989.06602148,-105640240.38092327,-216916000.15625647,0.04300732995118265,-0.30732747998087906,-0.02313660255133467,0.10047637929260218,2021-07-02,2021-10-12,True,False,True,False,False,512938.2712525738,0,0,True,"['上市公司控股子公司向母公司实施利润分配的情况', '充分披露高送转的主要考虑及其合理性且送转股后每股收益不低于0.5元']",昀璟农业
2021-09-30,季报,2021-10-27,无保留意见,False,703332959.036402,193393257.24198633,509939701.7944157,0.27496686278849186,7719692.8786918605,2.181984234438649e-10,11889017.017083319,6754992.989406383,201752330.0574124,48958809.82208374,37304767.119813465,322768707.13468856,40000000,12.748492544860392,53460818.07814704,48194192.240436114,0.0,12047883.307559408,0.3011970826889852,11698586.755972583,-95018008.84697135,-9278783.113348866,-137601748.941192,-241898540.9015122,0.15288279266108576,0.43735660253116726,-0.03988364222198546,-0.15429395332164664,2021-07-02,2021-11-08,False,False,False,False,False,0.0,0,0,False,[],昀璟农业
2021-12-31,年报,2022-03-30,无保留意见,False,585739301.8360612,141949563.97092888,443789737.86513233,0.24234256353632597,6114216.7352150325,1.7106195013634137e-10,8772459.012133837,4878925.241122987,160315090.85974416,36191013.63740858,27633063.42346956,243088602.62456042,40000000,11.094743446628309,57071385.13932219,51359261.37717401,7921591.203499353,5157952.944535941,0.12894882361339852,4521527.3381969975,-53464903.43497242,-7964526.611136275,-101741798.52839532,-163171228.57450402,-0.12972114878780705,-0.23719216612352736,-0.03262429925216588,-0.027090991444161844,2021-07-02,2022-05-04,False,False,False,False,True,0.0,0,0,False,[],昀璟农业
2022-03-31,季报,2022-04-30,无保留意见,False,698856879.839664,208432025.5083267,490424854.3313372,0.29824708251587434,8498363.552884988,2.3998166208776456e-10,11344919.36563243,6194088.57837434,204086199.69347537,48747200.94832912,38225840.099390894,314634971.23436683,40000000,12.26062135828343,61299566.541717716,55386866.56303359,22841109.576542366,6040259.146279324,0.1510064786569831,5753721.694085103,-103028494.87019724,-8853319.56440555,-130499462.52685677,-242381276.96145955,0.10508380993788832,0.039818940131875084,0.05590451897954836,0.03126038923575661,2021-07-02,2022-06-28,True,False,False,False,False,6804472.433179449,0,0,True,"['留存未分配利润的预计用途以及收益情况', '是否影响偿债能力、过去十二个月内是否使用过募集资金补充流动资金以及未来十二个月内是否计划使用募集资金补充流动资金等内容', '上市公司控股子公司向母公司实施利润分配的情况', '公司为增强投资者回报水平拟采取的措施']",昀璟农业
2022-06-30,半年报,2022-08-27,无保留意见,False,674798900.768249,196952579.25347143,477846321.51477754,0.2918685537709734,7505885.796697957,2.0773319610313862e-10,11100545.809136055,6129590.444891646,208252926.80381852,46696323.48980484,37406499.49492079,305414983.13839954,40000000,11.946158037869438,83443713.16822919,75837108.36267038,145468436.30791542,31634495.18073068,0.790862379518267,29214631.14233827,-128403141.48629227,-9311744.170059137,-116531804.76197305,-254246690.41832447,-0.025648236840911564,1.1108484445403672,-0.006378528744900909,0.20568503185583192,2021-07-02,2022-10-09,False,True,False,False,False,0.0,4,0,True,"['留存未分配利润的预计用途以及收益情况', '公司为增强投资者回报水平拟采取的措施']",昀璟农业
2022-09-30,季报,2022-10-27,无保留意见,False,656481427.763336,155843486.16430926,500637941.5990267,0.23739207169237914,6257850.715651224,1.9264635580657376e-10,10079835.721772289,5268755.121046833,189856109.29503354,43342349.93544511,34158624.39606517,287463918.65341973,40000000,12.515948539975668,88626870.912476,80649511.530946,25487312.314349804,7404511.063209731,0.18511277658024328,6874861.668965171,-101295002.32110785,-8429499.072428128,-125871703.87035486,-235596205.26389083,0.04769654815380692,-0.4982057288243639,-0.054476482078594284,0.05503084581266382,2021-07-02,2022-11-09,False,False,False,False,True,0.0,0,0,False,[],昀璟农业
2022-12-31,年报,2023-03-30,无保留意见,False,694660692.7236097,152829935.09091017,541830757.6326995,0.22000659702177486,6587189.820608783,1.9663540820574517e-10,11258200.783170259,5941763.859401283,188430034.81732094,46567428.961440176,34009971.461368196,301917638.4165328,40000000,13.545768940817487,96703032.24512886,87458159.3203421,19998858.10098644,11537373.332361214,0.28843433330903034,9726639.699137274,-82612514.84414034,-8693979.460308297,-123814934.56530762,-215121428.86975625,0.0822806515664871,0.16934829214349037,-0.01738547467060428,0.04719146715424884,2021-07-02,2023-05-25,True,False,True,True,False,13778137.310296424,0,0,True,"['是否影响偿债能力、过去十二个月内是否使用过募集资金补充流动资金以及未来十二个月内是否计划使用募集资金补充流动资金等内容', '充分披露高送转的主要考虑及其合理性且送转股后每股收益不低于0.5元', '公司在相应期间是否按照中国证券监督管理委员会相关规定为中小股东参与现金分红决策提供了便利']",昀璟农业
2023-03-31,季报,2023-04-30,无保留意见,False,771420083.863759,173851368.10421142,597568715.7595476,0.22536536413915226,8163758.960790381,2.2891592825720106e-10,12041279.187868915,6742805.3067093,218561548.1013773,51823744.27263359,40129324.05015208,333675846.7680857,40000000,14.93921789398869,98056324.86333193,88667638.20056239,5433131.127677835,1933275.1688615456,0.04833187922153864,1727826.9717432847,-30047092.628097646,-9624193.667576445,-141041053.8486172,-180712340.14429128,0.10286968272227957,-0.3365445744303551,0.005358767117377395,0.15071259456634525,2021-07-02,2023-06-02,True,True,False,False,False,1953119.066880744,2,0,True,['根据公司盈利能力、融资能力及其成本、偿债能力及现金流等情况披露现金分红方案的合理性，是否导致公司营运资金不足或者影响公司正常生产经营'],昀璟农业
2023-06-30,半年报,2023-08-27,保留意见,False,966591728.9620299,208008319.14145288,758583409.820577,0.21519770230686916,9054955.088217149,3.111071795967594e-10,15780109.148981351,8261869.726299113,276412845.9079177,68289498.40355279,50777805.40372541,424851805.7964751,40000000,18.964585245514424,100282218.49823898,90600600.6782597,9998252.51837366,3179848.049867198,0.07949620124667994,2761374.968139004,-24921636.844347056,-13916883.160412863,-184037958.91071966,-222876478.9154796,0.2694496713342324,0.06584031922040708,-0.0101676618322831,-0.09092722706212014,2021-07-02,2023-10-11,False,False,True,False,False,0.0,0,0,True,['结合前述财务报表列报项目的具体情况说明现金分红方案确定的依据及未来增强投资者回报的规划'],昀璟农业
2023-09-30,季报,2023-10-27,保留意见,False,990727787.8861289,243827652.06361502,746900135.8225138,0.24610963278203704,9428585.69052046,2.9868698763525546e-10,15040127.442735434,8773256.67214018,277094366.5419254,62205465.65841369,48397944.43793969,411862433.9316295,40000000,18.672503395562845,104605361.3517263,94455727.98405331,30123446.04178601,6175918.362124745,0.15439795905311862,5507324.722562328,-187688799.0802866,-13781261.54497126,-173860061.53979635,-375330122.1650542,-0.015401436212303627,0.14846842775296648,0.030911930475167885,0.040973624159953204,2021-07-02,2023-12-20,False,False,False,False,True,0.0,0,0,False,[],昀璟农业
2023-12-31,年报,2024-03-30,无保留意见,False,1140428270.2684312,289100020.30759865,851328249.9608326,0.25350127477947476,11970078.361990822,3.380002877939817e-10,19155378.775593344,11688465.343023678,350121054.6647244,82379582.94153452,62101128.13952273,525574562.6020181,40000000,21.283206249020814,107810757.8490102,97293359.54622333,10792475.42481889,4579137.853262715,0.11447844633156788,4053759.374528585,-195950016.96663442,-13988100.040099544,-204364895.73750308,-414303012.74423707,0.13981536370095682,-0.0688982625806781,0.007391641997437733,-0.03074167993429293,2021-07-02,2024-05-05,False,False,False,False,False,0.0,0,0,False,[],昀璟农业
2024-03-31,季报,2024-04-30,无保留意见,False,1203716533.0229402,388561598.4723759,815154934.5505643,0.322801579784375,11555357.471264606,3.853676710272195e-10,19616144.15457515,10994037.641954847,314503394.9608701,76846134.79482332,57265656.32058292,512930417.51599765,40000000,20.378873363764107,115800111.69094822,104144795.57665023,38343418.01743623,11413362.631340034,0.28533406578350085,9787765.75775272,-113583647.60989977,-16406503.423599811,-231178680.59416068,-361168831.6276603,-0.042490444093606146,0.3167051818543342,0.06930030500490025,0.020635493355295943,2021-07-02,2024-05-20,True,False,False,True,False,4427548.386618913,0,0,True,['结合前述财务报表列报项目的具体情况说明现金分红方案确定的依据及未来增强投资者回报的规划'],昀璟农业
2024-06-30,半年报,2024-08-27,无保留意见,False,1184812086.6168187,459511867.15464383,725300219.4621749,0.3878352291853814,11273808.13960817,3.765573233034466e-10,18536084.632304516,10659286.74232758,333994819.7805968,74687148.33170685,63055155.71855733,519008145.20449185,40000000,18.132505486554372,116292070.00708416,104579543.01053323,1409197.981521524,702797.5944799185,0.017569939861997962,621067.7626899965,-17270946.55532633,-15649951.806051146,-200548226.8872069,-233469125.2485844,-0.11023022897840992,-0.37695520856958775,0.06503364940100634,0.020902496064104863,2021-07-02,2024-10-18,False,True,False,False,False,0.0,1,0,True,['结合前述财务报表列报项目的具体情况说明现金分红方案确定的依据及未来增强投资者回报的规划'],昀璟农业
2024-09-30,季报,2024-10-27,无保留意见,False,1535653394.948001,630137366.9790169,905516027.9689839,0.4103382762360605,14274771.35117846,4.3970010352042286e-10,23653713.484922502,13311947.742599526,411572112.66806644,100658638.6311033,79661842.51293983,648400940.8839345,40000000,22.6379006992246,116056856.88688292,104352263.33163267,908837.9679132918,-336018.7431446295,-0.008400468578615738,-324685.25557222933,-176977643.79370356,-20577335.813289072,-268958741.2427715,-466513720.8497641,0.24847063832469668,-0.0586809136849914,0.022503047050679133,-0.008242169773541514,2021-07-02,2024-12-07,False,False,False,True,True,0.0,0,0,False,[],昀璟农业
2024-12-31,年报,2025-03-30,无保留意见,False,1414955332.5424476,547447264.3678497,867508068.1745977,0.38690073939237,14659418.088566892,3.988615721067071e-10,19907776.955849458,12625977.833190221,372356649.4267372,80657982.30765232,72202027.80962762,569819781.1136527,40000000,21.687701704364944,119697125.05246308,107614467.64725842,6576656.077470852,5200383.093685962,0.13000957734214905,4660291.879465334,-64861960.89333355,-19234312.337166753,-248904163.18084422,-333000436.4113445,-0.0419738123019597,0.3322376418632239,-0.02343753684369047,-0.022707962793662884,2021-07-02,2025-05-08,True,True,False,False,False,889504.893956192,2,0,True,['上市公司控股子公司向母公司实施利润分配的情况'],昀璟农业
2017-03-31,季报,2017-04-30,无保留意见,False,263978804.08058256,84622977.40244786,179355826.67813468,0.3205673186420518,18863550.275526017,505269.20755070436,4591813.217923326,30795016.86344844,6608174.937762045,105192.89372458763,2337302.548216207,64420452.78960643,40000000,4.483895666953367,2191463.924685558,1902426.2980103148,5464231.72315238,3130662.749550797,0.07826656873876993,2717751.85430045,-40155963.9248062,-37803989.21622581,78494004.04659379,534050.905561775,-0.0035787406770296064,0.11837015275282214,0.020567318642051774,-0.08890337112703262,2021-08-18,2017-05-17,False,False,False,False,False,0.0,0,0,False,[],鸾煜信息
2017-06-30,半年报,2017-08-27,无保留意见,False,306078832.4506496,106040348.1034376,200038484.347212,0.3464478325874918,27383315.795680106,700171.690068388,5923116.076782291,44563473.79407627,10509108.906604072,170275.28967143936,3292353.6635206696,89931884.84683284,40000000,5.0009621086803,-5618343.161395986,-5523468.379735196,10370659.776755612,-11156867.265830778,-0.2789216816457694,-10608420.968207873,-9441102.214521846,-45445169.882141314,90069158.92471804,35182886.828054875,0.11531634099734961,-0.7097396739061853,0.02588051394544003,0.009883887150679758,2021-08-18,2017-09-10,False,False,False,False,False,0.0,0,0,False,[],鸾煜信息
2017-09-30,季报,2017-10-27,保留意见,False,254663060.45746002,86900939.32810041,167762121.1293596,0.3412388870690443,25909098.280974686,495592.4637813268,4606239.056724931,30530216.838877052,8326160.685650209,111685.62237101259,3104069.5623734775,71394132.23355773,40000000,4.1940530282339905,-10535674.118370004,-9981471.612322405,10024270.859776618,-7024758.509962883,-0.17561896274907207,-6368576.046553155,-17462205.705595087,-39877153.249818,68961050.21723795,11621691.261824861,-0.16135076869423512,0.707173522125268,-0.005208945518447493,0.07889436165633312,2021-08-18,2017-11-18,False,False,False,False,False,0.0,0,0,False,[],鸾煜信息
2017-12-31,年报,2018-03-30,无保留意见,False,274599884.1867948,96560099.50105141,178039784.6857434,0.3516392579225089,22447765.288459655,601791.8004891135,4624392.350984776,36206532.29821588,7880418.243884852,123089.03917311646,2800540.331756658,72554798.1626382,40000000,4.450994617143585,-13065963.615401635,-12021726.937933847,5285681.775262209,-3614699.2814737614,-0.09036748203684404,-2914650.4651592057,-25722151.042690918,-39734944.029549554,82977350.33561786,17520255.263377383,0.06126331431192857,0.34185229820199897,0.010400370853464605,-0.14950515283793434,2021-08-18,2018-05-11,False,False,False,False,False,0.0,0,0,False,[],鸾煜信息
2018-03-31,季报,2018-04-30,无保留意见,False,303731713.88164926,113935904.86860806,189795809.01304117,0.3751202118887191,25826724.47291685,651951.2737128285,5347544.392285214,36681218.49738561,8943961.430837864,130574.68753111905,3255922.914145213,83495829.91380985,40000000,4.7448952253260295,-14964870.073068867,-13635842.815231727,8361765.146085719,-2712723.510953186,-0.06781808777382965,-2305879.8247112576,-49963850.04704449,-43368319.681001164,83360541.52343163,-9971628.204614028,0.06603032208811216,0.06738554399993214,0.02348095396621018,-0.015953700372292136,2021-08-18,2018-06-27,False,False,False,False,False,0.0,0,0,False,[],鸾煜信息
2018-06-30,半年报,2018-08-27,无保留意见,False,284866372.49454486,84759062.91625734,200107309.5782875,0.29753972774684195,29132849.225195274,708813.4641993969,5906435.391774663,40856718.96232883,9629599.60561644,148501.07686414119,4128210.720778913,90353633.43706715,40000000,5.002682739457188,-10628538.75763798,-9956883.430464076,23296090.63394488,6194759.022044126,0.15486897555110316,5255656.263953785,-6988893.754210135,-43463842.029449336,77517874.95440266,27065139.170743182,0.05432944288320832,0.6234555998007133,-0.07758048414187711,-0.018808182033106757,2021-08-18,2018-10-18,False,False,False,False,False,0.0,0,0,False,[],鸾煜信息
2018-09-30,季报,2018-10-27,无保留意见,False,286199822.9452257,76092772.26470636,210107050.68051937,0.2658728837832627,26718681.133732587,675557.767770625,5622548.679577379,38735864.78961528,9234481.645597043,135356.13492265437,3159864.625661538,82219959.91747232,40000000,5.252676267012984,-3923615.9564582235,-4220906.976145289,6877283.43722027,9578461.144542508,0.2394615286135627,8194252.077598269,-14286136.881337216,-42532810.85747563,74775347.29598336,17956399.55717051,0.04997189319723325,0.1458821848195335,-0.03166684396357927,0.09293301830449278,2021-08-18,2018-11-17,False,False,False,False,False,0.0,0,0,False,[],鸾煜信息
2018-12-31,年报,2019-03-30,无保留意见,False,344282813.4071526,113010872.10236074,231271941.30479187,0.32825011212137634,30219600.124856893,805575.9285794222,6142755.476231889,46017590.14912403,11892930.09942257,164268.009627247,4186758.226094837,99468405.16714978,40000000,5.7817985326197965,3401071.6190451793,2188559.9682681495,28597984.34151493,10463839.39357629,0.26159598483940727,9156381.349162055,-26897999.653479535,-50054315.58040012,92419842.09490418,15467526.861024529,0.10073384284687799,0.033311870247822103,0.06237722833811367,0.03176830677458863,2021-08-18,2019-04-30,False,False,False,False,False,0.0,0,0,False,[],鸾煜信息
2019-03-31,季报,2019-04-30,无保留意见,False,364601644.2550714,135550292.73932832,229051351.51574305,0.3717764164675538,32061651.548691485,863522.2054593797,7421496.786089304,47751036.80334967,11126643.6253938,166174.93292154142,4316933.89575848,105004956.67542283,40000000,5.726283787893577,2545513.528652755,1456120.4117927728,2695537.0024175374,-1222225.8434177488,-0.03055564608544372,-1046342.2235362526,-10393432.31908784,-59123025.64742009,95406357.85044481,25889899.883936867,-0.009601639422926599,-0.42550733965213094,0.04352630434617747,-0.032175700068002536,2021-08-18,2019-05-24,False,False,False,False,False,0.0,0,0,False,[],鸾煜信息
2019-06-30,半年报,2019-08-27,无保留意见,False,363993460.0389814,140201847.00658718,223791613.0323942,0.38517682980230594,32132656.40922295,802398.5679315404,6212599.041799992,46567742.13015005,9951851.1911552,159003.7842540906,3938508.2874352126,97065507.16268441,40000000,5.594790325809855,9048811.141259901,7052596.750456258,43715056.41536458,9290425.160867352,0.2322606290216838,7994966.198090693,-11962283.832295593,-53127984.695576444,116279255.71697354,51188987.1891015,-0.02296314100983303,0.6662949348846766,0.013400413334752084,0.13283483525936343,2021-08-18,2019-10-04,False,False,False,False,False,0.0,0,0,False,[],鸾煜信息
2019-09-30,季报,2019-10-27,无保留意见,False,482580852.89931786,226513559.91846192,256067292.98085594,0.4693795009843046,44388088.33668968,1025658.9730983936,9264940.53750029,60564279.82767141,15204609.972707352,236421.9255090598,5892599.9930736385,144384131.73268926,40000000,6.401682324521398,23958722.65075848,22114452.294613343,33591462.07559106,21299873.584997967,0.5324968396249492,21516936.49165298,-75679602.05723998,-72222686.03016064,132240234.69582637,-15662053.391574249,0.14422202651441532,0.4567993233523806,0.08420267118199865,0.009387336433309645,2021-08-18,2019-11-21,False,False,False,False,False,0.0,0,0,False,[],鸾煜信息
2019-12-31,年报,2020-03-30,无保留意见,False,562579530.5388656,319043171.9882737,243536358.55059192,0.5671076793047889,44791344.80473158,1294349.09287512,11179421.85681466,76757655.66632463,17160031.542039957,265588.5708783652,5995176.200699305,156176315.84579626,40000000,6.088408963764798,39063178.3978077,35649218.84341152,101660887.64975221,21577793.924356036,0.5394448481089009,19335380.7839974,-72385169.18691844,-80231631.06945467,157500915.46282455,4884115.206451446,-0.048936099118292574,0.007256429678319621,0.0977281783204843,-0.01684528945772006,2021-08-18,2020-04-15,False,False,False,False,False,0.0,0,0,False,[],鸾煜信息
2020-03-31,季报,2020-04-30,无保留意见,False,362273291.9117991,155207684.79721075,207065607.11458832,0.42842706945947984,33674590.17516985,987950.1635883969,7811736.030372088,49250160.34033784,10924610.432078825,162594.22751304347,3997904.6130610295,108105026.82512143,40000000,5.176640177864708,61387723.3258392,56457032.311902076,69577984.31259313,31892207.040045008,0.7973051760011252,29725447.81212936,-51943540.20614053,-59627410.46140705,102969455.36032231,-8601495.307225272,-0.14975485242967193,0.2673665875221805,-0.138680609845309,0.05001688705454381,2021-08-18,2020-06-16,False,False,False,False,False,0.0,0,0,False,[],鸾煜信息
2020-06-30,半年报,2020-08-27,无保留意见,False,349544559.1990465,136295492.2573472,213249066.94169927,0.3899230832534126,31697630.823854186,816894.2368060631,6799477.127592221,47852658.42355643,10427719.407002818,155181.24988136697,4028120.0070223766,100994073.5106801,40000000,5.331226673542481,83222916.74596018,75763557.169186,60881154.39657179,31193133.45731569,0.7798283364328923,27580749.796119887,-17957065.11187057,-53520209.8760684,96533912.76547399,25056637.77753502,0.02986232196295651,-0.014298261932760415,-0.03850398620606725,0.0062727734195726845,2021-08-18,2020-10-10,False,False,False,False,False,0.0,0,0,False,[],鸾煜信息
2020-09-30,季报,2020-10-27,非标准无保留意见,False,347170272.69751596,123039701.95951444,224130570.73800156,0.35440736617076946,32156315.69707216,829078.550966976,7015792.014604382,47979181.92744295,11194879.568071136,155221.648080299,4253651.434521073,102492973.68200625,40000000,5.603264268450038,100139990.62857227,91718972.78608896,44168300.39361623,24167248.40373154,0.6041812100932885,22793450.881289948,-22442443.37999597,-48019562.02199181,91673687.69763216,21211682.295644388,0.05102720472524855,-0.14578601866191018,-0.03551571708264312,0.0263355313736761,2021-08-18,2020-11-08,False,False,False,False,False,0.0,0,0,False,[],鸾煜信息
2020-12-31,年报,2021-03-30,非标准无保留意见,False,497230220.09060246,252331542.14451042,244898677.94609204,0.507474268355073,40887993.66881199,933987.8276187826,8963122.017230807,61255989.458368346,13943737.273049999,228987.3820006452,5129612.475446679,133197643.9412278,40000000,6.122466948652301,111039750.94629371,101152536.8269953,49470910.1026099,15571086.168173503,0.38927715420433756,13476520.05843762,-97619815.97637717,-75087704.67099041,135996220.1731876,-36711300.47417998,0.09266075189880026,-0.2088107067845432,0.15306690218430363,-0.042186456890534685,2021-08-18,2021-04-19,False,False,False,False,False,0.0,0,0,False,[],鸾煜信息
2021-03-31,季报,2021-04-30,无保留意见,False,463296048.40868163,226875768.8767642,236420279.53191745,0.48969933945267125,40662435.796907164,1017892.2602826796,9520685.145247038,61028846.59285573,14731849.307348453,206492.4952776278,5479693.536395203,134334032.0419027,40000000,5.910506988297937,132541626.06638724,121399259.69013502,138657875.7595921,30716964.457276464,0.7679241114319116,28923889.80448533,-51496288.48562801,-68234993.39556164,127714465.1981941,7983183.317004457,-0.03462002524995627,0.46500992355307447,-0.017774928902401853,0.1255426091344869,2021-08-18,2021-06-22,False,False,False,False,False,0.0,0,0,False,[],鸾煜信息
2021-06-30,半年报,2021-08-27,无保留意见,False,594563105.4209822,306038667.7737145,288524437.64726776,0.5147286553494147,51442261.601340376,1392788.5910492633,12233638.887110824,85888368.61602136,18947418.818253677,278606.3561451374,6758567.292492168,166894001.023552,40000000,7.213110941181694,146841989.39938283,133704838.39286606,93256988.62769237,20429090.475708,0.5107272618927,17579398.14675864,-80865674.43944025,-87676017.76771815,168663046.7241548,121354.51699641347,0.2203878542843702,-0.21560202118011393,0.02502931589674345,0.020521434320923473,2021-08-18,2021-10-17,False,False,False,False,False,0.0,0,0,False,[],鸾煜信息
2021-09-30,季报,2021-10-27,非标准无保留意见,False,665721674.6571227,335454388.02759707,330267286.62952566,0.5038958483669193,59707069.10426567,1546719.4576798086,11319451.105192434,81502169.86948742,19669044.11724247,283453.026862486,7154890.665739459,173370822.30348584,40000000,8.256682165738141,147271512.62804067,134111787.99115017,1665867.1112502587,613604.6123683117,0.015340115309207793,581356.5689772845,-9061005.558961125,-102033759.92778064,185094596.2947396,73999830.80799784,0.144676996245601,-0.5294140362881704,-0.010832806982495473,-0.01266499770025873,2021-08-18,2021-11-26,True,False,False,True,True,539015.886578362,0,0,True,"['结合前述财务报表列报项目的具体情况说明现金分红方案确定的依据及未来增强投资者回报的规划', '是否影响偿债能力、过去十二个月内是否使用过募集资金补充流动资金以及未来十二个月内是否计划使用募集资金补充流动资金等内容', '结合所处行业特点、发展阶段和自身经营模式、盈利水平、偿债能力、资金需求等因素，未进行现金分红或现金分红水平较低原因的说明', '公司在相应期间是否按照中国证券监督管理委员会相关规定为中小股东参与现金分红决策提供了便利']",鸾煜信息
2021-12-31,年报,2022-03-30,无保留意见,False,640967840.4308298,301092896.5639922,339874943.86683756,0.4697472752480235,51810397.15615888,1334549.8822760445,11421752.177219609,77837134.9289922,16357980.38814705,286782.67714854644,7248617.256504204,170092910.11111364,40000000,8.49687359667094,148439489.99487945,135162844.9663746,4802327.163531769,1668539.0954839997,0.04171347738709999,1501509.9646063056,-28126656.44038155,-95271127.06525706,172308705.10152656,48910921.59588796,0.029090550672943957,0.05989316249184519,-0.03414857311889573,0.15028541548531676,2021-08-18,2022-04-20,True,True,False,False,True,1067961.8143962512,0,0,True,"['结合所处行业特点、发展阶段和自身经营模式、盈利水平、偿债能力、资金需求等因素，未进行现金分红或现金分红水平较低原因的说明', '留存未分配利润的预计用途以及收益情况', '公司为增强投资者回报水平拟采取的措施', '是否影响偿债能力、过去十二个月内是否使用过募集资金补充流动资金以及未来十二个月内是否计划使用募集资金补充流动资金等内容']",鸾煜信息
2022-03-31,季报,2022-04-30,无保留意见,False,682004332.1787243,341784535.6389791,340219796.5397452,0.5011471621406239,58535539.0433766,1399204.3617642059,11490145.554795926,88055332.86282496,20134962.51438966,278824.9509972706,6817973.360947583,178729494.51292416,40000000,8.50549491349363,153770006.6352659,139836428.08881292,13918868.60135652,7615023.771980651,0.19037559429951625,6676547.31776903,-47964837.694349855,-102003933.27221504,190766281.11096662,40797510.14440173,0.0010146457664226604,0.31852972779938266,0.03139988689260039,-0.12974269259290133,2021-08-18,2022-05-14,True,False,False,False,False,8907563.394681728,0,0,True,"['留存未分配利润的预计用途以及收益情况', '是否影响偿债能力、过去十二个月内是否使用过募集资金补充流动资金以及未来十二个月内是否计划使用募集资金补充流动资金等内容', '公司在相应期间是否按照中国证券监督管理委员会相关规定为中小股东参与现金分红决策提供了便利', '根据公司盈利能力、融资能力及其成本、偿债能力及现金流等情况披露现金分红方案的合理性，是否导致公司营运资金不足或者影响公司正常生产经营']",鸾煜信息
2022-06-30,半年报,2022-08-27,无保留意见,False,851575255.8896372,489060062.483167,362515193.4064702,0.5743004615279104,70124569.97403774,1777229.2177558537,15480210.893411588,102588171.28706317,23320979.29758672,374627.1454568519,8757635.648716763,234793066.87356803,40000000,9.062879835161754,152819588.50280747,138982704.55836844,5836074.3512093425,-1357740.1892263442,-0.0339435047306586,-1219605.0434921146,-139951935.4884292,-131531698.19284785,219932899.10186735,-51550734.57940969,0.06553233260816556,-0.36452387957555904,0.07315329938728651,-0.0032107189929923294,2021-08-18,2022-09-13,False,True,False,True,False,0.0,0,0,True,"['留存未分配利润的预计用途以及收益情况', '公司为增强投资者回报水平拟采取的措施', '是否影响偿债能力、过去十二个月内是否使用过募集资金补充流动资金以及未来十二个月内是否计划使用募集资金补充流动资金等内容', '结合前述财务报表列报项目的具体情况说明现金分红方案确定的依据及未来增强投资者回报的规划']",鸾煜信息
2022-09-30,季报,2022-10-27,无保留意见,True,881627573.862257,525660052.96613014,355967520.8961268,0.5962382173045075,77029450.23668694,1983055.3942756148,18104454.3057887,111622387.42609082,27406583.979949154,408241.69694447465,10464189.359421948,258607146.53839236,40000000,8.89918802240317,141647003.5121884,128328081.3884911,32708122.635485843,-15960835.700884376,-0.39902089252210937,-15220890.242681919,-64482250.92719061,-130750342.09084274,274110538.25646085,78877945.23842749,-0.01806178783519789,-0.9335668687461708,0.021937755776597206,0.0552563850352671,2021-08-18,2022-12-11,False,False,False,False,False,0.0,0,0,False,[],鸾煜信息
2022-12-31,年报,2023-03-30,无保留意见,False,856363346.6253006,454830233.03357685,401533113.5917238,0.5311182862110357,74447385.62517759,1921311.540793696,16698255.953487344,101163676.41411634,25791874.297386866,390225.64694601734,9420327.828246202,237502025.49410534,40000000,10.038327839793094,131041434.04862712,118505291.9183454,61624290.224335514,-15150813.51937326,-0.3787703379843315,-14032556.385922415,-51230805.349412814,-121149612.80736949,243617478.96830007,71237060.81151778,0.1280049162375495,0.7794938511652885,-0.0651199310934719,-0.008773229574976352,2021-08-18,2023-05-16,False,False,False,False,False,0.0,0,0,False,[],鸾煜信息
2023-03-31,季报,2023-04-30,保留意见,False,981456972.0332582,608132854.4016535,373324117.6316047,0.6196225323478022,80050632.07893676,2091051.992831214,17488265.317823723,118880454.39958835,28646733.864031352,442995.1030744088,10444923.089901749,266627409.8662803,40000000,9.333102940790116,121088971.24376036,109334409.14422241,27489094.314957038,-14217804.006952522,-0.35544510017381303,-13101261.105890015,-94613886.75220592,-147709847.45916474,283926181.9808347,41602447.769464076,-0.0702532244670655,0.5045513376804028,0.08850424613676647,-0.03038633201732127,2021-08-18,2023-05-10,False,False,False,False,True,0.0,0,0,False,[],鸾煜信息
2023-06-30,半年报,2023-08-27,无保留意见,False,1072772596.0029995,707593047.202588,365179548.8004115,0.6595927690910269,100045090.2631179,2231840.8400250105,20941953.50044386,131948467.788102,34189897.54375032,528434.5883846108,11866227.05332192,306922630.5019357,40000000,9.129488720010288,109629779.13044097,99161934.95616364,71707673.08281222,-16370274.447599139,-0.40925686118997845,-14532105.982941093,-193422797.4983763,-163166423.9564459,264937894.34355128,-91651327.1112709,-0.02181634790396844,-0.7736588098126429,0.03997023674322482,0.036857391028285634,2021-08-18,2023-10-11,False,False,False,False,False,0.0,0,0,False,[],鸾煜信息
2023-09-30,季报,2023-10-27,无保留意见,False,1217642547.436652,879324230.6906576,338318316.74599427,0.7221530099632172,96575679.1395452,2789534.0408515595,22634267.91643433,142900492.26981634,37315383.02485629,577760.9917250641,12918655.288932467,338683387.5860456,40000000,8.457957918649857,97859402.29740393,88265647.82676062,18365807.555066843,-16814824.047195747,-0.42037060117989367,-15566124.470575754,-147261237.70012912,-190613355.01266626,317578316.9100902,-20296275.80270517,-0.07355623320816972,-0.7059418152903897,0.06256024087219023,-0.023450530274464348,2021-08-18,2023-11-20,False,False,False,False,False,0.0,0,0,False,[],鸾煜信息
2023-12-31,年报,2024-03-30,保留意见,False,1029068615.7484584,750614290.1961209,278454325.5523376,0.7294113130154949,97303472.05006778,2304333.5108872917,20343877.540156186,140600496.5359991,32665902.412335094,507129.6515935409,12588863.39776529,300624106.2219582,40000000,6.96135813880844,86075801.42279889,78076603.3414997,15436904.643356385,-16833715.53515007,-0.4208428883787517,-14555777.836087018,-51450010.41718902,-154368401.29149348,292954846.069313,87136434.36063051,-0.17694575856678177,-0.10201912110203526,0.007258303052277696,0.04196771419846991,2021-08-18,2024-05-19,False,False,False,False,False,0.0,0,0,False,[],鸾煜信息
2024-03-31,季报,2024-04-30,无保留意见,False,801630864.0046896,544833346.8820791,256797517.12261048,0.6796561501640134,70071046.76791543,1769980.2487308306,16660968.748434763,108765300.23597755,26193753.92854324,386625.96825317066,9751312.509801166,233651194.54187396,40000000,6.419937928065262,74231735.31581974,66724899.309369214,48524581.64598222,-16920094.438541632,-0.4230023609635408,-16216720.04590071,-45087775.99813569,-118853882.2953648,215230778.03223288,51289119.7387324,-0.07777508353216998,-0.5194646623755167,-0.04975516285148146,0.07733602823929472,2021-08-18,2024-05-20,False,True,False,False,False,0.0,4,0,True,"['公司在相应期间是否按照中国证券监督管理委员会相关规定为中小股东参与现金分红决策提供了便利', '充分披露高送转的主要考虑及其合理性且送转股后每股收益不低于0.5元', '公司为增强投资者回报水平拟采取的措施']",鸾煜信息
2024-06-30,半年报,2024-08-27,无保留意见,False,1179528874.5710857,904969099.3668082,274559775.20427746,0.7672292886394018,107016470.83757566,2713871.1014083596,22865023.04896901,163593319.46593854,36501800.51067397,618251.380730743,13652433.616220754,337796767.59364814,40000000,6.863994380106936,62433633.6247331,55872405.92772027,78493716.10674228,-16854430.987266622,-0.42136077468166555,-15503561.97378421,-18196246.15935343,-193985250.6422459,360417001.0584103,148235504.25681096,0.06916834041345572,0.821763217435375,0.0875731384753884,0.0680441406593852,2021-08-18,2024-09-11,False,False,False,False,False,0.0,0,0,False,[],鸾煜信息
2024-09-30,季报,2024-10-27,无保留意见,False,1410114083.5312707,1124761592.8327181,285352490.69855267,0.7976387201353523,112548122.94498755,2925741.1837541554,25517826.499645427,173136637.51799703,42953355.20947236,655597.3752281399,15750337.097007245,385172825.74545646,40000000,7.133812267463817,50636361.63066052,44306380.727586225,0.0,-16853245.705817975,-0.42133114264544935,-16522893.143048638,-218750613.70850104,-213343001.63605618,407059741.5716576,-25033873.772899628,0.039309164957777275,0.00814240219392951,0.03040943149595059,0.038912172958829365,2021-08-18,2024-11-24,False,True,False,False,False,0.0,4,0,True,"['公司在相应期间是否按照中国证券监督管理委员会相关规定为中小股东参与现金分红决策提供了便利', '根据公司盈利能力、融资能力及其成本、偿债能力及现金流等情况披露现金分红方案的合理性，是否导致公司营运资金不足或者影响公司正常生产经营']",鸾煜信息
2024-12-31,年报,2025-03-30,无保留意见,False,1372739470.7801285,1064872412.3026106,307867058.47751796,0.7757279767714722,131610809.26188602,3038535.218031623,26223667.220604524,176596420.32452813,41486487.45589427,650718.1935409494,15298536.06368818,392210834.29753405,40000000,7.696676461937949,38827991.72375432,33091166.481938533,66772961.26783219,-16869099.86700887,-0.4217274966752217,-16021734.636639562,-192421052.52646127,-205828576.71582708,364019498.19108856,-34230131.051199794,0.07890089805716756,-0.10803200873447272,-0.02191074336388014,-0.015329126622898885,2021-08-18,2025-04-24,False,False,False,True,False,0.0,0,0,False,[],鸾煜信息
2017-03-31,季报,2017-04-30,无保留意见,False,229653575.4208262,62296115.770415395,167357459.6504108,0.27126124928062434,410635.2122907839,3.450192199687928e-09,4526340.767945092,28842837.50255923,50.13363267722999,7620060.586313505,85342062.47459288,129636987.3519324,40000000,4.18393649126027,-7159983.1932217,-6228961.97379221,17298690.773799423,-10228547.418888144,-0.2557136854722036,-8898517.105417443,-6475909.003556889,-33064907.467993416,56669571.23962333,17128754.76807303,-0.0702363352754955,-0.6238081899382303,-0.02873875071937566,-0.0588025879259763,2021-11-24,2017-05-13,False,False,False,False,False,0.0,0,0,False,[],曦璞传媒
2017-06-30,半年报,2017-08-27,非标准无保留意见,False,263662903.55487454,86242614.39679255,177420289.158082,0.3270942299201503,461311.8148279129,3.3863358883515455e-09,4710994.738693461,31217183.44921825,53.652923982083145,8896475.076684838,106715174.2931179,150987618.76445678,40000000,4.4355072289520505,-15376220.434155932,-13747976.335818727,9955863.90570289,-11737481.772763189,-0.29343704431907974,-10741449.088609308,-38162047.27905979,-34012869.61739986,63775329.96030098,-8399586.936158657,0.06012776202919939,-0.22283761656753423,0.055832980639525964,-0.06856229171647883,2021-11-24,2017-09-07,False,False,False,False,False,0.0,0,0,False,[],曦璞传媒
2017-09-30,季报,2017-10-27,无保留意见,False,335159543.5651278,130483264.39991052,204676279.16521728,0.38931686984636066,576539.073966654,4.83631813166119e-09,5147174.448380977,41455595.471286975,66.79815716719924,9930351.591181895,138040316.305661,184188605.12445822,40000000,5.116906979130432,-23412081.58242026,-20989846.386526603,18364831.463048622,-11479801.64037761,-0.2869950410094403,-10345528.643868394,-8175733.386777298,-46718234.15451435,78118638.49365126,23224670.95235961,0.15362386194089742,0.048965176225314246,0.06222263992621036,-0.07899127377355072,2021-11-24,2017-12-08,False,False,False,False,False,0.0,0,0,False,[],曦璞传媒
2017-12-31,年报,2018-03-30,无保留意见,False,408338450.8356066,184364095.6299726,223974355.20563397,0.4514982491918106,744185.2974511409,5.28847664378125e-09,8088530.625297974,49968132.037919834,88.51751886665464,14030668.73903021,155362048.23882002,228034302.40512952,40000000,5.59935888014085,-31008405.33455008,-28175364.466653034,25352320.16707257,-10851891.074471168,-0.2712972768617792,-10265025.828752045,-13311881.187900653,-60269847.36728323,91224770.1918074,17643041.636623517,0.094285845527019,0.1137478266178455,0.0621813793454499,-0.040327886758029896,2021-11-24,2018-04-14,False,False,False,False,False,0.0,0,0,False,[],曦璞传媒
2018-03-31,季报,2018-04-30,非标准无保留意见,True,477486033.99042517,206696517.49603736,270789516.4943878,0.43288494905001174,808493.272303042,6.848560165993996e-09,8310903.914332439,52714220.638460964,101.18197448602292,15722501.455806792,185538332.13533166,267176525.12062493,40000000,6.7697379123596955,-36323080.910971425,-33136819.326814003,9957639.110599836,-7592393.680601928,-0.18980984201504822,-7087792.65737281,-16113683.354883963,-69948379.87641397,109757639.20301703,23695575.971719086,0.20902018557335356,0.5301625968815883,-0.01861330014179881,0.059987247685894425,2021-11-24,2018-06-23,False,False,False,False,False,0.0,0,0,False,[],曦璞传媒
2018-06-30,半年报,2018-08-27,无保留意见,False,549034135.9597653,263464987.80029008,285569148.15947527,0.47986995806686505,1029445.3843652048,8.072239456478133e-09,9503147.848234622,64456703.841170445,108.10383935011642,17546561.64489306,204746711.0890137,306247641.4740693,40000000,7.139228703986881,-41204143.79819792,-37573368.67569146,19742442.22800548,-6972946.981752133,-0.17432367454380332,-6337927.641253513,-57477857.84435145,-74824902.13155942,114762205.30739294,-17540554.668517932,0.054579777889569185,0.0658453040889397,0.04698500901685329,0.0365659298164546,2021-11-24,2018-10-02,False,False,False,False,False,0.0,0,0,False,[],曦璞传媒
2018-09-30,季报,2018-10-27,无保留意见,False,567048631.8433313,270767307.94016224,296281323.90316916,0.47750279735261214,1026514.1635302252,7.812915495917585e-09,9630987.066332433,62942673.3237354,112.69042723786272,18385704.117033806,220995819.01974145,318452141.8824743,40000000,7.4070330975792285,-46529646.58488402,-42562189.6740875,9730215.932703221,-7607861.123837285,-0.19019652809593213,-7126887.140565772,-34829727.80355777,-85623813.50657256,127292678.17390107,6839136.863770738,0.03751167033531108,-0.0633201141880565,-0.002367160714252901,0.15814754680904444,2021-11-24,2018-11-15,False,False,False,False,False,0.0,0,0,False,[],曦璞传媒
2018-12-31,年报,2019-03-30,无保留意见,False,691384993.1005334,325650692.7070915,365734300.39344186,0.4710120930549892,1204592.93494041,9.795472238374503e-09,11774912.404123653,80335350.95133896,151.43412477122232,23109413.30579019,263599154.5948839,373878268.1720289,40000000,9.143357509836047,-48715078.98883364,-44453903.115981184,5340285.43598529,-3122046.2913566157,-0.07805115728391539,-2702447.774133826,-42955504.28021496,-90603995.31484775,159030242.19093794,25470742.595875233,0.23441564110524685,0.4776137673885641,-0.006490704297622913,0.1272243016651733,2021-11-24,2019-04-13,False,False,False,False,False,0.0,0,0,False,[],曦璞传媒
2019-03-31,季报,2019-04-30,无保留意见,False,771868890.0674083,386577169.2937814,385291720.77362686,0.5008326857946317,1286322.4829946354,1.0697528070109585e-08,13211920.775154408,91609294.60469232,163.22021870180754,25285684.15391697,291816634.4879253,438546552.3915956,40000000,9.632293019340672,-51322049.8547653,-46864673.060508415,17141795.380162768,-3724244.094188083,-0.09310610235470207,-3443957.0636103326,-138511576.49531552,-113430462.11659756,174972450.42091474,-76969588.19099835,0.05347439482472919,-0.043392406076150185,0.029820592739642503,0.08763081964002345,2021-11-24,2019-05-25,False,False,False,False,False,0.0,0,0,False,[],曦璞传媒
2019-06-30,半年报,2019-08-27,非标准无保留意见,False,910189866.7068071,492951162.6185569,417238704.08825016,0.5415915740768709,1472245.832247036,1.3453333611517248e-08,16608908.01270441,113212540.50484675,188.9409668325012,31419150.72057801,374074716.84481686,523385661.9104321,40000000,10.430967602206254,-53357340.09750238,-48771745.342753164,4522347.463122238,-2907557.4896243904,-0.07268893724060976,-2724388.97463535,-133168768.30039637,-120857756.50764206,190204637.02216324,-63821887.78587517,0.08291635037077111,0.061517145265239395,0.0407588882822391,-0.01974593734019477,2021-11-24,2019-10-06,False,False,False,False,False,0.0,0,0,False,[],曦璞传媒
2019-09-30,季报,2019-10-27,无保留意见,False,1148414924.4158702,687459335.6425823,460955588.773288,0.5986158147433094,2002090.9070884779,1.559039617498266e-08,19151973.31619162,132044599.44934253,208.86428381984078,36682674.045654014,445153127.0008923,612254641.4730085,40000000,11.5238897193322,-55318806.79561184,-50577050.905989446,7612116.359055965,-2802095.283013517,-0.07005238207533793,-2579007.9474804117,-163361896.84627864,-167716787.88386747,258132541.56904492,-72946143.16110119,0.10477667641252977,0.00748360027250245,0.05702424066643851,-0.060235063362746484,2021-11-24,2019-12-04,False,False,False,False,False,0.0,0,0,False,[],曦璞传媒
2019-12-31,年报,2020-03-30,无保留意见,False,1269346188.1971786,778718634.0498877,490627554.1472909,0.6134801059716284,2339612.3780293907,1.9630928785224353e-08,24964816.032190543,154257507.29615426,293.71492109551554,47362266.8484419,508709543.9822521,745162694.9393927,40000000,12.265688853682272,-52546270.56488891,-47988608.09176142,8457494.48045811,3960766.0438899137,0.09901915109724785,3697775.448897179,-188943551.8157421,-169715705.74397424,262503941.68519223,-96155315.87452412,0.06437055129967506,0.47632812458674184,0.01486429122831906,0.007938281524142526,2021-11-24,2020-05-04,False,False,False,False,False,0.0,0,0,False,[],曦璞传媒
2020-03-31,季报,2020-04-30,无保留意见,False,1448112177.6410513,918067949.4663956,530044228.1746558,0.6339757124077996,2444177.51805274,1.9579183660425473e-08,24178914.920941863,188554678.69735566,312.28640364052825,51387692.46737364,590116849.3600423,849737944.9434512,40000000,13.251105704366395,-51294185.5895462,-46818925.77127098,6229322.066535742,1788692.8219181485,0.044717320547953715,1670974.743557769,-116266545.93873076,-184009228.5803848,343714265.0455009,43438490.52638531,0.08033929952399622,-0.10362566031335124,0.020495606436171286,0.11111629150826052,2021-11-24,2020-06-04,False,False,False,False,False,0.0,0,0,False,[],曦璞传媒
2020-06-30,半年报,2020-08-27,非标准无保留意见,False,1899768744.0827146,1376177502.6968415,523591241.38587296,0.7243921171896719,3406610.232929523,2.5555299976539992e-08,32899933.79592021,231301778.77187917,381.9233189944202,60837163.90334281,762353055.965805,1048018765.4368188,40000000,13.089781034646824,-54265448.34928295,-49623481.88572235,16210211.180292333,-4244661.085338207,-0.10611652713345518,-4006508.73493052,-377201755.3628824,-226935872.11709598,448744275.85680264,-155393351.62317568,-0.012174430822509612,-0.32111621412097835,0.09041640478187231,0.08231532222882829,2021-11-24,2020-10-19,False,False,False,False,False,0.0,0,0,False,[],曦璞传媒
2020-09-30,季报,2020-10-27,无保留意见,False,1872544287.5926347,1327666842.0131216,544877445.5795132,0.7090175921659967,3235697.285325683,2.4294402217685153e-08,28914009.276922904,209290751.5713581,368.37679717532313,56932607.1251664,697540665.6596345,975055245.4940207,40000000,13.621936139487829,-52401675.67982207,-47928378.45741627,5495469.89158706,2662532.384944115,0.06656330962360286,2421576.32615154,-177383054.2673383,-264892951.87990424,437080991.01171154,-5195015.135531008,0.04065424039045907,0.541513911664296,-0.015374525023675267,0.029532373915108347,2021-11-24,2020-11-08,False,False,False,False,False,0.0,0,0,False,[],曦璞传媒
2020-12-31,年报,2021-03-30,非标准无保留意见,False,1838308910.4221373,1263519304.1391094,574789606.2830278,0.6873269758829397,2760630.2569893776,2.5815754394303894e-08,32680888.501916327,222830345.54859224,353.0390791786495,62668842.9172126,735060697.7944821,1017096076.2431855,40000000,14.369740157075695,-50151052.19914326,-45929585.31064092,9741549.504796848,3215176.4009697214,0.08037941002424304,2855418.781107636,-355773377.5674556,-249698354.36672288,410692280.8380356,-194779451.0961429,0.05489704326392338,0.028106451661779414,-0.021690616283057008,0.0435466462276598,2021-11-24,2021-05-24,False,False,False,False,False,0.0,0,0,False,[],曦璞传媒
2021-03-31,季报,2021-04-30,非标准无保留意见,False,1554831343.3479428,976145591.7928137,578685751.5551292,0.6278144545831748,2525073.935329254,2.0452464755735523e-08,26882480.076634765,174652640.42514822,302.48395659132484,53951040.74457086,558304199.754651,826166320.2008369,40000000,14.467143788878229,-43933637.299167424,-40629158.86591537,24739698.264968418,8882021.285679765,0.22205053214199413,7572037.778179363,-120054754.83567046,-239357248.57169986,382785911.64215016,23373908.234779835,0.00677838504648096,0.2803262644019374,-0.059512521299764844,0.14076492214481748,2021-11-24,2021-06-15,False,False,False,False,False,0.0,0,0,False,[],曦璞传媒
2021-06-30,半年报,2021-08-27,保留意见,False,1586036951.9376082,1001149365.4977354,584887586.4398729,0.6312270116245808,3235393.741679332,2.3811495678041973e-08,30523953.668563776,209523511.2243459,358.52456490329774,60055774.37304456,643857512.9848651,983592418.627708,40000000,14.622189660996822,-33651500.12561638,-32438476.503206328,66505298.562893294,14688767.390787203,0.3672191847696801,11700974.803870063,-20549078.79796713,-223733980.9801595,340067558.4639988,95784498.68587217,0.010717103139444989,0.22435442893017976,0.0034125570414059872,0.09597529632845203,2021-11-24,2021-10-09,False,False,False,False,False,0.0,0,0,False,[],曦璞传媒
2021-09-30,季报,2021-10-27,无保留意见,False,1941095500.1415,1217061906.4029062,724033593.7385939,0.6269974384640972,3069026.850642191,2.399617605100629e-08,29801512.76696629,197902879.52058455,334.25863458059933,58554866.29334043,629343309.2424538,961002041.5749977,40000000,18.100839843464847,-20780199.314909194,-21058074.502693478,75370529.32777527,18387572.586724557,0.4596893146681139,16257717.143589787,-263491136.4951098,-273965361.7006654,459946388.88629913,-77510109.30947614,0.23790213799147797,0.1167229116337512,-0.004229573160483597,0.02767436109891324,2021-11-24,2021-12-15,False,True,True,False,False,0.0,3,4,True,"['公司在相应期间是否按照中国证券监督管理委员会相关规定为中小股东参与现金分红决策提供了便利', '公司为增强投资者回报水平拟采取的措施']",曦璞传媒
2021-12-31,年报,2022-03-30,无保留意见,False,1836237575.5892358,1162413814.5380397,673823761.0511962,0.6330410781214022,3404437.395339838,3.009269166139339e-08,33279578.443068683,232591913.0659648,387.33984204230273,59265972.28408731,693834279.6812764,1049544404.306296,40000000,16.845594026279905,-3501232.9741638443,-5695177.996646029,18994063.990181405,24684237.629636213,0.6171059407409053,21946995.008639213,-317485353.38900256,-281209052.1877416,387906563.37668824,-210787842.20005584,-0.06934737990282472,0.17793435894706777,0.006043639657305003,-0.02463158816794268,2021-11-24,2022-04-23,True,False,False,False,False,22056091.243611116,0,0,True,"['公司为增强投资者回报水平拟采取的措施', '公司在相应期间是否按照中国证券监督管理委员会相关规定为中小股东参与现金分红决策提供了便利', '留存未分配利润的预计用途以及收益情况', '是否影响偿债能力、过去十二个月内是否使用过募集资金补充流动资金以及未来十二个月内是否计划使用募集资金补充流动资金等内容']",曦璞传媒
2022-03-31,季报,2022-04-30,无保留意见,False,2065713795.6917186,1224958021.1743193,840755774.5173994,0.5929950333531725,3354349.3291081293,2.6327694315320923e-08,32550633.414451472,229569197.7254313,396.98388937918446,65461953.543840595,792162003.2838898,1089693146.914513,40000000,21.018894362934986,3620508.845092386,1195858.2491968237,12476211.15664894,10173916.884651758,0.2543479221162939,9844337.494061219,-211115864.5184957,-320864119.8093854,452206793.8266027,-79773190.5012784,0.2477383896432823,-0.3481009026459455,-0.040046044768229636,0.13058556549801348,2021-11-24,2022-05-15,True,False,False,False,False,8124292.9856306445,0,0,True,['根据公司盈利能力、融资能力及其成本、偿债能力及现金流等情况披露现金分红方案的合理性，是否导致公司营运资金不足或者影响公司正常生产经营'],曦璞传媒
2022-06-30,半年报,2022-08-27,非标准无保留意见,False,2279061576.45648,1409170326.144777,869891250.3117028,0.6183116510330435,4388055.396163019,3.5423748906382494e-08,44230540.00807311,285308826.58655506,494.72704307101947,80351437.0463226,881061945.0264282,1341899055.131108,40000000,21.747281257792572,8978579.007953346,6152743.6305263955,12914965.37308718,7654385.946944229,0.19135964867360572,7081264.830470818,-388053090.1834018,-359166498.82399404,521204747.546938,-226014841.46045786,0.03465391101360841,-0.09271872540136449,0.025316617679871017,0.17615028947901185,2021-11-24,2022-09-07,False,False,False,False,False,0.0,0,0,False,[],曦璞传媒
2022-09-30,季报,2022-10-27,无保留意见,False,2270187824.647576,1539093205.250984,731094619.396592,0.6779585321271436,3640837.2589716855,2.9577690205901896e-08,41114298.08555887,237937508.0585809,436.8039049821761,75358762.83222821,870885447.4006732,1210043218.273045,40000000,18.2773654849148,17494201.285718117,13156463.249523573,20344112.188429996,12165174.682521101,0.3041293670630275,10005313.74142454,-250324553.38347208,-330925031.0432036,511595997.04610044,-69653587.38057524,-0.1595563018542567,0.18296090380364793,0.05964688109410011,0.07793854951591736,2021-11-24,2022-11-13,False,False,True,False,False,0.0,0,3,True,"['上市公司控股子公司向母公司实施利润分配的情况', '公司在相应期间是否按照中国证券监督管理委员会相关规定为中小股东参与现金分红决策提供了便利']",曦璞传媒
2022-12-31,年报,2023-03-30,无保留意见,False,1591591069.4117694,924312367.8863857,667278701.5253838,0.5807473952640354,3202314.862097228,2.35720206628569e-08,29745859.240281794,201593303.56110612,340.65388603229724,55934586.31683303,693666551.7742814,975261681.4946326,40000000,16.681967538134597,18110698.63249046,13751410.060546711,3511338.091156853,880710.4953890629,0.022017762384726573,849924.0157473427,-166571109.9345198,-222791978.83016706,392618566.06689197,3255477.3022051454,-0.08728817881860305,-0.3869157071736964,-0.09721113686310831,0.012065975001143375,2021-11-24,2023-04-16,False,False,False,True,False,0.0,0,0,False,[],曦璞传媒
2023-03-31,季报,2023-04-30,无保留意见,False,1869045831.8623853,1203613818.210697,665432013.6516882,0.6439723401599908,3217997.7769704447,2.6890539934480967e-08,34795941.3650956,214530023.4882043,398.10691073152645,61676187.27489355,768508100.1438711,1035024340.1045014,40000000,16.635800341292207,11413564.97344817,7338474.599027899,18115951.814048547,-9567333.798631843,-0.23918334496579607,-9161336.373598304,-30050663.31164306,-255792682.64285922,481439935.2174278,195596589.2629255,-0.002767491108998648,-0.5843193030117659,0.06322494489595555,-0.060331060099441954,2021-11-24,2023-05-17,False,False,False,False,False,0.0,0,0,False,[],曦璞传媒
2023-06-30,半年报,2023-08-27,无保留意见,False,1963804718.5200796,1243808357.5168319,719996361.0032476,0.6333666203094593,3295438.5193858338,2.561325039586756e-08,31455809.563511677,206187983.31240723,395.78025199791284,62682971.99440843,652817114.9787158,1044551431.5875448,40000000,17.99990902508119,4459463.1406974,773957.762745297,8238876.825340373,-9934431.189643959,-0.24836077974109896,-9377881.194689432,-64829935.76601205,-282669540.9723804,450693070.4459155,103193593.70752305,0.08199838034862039,-0.04938973190327628,-0.010605719850531565,-0.0035274002783992325,2021-11-24,2023-09-29,False,False,False,True,True,0.0,0,0,False,[],曦璞传媒
2023-09-30,季报,2023-10-27,无保留意见,False,2545096989.4907293,1781643793.9094028,763453195.5813267,0.700029822543583,4301869.136066339,3.9073666695915145e-08,42767156.79598905,310673525.87378937,554.3304055991099,92451209.87810409,1030213763.3438075,1473249958.6644788,40000000,19.086329889533168,-4279183.559160364,-7064029.705258066,16895218.009991504,-12483780.999796806,-0.31209452499492013,-11197124.954290519,-60929556.19662406,-345656115.8828607,586013396.9401978,179427724.86071306,0.06035701974594152,-0.3608131034569011,0.06666320223412377,-0.07478429689367186,2021-11-24,2023-12-15,False,False,False,True,False,0.0,0,0,False,[],曦璞传媒
2023-12-31,年报,2024-03-30,无保留意见,False,2648113259.7825665,1856784993.9529111,791328265.8296554,0.7011728018405714,4042954.484059364,3.2163998189388436e-08,42263534.66858624,314606800.6278946,501.36856533066515,72809802.4928317,855678423.7450466,1381798325.0723886,40000000,19.783206645741384,-12650638.127484137,-14321483.840653794,38118920.19761353,-11959220.811891105,-0.2989805202972776,-10367791.6219939,-416597627.03113604,-372952382.7612171,637335553.0903705,-152214456.70198262,0.03651182601587432,0.11615029915114848,0.0011429792969883548,0.16073333925519015,2021-11-24,2024-04-12,False,False,False,False,False,0.0,0,0,False,[],曦璞传媒
2024-03-31,季报,2024-04-30,无保留意见,True,2792409558.2025423,1934705171.7944367,857704386.4081054,0.6928443451682622,4598417.891824554,3.676962813663337e-08,45648631.45025465,306702739.3370163,533.3559160472006,92250072.07812163,1006796327.5337826,1491421090.8422093,40000000,21.442609660202635,-18712810.64654487,-19728083.434896473,16645134.02340053,-8660246.45580105,-0.21650616139502624,-7723713.70606097,-287820164.5624539,-437945358.73266214,605985647.3858751,-119779875.90924096,0.08387937527905569,0.6544572243656839,-0.008328456672309264,0.05821781074274875,2021-11-24,2024-06-17,False,False,False,False,False,0.0,0,0,False,[],曦璞传媒
2024-06-30,半年报,2024-08-27,无保留意见,False,2822337085.361532,2002414892.4804258,819922192.8811065,0.7094882120446371,4642530.259125965,3.74428991992917e-08,46426614.90576932,330483870.22275114,509.65071009889266,90102905.91507524,1076390649.3224692,1458038036.1029365,40000000,20.49805482202766,-26238407.414032992,-26641292.73005753,26221876.32807062,-10750852.524983035,-0.26877131312457586,-9876013.27880151,-215003710.12938902,-399447265.0194205,648502893.3276905,34051918.17888093,-0.044050367615843786,-0.25067959839606896,0.01664386687637492,0.13645544036763654,2021-11-24,2024-09-29,False,False,True,False,False,0.0,0,6,True,"['上市公司控股子公司向母公司实施利润分配的情况', '结合前述财务报表列报项目的具体情况说明现金分红方案确定的依据及未来增强投资者回报的规划', '充分披露高送转的主要考虑及其合理性且送转股后每股收益不低于0.5元']",曦璞传媒
2024-09-30,季报,2024-10-27,无保留意见,False,3675633159.900339,2885780237.9296103,789852921.9707286,0.7851110577117155,6979206.224386877,5.6306684160797374e-08,66290872.66904207,440374390.40619576,784.9172816619608,127190110.2732432,1481422324.0295882,2140314185.1360934,40000000,19.746323049268216,-33572352.494513154,-33370837.947023205,46007006.85499448,-10477064.400685942,-0.26192661001714856,-9613636.024236675,-697836830.9476712,-501914248.339084,878830193.011531,-320920886.2752241,-0.03667332238528404,0.043812076029834904,0.07562284566707837,0.03914042507109094,2021-11-24,2024-12-11,False,False,False,True,False,0.0,0,0,False,[],曦璞传媒
2024-12-31,年报,2025-03-30,无保留意见,False,3694108874.251028,2959005403.554901,735103470.6961268,0.8010065496932146,6296098.753052761,5.330608968667871e-08,69333851.83204056,466884634.02584594,691.6474912625614,128793447.50709647,1544980705.8192136,2125955879.6690726,40000000,18.37758676740317,-42124416.07698983,-40552577.94273254,0.0,-12217233.689252403,-0.30543084223131006,-10259628.565299056,-257597521.87187698,-517022727.0560727,830400597.5749967,55780348.64704704,-0.06931600776762194,-0.26677701505277085,0.01589549198149911,0.015276326501714742,2021-11-24,2025-05-09,False,False,False,True,False,0.0,0,0,False,[],曦璞传媒
2017-03-31,季报,2017-04-30,无保留意见,False,244972996.0011903,69436714.16534384,175536281.83584645,0.2834464014352278,6509385.299643925,193234.11565701102,2395447.710336274,21520244.944639783,8775221.24083177,24842762.277066506,1849.073504759296,62306735.912892625,40000000,4.3884070458961615,2198699.373455933,1986990.6011729087,9223132.49957561,3140999.1049370468,0.07852497762342617,2838558.001675584,17998816.605884124,23831705.230542593,119992457.25076255,161822979.08718926,-0.02479843424529752,0.11894439471872485,-0.016553598564772204,0.07135780556906901,2021-04-23,2017-06-26,False,False,False,False,False,0.0,0,0,False,[],珏瑗物流
2017-06-30,半年报,2017-08-27,无保留意见,False,288765054.00737965,108367099.82125078,180397954.18612888,0.37527775025880156,6242405.408778114,196517.16065431226,2069254.5757945355,19140880.361153267,7615534.587605451,26426777.80703777,1643.6884584647405,61526116.35201829,40000000,4.5099488546532225,16154956.020105315,14010324.150981376,33861970.22411333,19937509.495213404,0.4984377373803351,17176190.78544067,32920901.224260397,27669288.858997487,139573839.54631993,200164029.62957782,0.02769611102295561,0.8339462358726347,0.09183134882357377,-0.012179101545117768,2021-04-23,2017-09-22,False,False,False,False,False,0.0,0,0,False,[],珏瑗物流
2017-09-30,季报,2017-10-27,无保留意见,False,301239418.00963926,121906093.52491541,179333324.48472387,0.40468174560413794,7444083.556496162,208305.20734114238,2390098.580403699,21795580.04017789,8648558.519580359,28409197.537546962,2080.6445586497075,72744567.41164038,40000000,4.483333112118097,49462236.0581912,42328231.577707805,37884075.795202814,47581828.62583699,1.1895457156459248,40454153.466752045,18005172.473231785,25107931.677474692,150862543.9799201,193975648.13062656,-0.005901561945134688,0.7484077705402935,0.0294039953453364,0.05375636512402738,2021-04-23,2017-11-11,False,False,False,False,False,0.0,0,0,False,[],珏瑗物流
2017-12-31,年报,2018-03-30,非标准无保留意见,False,305158980.9077514,104287206.46675922,200871774.44099215,0.3417471317951639,7621629.996517795,208254.2088833143,2401257.5631068847,23118163.982244734,8372125.40743241,26928141.582861874,1904.6838020077264,70400403.60425347,40000000,5.021794361024804,70195526.5325633,60141030.582616314,103801975.90789707,29618986.391960144,0.7404746597990036,25446855.72129788,27457649.25394555,29977458.78629126,146072595.7406253,203507703.7808621,0.1201028867231141,-0.2781408116816706,-0.06293461380897405,-0.031685372674579416,2021-04-23,2018-04-27,False,False,False,False,False,0.0,0,0,False,[],珏瑗物流
2018-03-31,季报,2018-04-30,无保留意见,False,270857477.70783746,79230174.44591439,191627303.26192304,0.292516105209311,6310261.040560829,188592.8880032833,2024187.9815182905,19048408.25511459,7450804.055431459,25822329.437082727,1689.9564513733824,60798976.655766785,40000000,4.790682581548076,91792049.92363328,77987074.23837064,25962744.830760103,30852176.272957124,0.7713044068239281,25494348.079649024,51442165.98082427,26114413.08956585,131845332.85597828,209401911.92636842,-0.04602175295556391,0.026452524527853176,-0.0492310265858529,0.1456042602159561,2021-04-23,2018-06-12,False,False,False,False,False,0.0,0,0,False,[],珏瑗物流
2018-06-30,半年报,2018-08-27,无保留意见,False,266139362.24246266,66299197.055078626,199840165.18738404,0.2491145860441254,6266470.232265114,170044.5864278328,2152508.7084407373,20847370.703594565,6733809.572671993,24241432.203333065,1626.3804386266347,57052346.87680977,40000000,4.996004129684601,102396484.29592498,87323425.47022232,42090656.506749,15149191.960416708,0.3787297990104177,13337644.616930973,5185684.570938214,23902069.286863405,129645957.11605205,158733710.97385368,0.04285851643090438,-0.3281561160973717,-0.04340151916518562,-0.09686412724722901,2021-04-23,2018-09-17,False,False,False,False,False,0.0,0,0,False,[],珏瑗物流
2018-09-30,季报,2018-10-27,无保留意见,False,204595938.9965256,40919187.79930512,163676751.19722047,0.2,4742468.581752677,144509.43668644395,1740733.9422555151,15581023.69669106,6275034.963290021,20869558.96164817,1336.0480793035488,48968255.2263155,40000000,4.091918779930512,111694018.36449799,95997933.0301079,11574313.37387238,13282191.526532888,0.33205478816332223,12392153.656979395,31776319.27540973,19159574.165315315,99213841.75794512,150149735.19867015,-0.18096168983974892,-0.05807301272711745,-0.059904672381518864,0.044206905003120016,2021-04-23,2018-11-06,False,False,False,False,False,0.0,0,0,False,[],珏瑗物流
2018-12-31,年报,2019-03-30,保留意见,False,213930837.32522935,42786167.46504587,171144669.86018348,0.2,4947581.798253839,153373.33790756133,1794842.1545635539,14171513.78439614,5764793.153923896,20904260.26218386,1293.7700745614889,46525458.38788957,40000000,4.278616746504587,120565507.42334975,103740256.93730311,7724378.743262553,12673555.798359662,0.31683889495899153,11060462.72456458,4391037.503395486,16518056.126470646,100418483.29500046,121327576.92486659,0.04562601962916913,-0.020098800565340358,-0.010268725688260106,0.11661610755104186,2021-04-23,2019-05-20,False,False,False,False,False,0.0,0,0,False,[],珏瑗物流
2019-03-31,季报,2019-04-30,保留意见,False,195731438.6282866,39146287.72565732,156585150.9026293,0.2,4745189.714773934,128780.78539043429,1597555.1284813343,13587243.803096218,5578477.404045946,20631227.952338446,1245.708059927556,45108324.32487917,40000000,3.9146287725657323,125080007.2986425,107823686.26953563,11183011.710070599,6449285.5361324735,0.16123213840331183,5833470.474617908,11578075.639256569,18494953.857314404,97343880.7774387,127416910.27400967,-0.08507141338055452,-0.20975815316920202,-0.012735294375840183,-0.06693319623692119,2021-04-23,2019-05-29,False,False,False,False,False,0.0,0,0,False,[],珏瑗物流
2019-06-30,半年报,2019-08-27,无保留意见,False,219281076.4714641,43856215.294292815,175424861.1771713,0.2,5144665.2353842715,152232.73449711106,1802650.3789318306,16935655.2317175,6664377.244984058,21224470.354920052,1502.5124467094279,51150935.128680676,40000000,4.385621529429282,119787092.54228038,102754569.35482842,27355120.156314667,-7561306.7948030345,-0.18903266987007586,-7241595.592438875,13134005.216992227,21043674.923763078,98164396.31022812,132342076.45098343,0.12031607190044015,-0.5974848278147709,-0.011074330851261903,-0.13408390922871946,2021-04-23,2019-10-01,False,False,False,False,False,0.0,0,0,False,[],珏瑗物流
2019-09-30,季报,2019-10-27,无保留意见,False,206717136.63198066,41343427.32639613,165373709.30558452,0.2,4445872.994176587,121905.61506935468,1580223.94929421,14319010.975172589,4985743.440024242,16556935.726116454,1124.8614325144904,43151922.109302714,40000000,4.134342732639613,117469471.52730124,100848952.15515661,11282338.355178524,-3310887.164255917,-0.08277217910639793,-2722310.285245455,5424757.258844897,19204054.547972657,97180581.13328154,121809392.94009909,-0.057296051449831624,0.45031865515099345,0.03450319470053442,0.05784438873833144,2021-04-23,2019-12-14,False,False,False,False,False,0.0,0,0,False,[],珏瑗物流
2019-12-31,年报,2020-03-30,无保留意见,False,212886315.04952082,43397075.52926049,169489239.52026033,0.2038509404381659,4802059.577509943,134394.9347150223,1844779.587081272,17283670.991998654,6429004.1022787765,17885926.94548921,1433.0487880848661,50085093.19386993,40000000,4.237230988006508,120928388.97660407,104034299.01098596,22758296.7682218,4941310.641861208,0.1235327660465302,4550495.508327627,8714367.73241262,19981639.741130326,97054842.8906754,125750850.36421834,0.02488624238978011,0.6028292633083969,0.01421618299038716,0.0075217549055807695,2021-04-23,2020-05-27,False,False,False,False,False,0.0,0,0,False,[],珏瑗物流
2020-03-31,季报,2020-04-30,非标准无保留意见,False,212256310.07793683,42451262.01558737,169805048.06234947,0.2,4734192.317306528,140315.5120217357,1749926.3232909306,15521351.70871087,5767033.652885098,19570369.76715874,1417.7221383664983,48391654.34153704,40000000,4.245126201558737,126285781.81140849,109048997.05170722,0.0,7653418.335434884,0.1913354583858721,7163854.343887527,32488221.752960935,19241271.96124487,103402259.86515684,155131753.57936263,0.0018632955282769314,0.12360736957979715,-0.06259475715150556,0.11372019235483094,2021-04-23,2020-06-11,False,False,False,False,False,0.0,0,0,False,[],珏瑗物流
2020-06-30,半年报,2020-08-27,无保留意见,False,223191148.56982008,44638229.713964015,178552918.85585606,0.2,5254093.566636433,147898.70543620145,1788258.4468612554,14215206.155577555,5756186.012362075,18878482.017940078,1267.8183877508316,48835931.866426185,40000000,4.463822971396402,130518132.52344921,112901132.42336385,25046997.126515146,6046215.302915316,0.1511553825728829,5503050.53093802,23151791.845289458,19024423.12780534,108872084.29138507,151048299.26447988,0.051517142118734364,-0.06519189390501283,0.015377907515818382,0.050664636497524056,2021-04-23,2020-09-10,False,False,False,False,False,0.0,0,0,False,[],珏瑗物流
2020-09-30,季报,2020-10-27,保留意见,False,230273959.36296225,46054791.87259244,184219167.4903698,0.2,5759261.6373922415,155719.83145895545,1895325.9591832948,17772191.66520691,6153522.431997347,21715718.587654553,1516.2628383191231,53160724.35321957,40000000,4.605479187259245,141117413.00808474,122729680.83615321,68211213.41192724,15141829.263765074,0.37854573159412686,14040783.446841948,37207840.540150784,21032626.97068397,117616115.91191769,175856583.42275244,0.03173428175144001,0.39466844517846617,0.0018420446969265015,-0.07752773102928187,2021-04-23,2020-12-16,False,False,False,False,False,0.0,0,0,False,[],珏瑗物流
2020-12-31,年报,2021-03-30,无保留意见,False,241066450.80806607,48213290.16161321,192853160.64645284,0.2,6167710.387246613,165525.21937275445,2075072.6027132217,19624257.184975065,7406449.175931045,23299167.60541611,1726.3457494799352,59432489.33329123,40000000,4.821329016161321,154046461.1825884,134166863.95408991,0.0,18470068.820719473,0.46175172051798685,16338833.025623862,4273318.151847837,22630030.913427573,115581621.99390407,142484971.05917948,0.04686805001729487,0.10354854198377787,-0.025894144770023195,-0.0062807168344480345,2021-04-23,2021-05-10,False,False,False,True,True,0.0,0,0,False,[],珏瑗物流
2021-03-31,季报,2021-04-30,无保留意见,False,233385260.9565017,46677052.19130034,186708208.76520136,0.2,5057279.1355875125,150578.54306020026,1963883.3962617577,16149480.569170788,6198107.628087213,19912865.589866452,1357.8873271462335,50519199.93039374,40000000,4.667705219130034,154223163.66674513,134336784.50020787,824000.3931723321,252432.12022389472,0.006310803005597368,242743.63731137282,32674757.76780335,22893626.591284372,116853157.17318584,172421541.53227356,-0.03186337138916118,-0.5136059022770753,-0.03403780517050604,-0.049808390339272784,2021-04-23,2021-06-05,False,False,False,False,False,0.0,0,0,False,[],珏瑗物流
2021-06-30,半年报,2021-08-27,无保留意见,False,253551989.3996548,50710397.87993096,202841591.51972383,0.2,5965556.249583258,190680.03118471868,2321523.1171868984,21475658.847972643,7719830.661979203,26166962.72694782,1703.7666922206558,61883345.08983326,40000000,5.0710397879930955,151967097.9461085,132341554.85116346,5703065.405469915,-3222951.0294808988,-0.08057377573702247,-2850328.070063433,20664782.35915421,23769024.69887357,127330696.60934708,171764503.66737485,0.08640960599012194,-0.20144308497993324,0.06916365903535399,0.07539118876202124,2021-04-23,2021-10-03,False,False,False,False,False,0.0,0,0,False,[],珏瑗物流
2021-09-30,季报,2021-10-27,无保留意见,False,249732744.24041802,49946548.8480836,199786195.39233443,0.2,5520824.862044903,164235.58216607323,1834291.9170634225,18929516.674312968,7599379.843270646,23666698.187975153,1564.55160204968,57321079.70044542,40000000,4.9946548848083605,147065323.6591496,128131039.82326536,11212395.566915538,-7002534.695655592,-0.1750633673913898,-6015021.468425869,20789255.798431825,21506152.644459695,112024074.27820018,154319482.7210917,-0.015062966645537761,-0.27433913273172345,-0.03325348684790136,0.07949531978531314,2021-04-23,2021-12-08,False,True,False,True,False,0.0,4,0,True,"['根据公司盈利能力、融资能力及其成本、偿债能力及现金流等情况披露现金分红方案的合理性，是否导致公司营运资金不足或者影响公司正常生产经营', '充分披露高送转的主要考虑及其合理性且送转股后每股收益不低于0.5元']",珏瑗物流
2021-12-31,年报,2022-03-30,无保留意见,False,252310299.1290518,50462059.82581036,201848239.30324143,0.2,5991345.772305594,180232.4468500922,2199694.3305746587,18441498.21622874,6656825.945747384,25933056.99770984,1506.308171627024,58482089.2023835,40000000,5.046205982581036,144059589.00145236,125446580.1454082,18865290.113409165,-4293906.653853189,-0.10734766634632972,-3834942.396938814,21288267.812141426,22916004.63524157,120688483.47861007,164892755.92599308,0.010321253212002923,0.27093147706402804,-0.006332489710045426,0.15535920643364098,2021-04-23,2022-04-25,False,False,False,False,True,0.0,0,0,False,[],珏瑗物流
2022-03-31,季报,2022-04-30,无保留意见,False,270761660.6534822,54152332.13069644,216609328.52278575,0.2,6232309.149885849,182379.52228162682,2177706.4231161904,18146605.606027476,7698182.881510244,24594661.172771547,1782.437774264718,61157462.09157451,40000000,5.4152332130696434,145914446.2502301,127183402.63432385,7584800.360893412,2649796.069682516,0.0662449017420629,2481174.984165217,36230246.17194672,25930156.287394427,126315051.01959698,188475453.47893813,0.07312964071669897,0.5464860468415668,-0.018246979151318198,0.08984840642619255,2021-04-23,2022-05-15,True,True,False,False,False,2717116.6066639726,0,0,True,"['留存未分配利润的预计用途以及收益情况', '上市公司控股子公司向母公司实施利润分配的情况']",珏瑗物流
2022-06-30,半年报,2022-08-27,无保留意见,False,308509059.72497576,61701811.94499515,246807247.7799806,0.2,6760206.49928984,192349.97619530867,2427510.3587971497,23089770.737577174,7786910.8200055715,25576047.95923553,1806.723386134999,65941885.233257554,40000000,6.170181194499515,150919724.15272814,131505355.37937601,10350774.027885102,7150397.003568586,0.17875992508921465,6174218.207217365,12916225.63614418,28571803.90733155,139796852.65271822,181284882.19619393,0.13941190558659725,0.22904059247871797,-0.02802195721976385,0.12405318654633976,2021-04-23,2022-09-12,False,False,False,False,True,0.0,0,0,False,[],珏瑗物流
2022-09-30,季报,2022-10-27,无保留意见,False,266834294.0556793,53366858.81113586,213467435.24454343,0.2,6217977.047102826,174620.9320300481,2548769.0736991204,19734137.74250375,6928570.947990519,23492662.58439985,1527.1539319607116,59718029.86162568,40000000,5.336685881113586,150784628.66321638,131391609.41350839,721942.0364141358,-192993.5564453639,-0.0048248389111340976,-162494.23695372688,37268259.60534857,24590468.509922303,128248031.66216314,190106759.77743402,-0.13508441439758026,-0.3040691446574917,0.04842790355423504,-0.09765899636422233,2021-04-23,2022-12-24,False,True,False,False,False,0.0,4,0,True,"['结合所处行业特点、发展阶段和自身经营模式、盈利水平、偿债能力、资金需求等因素，未进行现金分红或现金分红水平较低原因的说明', '公司在相应期间是否按照中国证券监督管理委员会相关规定为中小股东参与现金分红决策提供了便利']",珏瑗物流
2022-12-31,年报,2023-03-30,无保留意见,False,293337044.6470357,58667408.92940715,234669635.71762857,0.2,6220471.825681203,197594.83737391373,2492231.9150374024,19332877.413620606,7638430.595697922,25379008.647767592,1737.687959643374,62586312.737436995,40000000,5.866740892940714,147477743.77901965,128435870.55819294,22321158.171279404,-4724121.263138186,-0.11810303157845466,-4222484.079022085,46223668.115307935,27572855.96091314,137264292.17594588,211060816.25216696,0.09932288008611909,-0.26959754682729214,0.0667731817507933,0.032831119246233983,2021-04-23,2023-05-26,False,False,False,False,False,0.0,0,0,False,[],珏瑗物流
2023-03-31,季报,2023-04-30,无保留意见,True,314187710.33083904,62837542.0661678,251350168.2646712,0.2,7333527.354453291,227370.1034420017,2721955.710589133,24634607.030193646,8705525.180178313,28627645.131320816,1904.0753710524418,71359700.08820458,40000000,6.28375420661678,144415487.62809384,125796520.39762442,5611354.476583449,-4374651.644179719,-0.10936629110449296,-3770500.2293835813,32821732.545042217,30630173.515815735,145505523.46798128,208957429.52883923,0.07108091550077593,0.028467992104637435,-0.03631275885415326,0.2627805843981766,2021-04-23,2023-05-11,False,False,False,False,False,0.0,0,0,False,[],珏瑗物流
2023-06-30,半年报,2023-08-27,非标准无保留意见,False,381007760.4467416,87914726.24935298,293093034.1973886,0.23074261308029703,8298041.070837186,263660.30122832226,2970317.8506730106,26117966.156150926,10759770.142581113,35423440.85922406,2251.5213115077727,84862112.32081698,40000000,7.327325854934715,139514822.3611656,121357793.2592072,0.0,-7000950.381326044,-0.1750237595331511,-6341038.769167442,60931813.59493904,39459954.26318939,163212887.19155702,263604655.04968545,0.16607454938626584,-0.2080179226053278,0.07000135496422084,-0.013209863536712387,2021-04-23,2023-10-10,False,False,False,False,False,0.0,0,0,False,[],珏瑗物流
2023-09-30,季报,2023-10-27,保留意见,True,419862330.1171465,110888092.78390992,308974237.3332366,0.2641058385804005,9651983.854701383,277311.1495828717,3448850.628459145,27518317.281639975,11666317.115688935,35340553.38189808,2470.593162568422,93354637.79310401,40000000,7.724355933330914,136656055.30131432,118754286.52433462,16699277.998596052,-4083952.9426447153,-0.10209882356611788,-3719295.3355322354,52519076.5602362,38771263.16279328,176937401.1857986,268227740.90882808,0.05418485355456314,0.29172746910202607,0.03336322550010346,-0.09710592246291558,2021-04-23,2023-11-07,False,False,False,False,False,0.0,0,0,False,[],珏瑗物流
2023-12-31,年报,2024-03-30,保留意见,False,486605636.89124733,164403448.20027584,322202188.6909715,0.3378576731058682,10349740.602612376,336527.24386735685,4091963.244999152,40240599.583783604,14583807.42416992,44204342.412088014,3126.4658245252526,113603793.7120619,40000000,8.055054717274288,133133354.52991909,115880188.2587423,6152492.656099658,-5032429.673421755,-0.1258107418355439,-4105854.6651318963,49149871.20632957,46177431.41611034,246598821.51180628,341926124.1342462,0.04281247353146856,-0.07343397918614061,0.07375183452546769,-0.0015060468976323467,2021-04-23,2024-05-14,False,False,False,False,False,0.0,0,0,False,[],珏瑗物流
2024-03-31,季报,2024-04-30,无保留意见,False,403757925.2348603,108885991.15352026,294871934.0813401,0.2696813718026285,9483892.109785054,262077.09208556951,3245035.657238794,30471916.36844979,12021222.791424304,37764613.86284875,2337.531908325954,92713753.39963305,40000000,7.371798352033502,136852184.9769715,119541115.03023858,15075009.260191614,5312614.9243605845,0.13281537310901462,5229895.387851823,58915019.88553252,36824130.61633783,208418169.09405947,304157319.5959298,-0.08482330526886707,0.8644231297983258,-0.06817630130323969,-0.0383348545881875,2021-04-23,2024-06-26,True,False,False,True,False,1748883.3189049675,0,0,True,['根据公司盈利能力、融资能力及其成本、偿债能力及现金流等情况披露现金分红方案的合理性，是否导致公司营运资金不足或者影响公司正常生产经营'],珏瑗物流
2024-06-30,半年报,2024-08-27,无保留意见,False,474472657.9147208,169576661.8631436,304895996.0515772,0.35740028225951515,12270154.817149546,341608.12540148397,3938593.9278638135,39313198.86973535,13627589.879478855,49080599.05954957,3425.2520883191814,114534821.44366574,40000000,7.62239990128943,142500102.08664423,124632293.26651308,14697500.236715125,8068453.013818208,0.20171132534545522,7273111.766106425,48458577.02335244,42232023.78107898,239503816.0695835,330194416.8740149,0.03399462889361314,0.12351031462694403,0.08771891045688666,-0.1543924812905172,2021-04-23,2024-09-21,False,False,False,False,False,0.0,0,0,False,[],珏瑗物流
2024-09-30,季报,2024-10-27,无保留意见,False,517107127.2095052,205683294.3501304,311423832.8593748,0.3977576086797932,11186987.28745631,313231.88881951454,3575956.9878511876,37899626.353999056,12764450.232963948,44923524.530061536,3055.210723714922,106464989.1907858,40000000,7.78559582148437,146285387.65661898,128080311.08571762,17780446.57163659,5407550.814249627,0.1351887703562407,4925739.741720767,21081547.700231783,44507519.19326427,243443831.36592436,309032898.2594204,0.021410044383440647,-0.10614544894740188,0.04035732642027804,-0.017882536584837593,2021-04-23,2024-12-15,False,False,False,False,False,0.0,0,0,False,[],珏瑗物流
2024-12-31,年报,2025-03-30,无保留意见,False,564975855.9203422,200692072.52081543,364283783.39952683,0.35522238767865444,13697240.21564894,376529.80252885807,4081290.006319717,40048270.43645802,15836207.820224753,54820001.758262455,3491.2397591686045,126554055.46924672,40000000,9.107094584988172,162043754.171432,141869720.28428406,55420552.04264227,22511952.16401857,0.5627988041004642,19699155.99795205,40214351.07552734,53923833.9987367,264787162.12785137,358925347.2021154,0.16973636877695625,0.763332034435988,-0.042535221001138754,0.10355015633387316,2021-04-23,2025-05-23,False,False,False,False,False,0.0,0,0,False,[],珏瑗物流
2017-03-31,季报,2017-04-30,无保留意见,False,272027999.66158646,82082572.13929825,189945427.5222882,0.3017431008624561,119712333.33371413,16.595602717364596,6599815.634608325,4911331.173467794,3383922.5708752223,9199063.050841354,2041300.8304268892,136931888.62375325,40000000,4.748635688057205,624118.0176784903,542639.5017899919,613732.027263086,891597.168112129,0.022289929202803226,775199.288271417,8499679.388362313,13066364.13823522,-26605893.664920934,-5039850.1383234,0.05525237512382345,-0.006022379549326185,0.0017431008624561116,0.030487001300853172,2021-11-29,2017-06-01,False,False,False,False,False,0.0,0,0,False,[],曦滢机械
2017-06-30,半年报,2017-08-27,无保留意见,False,252539877.0350157,77171399.52622469,175368477.50879103,0.30558104499086514,100873176.89272732,15.711705193367203,6073701.02802673,5338199.620653229,3090725.0266203126,8991805.41996756,1813442.9493561035,130538517.3917081,40000000,4.384211937719776,552091.7174028076,478368.16414978565,428031.1415231168,-102894.71467954665,-0.0025723678669886665,-91816.19662886599,45583222.517937265,12196651.55756021,-24745834.086522575,33034039.988974903,-0.07674283189463314,-0.05558429878826814,0.003837944128409041,0.0593717077394303,2021-11-29,2017-10-03,False,False,False,False,False,0.0,0,0,False,[],曦滢机械
2017-09-30,季报,2017-10-27,无保留意见,False,236714573.42198762,51480195.18430513,185234378.2376825,0.217477928967779,92693773.52267125,14.618727390523086,5575718.140730725,4380293.311949157,3191506.579335757,7614027.464533179,1571541.3846074152,118142822.08347738,40000000,4.630859455942062,147872.85795546006,92894.71246245079,2825613.4900623322,-577455.5134962108,-0.01443638783740527,-550676.3595533356,40438429.56346736,11993676.613124307,-24987664.393638596,27444441.78295307,0.05625811929853185,-0.028085331232974187,-0.08810311602308611,-0.10668315064182882,2021-11-29,2017-11-06,False,False,False,False,False,0.0,0,0,False,[],曦滢机械
2017-12-31,年报,2018-03-30,无保留意见,False,259230576.7892106,56063652.80800108,203166923.98120952,0.21626944437803874,98978620.76583719,17.320991484062663,6968427.250810695,5351221.369664988,3443635.814792913,9479902.814831838,2149638.221238929,136085149.49852538,40000000,5.079173099530238,-1564078.9497181058,-1381516.461770186,4976756.863708546,-2445645.439533666,-0.061141135988341644,-2106301.6774751954,39705788.48705356,13160943.56573088,-27981910.193048514,24884821.85973592,0.0968100301582085,-0.11375764136749654,-0.0012084845897402602,-0.010425050892055625,2021-11-29,2018-05-10,False,False,False,False,False,0.0,0,0,False,[],曦滢机械
2018-03-31,季报,2018-04-30,无保留意见,False,225820447.25141442,45164089.45028289,180656357.80113155,0.2,100740375.63597892,15.648180477980189,5688706.021016816,4526224.773130835,3110845.3465515003,7010049.85761045,1642097.6511247188,119174735.38898496,40000000,4.516408945028289,3075205.5058278046,2832715.3089547334,13452017.061530244,6627549.222208444,0.1656887305552111,6020331.1010356,16660494.675846906,11682516.163320184,-22961876.583802693,5381134.255364396,-0.11079838065648884,0.6234006890547678,-0.10613660878389676,-0.018837464037901815,2021-11-29,2018-06-19,False,False,False,False,False,0.0,0,0,False,[],曦滢机械
2018-06-30,半年报,2018-08-27,无保留意见,False,205434691.6952784,41086938.33905568,164347753.35622272,0.2,89795372.46252592,13.717727349094398,5590471.767796851,3945982.454975207,3209918.3890406466,7091244.586468956,1639851.794045317,108335295.14898728,40000000,4.108693833905568,2602420.7814039546,2434674.886002195,1798849.0639694694,-675406.7491769288,-0.01688516872942322,-568629.1756464839,12260301.248572439,10763268.363687996,-20046111.928275388,2977457.683985047,-0.09027417935028628,-0.3090864779374174,-0.005311788832011726,-0.0316483928700365,2021-11-29,2018-10-01,False,False,False,False,False,0.0,0,0,False,[],曦滢机械
2018-09-30,季报,2018-10-27,无保留意见,False,204349119.57446605,40869823.91489321,163479295.65957284,0.2,76890732.20139359,12.971538880656572,5081366.309203789,4089217.988034505,2756326.5456625535,7109714.993554539,1494702.9347843262,102756567.55938643,40000000,4.086982391489321,6803418.370614521,5996297.7353126295,23647478.719806124,6001425.1274436675,0.15003562818609167,5088032.64187205,34908807.13360069,10031749.495921843,-22521980.432842977,22418576.196679555,-0.00528426874669528,0.4090044863006897,0.029919332374688964,0.07364587224300742,2021-11-29,2018-12-23,False,False,False,False,False,0.0,0,0,False,[],曦滢机械
2018-12-31,年报,2019-03-30,无保留意见,False,210493182.2152992,42098636.44305984,168394545.77223936,0.2,91856193.69261342,14.473633064388476,5602599.983948372,4594133.426172481,3114252.602837844,8358079.457931884,1718712.4254553542,114727877.68172352,40000000,4.209863644305984,11913453.038190499,10261928.931945555,22398459.42123588,7300049.525108539,0.18250123812771346,6093758.852332752,29306188.911593,11124857.50073874,-22547994.396602213,17883052.01572953,0.03006649920306704,0.05645843205234466,-0.07514129063241563,-0.07631431752642558,2021-11-29,2019-05-13,False,False,False,False,False,0.0,0,0,False,[],曦滢机械
2019-03-31,季报,2019-04-30,无保留意见,False,238346291.0802339,47669258.21604678,190677032.86418712,0.2,111936487.64237823,17.24748248320545,5906110.78602198,5323061.095675914,3321430.1736392574,8126596.29684982,2027662.8248333891,132216491.80324353,40000000,4.766925821604678,17376821.394877795,15190334.585341377,38156595.62497819,7804811.938124709,0.1951202984531177,7040579.504851174,5563628.420354693,11185055.397280546,-26995583.13073702,-10246899.313101783,0.13232309270922454,0.02077207342703602,0.04938731509957901,-0.05526742952580877,2021-11-29,2019-06-02,False,False,False,False,False,0.0,0,0,False,[],曦滢机械
2019-06-30,半年报,2019-08-27,无保留意见,False,246333588.0118256,49266717.602365114,197066870.40946048,0.2,103095025.32821378,14.574739861363915,6228872.788531812,4889916.313538065,3072771.737406667,8869038.311908947,2010884.0619841286,127705000.52250479,40000000,4.926671760236512,30166011.026409216,26333412.29582058,11579440.931378499,18270270.90218775,0.45675677255469377,15918682.443541719,3898661.2265069103,11666103.236651141,-25820983.967073392,-10256219.50391534,0.03351131203003685,0.4219124494944369,-0.015183561093955671,0.010230707968842222,2021-11-29,2019-09-07,False,False,False,False,False,0.0,0,0,False,[],曦滢机械
2019-09-30,季报,2019-10-27,保留意见,False,277457384.03219545,55491476.80643909,221965907.22575635,0.2,115724274.06396922,18.62399368397146,7917734.266035838,5660164.092679857,4125677.1525546242,10126318.945819767,2040592.6938621711,147630728.81584778,40000000,5.549147680643909,45743217.4601818,39923134.19272804,90451797.40819748,22253152.048246555,0.5563288012061639,19413888.42415352,32070193.73042496,13617553.222203763,-27831052.437112488,17856694.515516236,0.12634816174104402,0.1129245975202236,0.01515566057380605,0.10172228245976798,2021-11-29,2019-12-18,False,False,False,False,False,0.0,0,0,False,[],曦滢机械
2019-12-31,年报,2020-03-30,无保留意见,False,297918776.8031525,59583755.360630505,238335021.44252202,0.2,139500561.32447913,21.083963548595243,8222977.41791019,6019230.660522771,4061838.0990584586,10993177.490964806,2335347.605098601,162902726.4021531,40000000,5.95837553606305,64823758.95885564,58385137.76045996,97488964.36818136,27257916.42667689,0.6814479106669223,26374290.8110456,34862393.92720683,13560553.645604651,-28277027.323298402,20145920.249513082,0.07374607398656513,0.12749968135753584,-0.010251501220277655,0.06542791738334129,2021-11-29,2020-05-03,False,False,False,False,False,0.0,0,0,False,[],曦滢机械
2020-03-31,季报,2020-04-30,无保留意见,False,261794843.6431454,52358968.72862909,209435874.91451633,0.2,110970390.89491488,21.14790491386249,6804141.660883441,6249944.121132711,4050127.4051170712,11294750.545832148,2354701.140926565,156716641.20953208,40000000,5.2358968728629085,82402808.67354687,73763843.69255511,42327564.9556552,25112928.163844608,0.6278232040961151,21969579.90299308,46824765.482868955,12387355.033216463,-27102108.272323154,32110012.243762262,-0.12125430141610612,-0.04846564041002552,0.059299271006253415,0.04935578034891041,2021-11-29,2020-06-17,False,False,False,False,False,0.0,0,0,False,[],曦滢机械
2020-06-30,半年报,2020-08-27,无保留意见,False,236160133.56752795,47232026.71350559,188928106.85402235,0.2,90841975.71309754,13.960997036231554,5936263.945120467,4540355.484116271,2980718.220951877,7838550.098741195,1755447.994799555,119407317.87798545,40000000,4.723202671350559,97059179.48694271,87751815.50436349,94242185.8778934,20937672.590565518,0.523441814764138,19982816.874011975,33585820.59368847,11143714.684853397,-25736988.708646003,18992546.569895867,-0.09791907937866177,-0.0991442712564378,-0.07911182939412746,0.04903995175537881,2021-11-29,2020-10-12,False,False,False,False,False,0.0,0,0,False,[],曦滢机械
2020-09-30,季报,2020-10-27,无保留意见,False,218449466.7517787,43689893.35035574,174759573.40142295,0.2,98703322.57911299,14.48284828501653,4890584.653551961,4097978.916651682,2718405.9027049365,7462136.403474913,1648254.105927667,114646100.34458138,40000000,4.3689893350355735,103411396.97754154,93090007.5960592,25007339.919683207,9074596.415141154,0.22686491037852885,7625988.7024224475,3218193.40194882,10333867.445551908,-23167518.28090009,-9615457.433399364,-0.07499431232615325,-0.31269910264275197,-0.004785220415483034,0.0016061123368595247,2021-11-29,2020-12-21,False,False,False,False,False,0.0,0,0,False,[],曦滢机械
2020-12-31,年报,2021-03-30,无保留意见,False,208627308.05334035,41725461.61066807,166901846.44267228,0.2,103549052.71803674,15.078985901939499,5676448.956781568,4470447.849233448,3267146.5432251794,8642699.346732805,1554144.0246182506,121256050.26158598,40000000,4.172546161066807,101855454.20268545,91557908.71630263,2414455.0781586682,-2222775.3926515505,-0.055569384816288765,-2188712.6853665486,31843254.468469977,10460317.83308475,-19096850.109228134,23206722.19232659,-0.044963070152966564,-0.4332712049660903,-0.06721114708574061,-0.007500015046444599,2021-11-29,2021-04-09,False,False,False,False,False,0.0,0,0,False,[],曦滢机械
2021-03-31,季报,2021-04-30,无保留意见,False,218572583.31768975,43714516.66353794,174858066.6541518,0.2,81966337.15206333,13.038687118395131,5500342.826616471,3497257.857220479,2697905.792885335,6418343.544806681,1623220.6252176368,103370584.89187048,40000000,4.371451666353795,104440625.56053743,93768940.21011128,17201103.730470255,3693101.9397885576,0.09232754849471395,3158616.4197266344,19605397.24636744,10532491.932118988,-21893481.35925508,8244407.81923135,0.04767005507163348,0.400337511923467,0.02475837745816531,-0.010080045208583705,2021-11-29,2021-05-16,False,False,False,False,False,0.0,0,0,False,[],曦滢机械
2021-06-30,半年报,2021-08-27,无保留意见,False,244854179.98476657,48970835.99695331,195883343.98781326,0.2,96482272.065947,15.905507554050102,6416922.980551096,4980193.012025158,3495346.136790383,8170672.730545461,1777494.7990165593,126965518.96157183,40000000,4.897083599695332,111418962.54981607,100300268.64777,41684810.27234696,9969052.841826648,0.2492263210456662,9330469.196655331,14553437.096108587,10901004.786657356,-24290485.889388043,1163955.993377898,0.12024196387374539,0.303287101194371,0.15236392677136268,-0.05554903886512771,2021-11-29,2021-10-17,False,False,False,False,False,0.0,0,0,False,[],曦滢机械
2021-09-30,季报,2021-10-27,无保留意见,False,252091695.0493693,50418339.00987387,201673356.03949544,0.2,108228558.55479504,17.225251518556576,6353686.829665211,5013016.494284156,3421014.1174608963,8198512.607330429,1920844.6383555902,135156444.7289744,40000000,5.041833900987386,121110773.28989436,108991735.98981605,7118722.704657995,13845443.914397538,0.34613609785993843,12416381.917208642,6801467.686355481,12230932.086679887,-26539296.9777585,-7506897.204723131,0.02955847053561836,0.14373478725062774,-0.033012713179966804,-0.07131568876386453,2021-11-29,2021-11-17,False,False,False,False,False,0.0,0,0,False,[],曦滢机械
2021-12-31,年报,2022-03-30,无保留意见,False,259134092.40958753,51826818.48191751,207307273.92767003,0.2,103083792.04519029,15.907275280965791,6653626.367340284,5270543.417195451,3505280.600107815,9433296.595219923,1857824.5974224035,134114854.63082583,40000000,5.182681848191751,129058329.08233935,116049650.95041911,31802084.461619984,11353651.13206428,0.283841278301607,10082735.658004368,24967604.972962275,12697870.864808466,-27015878.813415576,10649597.02435517,0.027935856271818455,-0.08078317138986556,-0.04986184454278852,0.1298409624169542,2021-11-29,2022-05-26,False,False,False,True,True,0.0,0,0,False,[],曦滢机械
2022-03-31,季报,2022-04-30,无保留意见,False,306698980.8358095,61339796.16716191,245359184.66864762,0.2,139237395.14834768,20.474524506402147,7500161.538251689,6163456.994412304,4294785.374445835,11754191.48521695,2675977.7976653986,164993838.70032176,40000000,6.13397961671619,144526979.2333693,130353868.37066355,76002091.74235961,22098071.644328505,0.5524517911082126,20434596.31463493,60402345.83112627,15254937.89525298,-30931835.203198943,44725448.523180306,0.18355318662988163,0.37894310197368863,0.03428129200913855,0.1552410447261819,2021-11-29,2022-05-12,False,False,False,False,False,0.0,0,0,False,[],曦滢机械
2022-06-30,半年报,2022-08-27,无保留意见,False,293424017.1148709,58684803.42297418,234739213.6918967,0.2,117794041.7321585,17.562750145122987,6846917.162373745,5307304.002010193,3905887.189491666,9698211.142954938,2309242.034633933,143077602.18678164,40000000,5.868480342297418,168612406.25394875,152466170.88214347,148464600.42763716,34407752.88654205,0.8601938221635513,31589003.587828457,48565742.00459569,13832552.106198898,-33221795.406887718,29176498.70390687,-0.04328336430972806,0.31484113472893405,-0.028125453928127715,-0.05673158958977972,2021-11-29,2022-10-17,False,False,True,True,False,0.0,0,9,True,"['充分披露高送转的主要考虑及其合理性且送转股后每股收益不低于0.5元', '结合所处行业特点、发展阶段和自身经营模式、盈利水平、偿债能力、资金需求等因素，未进行现金分红或现金分红水平较低原因的说明', '留存未分配利润的预计用途以及收益情况', '根据公司盈利能力、融资能力及其成本、偿债能力及现金流等情况披露现金分红方案的合理性，是否导致公司营运资金不足或者影响公司正常生产经营']",曦滢机械
2022-09-30,季报,2022-10-27,无保留意见,False,323216006.15292084,64643201.230584174,258572804.9223367,0.2,156660493.97575215,23.434511566070064,8732005.25912442,7616648.894062782,4753562.32087176,13541527.719855854,2774733.873970817,189475353.95330033,40000000,6.4643201230584175,188280363.8105607,169127831.40053347,97442771.61414279,28097082.2237314,0.702427055593285,23802372.169128582,46988709.35542814,14051657.304933479,-36234859.73446104,24805506.92590058,0.10153221038612834,-0.12275717782760183,-0.021323776208701566,0.03512393950555096,2021-11-29,2022-12-21,False,False,False,True,False,0.0,0,0,False,[],曦滢机械
2022-12-31,年报,2023-03-30,无保留意见,False,337118077.17479914,67423615.43495983,269694461.7398393,0.2,136030839.9893504,20.850650275989665,8565305.92167617,6983277.608737828,4267514.896165586,12544747.468931787,2696011.3742762743,173391303.2800403,40000000,6.742361543495983,219704528.44381666,196766662.38595214,210801272.1900677,44891663.76179421,1.1222915940448552,39484044.26488381,7828163.363297232,16223802.845421968,-35381204.5823702,-11329238.373650998,0.043011703496208906,0.3724094932515394,0.012948593905271099,0.11091703045771768,2021-11-29,2023-05-21,False,False,False,False,False,0.0,0,0,False,[],曦滢机械
2023-03-31,季报,2023-04-30,无保留意见,False,312171293.9864826,65140142.17057517,247031151.81590748,0.20866794425177287,129761258.14964965,22.090841405029725,7954994.718717583,7077720.925177956,4470470.6035944745,12313296.678361872,2582306.0697503434,177077808.36871588,40000000,6.175778795397687,255685183.59688985,228195954.04364452,147839849.53519502,51400935.93296173,1.2850233983240433,44898988.08241765,25255497.218065683,15000656.541724335,-29739975.69760304,10516178.062186979,-0.0840332789102431,0.10517203409202446,0.10974146599296218,0.008254618260271592,2021-11-29,2023-05-30,False,False,False,False,False,0.0,0,0,False,[],曦滢机械
2023-06-30,半年报,2023-08-27,无保留意见,False,314805684.6013976,62961136.920279525,251844547.68111807,0.2,148958329.125306,20.670929962910403,8086704.189954382,6323296.964237171,4008991.778403997,11474505.504352884,2464393.546393813,170479260.06630474,40000000,6.2961136920279515,292787635.77740467,261167318.91668808,150904564.53606662,53003503.115021184,1.3250875778755296,47101949.818633646,60565746.2734786,14642736.446345465,-32336051.405074447,42872431.31474961,0.01948497519372638,0.023429024182214448,-0.012939023951090025,-0.026719058067685496,2021-11-29,2023-10-12,False,True,False,False,False,0.0,0,0,True,"['公司在相应期间是否按照中国证券监督管理委员会相关规定为中小股东参与现金分红决策提供了便利', '上市公司控股子公司向母公司实施利润分配的情况', '根据公司盈利能力、融资能力及其成本、偿债能力及现金流等情况披露现金分红方案的合理性，是否导致公司营运资金不足或者影响公司正常生产经营']",曦滢机械
2023-09-30,季报,2023-10-27,无保留意见,False,311104671.9720759,62220934.39441518,248883737.5776607,0.2,139449506.62000045,21.929146891925356,7983512.993701784,6458396.394492327,4222531.751771183,11462598.346808454,2358433.287490202,165893023.3594256,40000000,6.222093439441518,303003523.86773115,270395344.40347266,12747998.879315479,14594125.84332361,0.3648531460830903,13182893.552549386,12133659.63042615,15626467.998102512,-29429463.49048291,-1669335.8619542494,-0.01175649872399174,-0.5486779312827815,-0.09056564341259092,0.13326667473617695,2021-11-29,2023-12-01,True,False,False,True,False,16479828.611616809,0,0,True,"['是否影响偿债能力、过去十二个月内是否使用过募集资金补充流动资金以及未来十二个月内是否计划使用募集资金补充流动资金等内容', '留存未分配利润的预计用途以及收益情况', '充分披露高送转的主要考虑及其合理性且送转股后每股收益不低于0.5元', '公司为增强投资者回报水平拟采取的措施']",曦滢机械
2023-12-31,年报,2024-03-30,无保留意见,False,369070681.1977023,73814136.23954046,295256544.95816183,0.2,145949750.59144124,25.2700223964586,8082129.739363403,6948893.851822457,4897114.6280659195,13113108.666815663,2704217.463944221,188891262.27708024,40000000,7.381413623954046,306486569.4557454,273493417.27615225,18887005.545774113,4975779.4114489,0.12439448528622249,4425818.389542342,27663703.565303903,18210358.387607772,-37584726.47013239,8289335.482779287,0.18632317174211163,-0.3044346433122546,0.05246194308232792,0.09510197680605499,2021-11-29,2024-04-12,True,False,False,False,False,893980.2514956861,0,0,True,"['留存未分配利润的预计用途以及收益情况', '根据公司盈利能力、融资能力及其成本、偿债能力及现金流等情况披露现金分红方案的合理性，是否导致公司营运资金不足或者影响公司正常生产经营', '公司在相应期间是否按照中国证券监督管理委员会相关规定为中小股东参与现金分红决策提供了便利']",曦滢机械
2024-03-31,季报,2024-04-30,无保留意见,False,371325120.46066517,74265024.09213303,297060096.3685321,0.2,161865483.61038586,23.821097974115062,9346808.927475477,7972056.003567391,5310457.4683091575,13662011.642118417,3023147.6538713537,199704965.77741638,40000000,7.426502409213303,309182048.34495187,275905958.5155798,3303989.2179947817,3850684.1274377853,0.09626710318594463,3446487.4848964643,37567690.04681446,17836721.751776796,-39448328.76949501,15956083.029096246,0.00610842144287063,-0.05119705940554558,0.002128862316643922,0.12031603203505041,2021-11-29,2024-06-04,False,False,False,False,True,0.0,0,0,False,[],曦滢机械
2024-06-30,半年报,2024-08-27,无保留意见,False,377848075.5145911,75569615.10291822,302278460.4116729,0.2,170642997.39480662,24.782239844706716,8945234.752579277,7688057.507588408,5375741.893819999,14047410.964432757,2564955.374626045,202865850.39055625,40000000,7.556961510291822,312957270.3183079,279179893.0133151,18870929.51896133,5393174.247651473,0.13482935619128683,4677049.282479011,36258719.03750662,18697673.02119753,-41632810.98740478,13323581.071299374,0.017566694776355633,0.07397791414354096,0.03915003194038364,-0.08429399857568934,2021-11-29,2024-09-20,False,False,False,True,True,0.0,0,0,False,[],曦滢机械
2024-09-30,季报,2024-10-27,无保留意见,False,482058171.61237097,122001220.20923297,360056951.403138,0.25308402054707974,205766442.61744902,34.969380518215715,12171798.07015604,10552307.293294188,6669787.490437628,18250051.519091852,4403952.448703006,273320983.0885154,40000000,9.00142378507845,312674341.64228123,278929500.9545897,1431838.799563911,-404183.82289515063,-0.010104595572378765,-357702.9410362363,80184990.85862458,25390524.738322273,-51069178.0061036,54506337.59084325,0.1911432621192282,-0.2588895172445073,0.054179906319632334,-0.13281100258897902,2021-11-29,2024-12-03,False,True,False,False,True,0.0,0,0,True,['结合前述财务报表列报项目的具体情况说明现金分红方案确定的依据及未来增强投资者回报的规划'],曦滢机械
2024-12-31,年报,2025-03-30,无保留意见,False,478490851.9077613,122281826.01374322,356209025.89401805,0.2555572912756867,173346648.48137,32.50213543375123,11244860.957034847,9662939.830732103,6312222.68006578,18507143.050016224,3427032.1482333257,250184251.7501496,40000000,8.905225647350452,314745771.5561963,280615216.3289577,7951450.140390232,2959185.591307141,0.07397963978267852,2408164.820525591,47587481.12610482,25858097.131347455,-52462985.48784745,20982592.769604832,-0.010686991305471674,0.2026636941690344,0.0024732707286069695,0.1109554965307651,2021-11-29,2025-04-14,False,True,False,True,False,0.0,0,0,True,"['公司在相应期间是否按照中国证券监督管理委员会相关规定为中小股东参与现金分红决策提供了便利', '充分披露高送转的主要考虑及其合理性且送转股后每股收益不低于0.5元', '留存未分配利润的预计用途以及收益情况', '是否影响偿债能力、过去十二个月内是否使用过募集资金补充流动资金以及未来十二个月内是否计划使用募集资金补充流动资金等内容']",曦滢机械
2017-03-31,季报,2017-04-30,保留意见,False,253088622.6280043,50617724.525600865,202470898.10240346,0.2,41421561.31432626,60.345721940332474,27913704.973185346,54643738.32804488,35193349.332480095,2101162.446316899,4.6800995775179396e-07,167793451.81817573,40000000,5.061772452560087,4868926.31750354,4394471.914379134,28825045.268450573,6955609.025005057,0.17389022562512643,6277817.02054162,7271950.6812042,-14227947.988657506,105451461.8073584,98495464.4999051,0.12483832279113038,0.3308671680558366,-0.1073065526070535,-0.05348831252921267,2021-04-01,2017-05-20,False,False,False,False,False,0.0,0,0,False,[],祎璐机械
2017-06-30,半年报,2017-08-27,保留意见,False,300098320.34842664,66551300.06161889,233547020.28680775,0.22176498683614776,49409164.90127015,71.31037361726739,34988268.74047292,67269228.96528585,38251155.58072157,2607991.2009594436,5.898875146022207e-07,197060067.58632633,40000000,5.838675507170193,18097424.447205875,16714197.80038796,92770965.42403388,18897854.47100334,0.4724463617750835,17599608.40858404,12269736.735912832,-17957024.161203116,130658782.71870627,124971495.29341598,0.15348438948834517,0.49851562669656496,0.029071539443201257,0.16924143608648476,2021-04-01,2017-09-12,False,False,False,False,False,0.0,0,0,False,[],祎璐机械
2017-09-30,季报,2017-10-27,无保留意见,False,315030211.4300711,74241715.87419122,240788495.55587992,0.23566538439971507,61383840.17786727,82.21847434758418,36014082.678793564,74495920.54758939,46425641.744469605,2784181.375297856,6.806255198168286e-07,220782622.41867113,40000000,6.019712388896998,33596044.86276522,31273900.310193367,91625875.8254895,22140886.30794192,0.5535221576985481,20799575.01400773,21707781.60608077,-19239563.745614436,129247242.57283694,131715460.43330327,0.03100649822112593,0.09034054777725378,0.013900397563567325,-0.004771492141739892,2021-04-01,2017-12-18,False,False,False,False,False,0.0,0,0,False,[],祎璐机械
2017-12-31,年报,2018-03-30,无保留意见,False,288994693.0033045,67988160.86490352,221006532.13840097,0.23525747188764506,53033352.02506355,72.6566668962906,30677581.829505123,72361909.72648148,42656867.35930093,2650394.3764498187,6.446230536085341e-07,201875580.01328942,40000000,5.525163303460024,34849269.756535076,32368074.22205751,6116373.237762438,1790321.2768140845,0.04475803192035211,1563105.5883773458,16233101.58858325,-18651948.496782705,134027224.51905963,131608377.61086017,-0.08215493589845606,-0.5199311244773368,-0.00040791251206999206,-0.019924402129991806,2021-04-01,2018-04-09,False,False,False,False,False,0.0,0,0,False,[],祎璐机械
2018-03-31,季报,2018-04-30,无保留意见,False,293433309.5553798,76905378.87081783,216527930.684562,0.26208810099762525,55749585.48973527,75.97253533764956,32779100.833583448,83493150.26111858,43362344.739408195,2745611.5734714447,6.42417474138838e-07,207147818.80637658,40000000,5.4131982671140495,39431390.79989381,36303613.29424295,29286819.211372543,6545887.204798192,0.1636471801199548,5622198.674550625,14424815.095323963,-15737654.859399443,126536147.91313042,125223308.14905494,-0.02026456598592452,0.25308592960845944,0.026830629109980186,0.11127317871792196,2021-04-01,2018-06-20,False,False,False,False,False,0.0,0,0,False,[],祎璐机械
2018-06-30,半年报,2018-08-27,无保留意见,False,328449276.2067141,86751148.39658421,241698127.81012988,0.2641234269062179,62577395.561709166,83.49688313857517,34315647.466470264,81250372.34579706,46923710.97340295,2969923.0846863366,7.511375358970839e-07,230483564.6726827,40000000,6.042453195253247,45619999.84581018,41392577.47674039,32441062.363553617,8840870.065594822,0.22102175163987056,7269948.832139203,7294344.118319098,-19861593.16009922,149143955.4856821,136576706.443902,0.11624457429575615,0.09746852351900163,0.0020353259085925924,0.11129246267119422,2021-04-01,2018-10-10,False,False,False,False,False,0.0,0,0,False,[],祎璐机械
2018-09-30,季报,2018-10-27,无保留意见,False,428606243.36434233,125823510.258034,302782733.10630834,0.2935643430445228,73423076.40753084,106.41050557504919,47364821.864607275,112514069.21460305,66677382.994270995,3677804.559437026,9.07686372025727e-07,295515876.9376336,40000000,7.569568327657708,53031415.05484186,47466802.32069606,23822979.291057076,10587736.012902394,0.26469340032255984,8677464.062793827,75466084.85294463,-25643228.984891944,192392030.7369704,242214886.6050231,0.2527309824433747,0.06760089512749784,0.02944091613830491,0.010810550700425248,2021-04-01,2018-12-12,False,False,False,False,False,0.0,0,0,False,[],祎璐机械
2018-12-31,年报,2019-03-30,无保留意见,False,395146974.25804174,109816450.28051314,285330523.9775286,0.2779129221138867,72076216.39056079,102.76316081475996,39572202.93341608,93875350.38359597,61291338.224582516,3683837.382078355,9.435658279339784e-07,283364308.32927626,40000000,7.1332630994382145,59518029.77558625,52546814.80274623,18061499.54527296,9266592.45820627,0.23166481145515674,7257160.688643096,68084454.22766335,-25629730.433298524,165010552.6030271,207465276.39739192,-0.05763938038914598,-0.04788879935918773,-0.015651420930636067,0.025647836655454274,2021-04-01,2019-04-18,False,False,False,False,False,0.0,0,0,False,[],祎璐机械
2019-03-31,季报,2019-04-30,无保留意见,False,444723676.62895346,134770566.12571216,309953110.5032413,0.30304337998661435,84963601.58549844,115.14096718632837,45422084.69752249,101837688.1638749,58808550.34509553,3852311.1956311506,9.790477128491335e-07,302065575.1132961,40000000,7.7488277625810325,69175540.81533593,61377110.104792416,0.0,13796444.342499558,0.34491110856248897,12614707.574351694,17776235.561585825,-27726351.91182326,176991092.22081134,167040975.8705739,0.08629496130477751,0.17245677723522398,0.025130457872727652,0.07911207308427001,2021-04-01,2019-06-24,False,False,False,False,False,0.0,0,0,False,[],祎璐机械
2019-06-30,半年报,2019-08-27,无保留意见,False,400993714.9558724,124518426.48576744,276475288.470105,0.3105246337825273,64192631.99938651,105.04626412244693,40349531.253496036,97299076.8701478,53978991.45364284,3164630.6444795467,8.980958252619007e-07,268283731.67001975,40000000,6.911882211752625,66931666.88913739,59327890.68992785,4258132.181574154,-3205534.180283632,-0.08013835450709081,-2927456.3069493757,5030789.6875497755,-24557256.14628809,182319197.18395814,162792730.72521985,-0.10800931140449456,-0.5520760232479243,0.007481253795912974,-0.0007999778444669187,2021-04-01,2019-09-21,False,False,False,False,False,0.0,0,0,False,[],祎璐机械
2019-09-30,季报,2019-10-27,无保留意见,False,449325526.2328603,146188216.9360647,303137309.2967956,0.3253503493596389,78374905.2727416,121.46988039133319,53679775.67846679,111226412.13591293,65308401.119199276,4105664.876636531,1.0349094969967625e-06,318104601.9795134,40000000,7.57843273241989,66932717.8719878,59328785.01652942,6737.573455935468,1501.4040720202029,3.753510180050507e-05,1277.6094307974138,20401990.28333058,-26936203.00557596,187687629.4712608,181153416.7490154,0.09643545712250355,0.23248711666470284,0.014825715577111596,0.2545129991067715,2021-04-01,2019-12-20,False,False,False,False,False,0.0,0,0,False,[],祎璐机械
2019-12-31,年报,2020-03-30,无保留意见,False,504772635.49684775,168640815.2691726,336131820.22767514,0.334092625887256,93171146.45331232,124.24191130734937,58792346.15264801,152392077.90734446,80823186.73077089,4536526.604892717,1.1852908034615924e-06,377825527.6337141,40000000,8.403295505691878,70977357.73044638,62824526.200073294,15861980.484331876,5778056.940655112,0.1444514235163778,4993915.976491255,13990982.444551326,-30183580.728457887,215185760.7058743,198993162.42196774,0.10884345119846428,0.3397673769682219,0.008742276527617079,0.015181115743459771,2021-04-01,2020-05-07,False,False,False,False,False,0.0,0,0,False,[],祎璐机械
2020-03-31,季报,2020-04-30,无保留意见,False,564412411.9579496,222232838.57782984,342179573.3801198,0.39374194094510245,111871553.13250034,132.4536562827135,61847572.39281256,139220569.37910867,74980384.15370095,5179531.719163605,1.2394613809964805e-06,395390372.611053,40000000,8.554489334502994,69179496.36660904,61268302.241051845,8132397.206240603,-2568373.3769104965,-0.06420933442276242,-2223177.0843163645,106935893.48408112,-33366625.08705094,261478243.0029228,335047511.399953,0.01799220659427096,-0.36642415721898536,0.05964931505784643,0.06600415101438274,2021-04-01,2020-06-16,False,False,False,False,False,0.0,0,0,False,[],祎璐机械
2020-06-30,半年报,2020-08-27,无保留意见,False,643874197.5965006,272241479.58014184,371632718.0163588,0.42281781223161946,118755902.77428612,160.32860802037828,70829659.11469826,172425022.22965795,110933328.74663551,5556041.747819502,1.4776519289110898e-06,467675596.04498166,40000000,9.29081795040897,65717251.70396609,58022312.37739296,22808669.448014256,-4946063.803775633,-0.12365159509439082,-4637128.376655546,107505417.57340729,-40609193.434534214,280379533.8863101,347275758.0251832,0.08607511063648485,-0.1647555392724069,0.02907587128651701,-0.1559601377790342,2021-04-01,2020-09-15,False,False,False,False,False,0.0,0,0,False,[],祎璐机械
2020-09-30,季报,2020-10-27,保留意见,False,757429988.9348725,330638519.8628223,426791469.0720502,0.43652684035890765,162342092.4670838,210.20332450265627,86725877.45188336,195927650.0350254,113272043.45156421,7021724.657849912,1.7607325538737947e-06,552693341.3269241,40000000,10.669786726801256,62780239.1499019,55273435.38850353,13958853.426881086,-4195732.220091699,-0.10489330550229246,-3926967.126984914,37854764.331221834,-45847474.27944622,321048328.5597084,313055618.61148405,0.14842275284616746,0.062247847629968454,0.013709028127288175,-0.09108468906895736,2021-04-01,2020-12-08,False,False,False,False,False,0.0,0,0,False,[],祎璐机械
2020-12-31,年报,2021-03-30,无保留意见,False,686688682.8738332,279724760.6932748,406963922.1805583,0.40735309561621136,119533676.19960414,168.7365599149327,70525031.3530355,178470766.57478392,92170334.72080481,6173197.936212245,1.3530521219019004e-06,454276707.3436347,40000000,10.174098054513959,59173617.51607684,52199400.63936518,17978764.51909299,-5152316.619750081,-0.128807915493752,-4391478.213054774,118751655.12946521,-41112588.61126004,302265589.6734445,379904656.1916497,-0.04645722402699821,-0.07470824697679312,-0.029173744742696274,-0.0146208000167319,2021-04-01,2021-05-16,False,False,False,True,False,0.0,0,0,False,[],祎璐机械
2021-03-31,季报,2021-04-30,无保留意见,True,841017068.8349134,381837500.9133819,459179567.9215315,0.4540187293015979,151465431.6432217,206.3601633872811,101106248.56280717,205971359.40746275,133534608.90302,7665105.16841309,1.8717295653089557e-06,607622203.968703,40000000,11.479489198038287,58810193.6455583,51862148.41769603,841673.2751667926,-519176.9578836262,-0.012979423947090656,-481788.8880987881,30818632.628863104,-49391834.47890463,359048238.3471983,340475036.4971568,0.12830534328742438,0.391058700099118,0.046665633685386565,-0.04490764807604706,2021-04-01,2021-06-28,False,False,True,False,False,0.0,0,7,True,"['充分披露高送转的主要考虑及其合理性且送转股后每股收益不低于0.5元', '公司为增强投资者回报水平拟采取的措施', '是否影响偿债能力、过去十二个月内是否使用过募集资金补充流动资金以及未来十二个月内是否计划使用募集资金补充流动资金等内容', '结合所处行业特点、发展阶段和自身经营模式、盈利水平、偿债能力、资金需求等因素，未进行现金分红或现金分红水平较低原因的说明']",祎璐机械
2021-06-30,半年报,2021-08-27,无保留意见,False,803185307.7020789,361902247.5587963,441283060.14328265,0.45058374958850056,152540527.7095341,196.64535717914438,86476952.52865231,235546996.35491368,112963112.51629218,6660298.137616961,1.853159029960647e-06,571943894.7366396,40000000,11.032076503582067,67989928.0795669,60882022.137856565,45457991.78518285,13113906.334298007,0.32784765835745017,12885533.885943621,146889412.08943433,-50874491.81264925,319765130.19608927,415780050.47287434,-0.038974965413328726,0.8272088874046274,-0.003434979713097337,0.004254009943062365,2021-04-01,2021-09-28,False,False,True,False,False,0.0,0,5,True,"['是否影响偿债能力、过去十二个月内是否使用过募集资金补充流动资金以及未来十二个月内是否计划使用募集资金补充流动资金等内容', '结合前述财务报表列报项目的具体情况说明现金分红方案确定的依据及未来增强投资者回报的规划', '公司在相应期间是否按照中国证券监督管理委员会相关规定为中小股东参与现金分红决策提供了便利']",祎璐机械
2021-09-30,季报,2021-10-27,无保留意见,False,896728224.7165049,469600634.4618995,427127590.2546054,0.5236822278125135,147319495.7345926,212.88520708515907,92089593.33824901,221634842.6582984,124751759.200525,7172976.898382504,1.953938519096362e-06,594897606.2918772,40000000,10.678189756365136,80019126.92164688,72385056.24203835,20466338.564408302,17184569.774399966,0.4296142443599992,16432905.863116838,72785975.83739114,-55404766.856405176,404146050.3476646,421527259.32865053,-0.032077981611351766,0.1351755363423477,0.07309847822401287,0.06854759955362816,2021-04-01,2021-11-29,False,False,False,False,False,0.0,0,0,False,[],祎璐机械
2021-12-31,年报,2022-03-30,非标准无保留意见,False,1094872226.6110222,641980428.9750495,452891797.6359727,0.5863519170288785,212041020.1752752,294.63688888687,127504179.44768403,262839594.39211366,169564318.6691552,9812719.979502281,2.8328801650687003e-06,809586519.1434892,40000000,11.322294940899317,78214572.41160022,70821218.75821461,4449784.2517967,-2577935.0143523645,-0.06444837535880911,-2234053.5483196317,63209418.87436409,-67929912.5920674,486437932.1994025,481717438.4816992,0.06031969830375427,-0.5781118475140796,0.06266968921636508,0.011473234079947242,2021-04-01,2022-05-02,False,False,False,False,False,0.0,0,0,False,[],祎璐机械
2022-03-31,季报,2022-04-30,无保留意见,False,988509746.883045,580935083.6048999,407574663.278145,0.5876877647759127,205080245.63867196,288.1552314336728,119674217.32877731,297439863.88786775,166754636.77383125,9644966.813801037,2.435809570117216e-06,767844549.0854287,40000000,10.189366581953625,82661409.81270342,74897041.33354747,27627835.59911376,6352624.858718839,0.15881562146797096,5822603.679046963,42107762.353904784,-62583318.90190083,440298807.8759336,419823251.32793754,-0.10006172466442594,0.619228930250876,0.0013358477470341293,0.051943698628337545,2021-04-01,2022-06-25,False,False,False,False,True,0.0,0,0,False,[],祎璐机械
2022-06-30,半年报,2022-08-27,无保留意见,False,1022790514.5482461,594192655.3355584,428597859.21268773,0.58095245007039,166502779.59590557,240.45076690133965,95105551.85816307,234174799.28727928,135849100.7754939,8081429.134194412,1.9620249080270595e-06,661163665.2311337,40000000,10.714946480317193,77884541.24117301,70564075.01989585,4125485.730474324,-6824097.95932913,-0.17060244898322827,-6189951.87664517,124194670.64795315,-60441401.84213365,434615792.7750564,498369061.58087593,0.05158121401721094,-0.564250181629084,-0.006735314705522681,0.026523121085299334,2021-04-01,2022-09-09,False,False,False,False,True,0.0,0,0,False,[],祎璐机械
2022-09-30,季报,2022-10-27,无保留意见,False,1112679411.3121328,653154481.9841207,459524929.3280121,0.5870104859888483,192587284.74576458,261.5665566236915,116027002.12726489,281468839.42402405,158822736.3988825,9851063.235330379,2.5457586765068665e-06,741276376.3852475,40000000,11.488123233200303,69091878.69807887,62405421.78097609,15616213.35218101,-12560946.490134485,-0.31402366225336215,-11655218.912742518,212018321.68356308,-67074286.894117855,493457087.9390079,638401122.7284532,0.07215871346659511,-0.5637680578956459,0.006058035918458409,0.09924425091830226,2021-04-01,2022-11-12,False,True,False,False,False,0.0,2,0,True,['是否影响偿债能力、过去十二个月内是否使用过募集资金补充流动资金以及未来十二个月内是否计划使用募集资金补充流动资金等内容'],祎璐机械
2022-12-31,年报,2023-03-30,无保留意见,False,1043018744.9927884,589031556.825513,453987188.1672754,0.5647372682928969,212774603.5562137,272.30505144637175,126210108.294694,268033013.55142975,152437502.5277654,10432994.10732453,2.7134453021916238e-06,786411853.0164616,40000000,11.349679704181886,60955969.710775055,55426357.614905864,11954100.583205746,-11622727.124719739,-0.29056817811799346,-9970091.665814608,168908583.20218554,-61187639.33864971,439090064.3839045,546811008.2474403,-0.012051013573593908,0.21135572331570524,-0.022273217695951357,0.04248447610501353,2021-04-01,2023-05-23,False,True,True,False,False,0.0,0,3,True,"['是否影响偿债能力、过去十二个月内是否使用过募集资金补充流动资金以及未来十二个月内是否计划使用募集资金补充流动资金等内容', '结合前述财务报表列报项目的具体情况说明现金分红方案确定的依据及未来增强投资者回报的规划', '上市公司控股子公司向母公司实施利润分配的情况']",祎璐机械
2023-03-31,季报,2023-04-30,无保留意见,False,1248458757.382809,791613278.2232033,456845479.15960556,0.6340724301399367,223997068.14228934,332.01259791421774,130353599.88863745,312597629.52745646,166790520.03024155,11562859.925550397,2.8054312429857476e-06,857895806.2276751,40000000,11.42113697899014,55623278.67525293,50576177.35777111,30934191.07245926,-7618130.050745903,-0.19045325126864757,-6928828.9387639295,188757470.9154269,-71871670.98611227,555236050.2882898,672121850.2176044,0.006295972808988259,0.7447264006971415,0.06933516184703986,0.034273790735178306,2021-04-01,2023-06-20,False,False,False,False,False,0.0,0,0,False,[],祎璐机械
2023-06-30,半年报,2023-08-27,无保留意见,False,1263093946.0312,797039380.3915505,466054565.6396493,0.6310214556058547,251381346.99957925,350.582243797607,164922745.4864136,348067201.50216883,182583601.87518996,12466152.219857233,2.887467410856025e-06,959738246.7187893,40000000,11.651364140991232,48650582.49507287,43888880.489803344,7143144.444201692,-9960994.543114357,-0.2490248635778589,-9553281.239953956,212901771.45906493,-84355399.32646014,577046593.02744,705592965.1600448,0.020157989736451772,-0.2497225505193369,-0.0030509745340822165,-0.04749520964375711,2021-04-01,2023-10-11,False,False,False,True,False,0.0,0,0,False,[],祎璐机械
2023-09-30,季报,2023-10-27,保留意见,False,1222198536.0387354,824777512.4562013,397421023.58253413,0.6748310426957191,190376887.77645507,313.227310629796,133459001.00331096,326727383.37259674,190615649.5827145,10665002.001803115,2.7696749111486014e-06,864100787.973794,40000000,9.935525589563353,46005722.36400413,41415640.81463026,5770219.971697571,-3778371.615812497,-0.09445929039531244,-3533199.5359615483,17187061.359746527,-71117506.84749429,587490535.9267373,533560090.4389895,-0.14726503529241725,0.8783375670285836,0.04380958708986454,0.21764272670664483,2021-04-01,2023-11-24,False,False,False,False,False,0.0,0,0,False,[],祎璐机械
2023-12-31,年报,2024-03-30,无保留意见,False,1484032386.5628324,1137075581.2260373,346956805.33679503,0.7662067159191979,282720539.98984236,368.9575425579393,163178055.60305423,380389080.9722425,216098026.4889234,12297412.695701439,3.2954070972828654e-06,1045060963.4026253,40000000,8.673920133419875,45476857.178187035,40953869.14912587,1846158.1526272318,-755521.6940244138,-0.018888042350610347,-659673.807863419,142309185.8873739,-92099541.3611531,661244836.2752897,711454480.8015105,-0.12697923675710876,0.22862916986861306,0.09137567322347864,0.2593684018501497,2021-04-01,2024-05-14,False,False,True,False,False,0.0,0,1,True,['结合所处行业特点、发展阶段和自身经营模式、盈利水平、偿债能力、资金需求等因素，未进行现金分红或现金分红水平较低原因的说明'],祎璐机械
2024-03-31,季报,2024-04-30,无保留意见,False,1407698305.941893,1049004856.4924959,358693449.44939727,0.7451915314983668,240132781.6546554,381.9654080331121,169446458.07030082,377017236.0390619,228765257.08226594,12288193.12535705,2.9340174449199993e-06,980231800.5842427,40000000,8.967336236234932,50864307.8795335,46136755.30532493,38059631.57297969,7696358.144780666,0.19240895361951665,7404123.08028438,100672577.60340081,-88239566.13881868,583787862.11042,596220873.5750021,0.03382739272460541,0.5202924759791164,-0.02101518442083094,-0.0405144807982263,2021-04-01,2024-05-10,False,False,False,False,False,0.0,0,0,False,[],祎璐机械
2024-06-30,半年报,2024-08-27,无保留意见,False,1549469221.8451092,1173090749.6915598,376378472.1535495,0.7570919984423068,283899257.9325062,436.8814162187653,189829680.83709967,465215997.3496848,256790416.31761217,15563087.485572157,3.817254467324362e-06,1199032845.326625,40000000,9.409461803838738,66165019.05932903,59984546.4162862,65111626.95305389,21858158.82827934,0.5464539707069834,19782558.729944676,94436492.150738,-91553684.6079366,674494228.9205643,677377036.4633657,0.04930400243243679,0.5734368039399212,0.011900466943939854,0.042121845851790574,2021-04-01,2024-09-21,False,False,False,True,False,0.0,0,0,False,[],祎璐机械
2024-09-30,季报,2024-10-27,无保留意见,False,1945806270.9231913,1532382061.5572622,413424209.3659291,0.7875306419020948,353646993.0308346,432.578350326243,212993505.4555376,474169250.7601397,299483444.7049096,17719265.44201605,4.330873441030316e-06,1295717054.5528765,40000000,10.335605234148229,100547891.8180622,89217478.98543891,130604598.42998825,49118389.6553331,1.2279597413833276,41761332.24164674,385809228.68215126,-113832882.92495267,793120424.9122219,1065096770.6694205,0.0984268228743598,0.7015317155792494,0.030438643459788018,0.04360330519602401,2021-04-01,2024-11-10,False,True,False,False,False,0.0,1,0,True,['留存未分配利润的预计用途以及收益情况'],祎璐机械
2024-12-31,年报,2025-03-30,保留意见,False,1791601732.5519438,1377813741.4065166,413787991.1454273,0.7690401925677808,287839438.88017935,411.77680220147556,170180715.0592762,400216588.7273429,232442834.74421886,15560423.34378235,3.6758043300390955e-06,1160181879.6805508,40000000,10.344699778635682,173907114.46686468,156253554.40907514,64411706.06190013,104798889.49828927,2.619972237457232,95765822.03376605,304256232.28251153,-106131885.10138638,786717308.3854158,984841655.566541,0.0008799237472234933,0.8421333328475127,-0.01849044933431392,0.05470127962725904,2021-04-01,2025-04-09,True,False,True,False,False,30783318.833384626,0,3,True,"['留存未分配利润的预计用途以及收益情况', '结合所处行业特点、发展阶段和自身经营模式、盈利水平、偿债能力、资金需求等因素，未进行现金分红或现金分红水平较低原因的说明', '是否影响偿债能力、过去十二个月内是否使用过募集资金补充流动资金以及未来十二个月内是否计划使用募集资金补充流动资金等内容']",祎璐机械
2017-03-31,季报,2017-04-30,非标准无保留意见,False,286806185.4084537,104050751.88026299,182755433.5281907,0.36279117109025943,77412197.86588378,3.75782265364977e-09,7478446.26394097,1172225.1454476807,123259.2716265651,0.410747145875793,68063665.97973932,153309688.0681083,40000000,4.568885838204768,1694454.3419550788,1386404.6810935694,2226338.105443969,2420649.059935827,0.06051622649839567,1980578.1158479564,-40352472.23394338,-38500722.03061069,-10300573.377711691,-89153767.64226577,0.01530796404550387,0.07892494777421266,0.06279117109025945,0.023157472945387118,2021-03-05,2017-06-08,False,False,False,False,False,0.0,0,0,False,[],暄骞集团
2017-06-30,半年报,2017-08-27,无保留意见,False,308741276.53711206,129311271.01799352,179430005.51911855,0.4188337642066131,66772428.60975816,3.856050311869334e-09,7498347.706828893,1160663.6546923136,139701.12137260364,0.400112924848079,68583547.13069342,157161863.94246748,40000000,4.485750137977964,5446416.330291608,4785600.479369481,9972730.511493383,5359945.697623614,0.13399864244059034,4855993.997537017,-34157697.94983199,-41192402.04800401,-12047369.76807704,-87397469.76591304,-0.018196055487232243,0.15134904238352465,0.056042593116353706,-0.03494233722890182,2021-03-05,2017-09-11,False,False,False,False,False,0.0,0,0,False,[],暄骞集团
2017-09-30,季报,2017-10-27,无保留意见,False,320519440.1969027,137122970.9570542,183396469.2398485,0.4278148335489925,90177851.63346317,4.082213883430449e-09,8470456.517675225,1246135.3140658347,147301.58743086184,0.43294786647366723,73266895.47304052,171466501.19619066,40000000,4.584911730996212,13939635.09821287,12721337.960608426,54291315.80508522,12133169.668458946,0.30332924171147363,11336767.830341352,-20340896.54567858,-39886875.192461684,-11200434.272836702,-71428206.01097697,0.022105910933092627,0.3029177289797793,0.008981069342379381,0.011088865289007432,2021-03-05,2017-12-03,False,False,False,False,False,0.0,0,0,False,[],暄骞集团
2017-12-31,年报,2018-03-30,无保留意见,False,332699270.65627444,140517071.36035356,192182199.29592085,0.4223546119688601,96622866.96068253,4.168091596651449e-09,7843690.248574851,1280540.0414970482,140997.34064732897,0.4768969666210966,81300845.90714322,174706182.5529309,40000000,4.804554982398021,18338159.1235491,16480796.943770142,29186817.596823465,6283605.750480328,0.1570901437620082,5370655.690231024,-41736715.1418353,-45163844.70965191,-13231380.336714653,-100131940.18820187,0.047905666300381296,-0.20078707482048042,-0.005460221580132436,0.10155920505532785,2021-03-05,2018-05-18,False,False,False,False,False,0.0,0,0,False,[],暄骞集团
2018-03-31,季报,2018-04-30,无保留意见,False,308999365.334272,123420645.77959706,185578719.55467498,0.3994203860130327,74938675.054947,4.069112563750466e-09,7706499.587818952,973765.5247375858,138318.50446772738,0.4172531730598604,61381082.59563593,150496369.6530659,40000000,4.639467988866874,23773859.586347282,21581118.283459745,9961543.472671494,7765286.3754259795,0.19413215938564948,7286173.342413721,-5743525.914759813,-37844798.755850315,-12691044.790288663,-56279369.460898794,-0.034360517079304896,0.06363621858333013,-0.022934225955827392,0.00899646186591217,2021-03-05,2018-05-27,False,False,False,False,False,0.0,0,0,False,[],暄骞集团
2018-06-30,半年报,2018-08-27,无保留意见,False,350699391.578537,156130347.1261762,194569044.45236078,0.44519708581020384,88300445.36608225,4.727138433387239e-09,9096936.60446799,1369412.6742763035,165131.2224657938,0.5182672331593104,90694500.58552259,193941978.8101848,40000000,4.864226111309019,22790420.10437153,20721669.650237374,5062205.247981328,-1404913.5456796475,-0.035122838641991186,-1227783.7617462454,-68725753.2295685,-44711146.00189988,-15983568.1971616,-129420467.42862998,0.04844480509004205,-0.37028442886107726,0.045776699797171146,0.13568024931232578,2021-03-05,2018-10-15,False,False,False,False,False,0.0,0,0,False,[],暄骞集团
2018-09-30,季报,2018-10-27,无保留意见,False,409605962.6640556,192696128.81382075,216909833.85023487,0.4704426848684899,104970875.12670025,5.021116433942613e-09,10523119.41370677,1631453.0665925213,191124.93825762093,0.5773189163679668,93747794.40627706,217064859.81145284,40000000,5.4227458462558715,27941141.590614002,25375386.42073415,31250696.774653666,7358173.55177496,0.183954338794374,6648166.814995391,-76692238.6104117,-55130260.771569885,-16303944.985475637,-148126444.3674572,0.11482191044703458,0.5619133387379808,0.025245599058286057,0.14014697481585772,2021-03-05,2018-12-22,False,False,False,False,False,0.0,0,0,False,[],暄骞集团
2018-12-31,年报,2019-03-30,无保留意见,False,380428176.84288037,165679325.32244375,214748851.5204366,0.4355075028810774,86845617.28299697,4.4707960241936e-09,9476774.838837741,1413899.861735462,173747.39864186547,0.4720522864084087,80372306.4511326,184416584.3046601,40000000,5.368721288010915,42488881.476847544,38168611.66115843,84089708.85812803,20782485.55176221,0.5195621387940552,18276036.057748966,-32789171.42941568,-47679607.79333897,-14450832.087640261,-94919611.31039491,-0.009962583491213569,0.5511214529879657,-0.03493518198741247,0.04776637577246243,2021-03-05,2019-05-20,False,False,False,False,False,0.0,0,0,False,[],暄骞集团
2019-03-31,季报,2019-04-30,无保留意见,False,423165344.5749252,194674447.38969487,228490897.18523034,0.46004345555576565,105329314.55805117,5.665673705065106e-09,11425699.383510612,1798164.1973794228,205300.8922290808,0.5700848403598857,106825244.87371306,230497120.94103584,40000000,5.712272429630759,55321260.73428774,50099594.964006476,20520852.743281092,18331970.367771707,0.4582992591942927,17044261.8612115,-52639810.12682145,-54977483.017533496,-16974867.836718716,-124592160.98107365,0.06399124171095259,-0.06485849589311121,0.024535952674688246,-0.08586660183124804,2021-03-05,2019-05-14,False,False,False,False,False,0.0,0,0,False,[],暄骞集团
2019-06-30,半年报,2019-08-27,无保留意见,False,451428047.18089926,218675794.10752398,232752253.0733753,0.4844089672166398,124060149.72369693,6.253478234726758e-09,10926887.874127213,1755876.2895602032,198178.50954394505,0.6650567317263412,116280603.06714763,237251219.46369922,40000000,5.818806326834383,44981617.13239494,41219838.48873902,43145393.252156794,-14770919.431275433,-0.36927298578188583,-12685366.393239217,-67591928.72458534,-59391569.51249425,-16309324.36903799,-143292822.60611758,0.018650002869437795,-0.9369103804423589,0.024365511660874115,0.12809397291357907,2021-03-05,2019-10-25,False,False,False,False,False,0.0,0,0,False,[],暄骞集团
2019-09-30,季报,2019-10-27,无保留意见,False,450496769.9784609,214746054.13186207,235750715.84659883,0.476687222734426,120558974.69955705,5.92610964724837e-09,13121833.908605333,1830414.6856828,196172.98870251674,0.633618983825318,106527837.51204908,239818648.13923967,40000000,5.893767896164971,35202788.70739178,31465107.85622659,59635003.90668258,-13969754.89286165,-0.34924387232154125,-13935329.475017764,-73847740.03532891,-63050192.28700804,-19092677.329949345,-155990609.6522863,0.01288263693962288,0.35941479624139017,-0.007721744482213787,0.06748009941473004,2021-03-05,2019-12-14,False,False,False,False,False,0.0,0,0,False,[],暄骞集团
2019-12-31,年报,2020-03-30,无保留意见,False,633475787.0829468,331655291.98125714,301820495.10168964,0.5235484903195369,169821832.06217942,8.086695935196918e-09,16010895.298793519,2330061.9230193663,259306.90987800172,0.9017526402687113,147654618.42038423,328512050.5262255,40000000,7.545512377542241,26883708.92014945,24005061.94633121,27926838.664124623,-11884399.696060479,-0.297109992401512,-10657208.44270769,-125434365.4186027,-78883809.23205073,-25173762.184141163,-229491936.83479458,0.28025271956366776,0.6881803692673903,0.04686126758511095,-0.026273271532693276,2021-03-05,2020-05-16,False,False,False,False,False,0.0,0,0,False,[],暄骞集团
2020-03-31,季报,2020-04-30,非标准无保留意见,False,580932374.0872073,277725425.06015563,303206949.0270516,0.47806842491182044,165815266.9058141,8.261060767304502e-09,16146782.067880917,2371831.6807645974,292417.6926012334,0.8690700210165211,136937272.15941274,326736159.5444427,40000000,7.580173725676291,19936255.53488161,17625107.35347898,27750064.34424812,-9924933.40752548,-0.248123335188137,-9114220.84693176,-74068731.5391384,-73050639.47269164,-24119490.57074988,-171238861.5825799,0.00459363743636705,0.38303740951497184,-0.045480065407716465,-0.047347723650667015,2021-03-05,2020-05-12,False,False,False,False,False,0.0,0,0,False,[],暄骞集团
2020-06-30,半年报,2020-08-27,无保留意见,False,555080320.9285781,257697478.66097134,297382842.26760685,0.4642525936244263,135824247.77694687,6.86804097141708e-09,13650601.085523471,1987130.5898669113,243066.74654418486,0.6839686269355205,121870714.2709057,277169905.65715486,40000000,7.434571056690172,12831106.199303884,11239531.958865479,30437710.475620326,-10150213.336539613,-0.2537553334134903,-9122250.563733572,-52372533.087435685,-72730813.87835053,-23172302.144590437,-148275649.11037666,-0.01920835514533398,-0.03184138637702074,-0.013815831287394203,0.09141526253079775,2021-03-05,2020-10-20,False,False,False,False,False,0.0,0,0,False,[],暄骞集团
2020-09-30,季报,2020-10-27,无保留意见,False,614997515.2031488,303709582.4756247,311287932.7275241,0.4938387147390375,174549005.52719045,8.23988403183754e-09,17575334.09247211,2501870.2165226997,308827.6192371544,0.9041473184048175,144094047.37369522,341980301.6202656,40000000,7.782198318188103,8412333.641587466,7376961.356163902,9619015.59983638,-6312532.225309169,-0.15781330563272922,-5517958.003859396,-31056925.72308666,-83576733.81548016,-23750415.481402896,-138384075.0199697,0.04675821360065028,0.5602628665360094,0.029586121114611234,0.027695673873263375,2021-03-05,2020-11-28,False,False,False,False,False,0.0,0,0,False,[],暄骞集团
2020-12-31,年报,2021-03-30,无保留意见,False,737963679.6272812,405477736.46877074,332485943.1585105,0.5494548683934728,213770150.32025373,9.771643171184245e-09,18821826.81691859,2984254.827749547,356974.48827002995,1.0904638770767985,180045486.56843475,399271623.7301575,40000000,8.312148578962763,2423273.75872392,1319122.005837114,0.0,-8555799.83266221,-0.21389499581655524,-8654056.214752555,-101644184.59874111,-95318189.06539577,-29079518.777189367,-226041892.44132626,0.06809775838481145,-0.209897017202275,0.05561615365443533,-0.02027172632172457,2021-03-05,2021-05-23,False,False,False,False,False,0.0,0,0,False,[],暄骞集团
2021-03-31,季报,2021-04-30,无保留意见,False,617368762.0271732,301829059.608834,315539702.41833913,0.4888959049657086,146028599.03984517,7.236918626049552e-09,14545217.218851529,2266125.8755141483,287420.3669170285,0.8249072956277815,130044528.86594233,303024764.90657324,40000000,7.888492560458478,-6810380.4085433185,-7040484.380062629,20518690.904508628,-13190934.524667485,-0.3297733631166871,-11942294.836999632,-97097811.35996525,-79909953.8733334,-25643987.45412888,-202651752.68742755,-0.05096829231090932,-0.5489134080376257,-0.060558963427764234,0.1300784683980855,2021-03-05,2021-05-12,False,False,False,False,False,0.0,0,0,False,[],暄骞集团
2021-06-30,半年报,2021-08-27,无保留意见,False,563369362.2769516,275986766.18754005,287382596.0894115,0.48988600493305734,160798165.9040888,7.235546219906252e-09,15889427.751140347,2173472.9241273166,267764.66625719063,0.863031034895893,127021158.19603361,312303266.851652,40000000,7.184564902235287,-15945958.653028497,-15290651.160385126,41415648.22887642,-13050826.063550256,-0.3262706515887564,-11785952.543317854,-12341730.473573733,-78467038.74981181,-22375581.869332854,-113184351.0927184,-0.08923474958342106,0.036782896493791316,0.000990099967348735,0.08555828986060723,2021-03-05,2021-09-27,False,False,False,False,False,0.0,0,0,False,[],暄骞集团
2021-09-30,季报,2021-10-27,无保留意见,False,501634070.6232898,226109249.14361286,275524821.47967696,0.450745398658165,128627029.47150101,6.629112008497426e-09,14276071.533352863,1846621.2220681545,205403.8462539285,0.656842079294812,113496379.0390263,257272683.08725166,40000000,6.888120536991924,-23702409.059723284,-22937056.006388783,16429266.48409915,-11080643.43813541,-0.2770160859533852,-10923435.494290939,-80163455.86004244,-65735049.212948695,-21339068.21371839,-167237573.28670952,-0.04126128294159218,0.4988847432701367,-0.039140606274892346,0.02316888088890098,2021-03-05,2021-12-09,False,True,False,True,True,0.0,3,0,True,"['上市公司控股子公司向母公司实施利润分配的情况', '留存未分配利润的预计用途以及收益情况', '根据公司盈利能力、融资能力及其成本、偿债能力及现金流等情况披露现金分红方案的合理性，是否导致公司营运资金不足或者影响公司正常生产经营', '是否影响偿债能力、过去十二个月内是否使用过募集资金补充流动资金以及未来十二个月内是否计划使用募集资金补充流动资金等内容']",暄骞集团
2021-12-31,年报,2022-03-30,无保留意见,False,508305029.26920635,212103650.39634013,296201378.8728662,0.41727631674485494,132223389.82339162,6.519840794058953e-09,13061222.619910609,1927457.9335888831,229617.24575211797,0.6796241569345569,116483504.99517392,261889908.3076204,40000000,7.405034471821655,-29107701.90330236,-28135220.126082435,14171318.739602903,-7721846.919398684,-0.1930461729849671,-7425948.742419502,-84739715.56602213,-65397288.80745944,-21063060.940674726,-171200065.3141563,0.0750442638240286,0.5674259497013149,-0.033469081913310036,0.1604643461526536,2021-03-05,2022-05-14,False,False,True,False,False,0.0,0,6,True,"['留存未分配利润的预计用途以及收益情况', '公司为增强投资者回报水平拟采取的措施', '结合前述财务报表列报项目的具体情况说明现金分红方案确定的依据及未来增强投资者回报的规划']",暄骞集团
2022-03-31,季报,2022-04-30,无保留意见,False,525772356.7312697,184715243.70140886,341057113.02986085,0.3513217105018316,131307907.32095414,6.156645764707289e-09,12898539.766269447,1795006.2244608593,209750.66290175068,0.7071546617147771,106551977.75857636,263214577.08824152,40000000,8.526427825746522,-31038907.12325866,-29917883.540976692,11784428.56682874,-2758864.5999375694,-0.06897161499843923,-2546662.0212775064,-44978708.94819322,-66260852.00502188,-22436224.921615884,-133675785.87483098,0.15143661493975477,0.5349105879528628,-0.06595460624302334,0.06960191137040272,2021-03-05,2022-05-19,False,False,False,False,True,0.0,0,0,False,[],暄骞集团
2022-06-30,半年报,2022-08-27,无保留意见,False,569797545.4524814,167162736.50348988,402634808.9489915,0.29337215970410063,145730383.6584642,7.435966779894422e-09,13984348.914837385,2307320.0811216836,267176.62946094485,0.7654289199917258,123041446.7828125,306271924.5511373,40000000,10.065870223724787,-35407918.49502037,-33890240.75690431,16750012.955012895,-6241444.816802438,-0.15603612042006096,-5674796.022753745,-97533189.52896856,-71701300.61611363,-23978506.38591834,-193212996.53100052,0.18054951375178976,-0.24454371923530782,-0.05794955079773097,0.07331975005897742,2021-03-05,2022-09-14,False,False,False,False,False,0.0,0,0,False,[],暄骞集团
2022-09-30,季报,2022-10-27,无保留意见,False,587081465.5096815,172397711.33446032,414683754.17522115,0.293652110418426,165366096.78130978,8.147394755845506e-09,15763484.930823278,2221072.221364449,259007.19162974576,0.8621482738143369,144970937.68980572,323158822.9195624,40000000,10.367093854380528,-35670258.009218834,-34121243.39306949,952749.3201199432,-374770.7345692329,-0.009369268364230823,-330003.76595025347,-60113852.53967213,-79903762.4687189,-23790771.300084557,-163808386.30847558,0.029925244808518478,0.5453031547763615,0.0002799507143253393,0.09608173809459922,2021-03-05,2022-12-05,False,False,False,False,False,0.0,0,0,False,[],暄骞集团
2022-12-31,年报,2023-03-30,无保留意见,False,683548576.8404464,227687871.056336,455860705.78411037,0.33309684018182484,187623478.84341016,9.45127869449784e-09,20993007.839616004,2803778.2777107535,340282.5973718416,0.9925825922535613,182521355.34066972,387263515.37806535,40000000,11.39651764460276,-25501339.2403412,-25310511.44088202,54798167.52942753,14527026.812682338,0.36317567031705844,12586759.931696396,-10343459.195151178,-92732461.28514193,-28001447.319711454,-131077367.80000457,0.09929723842398307,0.8963363638080607,0.03944472976339886,-0.05537636125322454,2021-03-05,2023-05-28,False,True,False,False,False,0.0,3,0,True,['结合所处行业特点、发展阶段和自身经营模式、盈利水平、偿债能力、资金需求等因素，未进行现金分红或现金分红水平较低原因的说明'],暄骞集团
2023-03-31,季报,2023-04-30,无保留意见,True,689024074.1700389,189622577.5600832,499401496.6099558,0.2752045750919404,189701447.13527653,9.580314510070093e-09,19539528.04700776,2872173.84683075,334569.51300283155,1.0696001364547807,161616748.20476398,387355257.8512025,40000000,12.485037415248895,-17111866.36160207,-17930649.74943097,40409327.08546613,11984961.255341612,0.29962403138354027,10542659.559215782,-70092310.57045038,-82551195.73178725,-30148545.62999122,-182792051.93222886,0.09551336685392171,-0.08063131269702009,-0.05789226508988443,0.062229279944964654,2021-03-05,2023-05-23,False,False,False,True,True,0.0,0,0,False,[],暄骞集团
2023-06-30,半年报,2023-08-27,保留意见,False,573135199.2873964,114689205.12273955,458445994.1646568,0.20010846527195952,141685306.25829184,7.3223681559337975e-09,15977403.66875138,2165028.7059989725,250498.85602987572,0.7494128393489307,121707425.3266248,296535323.1728117,40000000,11.461149854116421,-16050734.067799615,-16977519.19035009,2730865.527331967,1515903.2768606544,0.037897581921516356,1361615.0844012564,-41944005.49344735,-78317647.9632991,-23270868.407551516,-143532521.86429796,-0.08200917042362448,-0.36118930386879944,-0.07509610981998088,0.03823717392225604,2021-03-05,2023-09-21,False,False,True,False,False,0.0,0,8,True,"['充分披露高送转的主要考虑及其合理性且送转股后每股收益不低于0.5元', '结合前述财务报表列报项目的具体情况说明现金分红方案确定的依据及未来增强投资者回报的规划']",暄骞集团
2023-09-30,季报,2023-10-27,无保留意见,False,601714237.284902,120342847.45698039,481371389.82792157,0.2,155686985.8644571,7.660465145678179e-09,15156480.255140658,2515373.2380365194,252614.48992957245,0.7954464744133487,131919760.33534805,302223651.312723,40000000,12.03428474569804,-19176648.448764794,-19770080.41815044,12816383.371956842,-4465591.972807402,-0.11163979932018504,-3989373.1825719294,-47333584.82568738,-78715789.11415215,-26177971.730843972,-152227345.6706835,0.050006753151017276,-0.32304636507488865,-0.09013044326054866,-0.026481466631376228,2021-03-05,2023-11-21,False,False,True,False,True,0.0,0,6,True,"['根据公司盈利能力、融资能力及其成本、偿债能力及现金流等情况披露现金分红方案的合理性，是否导致公司营运资金不足或者影响公司正常生产经营', '公司在相应期间是否按照中国证券监督管理委员会相关规定为中小股东参与现金分红决策提供了便利']",暄骞集团
2023-12-31,年报,2024-03-30,无保留意见,False,541681008.8341798,108336201.76683597,433344807.06734383,0.2,139149369.37260178,6.952874720768166e-09,14654052.876113951,1989192.7028216629,225372.13991605403,0.7184007271826057,122346339.9153967,274748845.4609179,40000000,10.833620176683596,-22809333.66487816,-23079854.2676866,18014231.154870912,-5189550.308733383,-0.12973875771833457,-4728248.356480229,-67306429.67310107,-69812649.54837431,-20654214.644783583,-157773293.86625895,-0.09977033071646824,-0.05775768064637743,0.036016507312758544,0.03879503671753646,2021-03-05,2024-04-16,False,False,False,False,False,0.0,0,0,False,[],暄骞集团
2024-03-31,季报,2024-04-30,无保留意见,False,562242384.4971659,138064438.90629333,424177945.5908725,0.245560353885041,138201314.37876788,6.715978440466775e-09,13507410.638238383,1880227.7415473857,243468.3967910482,0.7287504698959799,106559812.85172063,276709589.6785354,40000000,10.604448639771814,-21786028.3308455,-22155710.83487532,6187380.790615244,1461864.762903802,0.03654661907259505,1320204.9040161152,-70307334.9873916,-75879044.97825325,-23864893.081467196,-170051273.04711205,-0.02115373560954359,0.56318050925323,0.09956582456087155,-0.023238660759805897,2021-03-05,2024-05-10,False,False,False,False,True,0.0,0,0,False,[],暄骞集团
2024-06-30,半年报,2024-08-27,无保留意见,False,658137314.3194642,187902546.43502712,470234767.884437,0.2855065992259147,173111235.93733025,9.429273716901231e-09,18536435.72552249,2704666.744829346,314755.2769229774,0.8940917295489476,165907946.64641953,365324706.19165134,40000000,11.755869197110925,-20742223.28438611,-21154708.953798555,4764812.343000504,1491150.066370558,0.03727875165926395,1430002.687252522,-61191545.69851726,-86427721.62738056,-26852371.11062125,-174471638.43651906,0.10857901211579532,0.0015862592345274318,0.03994624534087373,-0.03229741840240177,2021-03-05,2024-10-02,False,True,False,False,False,0.0,4,0,True,"['充分披露高送转的主要考虑及其合理性且送转股后每股收益不低于0.5元', '是否影响偿债能力、过去十二个月内是否使用过募集资金补充流动资金以及未来十二个月内是否计划使用募集资金补充流动资金等内容', '根据公司盈利能力、融资能力及其成本、偿债能力及现金流等情况披露现金分红方案的合理性，是否导致公司营运资金不足或者影响公司正常生产经营']",暄骞集团
2024-09-30,季报,2024-10-27,无保留意见,True,557914274.5961562,118294255.32197051,439620019.2741858,0.2120294473691272,151967695.4254739,6.769763889181474e-09,14002518.801649606,2063224.5543200134,239436.92420145925,0.7086421517834447,121917234.94280832,280447006.34653157,40000000,10.990500481854644,-15150296.180135753,-16227650.488338914,21057700.54645778,7988467.291786224,0.19971168229465558,7038654.950656629,-98111180.92814681,-76608727.9260825,-23459774.555383015,-198179683.40961236,-0.06510524253233214,0.35137442517608414,-0.07347715185678749,0.10807015009357204,2021-03-05,2024-12-03,False,False,False,True,False,0.0,0,0,False,[],暄骞集团
2024-12-31,年报,2025-03-30,非标准无保留意见,False,696052739.7431504,229861637.837055,466191101.9060953,0.330235950111878,185037917.21438864,8.400470749197518e-09,18804683.457835924,2582645.083302021,317575.3063319759,1.0483827213679022,156201779.78958836,362355334.21155834,40000000,11.654777547652383,-12953169.477708878,-14081729.597618503,12729495.80755982,3138752.432038393,0.07846881080095983,3065601.2724577305,-76769277.9277461,-86174317.31636865,-28106114.72096463,-191049709.9650794,0.06044102057904109,-0.19407812424501697,0.1182065027427508,-0.1198071109765973,2021-03-05,2025-04-14,False,False,False,False,True,0.0,0,0,False,[],暄骞集团
2017-03-31,季报,2017-04-30,非标准无保留意见,False,256987630.10219556,70829272.23864695,186158357.8635486,0.2756135468873754,34917960.922257975,184309.51731218718,6357239.252950799,27459859.75745431,11423369.57168121,0.2732711665467526,67128420.16234034,151285471.60771284,40000000,4.653958946588715,-1567650.9336098598,-1406061.9355662086,8660647.297039138,-2239501.333728371,-0.05598753334320928,-2008659.9079517266,33185537.299418915,-12933781.518617665,-41358063.69985385,-21106307.9190526,0.03421309924193674,-0.1799722963182429,-0.02438645311262459,0.055131589557793,2021-05-26,2017-05-27,False,False,False,False,False,0.0,0,0,False,[],淼琮物流
2017-06-30,半年报,2017-08-27,无保留意见,False,248411632.10990265,72368874.8355799,176042757.27432275,0.2913264335526863,41020218.34119663,232708.85178516206,6639490.236395185,29524406.50537705,11797190.820248825,0.3175670494668018,75057735.71334076,163162694.62792772,40000000,4.4010689318580685,-1110187.4337895815,-1027777.6327314776,1013956.9119330754,653519.2854575403,0.016337982136438507,540406.1469067584,23714976.96943248,-14037254.668192782,-35852356.19184405,-26174633.890604354,-0.05433868618802724,0.19599748522023772,0.015712886665310878,0.03728043613355577,2021-05-26,2017-09-08,False,False,False,False,False,0.0,0,0,False,[],淼琮物流
2017-09-30,季报,2017-10-27,保留意见,False,261929515.4962269,78572512.63648373,183357002.85974318,0.2999757873320526,37767494.85723673,204072.45023078914,7563691.15116475,28700524.312074713,12889264.192908349,0.3339554561166921,74967063.63485336,164456304.6117294,40000000,4.58392507149358,4030760.584832606,3681368.614891833,29819511.21801493,7344211.455174554,0.18360528637936385,6727351.782319016,6229197.280767664,-14711493.405056005,-40390864.83812282,-48873160.962411165,0.04154811989238979,0.3790004735899097,0.008649353779366323,0.13895748691125492,2021-05-26,2017-12-02,False,False,False,False,False,0.0,0,0,False,[],淼琮物流
2017-12-31,年报,2018-03-30,无保留意见,False,255622033.59391582,92794433.76248954,162827599.83142626,0.3630142224355506,31611274.26579968,179224.88614416897,5567663.379986447,25719630.51824452,11774238.009904835,0.29741101508548656,73037292.7231017,148248433.417132,40000000,4.070689995785656,17449253.67799602,15563884.439167969,44046409.59682621,19169275.84737631,0.47923189618440776,16975022.606108766,37425318.30483161,-11714734.38220441,-38730153.38349968,-13019569.460872483,-0.11196410667783796,0.48574440022325094,0.063038435103498,0.06131567950532724,2021-05-26,2018-04-17,False,False,False,False,False,0.0,0,0,False,[],淼琮物流
2018-03-31,季报,2018-04-30,无保留意见,False,243709823.28894988,84350594.73480076,159359228.55414912,0.34611077057321604,33961747.184911385,189459.25912801913,6704959.885701832,25591706.061471842,11467828.956118999,0.2704615595704013,75234161.86806926,155989809.2552341,40000000,3.983980713853728,11099300.645564063,10012353.090412179,21371948.029694647,-9071361.474902797,-0.22678403687256993,-7930759.069651129,8523627.64017724,-12460373.718207236,-35854211.761501044,-39790957.83953104,-0.021300880691405417,-0.7807907861204155,-0.016903451862334582,-0.01961107493918096,2021-05-26,2018-06-19,False,False,False,False,False,0.0,0,0,False,[],淼琮物流
2018-06-30,半年报,2018-08-27,无保留意见,False,256296922.98289472,81022238.35002904,175274684.63286567,0.31612645757528846,35717406.66016561,192226.430690374,6121145.854549467,26446658.730449464,12280241.278380442,0.29661333689523195,69806927.00897685,154888292.32575125,40000000,4.381867115821642,5072918.834262438,4970065.375294466,0.0,-8609116.873288035,-0.21522792183220088,-7203268.164453878,49740370.03216966,-13910625.104898961,-39018373.19981991,-3188628.2725492045,0.09987156829959551,0.058300627548043576,-0.029984312997927552,-0.1578869767275901,2021-05-26,2018-10-16,False,False,False,False,False,0.0,0,0,False,[],淼琮物流
2018-09-30,季报,2018-10-27,非标准无保留意见,False,285112338.04285866,96653048.17495653,188459289.86790213,0.33899987927014036,42820621.769115515,225515.21594680392,7475778.489047696,31483716.336112186,12638004.105054932,0.3238220232630022,90471887.00472078,174405321.48489967,40000000,4.711482246697553,-2621155.4655068438,-1855292.6584300383,43298937.16536888,-10991534.713956118,-0.2747883678489029,-9750511.476749292,29380556.327544212,-15569472.282620743,-45028234.81161428,-31217150.766690813,0.07522253006846509,-0.2839293319536022,0.0228734216948519,-0.1331288993705111,2021-05-26,2018-12-09,False,False,False,False,False,0.0,0,0,False,[],淼琮物流
2018-12-31,年报,2019-03-30,无保留意见,True,321805717.0631217,107667404.98959643,214138312.07352522,0.33457269178495563,44890098.40582793,257658.08715806494,8467724.082597045,36439255.08166257,15222663.08854769,0.39905286167270476,95087473.60899611,204478364.93954024,40000000,5.353457801838131,-10521121.3834262,-8654740.372153368,0.0,-11285665.597027654,-0.28214163992569136,-9713496.733890472,18600904.17146029,-16775159.962221386,-48938381.844739825,-47112637.63550092,0.13625766192593858,-0.04895274734377295,-0.004427187485184762,-0.014680401628189338,2021-05-26,2019-05-04,False,False,False,False,False,0.0,0,0,False,[],淼琮物流
2019-03-31,季报,2019-04-30,无保留意见,False,330678090.84670013,121435340.49669988,209242750.35000026,0.367231285827752,43606328.075564526,242796.58913486428,7190428.002854232,31600699.01951476,15260722.369415713,0.3421723798331041,94708604.42611416,189237181.78626326,40000000,5.231068758750006,-18903738.312598266,-15980781.932615329,58224530.84184301,-11975167.041674377,-0.29937917604185943,-10465773.6578028,14425017.696291843,-16523965.039737426,-53337636.7004277,-55436584.04387329,-0.022861680733917575,-0.12066172471251857,0.032658594042796384,0.12768149787507568,2021-05-26,2019-05-17,False,False,False,False,False,0.0,0,0,False,[],淼琮物流
2019-06-30,半年报,2019-08-27,无保留意见,False,312158634.4489506,102804965.813077,209353668.6358736,0.3293356469045209,40928824.63328396,232961.40612614522,6797748.325189648,32668845.654822893,12665119.766920142,0.31886916075745897,78918654.25683092,176601749.56964836,40000000,5.2338417158968396,-26268424.67958965,-22904153.873339154,48581950.67716338,-10520980.524273407,-0.26302451310683517,-9890531.343891181,46812249.4395044,-16009023.721504824,-50174924.67489044,-19371698.956890866,0.000530093805820333,0.2893999719914146,-0.0378956389232311,0.08699750116768955,2021-05-26,2019-09-09,False,False,False,False,False,0.0,0,0,False,[],淼琮物流
2019-09-30,季报,2019-10-27,无保留意见,False,325725177.4819195,115757214.09185553,209967963.39006403,0.3553830716640902,45933609.84883232,247992.86530419765,8963834.071489241,34186942.958684675,15110820.650910558,0.37914528976582795,100593600.63573712,203108104.0758069,40000000,5.2491990847516,-33640963.31456988,-29798865.837245837,11575353.330845231,-10532198.049971756,-0.2633049512492939,-9849588.519866692,15513497.387391588,-18221068.2746022,-50883196.914504945,-53590767.80171556,0.0029342440387746566,-0.0017313616266128264,0.026047424759569306,-0.013878484924993393,2021-05-26,2019-11-21,False,False,False,False,False,0.0,0,0,False,[],淼琮物流
2019-12-31,年报,2020-03-30,无保留意见,False,330414516.9987855,128860702.71475436,201553814.28403115,0.3899970978430951,43073608.88955749,265635.73481047107,7958918.107908892,29745176.02342493,13567600.20400129,0.33346406554597824,93629733.23704192,192926737.10302123,40000000,5.0388453571007785,-41312842.17396189,-36815673.81624814,34119226.37242715,-10959826.941988584,-0.2739956735497146,-10024011.398574721,5253245.274159574,-16540346.870533967,-54800176.78604433,-66087278.38241872,-0.04007349011811697,-0.06611657179993911,0.034614026179004886,0.07925686483142934,2021-05-26,2020-04-28,False,False,False,False,False,0.0,0,0,False,[],淼琮物流
2020-03-31,季报,2020-04-30,无保留意见,False,354486126.085824,142959761.4388399,211526364.6469841,0.40328732471811374,43691440.04383786,266014.107804637,8317981.709413038,36553787.48379351,14513574.363384081,0.3814200235626408,96673917.4871779,195376688.88270956,40000000,5.288159116174603,-48645316.03303491,-43646999.2401329,43677579.68704185,-10474962.655818593,-0.26187406639546484,-9759036.319835372,41996396.43013835,-17980504.348463915,-51071088.95549805,-27055196.873823613,0.04947835097230938,0.0802732440798016,0.013290226875018636,0.0967359809086389,2021-05-26,2020-06-02,False,False,False,False,False,0.0,0,0,False,[],淼琮物流
2020-06-30,半年报,2020-08-27,无保留意见,False,368486195.67144734,133416896.2715381,235069299.39990923,0.3620675559593998,53786222.31215036,275048.1702676759,9179699.064786073,41422876.2391571,15938912.369662734,0.39104551012538935,107161838.7691905,227097706.95248225,40000000,5.8767324849977305,-54952412.09150064,-49507721.95546867,30888865.96779104,-9010137.226379625,-0.22525343065949063,-8372461.021908239,40656891.07760306,-18669985.78556187,-56651203.13938082,-34664297.84733963,0.1113002381155458,0.22449303385906305,-0.041219768758713915,-0.003895796722616402,2021-05-26,2020-09-07,False,False,False,False,False,0.0,0,0,False,[],淼琮物流
2020-09-30,季报,2020-10-27,保留意见,False,312592805.50323963,107437673.24644892,205155132.25679073,0.3436984836342801,46454549.25999713,254940.99245727793,8054540.124448217,34449763.52759255,15676179.53384225,0.41039853786479824,97761248.91609824,204590085.06625998,40000000,5.128878306419768,-59199524.20586049,-53564254.80353763,20569310.13425934,-6067303.020514065,-0.15168257551285164,-5795046.925812794,38391923.58653838,-16815049.265262038,-49679841.03129788,-28102966.710021533,-0.1272568013751015,0.36832099489639897,-0.01836907232511967,-0.014280761997242932,2021-05-26,2020-11-07,False,False,False,False,False,0.0,0,0,False,[],淼琮物流
2020-12-31,年报,2021-03-30,无保留意见,False,321410120.75096965,99472515.672472,221937605.07849762,0.3094878140117556,47357228.994042724,247938.55077362526,8175886.564936189,31766155.029557075,14234558.823091986,0.34982517837238997,91870483.1213317,193374173.43887836,40000000,5.548440126962441,-59246162.59767952,-53603316.37111881,283756.06227597495,-66626.27402718738,-0.0016656568506796844,-55802.239401690276,17641983.20733745,-15600029.239232937,-47594777.27493997,-45552823.30683546,0.08180381663911022,0.548874331534709,-0.03421066962252451,0.14575989773048564,2021-05-26,2021-04-12,False,False,False,False,False,0.0,0,0,False,[],淼琮物流
2021-03-31,季报,2021-04-30,无保留意见,False,293189569.4100454,80056571.5235518,213132997.8864936,0.2730539551070703,40968203.50519654,221857.99839232533,7376970.891035333,31335144.772017334,11892483.024827184,0.3272841307152685,81506793.72298284,173872205.91870394,40000000,5.32832494716234,-59135913.662904344,-53501979.275194034,274717.7759459132,157498.47825025022,0.003937461956256255,144767.27989253975,29422179.145744268,-15446089.888847517,-46028610.28826409,-32052521.03136734,-0.03967154276937393,0.013235682144879985,-0.03643385890468534,-0.023207119199344303,2021-05-26,2021-06-01,False,False,False,False,False,0.0,0,0,False,[],淼琮物流
2021-06-30,半年报,2021-08-27,无保留意见,False,294328451.3487414,72824427.91591185,221504023.4328296,0.24742571634579852,40915954.86236932,227365.1567129552,6722740.962788793,26930359.73475937,12123924.51614092,0.28521459788060716,83528803.64481908,169699279.70567125,40000000,5.53760058582074,-59010882.64418554,-53384730.27343936,427074.9491196687,178615.74102686346,0.004465393525671587,167498.57393524027,16107886.112017868,-15140831.08061097,-45070290.03329512,-44103235.001888216,0.03927606531764778,0.001230789138835342,-0.025628238761271786,-0.00474450264233716,2021-05-26,2021-09-30,False,True,False,False,False,0.0,4,0,True,['上市公司控股子公司向母公司实施利润分配的情况'],淼琮物流
2021-09-30,季报,2021-10-27,无保留意见,False,297319591.1624352,63974767.09802094,233344824.06441426,0.21517171757131026,32403854.33994389,220912.1938303031,6453827.697732503,26976604.476120017,11589554.126788782,0.26735859645042614,70186330.76883088,155119135.05040187,40000000,5.833620601610357,-57491668.72396208,-51949156.380943,2893477.3342233505,2170305.600319229,0.05425764000798073,2050819.8464233663,56504287.32153735,-15222194.343555337,-45929843.716717556,-4647750.738735542,0.05345636818725924,0.11594006695986042,-0.03225399877448824,0.0236441670543314,2021-05-26,2021-12-22,False,False,False,False,False,0.0,0,0,False,[],淼琮物流
2021-12-31,年报,2022-03-30,保留意见,False,292386641.01677305,73850786.1629179,218535854.85385516,0.2525792078123069,38919361.729024656,199024.60568773947,6772921.485478481,32181446.246082976,13646215.534330647,0.3342858946716235,85974004.85307029,174568598.87654868,40000000,5.463396371346379,-46274139.33899589,-41486555.81994958,47891835.46989968,16025041.978523131,0.4006260494630783,14946572.229990603,54434912.39469873,-15931530.57745378,-42968516.01506158,-4465134.197816633,-0.06346388556050044,0.7227185975571089,0.03740749024099666,-0.06898296329454788,2021-05-26,2022-04-10,False,False,False,False,False,0.0,0,0,False,[],淼琮物流
2022-03-31,季报,2022-04-30,无保留意见,False,285882020.0575317,77817544.19893488,208064475.85859686,0.2722016032462435,35128111.89461163,202013.32157461424,6446540.938360902,26564671.759658504,11180636.523944281,0.2902085094804993,72920232.56008062,155465804.9535005,40000000,5.201611896464922,-44369713.19943934,-39659582.38893002,2285646.4185761223,2720608.770795081,0.06801521926987703,2609962.0443136618,12755354.783101428,-15293989.43301399,-43176625.45428172,-45715260.10419428,-0.04791606852001934,-0.4028589340289166,0.019622395433936537,0.24901126881732544,2021-05-26,2022-05-17,False,False,False,False,False,0.0,0,0,False,[],淼琮物流
2022-06-30,半年报,2022-08-27,无保留意见,False,323682990.5696975,90438813.19197583,233244177.37772164,0.2794055165914008,38592471.42671533,238000.40267523602,7380127.933790899,29198930.98576304,13198011.76513922,0.3088595606426639,84424056.09247108,179108745.33979475,40000000,5.8311044344430405,-38990164.89772415,-34382511.814320885,0.0,7685069.002450265,0.19212672506125664,7538672.249441623,22395113.191985086,-17784285.67783081,-45574942.37685532,-40964114.86270104,0.12101874390242963,0.25173970486181035,0.007203913345157325,-0.041235376209308616,2021-05-26,2022-10-06,True,False,False,True,False,7568079.8362986045,0,0,True,"['根据公司盈利能力、融资能力及其成本、偿债能力及现金流等情况披露现金分红方案的合理性，是否导致公司营运资金不足或者影响公司正常生产经营', '结合所处行业特点、发展阶段和自身经营模式、盈利水平、偿债能力、资金需求等因素，未进行现金分红或现金分红水平较低原因的说明', '充分披露高送转的主要考虑及其合理性且送转股后每股收益不低于0.5元']",淼琮物流
2022-09-30,季报,2022-10-27,无保留意见,False,340381811.6459811,106354301.16136223,234027510.48461884,0.3124558878368552,43479701.77932811,254207.74959020357,8399898.803436082,36945644.306211434,15132411.710257329,0.38226294447532755,97590851.59984066,210073384.83026388,40000000,5.850687762115471,-43534063.74126802,-38333635.86551826,24110789.080794603,-6491284.062205521,-0.16228210155513803,-5644462.930281963,67821911.87959501,-17881703.346787266,-51029342.74737034,-1089134.214562595,0.0033584251307103336,-0.5742885735198321,0.0330503712454544,0.04598727594278336,2021-05-26,2022-12-07,False,False,False,False,False,0.0,0,0,False,[],淼琮物流
2022-12-31,年报,2023-03-30,无保留意见,False,384763468.1437599,130487962.21596844,254275505.92779148,0.3391381277580489,48573071.751344174,293812.16513411544,9930050.014644587,36692145.73626468,16111073.285609009,0.421688568937302,102723084.84940733,223522730.35511598,40000000,6.356887648194787,-47176028.26190687,-41741979.01745395,11620818.306628857,-5202806.458055511,-0.13007016145138778,-4869061.645622432,22051963.513451077,-17422955.48866965,-55068099.81830819,-50439091.79352676,0.08651972326348964,0.12261037521397054,0.026682239921193725,0.07406910472838875,2021-05-26,2023-05-03,False,False,False,False,True,0.0,0,0,False,[],淼琮物流
2023-03-31,季报,2023-04-30,无保留意见,False,327424039.3449132,83718657.66009285,243705381.68482035,0.2556887937354606,46677987.94579711,241297.48370795348,8512045.694099698,36129606.79450027,15183364.092068076,0.36820387138250904,92542773.98561321,198264039.212302,40000000,6.092634542120509,-47961417.34783886,-42426833.37189817,3817743.3690428655,-1121984.408474259,-0.028049610211856476,-978363.3634917272,23183985.057470016,-16391144.967396202,-49021526.21997604,-42228686.12990222,-0.04156957314627398,0.3459146478416277,-0.08344933402258832,0.018958549556664487,2021-05-26,2023-06-05,False,False,False,False,False,0.0,0,0,False,[],淼琮物流
2023-06-30,半年报,2023-08-27,无保留意见,False,336814251.24616116,102737476.73118451,234076774.51497665,0.30502710722919707,47636572.84665554,255585.56276988602,8218147.90903945,36265246.62586227,15352552.144981757,0.405335980660518,94016908.39959154,206559859.796626,40000000,5.851919362874416,-47923437.559036404,-42389588.769732915,89437.72586425077,54256.84114636853,0.0013564210286592133,53206.57452178501,48955609.979011334,-17537915.09887607,-53489815.628108904,-22072120.74797364,-0.03950921027380594,0.07407986488238485,0.04933831349373644,0.04932175726208618,2021-05-26,2023-09-22,True,False,False,False,False,19572.77990083044,0,0,True,['结合所处行业特点、发展阶段和自身经营模式、盈利水平、偿债能力、资金需求等因素，未进行现金分红或现金分红水平较低原因的说明'],淼琮物流
2023-09-30,季报,2023-10-27,保留意见,False,338496302.8721927,106605738.42797245,231890564.44422022,0.3149391515458412,44500900.78239329,245294.79169233178,7615050.624514107,35150211.91425447,13866670.470025405,0.3405738218049896,83776516.18307547,191826028.5527005,40000000,5.797264111105505,-45984280.823285624,-40548638.874289006,2729298.072011241,2770223.908215396,0.0692555977053849,2629928.4220627244,21376851.279198743,-17954684.345121033,-49216580.42457679,-45794413.49049908,-0.009339713755396795,0.15925449536542025,0.009912044316644126,0.09691865131362871,2021-05-26,2023-12-18,False,False,False,False,True,0.0,0,0,False,[],淼琮物流
2023-12-31,年报,2024-03-30,无保留意见,False,316625491.4231541,123835678.32340376,192789813.09975034,0.3911108918198364,41631253.13866083,242547.6992525892,7874768.201730382,31522686.335235875,11321320.562728794,0.33187174796319135,87754261.57662302,183144252.50104475,40000000,4.8197453274937585,-36401546.60879795,-32280668.807097655,45416279.95646122,13689620.306410957,0.3422405076602739,11811385.810273362,9630650.14904463,-16554431.46308583,-47245224.637830816,-54169005.95187202,-0.16861725891341875,0.5523152620268539,0.07617174027399522,0.04357739651397176,2021-05-26,2024-05-20,False,False,False,False,True,0.0,0,0,False,[],淼琮物流
2024-03-31,季报,2024-04-30,无保留意见,False,361832016.72681946,145343290.41094527,216488726.3158742,0.4016872020495588,50795235.94634255,287329.4450443178,8450841.091588682,38624563.802461095,16662156.299683535,0.44669061556482154,112724035.94766837,230364515.83174044,40000000,5.412218157896855,-13020704.534680692,-11882632.179784007,118786241.99033889,33401202.96302466,0.8350300740756165,29140052.324733783,22019846.34856577,-18580306.12322406,-57406678.98377038,-53967138.75842867,0.12292616936073236,0.6422882544589847,0.010576310229722443,0.05145511755509727,2021-05-26,2024-06-19,True,True,False,True,True,11842274.429612081,3,0,True,['充分披露高送转的主要考虑及其合理性且送转股后每股收益不低于0.5元'],淼琮物流
2024-06-30,半年报,2024-08-27,无保留意见,False,366602606.59410465,137798926.53525564,228803680.058849,0.3758809240759817,50077512.64049923,322478.67048381973,9478753.280550038,41621062.07774806,17291811.340233754,0.4457402439025903,114421150.41381288,244719235.06299365,40000000,5.720092001471225,-3969820.377038696,-3339635.4848133316,21054643.54243183,12929834.510917138,0.32324586277292844,12204280.992815252,11139920.03905775,-18639865.202569395,-56230997.47047331,-63730942.63398495,0.05688496557093842,-0.40616825092698144,-0.02580627797357714,0.13680171674680314,2021-05-26,2024-10-03,False,False,False,True,True,0.0,0,0,False,[],淼琮物流
2024-09-30,季报,2024-10-27,无保留意见,False,433717735.6979845,199222857.66177428,234494878.03621024,0.459337585863681,56863192.88803648,319336.33190850366,9684403.33902113,44380320.30349564,18905933.810240205,0.46560181713704585,123928325.11370137,252345677.79105324,40000000,5.862371950905256,2444509.2298765387,2809670.32509168,37039349.91255987,9163328.009878907,0.22908320024697268,8784722.585578589,61986862.34831385,-23395940.968882993,-65014875.13332896,-26423953.7538981,0.02487371696074727,-0.12584454817698262,0.0834566617876993,-0.023436964197601537,2021-05-26,2024-11-22,False,False,False,False,False,0.0,0,0,False,[],淼琮物流
2024-12-31,年报,2025-03-30,无保留意见,False,393554748.9653846,175070090.30542803,218484658.65995654,0.4448430383972484,56590039.80297496,297890.88730798825,9004580.192028418,42788801.204457745,16329522.757011771,0.46695132491302616,113103324.63316695,232336000.1485286,40000000,5.462116466498913,6487522.015632899,6528218.570939697,14151355.120048692,5775732.551080514,0.14439331377701284,5312211.779782882,62567632.55393394,-21303443.553640977,-59576550.41117766,-18312361.410884693,-0.06827534788960901,-0.12947876728523527,-0.014494547466432577,0.17627326183263584,2021-05-26,2025-04-20,False,False,False,False,True,0.0,0,0,False,[],淼琮物流
2017-03-31,季报,2017-04-30,无保留意见,False,287248632.87367344,94913600.74017504,192335032.13349843,0.33042315916579573,591797.3572002443,19842.200315595725,116302697.71971521,6726.621206389901,75877656.0552445,754778.3464799983,12680683.887153184,203282777.07757282,40000000,4.80837580333746,-5625267.914957968,-4976177.670474905,0.0,-8036097.021368526,-0.20090242553421314,-7108825.243535578,39316579.53825655,-37730982.623288445,35722475.04766601,37308071.96263412,0.06852795629721352,-0.5020053900760292,0.030423159165795754,0.04273632343738843,2021-02-05,2017-06-22,False,False,False,False,False,0.0,0,0,False,[],蔚瀚环保
2017-06-30,半年报,2017-08-27,无保留意见,False,344154630.56962764,124037099.53250402,220117531.03712365,0.3604109563401892,596264.3923759465,25338.884638964977,135063335.4546874,8082.194365928196,89612401.4163304,945518.5581301436,15120710.254356228,237813074.35030755,40000000,5.502938275928091,-10574278.599104898,-9683785.392354753,19128148.914383776,-7070015.263067044,-0.1767503815766761,-6725153.888399784,49127091.27324963,-46496086.15163176,44561253.37684577,47192258.498463646,0.14444845848124846,0.10777467812898757,0.029987797174393493,-0.013250241932275825,2021-02-05,2017-09-21,False,False,False,False,False,0.0,0,0,False,[],蔚瀚环保
2017-09-30,季报,2017-10-27,保留意见,False,311552687.60488206,92699983.23861021,218852704.36627185,0.2975419148242892,574136.0263652775,19611.181390431502,108258937.90615247,6899.950084561003,76644954.55660422,858188.9914437012,12513871.195879793,212575737.22993177,40000000,5.471317609156796,-10685557.08519426,-9783136.77561505,287498.168928522,-158969.265841946,-0.00397423164604865,-141930.54751471078,11922060.679498332,-44387796.89909213,40080244.368453,7614508.148859203,-0.00574614236718158,0.6959775045293468,-0.06286904151590002,-0.1906765132879034,2021-02-05,2017-12-19,False,False,False,False,False,0.0,0,0,False,[],蔚瀚环保
2017-12-31,年报,2018-03-30,无保留意见,False,324386516.7072092,91013430.42073111,233373086.2864781,0.2805709415563647,634918.5407682229,19686.612068160808,129561115.31041692,7704.893922352633,75292972.96995428,853674.6588360067,13066322.947220022,210675474.8907408,40000000,5.834327157161953,-15177770.771261292,-13492843.519497927,26648284.47779639,-6417448.122952903,-0.16043620307382256,-5299581.062689826,46728268.65995843,-43902472.39646928,37561500.31530998,40387296.57879913,0.06634773813854715,-0.37162089161307155,-0.0169709732679245,-0.08598452326589012,2021-02-05,2018-04-19,False,False,False,False,False,0.0,0,0,False,[],蔚瀚环保
2018-03-31,季报,2018-04-30,无保留意见,False,283741751.4037485,74489950.92464325,209251800.4791053,0.26252728248881585,624770.9327144101,19173.33888467036,123418604.52535486,6823.303414700106,80118128.0529177,833867.964219414,11899613.887668455,204168531.89845282,40000000,5.2312950119776325,-16328136.792439977,-14515968.21119687,2661141.3079055143,-1643380.0302552655,-0.04108450075638164,-1461606.702427061,9627766.842829451,-34722828.62924771,37946051.09824828,12850989.311830021,-0.103359329866181,0.451126358572576,-0.018043659067548866,-0.00012917696318552615,2021-02-05,2018-06-17,False,False,False,False,False,0.0,0,0,False,[],蔚瀚环保
2018-06-30,半年报,2018-08-27,保留意见,False,322033037.9590876,86313527.33381636,235719510.62527123,0.26802693251858833,684827.311123034,21783.426355982858,135948362.99951333,7418.479130152988,80491945.11823156,887079.0284943978,14348878.434921619,233965578.8613388,40000000,5.892987765631781,-14898000.181768972,-13286524.43944355,6443370.451718001,2043052.3009585775,0.051076307523964436,1756348.245361888,24132968.868043587,-38795539.555563316,41552789.24658958,26890218.55906985,0.1264873711268679,0.24005492995703265,0.005499650029772476,0.158176916363736,2021-02-05,2018-10-18,False,False,False,False,False,0.0,0,0,False,[],蔚瀚环保
2018-09-30,季报,2018-10-27,无保留意见,False,366888476.39043725,86300088.41249809,280588387.9779391,0.23522158357641854,708855.619709164,23953.00749562986,139230970.5375639,7898.439493229701,88831142.89636227,892767.5271240256,15043928.366445385,243211826.5735697,40000000,7.0147096994484786,-12379501.236697892,-11089655.306015959,16837601.00522363,3597855.635815829,0.08994639089539573,3138384.4763251287,6807090.787692007,-53134085.5948948,45183651.28880138,-1143343.5184014067,0.19034859368937457,0.08164675023126333,-0.032805348942169806,0.10448010104466285,2021-02-05,2018-12-14,False,False,False,False,False,0.0,0,0,False,[],蔚瀚环保
2018-12-31,年报,2019-03-30,无保留意见,False,426956351.5860679,131071171.15009439,295885180.4359735,0.30698962707355915,813040.8574473301,27125.582604962197,163613078.92417273,8583.248406282406,108964559.74572162,1068728.7568383655,17136078.25587473,282583068.0502098,40000000,7.3971295108993385,-2942402.727147067,-3154723.27671803,64378515.4304367,13481569.299358323,0.33703923248395806,11335617.184711328,10470326.600579279,-57870916.585877806,52790330.166141756,5389740.180843227,0.05451684072983461,0.4798418747219761,0.07176804349714061,0.1344953896370544,2021-02-05,2019-05-26,False,False,False,False,False,0.0,0,0,False,[],蔚瀚环保
2019-03-31,季报,2019-04-30,非标准无保留意见,False,437606935.867911,134998620.75210485,302608315.11580616,0.3084928726834745,876532.9117864063,31610.82262717732,176180980.2235795,9322.630552786515,109451662.48100723,1115930.6532964823,18933776.93025714,297654912.2689865,40000000,7.565207877895154,7506268.158541012,6326017.935578582,69850991.16369538,14926672.693840113,0.3731668173460028,13543916.01756659,64296174.84841929,-60285653.691010125,57925046.687283635,61935567.8446928,0.022722106831867768,0.04740908777659973,0.0015032456099153648,-0.0022887408598737187,2021-02-05,2019-05-30,False,False,False,False,False,0.0,0,0,False,[],蔚瀚环保
2019-06-30,半年报,2019-08-27,无保留意见,False,511411383.0089455,185909150.62358654,325502232.385359,0.3635217298640665,981850.6489907021,32806.1275260494,197681505.7123382,11448.301107475094,126954596.25011821,1417779.2044188054,20549875.612314668,352673848.6293518,40000000,8.137555809633975,20092276.211803436,17218598.187638562,79744350.4640634,17980011.504660606,0.44950028761651517,15560828.931514254,57531422.043795064,-69299890.48735467,60340623.968041465,48572155.52448186,0.07565528151726937,0.09563598562557403,0.05502885718059198,-0.05143381773763119,2021-02-05,2019-10-16,False,False,False,False,False,0.0,0,0,False,[],蔚瀚环保
2019-09-30,季报,2019-10-27,无保留意见,False,462074448.40352297,190374962.8246498,271699485.57887316,0.4120006277828158,871841.1477617389,30388.930888959218,174831581.86723298,10878.686836497436,108139024.26371494,1151542.0351636782,18573925.03012285,294647665.07344824,40000000,6.792487139471829,32244978.4278658,29335712.104214095,67806068.49049978,17361003.16580338,0.4340250791450845,17310162.737965047,52977511.960496806,-63992077.69924114,61942584.96650254,50928019.22775821,-0.16529148329400487,-0.017696058755576848,0.04847889791874936,0.10712810043462466,2021-02-05,2019-11-29,False,False,False,False,False,0.0,0,0,False,[],蔚瀚环保
2019-12-31,年报,2020-03-30,无保留意见,False,459488123.55665207,189052841.7096577,270435281.84699434,0.41144228113297177,904279.177165993,31026.810272962746,179004508.041469,10431.624094675437,113428796.1071826,1235977.120122452,19019799.093421012,308617642.03768945,40000000,6.760882046174858,47008872.49177788,43085442.65364681,50961287.89493395,21091277.234160118,0.527281930854003,19642472.213475313,83698529.65156718,-66662660.907223724,56416468.490737274,73452337.23508072,-0.00465294856626376,0.10856126785230669,-0.0005583466498440363,0.04863776918440113,2021-02-05,2020-04-20,False,False,False,False,False,0.0,0,0,False,[],蔚瀚环保
2020-03-31,季报,2020-04-30,无保留意见,False,458647054.116706,201227464.7639188,257419589.3527872,0.4387414308186422,1003115.2026269254,30996.881102572555,184744945.38314494,11296.38032115862,117009579.31601577,1197575.3113056493,20640079.948935024,322806978.8665308,40000000,6.43548973381968,62363799.62597433,57333395.76581845,105889421.68588562,21935610.191709206,0.5483902547927302,20354218.731673766,48849430.40652574,-61962108.268859744,59177922.794828184,46065244.93249418,-0.04812867760934788,0.02216604479704601,0.027299149685670415,0.02770909219083211,2021-02-05,2020-05-11,False,False,False,False,False,0.0,0,0,False,[],蔚瀚环保
2020-06-30,半年报,2020-08-27,无保留意见,False,436566221.20354366,180273950.2547519,256292270.9487918,0.4129360942259006,948725.2598923473,30325.69722344044,187416333.95202342,9612.770848537011,107869394.02836098,1267303.3725782163,17193011.729298905,311536547.07118475,40000000,6.407306773719795,89107977.62796187,79889115.51762003,181185282.57318977,38205968.574267924,0.9551492143566981,32222456.788287964,66202973.92510474,-54477236.014440745,57177445.629671104,68903183.54033509,-0.0043793030935593245,0.41787860270964144,-0.02580533659274158,0.17493026285435825,2021-02-05,2020-09-07,False,False,False,False,False,0.0,0,0,False,[],蔚瀚环保
2020-09-30,季报,2020-10-27,非标准无保留意见,False,418317501.54882276,161853113.8289027,256464387.7199201,0.38691451643701413,845205.2951768055,29621.941371139874,167885726.18503615,10502.85686925256,105550352.7686675,1177968.0267732972,18628617.838099044,294742361.51519054,40000000,6.411609692998002,102365208.66803177,91752936.0905185,70950196.41135174,18938901.48581413,0.4734725371453533,16948315.104140706,23800763.728904914,-57308026.94121458,54714701.783481665,21207438.571172003,0.0006715644232700229,-0.3490033339879553,-0.026021577788886464,0.022814107796795408,2021-02-05,2020-12-13,False,False,False,False,False,0.0,0,0,False,[],蔚瀚环保
2020-12-31,年报,2021-03-30,无保留意见,False,409717812.22920644,145575711.81439173,264142100.41481468,0.35530725652941114,735394.5052792737,27630.385066526775,155457356.44777182,9129.54193300652,96747526.39943919,1028785.3116577263,17738413.26823607,280357499.36396384,40000000,6.603552510370367,101371760.78380437,90888198.91417259,3841304.2991320034,-1419211.2631819881,-0.0354802815795497,-1235338.8233513248,20669625.62894974,-55509254.37801683,51452590.38756733,16612961.638500236,0.02993675949769414,-0.5664645247165363,-0.031607259907603026,0.0029229822750156736,2021-02-05,2021-04-09,False,False,False,False,False,0.0,0,0,False,[],蔚瀚环保
2021-03-31,季报,2021-04-30,无保留意见,False,446062018.12933457,146896956.42082384,299165061.7085107,0.32931957990252253,825867.5347462749,29807.325499440325,174826983.33144626,10563.305551211839,112879655.70703898,1156869.5622503797,18702567.300142955,302963725.87943923,40000000,7.479126542712767,97587984.99325275,87290977.66841446,10952494.263183268,-5405393.9865023345,-0.13513484966255837,-5138887.493940177,77174383.88768733,-58989535.039569385,58518504.49270474,76703353.34082268,0.13259136365878502,-0.25583959776701426,-0.025987676626888615,0.04497847413698969,2021-02-05,2021-05-15,False,True,True,False,False,0.0,2,4,True,"['结合前述财务报表列报项目的具体情况说明现金分红方案确定的依据及未来增强投资者回报的规划', '公司在相应期间是否按照中国证券监督管理委员会相关规定为中小股东参与现金分红决策提供了便利', '公司为增强投资者回报水平拟采取的措施']",蔚瀚环保
2021-06-30,半年报,2021-08-27,保留意见,False,574366767.9215117,234910207.76080698,339456560.1607047,0.40898990136718344,1187517.386186143,36578.627622955755,242804711.32867426,13059.002611314834,159588486.84602326,1620023.3330565132,23776223.365059845,410258775.18522334,40000000,8.486414004017616,92144381.36928159,82580234.76685764,18768803.229474742,-7776576.60567309,-0.19441441514182725,-6729632.716509742,68420296.22330023,-71606485.19019504,70560210.03164595,67374021.06475115,0.13467982598667116,-0.2045073904546979,0.07967032146466091,0.1298561534585473,2021-02-05,2021-09-12,False,False,True,False,False,0.0,0,1,True,"['公司在相应期间是否按照中国证券监督管理委员会相关规定为中小股东参与现金分红决策提供了便利', '结合所处行业特点、发展阶段和自身经营模式、盈利水平、偿债能力、资金需求等因素，未进行现金分红或现金分红水平较低原因的说明', '上市公司控股子公司向母公司实施利润分配的情况']",蔚瀚环保
2021-09-30,季报,2021-10-27,无保留意见,False,741349388.2094676,350582117.21199,390767270.9974777,0.472897290788528,1540689.6116440594,46467.55908576312,265923473.85946995,16056.877430677887,167991157.4902353,1945980.818408003,28857198.392240413,490220944.0991047,40000000,9.769181774936943,84946221.73841722,76204471.50170584,6460407.364438173,-10283085.186949097,-0.2570771296737274,-9108233.235931149,53488819.74238523,-97674157.76028453,92258264.17296012,48072926.15506082,0.15115545509705763,-0.2717546917360094,0.06390738942134455,-0.030443831346417663,2021-02-05,2021-12-12,False,False,False,False,False,0.0,0,0,False,[],蔚瀚环保
2021-12-31,年报,2022-03-30,无保留意见,False,704874512.4794526,310263255.2511322,394611257.22832036,0.44016807212925935,1410025.1826815207,51005.125654379764,290109144.704404,17688.974519679716,179979995.37501433,1860383.2201625572,29441346.69474446,490801601.65724885,40000000,9.86528143070801,78809251.61849976,70402469.765955,9754547.156717716,-8767100.171310682,-0.21917750428276705,-8288573.908215479,108031165.07864277,-100081548.94865438,95175682.6825312,103125298.81251958,0.009837021972260938,0.22569662677467195,-0.03272921865926867,0.06865219093993867,2021-02-05,2022-05-19,False,False,True,False,False,0.0,0,1,True,"['留存未分配利润的预计用途以及收益情况', '公司在相应期间是否按照中国证券监督管理委员会相关规定为中小股东参与现金分红决策提供了便利']",蔚瀚环保
2022-03-31,季报,2022-04-30,无保留意见,True,702103678.7312508,340297191.35096455,361806487.38028616,0.48468225086913774,1508716.5899964455,48933.25727165386,301266308.7028856,17715.384319427263,170056240.53641972,1981628.3834978363,30617211.746701647,504641053.1914464,40000000,9.045162184507154,75152315.61113624,67229380.53902037,12549247.0289859,-5224194.296233581,-0.13060485740583955,-4532984.609906613,28095211.578654338,-96811293.42319873,91682739.24737042,22966657.402826026,-0.08313186521451303,0.43033511263322816,0.04451417873987844,0.12392168009247818,2021-02-05,2022-05-26,False,False,False,True,True,0.0,0,0,False,[],蔚瀚环保
2022-06-30,半年报,2022-08-27,无保留意见,False,725476677.1565872,366118269.6262225,359358407.53036475,0.5046589106918999,1535820.8661166618,48873.04086306789,301846979.8439538,16456.966274351802,177532390.214532,1934181.4931540547,31935733.19301782,509569631.06692594,40000000,8.983960188259118,76879871.87628561,68804176.12774295,2488694.093510503,2467937.521641936,0.0616984380410484,2249707.9838893902,99514843.93784755,-100083847.75955285,102897383.54150869,102328379.7198034,-0.006766268531134178,0.6532149061711539,0.01997665982276215,-0.0572540605647267,2021-02-05,2022-09-20,False,False,True,True,True,0.0,0,8,True,"['充分披露高送转的主要考虑及其合理性且送转股后每股收益不低于0.5元', '上市公司控股子公司向母公司实施利润分配的情况', '根据公司盈利能力、融资能力及其成本、偿债能力及现金流等情况披露现金分红方案的合理性，是否导致公司营运资金不足或者影响公司正常生产经营', '公司在相应期间是否按照中国证券监督管理委员会相关规定为中小股东参与现金分红决策提供了便利']",蔚瀚环保
2022-09-30,季报,2022-10-27,无保留意见,False,742874750.319215,413564302.76049864,329310447.5587164,0.5567079815040006,1587035.9772211255,53671.440945509,331377669.6506181,19448.04623859061,192925723.5606467,2046875.7081687592,31876814.19761987,537050571.5892457,40000000,8.23276118896791,84192975.67634535,75598644.84082903,14907605.05657394,10447291.142942496,0.2611822785735624,9706383.875837272,64975037.28413502,-102380402.7927314,99596171.61994778,62190806.11135139,-0.08361557526411653,0.40987154455525376,0.05204907081210077,0.04763882014362616,2021-02-05,2022-12-03,False,False,False,False,False,0.0,0,0,False,[],蔚瀚环保
2022-12-31,年报,2023-03-30,无保留意见,False,675790166.8637742,336633717.3889804,339156449.4747938,0.49813349453017275,1254616.9217966374,42082.70129849573,235739533.71611956,13758.032003529117,158609596.73291653,1650926.0359585956,26712272.19965018,430980181.3533163,40000000,8.478911236869845,95767754.49107364,86250055.5737584,23529857.15655702,16535398.306754716,0.4133849576688679,15216301.047041956,71202959.6344727,-99628272.38137735,83905605.97027494,55480293.223370284,0.029898844658798166,0.22181085674742984,-0.0585744869738279,-0.046456756678870746,2021-02-05,2023-04-17,False,True,False,False,False,0.0,3,0,True,"['公司在相应期间是否按照中国证券监督管理委员会相关规定为中小股东参与现金分红决策提供了便利', '是否影响偿债能力、过去十二个月内是否使用过募集资金补充流动资金以及未来十二个月内是否计划使用募集资金补充流动资金等内容', '留存未分配利润的预计用途以及收益情况', '充分披露高送转的主要考虑及其合理性且送转股后每股收益不低于0.5元']",蔚瀚环保
2023-03-31,季报,2023-04-30,无保留意见,False,785397299.499438,384662356.15267473,400734943.3467633,0.4897678619443101,1635063.4554453946,52422.391014736015,323959378.91945505,18429.81414685213,186162508.11082193,2054471.8227614854,33501497.617389612,559744831.8371915,40000000,10.018373583669083,113480314.16318421,103106885.31931019,76189573.7335647,25303656.674443662,0.6325914168610915,24081185.35078826,96513256.33443895,-112047214.56627764,82885653.7881382,67351695.55629951,0.1815636823870749,0.26146277695836506,-0.008365632585862624,-0.023024508054115708,2021-02-05,2023-05-10,False,False,False,False,False,0.0,0,0,False,[],蔚瀚环保
2023-06-30,半年报,2023-08-27,无保留意见,False,819351519.0280366,414423592.19014883,404927926.8378877,0.5057946224128109,1607589.723945173,56828.4070642571,347127715.89072376,19456.91162069254,210740655.59983644,2286525.8677134025,34790177.92587631,584112813.3169701,40000000,10.123198170947193,144832386.3481272,131392930.70316137,82327414.0118628,44788674.549918525,1.119716863747963,40408636.262644544,77384495.67496489,-116774525.58267163,111511515.87659301,72121485.96888627,0.010463234017244609,0.46059890343347293,0.016026760468500757,-0.04894539303395308,2021-02-05,2023-09-07,True,False,False,False,False,33557186.64706562,0,0,True,"['留存未分配利润的预计用途以及收益情况', '上市公司控股子公司向母公司实施利润分配的情况', '公司在相应期间是否按照中国证券监督管理委员会相关规定为中小股东参与现金分红决策提供了便利', '根据公司盈利能力、融资能力及其成本、偿债能力及现金流等情况披露现金分红方案的合理性，是否导致公司营运资金不足或者影响公司正常生产经营']",蔚瀚环保
2023-09-30,季报,2023-10-27,无保留意见,False,1034570784.5888762,523806500.1777607,510764284.4111156,0.5063032012699972,2075192.3566282801,68135.02528679463,465730741.23594457,23506.67788502362,241378050.91363007,2676766.4144583414,44993913.92486129,720267598.5040941,40000000,12.76910711027789,171492548.4561565,157740457.57150605,98682508.97506079,38085945.8686133,0.9521486467153326,37639324.09763526,15412817.318941211,-125117297.58959657,132377939.08342531,22673458.81276995,0.2613708528322852,-0.10847827259816273,0.0005085788571862487,-0.06556254152562607,2021-02-05,2023-11-11,True,False,False,False,False,24806109.097675394,0,0,True,"['结合前述财务报表列报项目的具体情况说明现金分红方案确定的依据及未来增强投资者回报的规划', '上市公司控股子公司向母公司实施利润分配的情况', '留存未分配利润的预计用途以及收益情况', '充分披露高送转的主要考虑及其合理性且送转股后每股收益不低于0.5元']",蔚瀚环保
2023-12-31,年报,2024-03-30,无保留意见,False,824267008.6389077,359147345.2525845,465119663.38632315,0.435717239060236,1551120.547422198,51666.00595555331,326808730.0494341,18061.886397017865,204108569.48434067,2205195.959547769,29682511.798164852,551354350.5136005,40000000,11.627991584658078,193596912.49947295,178308340.6129033,17641462.08047853,31577662.919023506,0.7894415729755877,29382690.059138883,162590808.1491631,-107622926.0940987,108460311.78377858,163428193.838843,-0.0893653342997901,-0.11814779336117498,-0.07058596220976114,0.12614500363321152,2021-02-05,2024-05-25,False,False,False,False,False,0.0,0,0,False,[],蔚瀚环保
2024-03-31,季报,2024-04-30,无保留意见,False,1105902133.2420835,593342038.2529573,512560094.9891262,0.5365230976754739,2025559.6944555917,72346.45762417902,400871083.9466419,25355.74791808839,260571139.24012113,2700541.5680221566,42958047.23988916,701790081.3034254,40000000,12.814002374728155,201050077.6658448,185318355.7468588,34707944.24019744,10647378.80910268,0.266184470227567,10014307.334222164,209519693.376755,-154638832.70951405,150850202.6135854,205731063.28082636,0.10199618579315915,-0.4308623110339941,0.1008058586152379,0.15275827912416115,2021-02-05,2024-06-18,False,True,False,False,False,0.0,0,0,True,"['充分披露高送转的主要考虑及其合理性且送转股后每股收益不低于0.5元', '根据公司盈利能力、融资能力及其成本、偿债能力及现金流等情况披露现金分红方案的合理性，是否导致公司营运资金不足或者影响公司正常生产经营', '公司在相应期间是否按照中国证券监督管理委员会相关规定为中小股东参与现金分红决策提供了便利']",蔚瀚环保
2024-06-30,半年报,2024-08-27,非标准无保留意见,False,1311243592.7272182,738571388.9743838,572672203.7528344,0.5632602462813566,2903229.1481313724,88706.23296906769,568640439.4935069,35135.618295259024,373932900.37774956,3434360.6684089443,59707856.278571375,973631637.7740479,40000000,14.31680509382086,215015222.86173713,197700574.55194736,57994786.512647256,19950207.422703356,0.4987551855675839,17688884.007269327,208407199.86579278,-176233691.7276543,178163128.46380335,210336636.60194182,0.1172781676751163,0.33648139586157777,0.02673714860588272,0.01596264657512483,2021-02-05,2024-09-16,True,False,False,False,False,10305106.839057066,0,0,True,"['上市公司控股子公司向母公司实施利润分配的情况', '留存未分配利润的预计用途以及收益情况', '公司为增强投资者回报水平拟采取的措施', '结合所处行业特点、发展阶段和自身经营模式、盈利水平、偿债能力、资金需求等因素，未进行现金分红或现金分红水平较低原因的说明']",蔚瀚环保
2024-09-30,季报,2024-10-27,非标准无保留意见,False,1477453625.9973817,804443245.9189826,673010380.0783991,0.5444795232580845,2799622.100958475,94779.6417122774,555593241.8893392,28706.771740929133,354614568.49969316,3749810.0721473647,62335523.94833722,972839672.0637517,40000000,16.825259501959977,242645725.30508816,221520343.6958019,34955895.693063684,39472146.34764432,0.9868036586911081,34028241.634077996,60335874.5871751,-220152032.68855214,196908218.36722693,37092060.26584989,0.17521048807333173,0.5283309698809994,-0.01878072302327219,-0.05216073420829638,2021-02-05,2024-11-07,False,True,False,False,True,0.0,3,0,True,"['公司在相应期间是否按照中国证券监督管理委员会相关规定为中小股东参与现金分红决策提供了便利', '结合所处行业特点、发展阶段和自身经营模式、盈利水平、偿债能力、资金需求等因素，未进行现金分红或现金分红水平较低原因的说明', '充分披露高送转的主要考虑及其合理性且送转股后每股收益不低于0.5元']",蔚瀚环保
2024-12-31,年报,2025-03-30,无保留意见,False,1804891699.5273943,1107549078.091489,697342621.4359052,0.6136374156862141,3767399.092611622,109044.35590771426,694529176.8035142,39821.67299601722,458828699.50066036,4257831.192136887,70506971.24746741,1187385094.654885,40000000,17.433565535897632,254385407.8698547,232194415.02934352,73304309.75277267,16770975.092523634,0.41927437731309086,15248673.333630858,342855863.5537679,-225833296.45101336,227407850.4716367,344430417.57439125,0.036154332946055995,-0.40198881613904947,0.06915789242812961,-0.012247914447602792,2021-02-05,2025-05-15,False,False,False,True,False,0.0,0,0,False,[],蔚瀚环保
2017-03-31,季报,2017-04-30,无保留意见,False,233656173.9650302,55100118.519813396,178556055.4452168,0.23581708792364237,304796.53254301794,0.0007021136698670423,44427399.80122337,100821573.81382756,169452.6282037817,109529.90676197966,168600.79392148537,150918479.1566876,40000000,4.46390138613042,4840020.362339743,3955820.9239097573,4784346.241078237,6914314.803342491,0.1728578700835623,5651172.748442511,-9935202.64922843,22667674.87766336,-25798904.714616295,-13066432.486181365,-0.00802191419323997,0.3285730446301385,-0.06418291207635762,-0.08344991985008117,2021-03-19,2017-06-20,False,False,False,False,False,0.0,0,0,False,[],翊琮医药
2017-06-30,半年报,2017-08-27,无保留意见,False,199095057.13180882,39819011.42636176,159276045.70544705,0.2,272938.20446930325,0.0006987823255997839,48194843.47994472,87427127.79608774,165742.25333010638,107181.40578149074,173860.9983766574,142533170.9898669,40000000,3.9819011426361763,10170332.193435894,8966172.09070201,4069897.0755562624,7614731.187280215,0.19036827968200537,7157644.523988933,-22932415.39321178,17337536.27992717,-23040818.195557937,-28635697.308842544,-0.10797735025953854,0.029288582578992577,-0.10065476138798643,0.051089893374853396,2021-03-19,2017-09-28,False,False,False,False,False,0.0,0,0,False,[],翊琮医药
2017-09-30,季报,2017-10-27,保留意见,False,178696958.09915,35739391.61983,142957566.47932,0.2,278817.18806645577,0.0006873906535746387,46005965.6873885,83385064.05211349,137469.7583671689,95084.62510380521,137951.29291017563,131755015.03860445,40000000,3.5739391619829997,9741014.549431771,8575128.084322799,1642419.8491800341,-613310.9200058896,-0.01533277300014724,-558634.2948274469,-3349911.7817690414,16272602.05968555,-21178666.8909113,-8255976.61299479,-0.10245407056567205,-0.334273084060247,0.055228366128341824,-0.04089781243686481,2021-03-19,2017-11-30,False,False,False,False,False,0.0,0,0,False,[],翊琮医药
2017-12-31,年报,2018-03-30,非标准无保留意见,False,163270538.23273048,32661831.497064073,130608706.73566641,0.20004730706838833,227907.84639453833,0.0005201056257639198,36631755.71534803,70290611.88961963,123195.08631452889,80272.16620494629,118547.60468145375,108569494.98710941,40000000,3.26521766839166,13959499.19735266,12532046.420854796,20721864.864358213,6026406.639886986,0.15066016599717466,5652740.480759997,-12954359.446878422,15239899.884306343,-21401024.97740232,-19115484.5399744,-0.08638129514774542,0.40518969558036333,0.009656614404390572,0.08811769217285388,2021-03-19,2018-05-01,False,False,False,False,False,0.0,0,0,False,[],翊琮医药
2018-03-31,季报,2018-04-30,保留意见,False,164532330.74223354,37215558.33394269,127316772.40829085,0.2261899419163208,242995.03049869422,0.0006490245006336077,43421731.75362494,78143464.39515235,129955.85428366493,90250.67714523364,128374.8865687889,120834275.77020144,40000000,3.182919310207271,28966363.717521477,26111593.924335167,83559693.27777745,21438377.885955453,0.5359594471488863,19399353.576400537,-21455051.70332701,16166868.104544539,-21821100.385328133,-27109283.984110605,-0.025204554961546197,0.6693172533212984,0.026142634847932462,-0.009455665512285367,2021-03-19,2018-06-10,False,False,False,False,False,0.0,0,0,False,[],翊琮医药
2018-06-30,半年报,2018-08-27,无保留意见,False,141344603.83650923,28268920.767301843,113075683.06920737,0.2,173596.87127155668,0.0005197858028420202,32535885.868455674,54909276.15532783,96986.46398748667,69291.499499192,103294.89325603087,93523945.55560964,40000000,2.8268920767301844,36474742.6416114,33501987.724893935,11850474.39923544,10726255.605842747,0.2681563901460687,10557705.429369664,-24019631.67107432,13587359.929893402,-16773716.811981903,-27205988.55316282,-0.11185556364415111,-0.27868299520585865,-0.08376429167921501,-0.0950141548647969,2021-03-19,2018-10-17,False,False,False,False,False,0.0,0,0,False,[],翊琮医药
2018-09-30,季报,2018-10-27,保留意见,False,164573454.1145989,32914690.82291978,131658763.29167911,0.2,261758.61035365125,0.0006498161181293257,41617763.31914537,71731755.79031768,133932.67070457654,91807.02909414542,140359.3006924375,121897326.51787168,40000000,3.291469082291978,44840792.12950648,40545799.15539252,52387851.532559305,11951499.268421557,0.2987874817105389,10062587.757855121,-17717776.18679911,14298956.665556304,-20976448.342044063,-24395267.863286868,0.16434196741573576,0.044190736751363334,0.04261616739736831,-0.034646814686964976,2021-03-19,2018-12-04,False,False,False,False,False,0.0,0,0,False,[],翊琮医药
2018-12-31,年报,2019-03-30,无保留意见,False,213386714.88261873,56123498.48014653,157263216.4024722,0.2630130864098983,292219.1933017944,0.0007301419463279551,53633218.11133433,93912518.54779267,156668.7669122717,105027.20561440566,154650.6886540496,144114880.51526517,40000000,3.931580410061805,54668798.52190581,49634402.09294983,31398355.583081752,14040009.131999038,0.35100022829997596,12983718.482224733,-5404415.413504572,18914778.769978866,-25258501.57963694,-11748138.223162644,0.1944758743788936,0.07213822829049456,0.0779712687754242,-0.0644523462495924,2021-03-19,2019-05-16,False,False,False,False,False,0.0,0,0,False,[],翊琮医药
2019-03-31,季报,2019-04-30,非标准无保留意见,False,251014838.42827934,50202967.68565586,200811870.74262348,0.2,351506.56689227023,0.0008725858741965273,55186858.734449066,111732341.19126692,204152.4073060932,141979.97834698035,180616.3571735566,172053902.5944387,40000000,5.020296768565587,46124815.72935894,42232286.2852011,24843158.930088308,-12205689.703638382,-0.30514224259095957,-10574451.15392676,-20868985.03199239,20642628.05732481,-33309642.546718884,-33535999.521386463,0.2769157043609004,-0.8455441724912645,-0.07464467678806645,0.04594895476992634,2021-03-19,2019-06-20,False,False,False,False,False,0.0,0,0,False,[],翊琮医药
2019-06-30,半年报,2019-08-27,无保留意见,False,297634787.5347441,59526957.50694882,238107830.02779528,0.2,399862.34630457184,0.0008321028193680188,64036381.33834751,124537852.19017261,188241.44339853514,132556.62926143114,186553.58336200155,188385696.3109901,40000000,5.9526957506948825,37463739.45837719,34728897.912340745,34957504.934583046,-12372966.101402503,-0.30932415253506257,-10719126.24694337,-49970223.865014926,27339438.900524393,-36032880.83627641,-58663665.800766945,0.18572586942817354,-0.03489060728736439,0.009266298429650127,0.16338195651157794,2021-03-19,2019-10-20,False,False,False,False,False,0.0,0,0,False,[],翊琮医药
2019-09-30,季报,2019-10-27,无保留意见,False,347727087.45852876,78374126.49767892,269352960.9608498,0.22538976491736817,557172.2307898017,0.0011953517247434728,90630770.96482769,174405266.9198309,288782.5504240793,204614.44749446682,298053.76299180207,261564524.6068394,40000000,6.733824024021246,28057382.28700965,26265636.378879722,36547429.34314216,-13437653.101953635,-0.3359413275488409,-12090373.619230028,-17087799.734616444,31863283.25575107,-38992960.53043612,-24217477.009301495,0.13122261006455405,-0.23010140489220332,0.027755056865886193,-0.05229147856981694,2021-03-19,2019-11-25,False,False,False,False,False,0.0,0,0,False,[],翊琮医药
2019-12-31,年报,2020-03-30,无保留意见,False,347195730.494498,73716366.47430481,273479364.0201932,0.21231933459928587,426178.50949935627,0.001110422286628092,75280217.07412769,151899500.7004266,265724.44318205456,171244.177860035,259447.1913587376,234041821.22276694,40000000,6.83698410050483,19669679.038414747,18635770.83230814,29065603.007945932,-11982433.212278433,-0.29956083030696085,-10899807.923673688,-62441722.26506317,32000878.817573223,-38381196.20307432,-68822039.65056427,0.015319687018191593,0.40850033175412026,-0.013070430318082317,0.15020685161117367,2021-03-19,2020-04-26,False,False,False,False,False,0.0,0,0,False,[],翊琮医药
2020-03-31,季报,2020-04-30,无保留意见,False,363270954.10884595,72654190.8217692,290616763.2870768,0.2,508855.0712384623,0.0012901769245152526,91077342.46896693,154055621.52325985,307050.3062718203,177264.6882042795,274310.55500995496,252237218.35409427,40000000,7.265419082176919,14697501.777967803,14466956.404390216,20046406.79795119,-7103110.37206706,-0.17757775930167652,-5955449.182739892,-50296655.94985743,35510758.437967904,-43809125.83245087,-58595023.34434039,0.06266432324165493,0.9724480104881735,-0.04112078415057359,-0.022334204471979435,2021-03-19,2020-05-10,False,False,False,False,False,0.0,0,0,False,[],翊琮医药
2020-06-30,半年报,2020-08-27,无保留意见,False,378244889.4531987,75648977.89063974,302595911.56255895,0.2,504347.85680428235,0.0012793939840964627,96665872.89607614,174047035.99249154,270675.64330525656,186973.55659839814,289228.9502838088,267531694.42604825,40000000,7.5648977890639735,10956576.786651302,10991056.220198633,17589765.7137685,-5344178.559023574,-0.13360446397558934,-4965571.691702261,-44084591.07291637,32769779.5064688,-47881767.2745291,-59196578.84097667,0.041219742935643885,0.17772571779310195,-0.020248471788210393,-0.006121426386101356,2021-03-19,2020-09-18,False,False,False,False,False,0.0,0,0,False,[],翊琮医药
2020-09-30,季报,2020-10-27,无保留意见,False,384616410.4371219,76923282.08742438,307693128.34969753,0.2,561299.5851087414,0.0013032560869966363,101216291.03057559,166002620.71327385,299707.0931213891,193920.7660212044,300469.10188723606,266887135.36351594,40000000,7.692328208742438,8944364.49555166,9253370.296536585,13729149.488906972,-2874588.9872852024,-0.07186472468213007,-2482408.462374354,-70247639.80047435,36603462.43319976,-45390286.73482932,-79034464.1021039,0.016844962513925896,0.21187606418338276,0.03749180630225389,0.14866884181591677,2021-03-19,2020-12-14,False,False,False,False,False,0.0,0,0,False,[],翊琮医药
2020-12-31,年报,2021-03-30,无保留意见,True,363685532.24044436,72737106.44808887,290948425.7923555,0.2,511064.8471269185,0.0013857705041801815,88124285.15559466,171233453.55685532,292001.4190424488,190818.87376677876,295160.2228331614,255733276.91000745,40000000,7.273710644808887,4544800.475382734,5441172.022977232,15513329.68603749,-6285091.45738418,-0.1571272864346045,-5445997.53365622,-56650928.8094186,32077557.900809005,-42529654.01355301,-67103024.9221626,-0.05442013816542386,-0.24144447669728406,0.011342722745156538,0.10083411865706245,2021-03-19,2021-05-03,False,True,True,True,False,0.0,0,1,True,"['上市公司控股子公司向母公司实施利润分配的情况', '充分披露高送转的主要考虑及其合理性且送转股后每股收益不低于0.5元', '结合前述财务报表列报项目的具体情况说明现金分红方案确定的依据及未来增强投资者回报的规划']",翊琮医药
2021-03-31,季报,2021-04-30,无保留意见,False,356861758.59903455,83328509.82650754,273533248.77252704,0.23350361258555138,530515.8906452882,0.0013413338970786849,98740679.39662275,159572333.3348694,293671.42246191134,199933.0409269527,292699.6497771802,267463931.39098647,40000000,6.838331219313176,1756421.9671007323,2935230.754147549,9480626.32117416,-3983397.868974289,-0.09958494672435722,-3579916.098328118,-52558233.91090916,34005088.47746804,-44421322.40559838,-62974467.8390395,-0.05985657757865775,0.21481224774392507,0.03371900487763909,0.11950997651819796,2021-03-19,2021-06-28,False,False,False,True,False,0.0,0,0,False,[],翊琮医药
2021-06-30,半年报,2021-08-27,无保留意见,False,417118602.31076074,129204767.1206441,287913835.19011664,0.30975546620283373,532769.9497626972,0.0015079776445112584,104996303.3827792,199025306.75964037,313740.33883871295,223783.77519646124,328707.4003155985,286415895.36243004,40000000,7.197845879752916,2985003.728493867,4028360.2977092117,7054172.536297413,1755116.8019901924,0.04387792004975481,1561613.633659518,-58005680.81265216,41646943.10934721,-51519228.36716335,-67877966.0704683,0.05257344941473138,0.44086118736674396,0.07625185361728234,-0.06293370722371189,2021-03-19,2021-09-18,False,True,False,False,True,0.0,0,0,True,"['根据公司盈利能力、融资能力及其成本、偿债能力及现金流等情况披露现金分红方案的合理性，是否导致公司营运资金不足或者影响公司正常生产经营', '充分披露高送转的主要考虑及其合理性且送转股后每股收益不低于0.5元', '公司为增强投资者回报水平拟采取的措施']",翊琮医药
2021-09-30,季报,2021-10-27,非标准无保留意见,True,421468995.918601,150405120.5178622,271063875.4007388,0.3568592754730414,576997.4565377911,0.0012712792122498006,87752741.46055183,177226566.17399806,302770.1602010757,207630.198796111,305845.14939962345,285334501.3177177,40000000,6.77659688501847,4443425.678878112,5261870.824776363,8995530.81997924,2083459.9291203506,0.05208649822800877,1762157.8958102155,-19563568.48551987,39174105.00962501,-51750074.86143458,-32139538.33732944,-0.058524314325678166,0.017506855894137457,0.047103809270207714,0.03504173942987687,2021-03-19,2021-11-22,False,False,False,False,True,0.0,0,0,False,[],翊琮医药
2021-12-31,年报,2022-03-30,无保留意见,False,445190489.51022923,161084662.72550455,284105826.78472465,0.36183311755540837,582497.6079481515,0.0014069178575885945,96758515.38354723,189738348.1687164,336226.54804124887,224942.1924352096,300079.0735760027,297054199.83272207,40000000,7.102645669618116,6011058.986545053,6700397.290574453,10304745.321557859,2239476.153809916,0.055986903845247904,2055037.8082829867,-68154968.90491778,41637132.8059918,-59068030.24163114,-85585866.34055713,0.048113941279356316,0.008175468456403679,0.004973842082366907,0.06856805742646392,2021-03-19,2022-05-28,False,True,False,False,False,0.0,3,0,True,['充分披露高送转的主要考虑及其合理性且送转股后每股收益不低于0.5元'],翊琮医药
2022-03-31,季报,2022-04-30,无保留意见,False,440115790.7361423,137554984.80014583,302560805.9359964,0.3125427164748394,593648.3087208132,0.001577879960293656,108977881.77857946,196423754.4159094,324431.3984839602,226464.97239352076,325672.3668685485,305997432.7847051,40000000,7.56402014839991,8030808.263306925,8573253.771304773,0.0,2885356.109659817,0.07213390274149542,2675509.2581861718,-56405924.95949452,43936269.44670557,-55355092.96065061,-67824748.47343956,0.06495811564349117,0.03357055829828278,-0.04929040108056894,0.09520089502080892,2021-03-19,2022-05-22,False,False,False,False,False,0.0,0,0,False,[],翊琮医药
2022-06-30,半年报,2022-08-27,无保留意见,False,470452682.0644094,161931981.46180484,308520700.60260457,0.34420460895498695,686860.7303924006,0.0014976038084567077,127624426.97473365,244877491.1832689,391303.6563318197,255040.33718769345,357394.7175158298,349154285.4523251,40000000,7.713017515065114,14065385.143078206,14357198.90140506,37357480.57796123,8620824.113958973,0.21552060284897434,8262778.757286124,-81437299.90198301,45022031.01684779,-60592200.25257289,-97007469.1377081,0.019698171573052085,0.2884267182679728,0.03166189248014755,0.22202079036696354,2021-03-19,2022-10-13,True,False,True,False,True,1034438.184240642,0,7,True,"['公司为增强投资者回报水平拟采取的措施', '是否影响偿债能力、过去十二个月内是否使用过募集资金补充流动资金以及未来十二个月内是否计划使用募集资金补充流动资金等内容']",翊琮医药
2022-09-30,季报,2022-10-27,保留意见,False,483944815.5059012,204760554.66575673,279184260.8401445,0.4231072388939765,637998.1989522537,0.0015682066697306108,114636926.76649565,206715176.76207456,371550.4822427533,237873.88752644858,366156.0496296735,326957663.38878953,40000000,6.979606521003613,15116672.526829742,15342534.55870824,2665130.188854616,1501839.1196450517,0.03754597799112629,1407622.3675759688,-43455591.34065351,48819951.99517385,-60650652.31731916,-55286291.66279882,-0.09508742753779545,-0.277859328905634,0.07890262993898957,0.16628868501052543,2021-03-19,2022-12-13,False,False,False,False,False,0.0,0,0,False,[],翊琮医药
2022-12-31,年报,2023-03-30,保留意见,False,498771377.0782319,215682535.99423015,283088841.0840017,0.43242765304152675,610734.414441195,0.001539208659844072,118366069.99306075,234492656.56948915,391653.86876858596,256129.49012346342,389320.0344590217,337687828.46085787,40000000,7.077221027100043,13202219.00227448,13710433.151602248,7532622.741598524,-2734933.6065075193,-0.06837334016268798,-2331573.438722847,-15259858.642521711,45401835.548701346,-63255833.196386,-33113856.290206365,0.013985674665567238,-0.2289919774328819,0.009320414147550225,-0.05161489231953757,2021-03-19,2023-04-13,False,False,False,False,False,0.0,0,0,False,[],翊琮医药
2023-03-31,季报,2023-04-30,无保留意见,False,490077481.8847842,181565989.7692759,308511492.1155083,0.37048425296137466,711632.699251889,0.0017621076205567247,120431736.13441212,208824641.73552227,355284.0370299405,237686.86280593695,357721.1945649047,336216559.888388,40000000,7.712787302887708,11795270.388010096,12394317.149206784,8391034.46721551,-2009926.5918062609,-0.05024816479515652,-1880165.7177078058,-63745173.83858756,42415301.00775338,-59605960.3238813,-80935833.15471548,0.08980449718243375,0.05082394954936884,-0.06194340008015207,0.056548518856503346,2021-03-19,2023-06-28,False,False,False,False,False,0.0,0,0,False,[],翊琮医药
2023-06-30,半年报,2023-08-27,无保留意见,False,414579491.5342773,131563720.62498577,283015770.90929157,0.3173425683409815,666456.3554682009,0.0014085312805690103,103030292.04022071,199986666.52507016,323476.8268956293,233397.90433377886,322817.0791220115,302000594.04065853,40000000,7.075394272732289,14447788.48991555,14690097.044576308,18534197.314112805,3789311.574150648,0.0947327893537662,3279685.5648136083,-67175234.41278188,41270677.315367706,-49650466.723506264,-75555023.82092044,-0.0826410745071079,0.38687189902532315,-0.053141684620393204,-0.13346179667533736,2021-03-19,2023-10-11,False,True,True,True,True,0.0,4,2,True,['留存未分配利润的预计用途以及收益情况'],翊琮医药
2023-09-30,季报,2023-10-27,非标准无保留意见,False,448794987.0601311,197971446.325343,250823540.7347881,0.44111777545059366,602647.6204196266,0.0016061338236732243,105636374.9121223,215559799.84984916,363300.22713009,235894.85301828643,332012.403596149,309279191.7134329,40000000,6.270588518369702,25417802.759012826,24602662.803987943,77319133.07785605,15671448.95585325,0.3917862238963312,14160808.227730906,-58355135.28466809,43560408.83357962,-54068905.92463351,-68863632.37572198,-0.11374712466048864,0.5715503055174183,0.12377520710961218,0.0656077849132382,2021-03-19,2023-12-13,True,False,False,False,False,18702851.71102692,0,0,True,"['结合前述财务报表列报项目的具体情况说明现金分红方案确定的依据及未来增强投资者回报的规划', '是否影响偿债能力、过去十二个月内是否使用过募集资金补充流动资金以及未来十二个月内是否计划使用募集资金补充流动资金等内容']",翊琮医药
2023-12-31,年报,2024-03-30,无保留意见,False,434158069.98291886,189014729.06894508,245143340.91397375,0.4353592438725866,610967.2878159907,0.001627877761459899,105596510.7244914,187231581.2364797,325804.3728810726,217418.08163106814,298106.76466435473,295692312.42136794,40000000,6.128583522849344,33802146.592450775,32495895.00937147,38887896.18332792,11977634.047768507,0.29944085119421265,11276046.007690756,-23308435.955924217,40643333.799868226,-50850358.5713427,-33515460.72739869,-0.022646199013753577,-0.11305941505918359,-0.005758531578007068,0.012031962496195031,2021-03-19,2024-04-25,False,False,True,False,False,0.0,0,8,True,['留存未分配利润的预计用途以及收益情况'],翊琮医药
2024-03-31,季报,2024-04-30,无保留意见,True,496116538.5237508,246027224.40862268,250089314.11512807,0.49590611339163115,682300.5277712179,0.0015941849457350716,105388133.51297864,198704709.5440864,360351.76349441695,249381.02620009033,379125.6618102932,319847686.0477657,40000000,6.252232852878202,34732621.661760986,33299945.075952753,4344181.670791045,1329250.099014584,0.0332312524753646,1148642.9522589708,-32985142.05315822,44265147.16072631,-61784338.698392145,-50504333.59082405,0.020175841541173856,-0.36746906014481634,0.060546869519044574,-0.016145924651142805,2021-03-19,2024-05-31,False,False,False,True,True,0.0,0,0,False,[],翊琮医药
2024-06-30,半年报,2024-08-27,无保留意见,False,599338798.2407968,310122331.05978227,289216467.1810146,0.5174407730153057,863142.1452215489,0.0022333399249621524,132778850.89758086,275005806.8353238,456999.9638241738,328909.3518479408,456073.23699683003,425593797.736235,40000000,7.230411679525365,34567071.020208344,33158688.789285135,268945.8616744298,-236500.916503774,-0.00591252291259435,-201794.6952394569,-48554910.549736634,58216482.0660174,-75694192.78722857,-66032621.27094781,0.1564527185190903,-0.08542362655646973,0.021534659623674506,0.0017051864898066365,2021-03-19,2024-10-11,False,True,False,False,False,0.0,3,0,True,['上市公司控股子公司向母公司实施利润分配的情况'],翊琮医药
2024-09-30,季报,2024-10-27,保留意见,False,443642071.538046,177560796.47595727,266081275.06208876,0.40023435076925507,613518.8224303306,0.0014161846644848927,99693572.71552017,175919232.32186103,332565.17459197575,190720.64627618244,330691.2589197186,290930475.2684034,40000000,6.652031876552219,29582960.75218782,28587524.503996152,19120552.189279526,-7120157.525743604,-0.17800393814359008,-6530234.693269975,-76358580.91369973,43851992.13106367,-58044288.98450605,-90550877.76714212,-0.07999265167859877,-0.4106336377001884,-0.1172064222460506,-0.08754148884149876,2021-03-19,2024-12-02,False,False,False,True,False,0.0,0,0,False,[],翊琮医药
2024-12-31,年报,2025-03-30,非标准无保留意见,False,496974561.63050085,212737720.46212554,284236841.1683753,0.42806561318584235,683169.7313290358,0.001532384335612388,116447550.68039443,221948207.00719944,387309.1032581456,260878.5094581476,353139.1284172989,331034395.76814693,40000000,7.105921029209383,26994382.542387024,26250505.27479134,17967847.65580148,-3697968.871143993,-0.09244922177859982,-3338598.8988640164,-52708218.70628218,47555219.0875139,-53428865.137343384,-58581864.75611167,0.06823315959400023,0.34638089256146576,0.027831262416587257,-0.05765225540683478,2021-03-19,2025-04-18,False,False,False,False,False,0.0,0,0,False,[],翊琮医药
2017-03-31,季报,2017-04-30,无保留意见,False,244277406.25347304,73548589.95446958,170728816.29900345,0.3010863390212696,771916.1933922702,38.83491915812784,1554888.896131101,30110581.13375374,7161151.4097523745,8584143.54026773,43640574.3166827,88018040.18479146,40000000,4.268220407475086,2633702.8722062088,2248356.8168195495,3339233.264637495,3762432.6745802984,0.09406081686450746,3211938.309742214,33857556.03046199,-36746736.33205483,-11905501.70379608,-14794682.005388921,-0.0515065761166475,0.1534684819211275,0.0010863390212696076,0.11586983957231127,2021-05-05,2017-06-18,False,False,False,False,False,0.0,0,0,False,[],蔚瑄集团
2017-06-30,半年报,2017-08-27,无保留意见,False,235758019.01460147,66371954.40187951,169386064.61272195,0.2815257554304816,795074.2797762996,35.42463532121381,1520816.3648656905,27824849.0756875,7007484.472712273,7896258.687148038,36385576.96555773,80982195.83284977,40000000,4.2346516153180485,7248581.033195834,6741533.236425724,16695635.806526855,6592683.087128036,0.1648170771782009,6418823.45658025,17763626.240926784,-34389484.90147609,-10364857.42795091,-26990716.088500217,-0.007864821624076958,0.1363159345009149,-0.01956058359078801,-0.03666385328218226,2021-05-05,2017-09-20,False,False,False,False,False,0.0,0,0,False,[],蔚瑄集团
2017-09-30,季报,2017-10-27,无保留意见,False,246529961.73662516,63317227.78553435,183212733.9510908,0.25683380364605707,824697.8192183927,37.877340396095214,1704877.9531563679,28874000.160005044,7390097.013616107,8483525.236280976,43837025.70634311,88110981.2909745,40000000,4.58031834877727,9661403.35669594,8855047.975352658,12754284.90743854,3446889.0335715823,0.08617222583928956,3019306.7698956216,38844527.49757724,-34890465.911000274,-11026184.447901443,-7072122.861324474,0.08162813965825119,-0.13333769804557644,-0.024691951784424508,0.11481544578822779,2021-05-05,2017-12-10,False,False,False,False,False,0.0,0,0,False,[],蔚瑄集团
2017-12-31,年报,2018-03-30,无保留意见,False,251848706.59738168,50369741.319476336,201478965.27790534,0.2,762914.0579042232,33.11216303538063,1681584.7717102743,27041434.387781404,6494082.901483216,8265741.211398897,40158090.64374944,80133511.26150015,40000000,5.036974131947634,20289269.524503924,18683980.570035465,19329109.8305197,15182665.954011407,0.3795666488502852,14041332.278118294,31123353.073056374,-35677094.46909001,-12688341.234232431,-17242082.630266063,0.09969957291118636,0.5739639365759235,-0.06796170275979313,0.030285784724718535,2021-05-05,2018-04-16,False,False,False,False,False,0.0,0,0,False,[],蔚瑄集团
2018-03-31,季报,2018-04-30,无保留意见,False,283131448.07770634,56626289.61554127,226505158.4621651,0.2,817704.6409055856,37.41761459405016,1751256.4301652126,28283624.989928525,6517895.5993531905,8484947.933322672,40833015.89163801,85240861.39638744,40000000,5.662628961554127,51143294.26013604,46951683.57478013,171815643.56155902,44077178.19376016,1.101929454844004,40382432.86392096,48637923.149420165,-40510904.46119286,-14551769.336951848,-6424750.648724545,0.12421243651782919,0.8978284235693406,0.007884046258266721,0.011238604129517901,2021-05-05,2018-05-26,False,False,False,False,False,0.0,0,0,False,[],蔚瑄集团
2018-06-30,半年报,2018-08-27,无保留意见,False,271129790.33547044,54225958.06709409,216903832.26837632,0.2,978877.5568847206,43.36790582953745,1949082.2131793955,33889022.92772078,8077278.717525992,9622930.262441764,48532615.10936294,103226771.4542776,40000000,5.422595806709408,91930954.05150329,82796528.08627658,246221346.05921888,58268085.416238934,1.4567021354059733,51206920.73070922,17106676.55712655,-39203912.670320034,-13144086.943777148,-35241323.05697063,-0.042388995725201425,0.2323438580849263,-0.0066708521960536765,0.004448342344167158,2021-05-05,2018-10-15,False,False,False,False,False,0.0,0,0,False,[],蔚瑄集团
2018-09-30,季报,2018-10-27,保留意见,False,302954426.88924354,66524790.54591336,236429636.34333017,0.21958679141610304,1140776.0471910895,45.9685122387659,2156523.5701790294,36403030.14437412,9175282.07587503,9280793.92825575,52198979.719581656,110445962.78994109,40000000,5.9107409085832545,115944529.96211044,105168172.00434986,106854948.09709495,34305108.443724506,0.8576277110931126,31959491.311533257,16502441.411279505,-43259841.51670691,-14579393.411098056,-41336793.51652546,0.09002055828499356,-0.3183683607733228,0.02950149646762606,0.14269944024056122,2021-05-05,2018-11-22,False,False,False,False,False,0.0,0,0,False,[],蔚瑄集团
2018-12-31,年报,2019-03-30,无保留意见,False,279660463.13386154,55932092.626772314,223728370.50708926,0.2,865621.995393148,42.35818088714159,1752037.8925302422,31475137.31636659,7809051.662310021,9921958.227137001,48968077.173440255,98767374.42808169,40000000,5.593209262677232,132010221.18632011,119139059.73961759,87555667.94757053,22950987.46315667,0.5737746865789167,19958411.050382476,10252866.651518052,-40306496.74364588,-13031119.308462827,-43084749.40059065,-0.053721124105595604,-0.22130585676515882,-0.05521961715689533,7.441844531286095e-05,2021-05-05,2019-04-24,False,False,False,False,False,0.0,0,0,False,[],蔚瑄集团
2019-03-31,季报,2019-04-30,无保留意见,False,271572750.54394966,54314550.108789936,217258200.43515974,0.2,924889.0368161472,38.89265034561155,1993173.2782104125,30648377.094897665,7718736.939464257,8233033.343976306,40324600.33094749,96325577.17667894,40000000,5.431455010878993,132367996.97691572,119472288.31499046,377028.50588378776,511108.27227945253,0.012777706806986313,476040.82196124643,54032560.65903033,-36896083.24395818,-13650003.266824726,3486474.1482474245,-0.02891975683398853,-0.5616852202106787,-0.06718357264454987,0.03966426817062157,2021-05-05,2019-06-25,False,False,False,False,False,0.0,0,0,False,[],蔚瑄集团
2019-06-30,半年报,2019-08-27,无保留意见,False,286535101.0227467,57307020.204549335,229228080.81819734,0.2,1030649.763662709,44.33380349735932,1945541.8570121252,37058152.00184884,7861322.586060951,10631361.777636826,48062129.64056751,105795239.02785963,40000000,5.730702020454934,141108343.25186357,128324543.46478054,32723258.043015033,12486208.96421118,0.3121552241052795,12646078.785414401,5308612.781618554,-41503066.640710875,-14560015.59984526,-50754469.458937585,0.05509518333053676,0.6838573838806441,0.01343912404226777,0.16490228902463014,2021-05-05,2019-09-28,False,False,False,False,False,0.0,0,0,False,[],蔚瑄集团
2019-09-30,季报,2019-10-27,非标准无保留意见,False,313677271.9583603,62735454.39167206,250941817.56668824,0.2,985180.075251313,49.74869053814768,2245663.7776146466,39367865.02619528,8867899.078895114,10030704.657807814,53162534.11775099,112269459.16243142,40000000,6.273545439167206,162087900.31822282,146977764.48423117,130893977.28879875,29970795.809084654,0.7492698952271164,26647458.599215224,35033444.93996881,-40419453.19551171,-15218690.294010349,-20604698.549553253,0.09472546588091108,0.5929750706879731,0.02495478119895498,-0.16213917882680928,2021-05-05,2019-11-11,False,False,False,False,False,0.0,0,0,False,[],蔚瑄集团
2019-12-31,年报,2020-03-30,无保留意见,False,311905487.113663,62381097.42273261,249524389.69093043,0.2,1083981.3339337523,52.70925155965748,2346052.526361538,40954554.12702001,9756299.211642763,11329457.36893475,53850076.6864222,118654835.27911355,40000000,6.23810974227326,180009855.73979747,163373436.6281751,76730373.24458212,25602793.459392354,0.6400698364848089,23422388.777062755,44953541.279679276,-42798040.59949005,-14247555.155171325,-12092054.474982096,-0.005648432331853611,-0.09299400349626358,-0.009121710441887127,-0.08723555766981102,2021-05-05,2020-05-19,False,False,False,False,False,0.0,0,0,False,[],蔚瑄集团
2020-03-31,季报,2020-04-30,无保留意见,False,287878857.6884646,57575771.53769292,230303086.15077168,0.2,1050749.4789955036,47.66350451291105,2175166.8150105374,34548856.35482513,8727388.899496574,10600233.563529385,44644420.643346,104686428.34958476,40000000,5.757577153769292,201657214.2166053,182167428.74848786,112500530.60124831,30924797.824011214,0.7731199456002803,26848560.171875346,50793273.274202414,-40697928.57676536,-15067096.857281476,-4971752.159844421,-0.07703176256223662,0.12492148829845215,0.03759723865594305,-0.16470972369937914,2021-05-05,2020-05-11,False,False,False,False,False,0.0,0,0,False,[],蔚瑄集团
2020-06-30,半年报,2020-08-27,无保留意见,False,296009323.2117595,59201864.6423519,236807458.56940758,0.2,988592.2218022983,42.924405394896205,2180935.059386667,30868252.660206005,8485220.56184682,9360147.017293062,47271380.423533596,106477563.12693839,40000000,5.920186464235189,215659510.3563614,194506695.80282038,83040435.97006178,20003280.199651532,0.5000820049912883,17627524.363332186,5974416.8802828835,-40776443.64485387,-13559093.321038852,-48361120.08560983,0.028242662863743256,-0.22788865306152206,-0.006031194100856716,-0.08868875736229108,2021-05-05,2020-09-28,False,False,False,False,False,0.0,0,0,False,[],蔚瑄集团
2020-09-30,季报,2020-10-27,无保留意见,False,305946146.7794782,61189229.35589564,244756917.42358255,0.2,1069607.8340764712,47.86867515235787,2154610.8335727425,34618229.21105604,8097665.575309191,10367803.145151334,51904557.736854374,105227816.36193512,40000000,6.118922935589564,229637916.33274353,207530140.07693818,17778615.026903998,19969151.394831628,0.4992287848707907,18604920.39159687,22557337.801974066,-45454143.113038935,-15450098.36522205,-38346903.67628692,0.03356929254762054,-0.0009223183630143961,0.00391709706602385,-0.09237190662757161,2021-05-05,2020-11-21,False,False,False,False,False,0.0,0,0,False,[],蔚瑄集团
2020-12-31,年报,2021-03-30,无保留意见,False,361445720.1754434,80668732.84674671,280776987.3286967,0.22318353308372452,1115557.56092716,51.41251591194867,2507372.8267888175,43867924.73122402,10091036.553705761,12795617.442627301,66653957.42754272,131991650.45444092,40000000,7.0194246832174185,239169564.3344613,216822816.3639743,30875194.183631238,13616640.002453972,0.3404160000613493,13275251.838623034,8403202.989985975,-52482649.801362924,-19034356.374709852,-63113803.1860868,0.14716670843985566,-0.17183276198397537,0.061244595048620856,-0.016429540435403383,2021-05-05,2021-05-28,False,False,False,False,False,0.0,0,0,False,[],蔚瑄集团
2021-03-31,季报,2021-04-30,无保留意见,False,359286002.48307,75995911.99641176,283290090.4866583,0.21151926730013026,1341281.4770733654,62.51979013604843,2520896.4503662977,45498222.295901686,10716726.554906256,13287354.803273056,67914558.61533506,138040572.67073885,40000000,7.082252262166457,247187720.758498,223235173.77765742,26737833.59798271,11454509.177195314,0.28636272942988283,9160510.590975868,54509532.9063724,-50588449.61498845,-17374113.63751856,-13453030.346134614,0.008950531102534942,-0.07061946788038663,-0.011664265783594256,0.0013467233982546506,2021-05-05,2021-06-23,False,True,False,False,False,0.0,3,0,True,"['公司在相应期间是否按照中国证券监督管理委员会相关规定为中小股东参与现金分红决策提供了便利', '留存未分配利润的预计用途以及收益情况', '上市公司控股子公司向母公司实施利润分配的情况']",蔚瑄集团
2021-06-30,半年报,2021-08-27,保留意见,False,356131171.05091107,71226234.21018222,284904936.8407289,0.2,1140203.8287615224,59.663176562143214,2402133.8057680926,42521505.11393175,10283363.567331722,13741658.479291653,62776709.73264896,132335036.99495615,40000000,7.122623421018222,268742969.19339055,242266557.27267376,90655905.01909201,30793212.04984644,0.769830301246161,27187690.7071662,31918244.79135726,-48502246.687800474,-19928022.791069955,-36512024.68751317,0.005700327714592816,0.67963579172014,-0.04684618200010352,0.09395923584249384,2021-05-05,2021-10-10,False,False,True,False,False,0.0,0,6,True,"['公司在相应期间是否按照中国证券监督管理委员会相关规定为中小股东参与现金分红决策提供了便利', '公司为增强投资者回报水平拟采取的措施']",蔚瑄集团
2021-09-30,季报,2021-10-27,无保留意见,False,384071280.01210624,76814256.00242124,307257024.009685,0.2,1387858.1417110192,64.25140387069813,2878431.7313264417,44974930.09154591,12114750.578013893,14579461.044423772,68858285.46308284,144823702.87568402,40000000,7.681425600242124,273308972.856986,246364116.81086951,3282374.421797445,6522862.37656492,0.163071559414123,5853656.483136788,30749201.397622596,-57795718.19796218,-18127233.806089573,-45173750.60642916,0.07845454493283033,-0.5078200152768243,0.004904033596794994,0.10167207287687896,2021-05-05,2021-12-05,False,True,False,False,True,0.0,3,0,True,"['是否影响偿债能力、过去十二个月内是否使用过募集资金补充流动资金以及未来十二个月内是否计划使用募集资金补充流动资金等内容', '结合前述财务报表列报项目的具体情况说明现金分红方案确定的依据及未来增强投资者回报的规划']",蔚瑄集团
2021-12-31,年报,2022-03-30,无保留意见,False,411849625.4214058,82369925.08428116,329479700.33712465,0.2,1453736.3356043035,61.382328313904075,2702576.690813499,48108869.190509945,11408497.382583119,14499993.664931083,64841145.75044711,148823658.11197636,40000000,8.236992508428116,280458934.1530267,252428718.9779209,0.0,10214230.422915343,0.25535576057288356,8663717.381501961,48424735.63961066,-55479174.356396995,-21242965.123769123,-28297403.840555456,0.07232601565111565,0.15692682239335023,-0.030638367671685807,-0.029815779105216277,2021-05-05,2022-04-19,False,False,False,False,False,0.0,0,0,False,[],蔚瑄集团
2022-03-31,季报,2022-04-30,无保留意见,False,412255776.5916425,82451155.3183285,329804621.273314,0.2,1300830.1447029249,63.944991442496715,2792107.968004724,45851272.74679358,12051145.541752037,12483565.257619051,61277839.05005275,139326946.70198002,40000000,8.24511553183285,280778009.3484056,252703822.4377311,2099186.705760348,455821.7076840997,0.011395542692102491,393004.94258602854,57390080.96676419,-58711476.8289637,-21686109.19134018,-23007505.053539686,0.0009861637480451696,-0.35857742672062926,0.015059920107726412,0.09148003363522701,2021-05-05,2022-05-30,False,True,False,False,False,0.0,2,0,True,['留存未分配利润的预计用途以及收益情况'],蔚瑄集团
2022-06-30,半年报,2022-08-27,无保留意见,False,423160592.7467425,84632118.5493485,338528474.197394,0.2,1280290.9702249048,61.93587127219531,2851297.3710790835,49979024.150604986,11294029.602386355,12645584.674343506,69814305.82270984,144641083.9847004,40000000,8.463211854934851,278140009.56326085,250370225.48936832,12520866.920275105,-3768571.121635368,-0.0942142780408842,-3333709.926232499,58730154.107812904,-60013181.95283198,-21306091.11380602,-22589118.9588251,0.02645157878746181,-0.24200481077667502,0.03278823363970043,0.1290547615154482,2021-05-05,2022-10-14,False,False,False,False,False,0.0,0,0,False,[],蔚瑄集团
2022-09-30,季报,2022-10-27,非标准无保留意见,False,476191019.5479567,113185035.26554087,363005984.2824158,0.23768830284322934,1749446.995425412,81.2090779332945,3753584.5578608047,59694520.12796192,14209242.155449519,18453721.480835017,88301521.37780595,182534714.875432,40000000,9.075149607060395,271393633.2952347,244187904.10722536,11825725.865153402,-9637680.382894507,-0.24094200957236267,-8831887.688775662,79502489.07916689,-64641217.77749772,-25480622.588324133,-10619351.286654968,0.07230561666357548,-0.4435733521461172,0.05090139787066657,-0.11383922182347853,2021-05-05,2022-12-02,False,False,True,True,False,0.0,0,8,True,"['上市公司控股子公司向母公司实施利润分配的情况', '结合所处行业特点、发展阶段和自身经营模式、盈利水平、偿债能力、资金需求等因素，未进行现金分红或现金分红水平较低原因的说明', '是否影响偿债能力、过去十二个月内是否使用过募集资金补充流动资金以及未来十二个月内是否计划使用募集资金补充流动资金等内容']",蔚瑄集团
2022-12-31,年报,2023-03-30,无保留意见,False,518845201.1136179,132890420.82039088,385954780.293227,0.2561273006576199,1905347.3315850175,84.70127630639821,3854088.1975671886,63460848.90703902,14887062.268831799,17214185.30875637,90096095.55654818,194613592.5727957,40000000,9.648869507330675,265278316.91962734,238359162.47140723,6765738.503014907,-8736166.250867613,-0.21840415627169033,-8326773.765454465,49983915.26639711,-72078219.87414335,-28808957.072960027,-50903261.68070626,0.06321878152002353,0.12244974123811897,0.018438997814390606,0.04761274843059127,2021-05-05,2023-05-28,False,False,False,False,False,0.0,0,0,False,[],蔚瑄集团
2023-03-31,季报,2023-04-30,无保留意见,False,544561055.9159783,139990971.5869338,404570084.3290445,0.2570712137162694,1920057.021153021,75.88313242342694,3549472.396086536,67179760.22105347,14953123.469403872,19598809.212674838,93880141.05385756,201595848.25934544,40000000,10.114252108226113,260723463.63150534,234313770.16052473,29392965.363880496,-6506933.2687457055,-0.16267333171864265,-5779131.87268929,85654721.94501857,-82509625.29249683,-26176281.124434065,-23031184.47191232,0.04823182659293571,0.2697577238114152,0.0009439130586494556,-0.033666784404632145,2021-05-05,2023-05-30,False,True,False,False,False,0.0,0,0,True,"['上市公司控股子公司向母公司实施利润分配的情况', '根据公司盈利能力、融资能力及其成本、偿债能力及现金流等情况披露现金分红方案的合理性，是否导致公司营运资金不足或者影响公司正常生产经营', '留存未分配利润的预计用途以及收益情况', '是否影响偿债能力、过去十二个月内是否使用过募集资金补充流动资金以及未来十二个月内是否计划使用募集资金补充流动资金等内容']",蔚瑄集团
2023-06-30,半年报,2023-08-27,无保留意见,False,532803855.7861346,138015827.89103577,394788027.89509887,0.2590368414046064,1785832.8690032342,84.20305765589539,3587226.4989209487,60875590.61800031,14853878.533764048,17329967.840945106,79192868.07467142,181390644.62576655,40000000,9.869700697377471,261672057.3268009,235187653.63931984,6164246.375622033,1355133.8504222818,0.033878346260557045,1248404.969707288,53829415.41093066,-74424684.99169207,-26922123.30544543,-47517392.886206836,-0.024178892144654344,0.7492630439250231,0.0019656276883370273,0.0018731324916700825,2021-05-05,2023-10-23,False,False,False,False,True,0.0,0,0,False,[],蔚瑄集团
2023-09-30,季报,2023-10-27,无保留意见,False,540875720.0949345,151033013.68589985,389842706.40903467,0.2792379248589501,1663082.2510019753,77.12324345420366,3763861.7115861806,63596166.378765754,13578399.987729996,19654097.278106377,90038769.04022805,184920241.64593154,40000000,9.746067660225867,269607010.72328746,242103255.6277129,35395431.773876086,11335647.70926651,0.28339119273166274,9879431.411990104,107465392.40754443,-70992589.03375632,-25966605.53069819,10506197.843089927,-0.012526523442038622,0.5437450873513853,0.020201083454343707,0.10222723520749562,2021-05-05,2023-12-12,False,False,True,True,False,0.0,0,2,True,"['留存未分配利润的预计用途以及收益情况', '结合所处行业特点、发展阶段和自身经营模式、盈利水平、偿债能力、资金需求等因素，未进行现金分红或现金分红水平较低原因的说明', '公司为增强投资者回报水平拟采取的措施', '公司在相应期间是否按照中国证券监督管理委员会相关规定为中小股东参与现金分红决策提供了便利']",蔚瑄集团
2023-12-31,年报,2024-03-30,无保留意见,False,532079130.7211932,133499164.97016872,398579965.7510245,0.2509009605192007,1785668.152393352,81.27429067971751,3826640.758826924,59689675.13649885,14909268.30272177,19413924.16775973,89660209.61781721,191469956.07484654,40000000,9.964499143775612,277663168.1316889,248886017.74307287,39192718.28197769,11508796.29771629,0.28771990744290726,9689660.164799927,73572451.90135847,-72305652.78579645,-26006969.414931517,-24740170.299369495,0.022412268328607415,0.006110627511548195,-0.028336964339749436,-0.08630099401157995,2021-05-05,2024-04-17,True,False,False,False,True,10701486.34327419,0,0,True,"['上市公司控股子公司向母公司实施利润分配的情况', '根据公司盈利能力、融资能力及其成本、偿债能力及现金流等情况披露现金分红方案的合理性，是否导致公司营运资金不足或者影响公司正常生产经营']",蔚瑄集团
2024-03-31,季报,2024-04-30,无保留意见,False,555259494.3101311,179595558.9048462,375663935.4052849,0.3234443728476546,1977251.9055485055,81.84087687098943,3917079.1763343266,73617090.6571079,16447639.988321746,20639199.07222142,99117996.40935306,205785673.70807272,40000000,9.391598385132122,303438381.02297443,270393961.062953,39953278.88969517,36821732.70183655,0.9205433175459137,30725633.314114492,35589450.36552675,-77243686.99175526,-27711522.945043813,-69365759.57127233,-0.057494185144403964,0.8878991641659724,0.0725434123284539,-0.03295956057151353,2021-05-05,2024-06-11,False,False,False,True,False,0.0,0,0,False,[],蔚瑄集团
2024-06-30,半年报,2024-08-27,无保留意见,False,559974560.6689065,187843481.4589429,372131079.2099636,0.3354500269343632,2099539.3281624084,93.26298692232815,4331342.42645301,60107488.854770266,15563619.907289667,18802283.42530207,97036649.61140813,206669125.54120505,40000000,9.303276980249091,307152308.1519741,273981834.00379264,14409346.142840177,5305610.184285216,0.13264025460713041,5125532.772628003,105734000.82145116,-81662274.82436769,-28860180.660070956,-4788454.6629874855,-0.009404299594289737,-0.5855649927167045,0.012005654086708636,0.06433712756120043,2021-05-05,2024-09-20,False,False,False,False,False,0.0,0,0,False,[],蔚瑄集团
2024-09-30,季报,2024-10-27,无保留意见,False,557879702.1462688,171032380.64038327,386847321.50588554,0.3065757366371089,1741344.5549690996,80.83999166550993,3511879.701154799,67420730.58452265,14055219.814982692,19633948.084185787,95385036.9142671,195725830.211486,40000000,9.671183037647138,316286725.3421203,282048127.6576943,61034032.759916365,13049167.414494507,0.3262291853623627,11523276.648430914,91032203.06953028,-77788392.52845305,-24998220.475480575,-11754409.934403349,0.039545856602906174,0.3471573817633016,-0.028874290297254294,0.16885238233907326,2021-05-05,2024-12-10,True,True,False,False,False,12089169.967337966,4,0,True,['上市公司控股子公司向母公司实施利润分配的情况'],蔚瑄集团
2024-12-31,年报,2025-03-30,无保留意见,False,520747976.1963626,177753687.6478947,342994288.5484679,0.3413430215249991,1797882.976925442,88.00201782382794,3407278.6935845637,56787508.13067852,14731140.152996596,18377035.465550326,88808202.48184423,188155914.54286063,40000000,8.574857213711697,332811583.15036416,297640642.0975089,107811210.13151412,23606939.726062715,0.5901734931515679,22275020.628306642,54543132.35113894,-71408182.57300332,-23758616.143761534,-40623666.36562592,-0.11336005322903725,0.3513499114945716,0.03476728488789021,0.04311893413986545,2021-05-05,2025-04-11,False,False,False,False,False,0.0,0,0,False,[],蔚瑄集团
2017-03-31,季报,2017-04-30,无保留意见,False,302094128.78900033,95306115.59887509,206788013.19012526,0.3154848324293064,21003.64941316446,59883.77093660673,33058422.86980268,29502706.72430631,7.387843459307177,1978423.886864394,14718104.317528253,79545145.30859932,40000000,5.169700329753131,1832713.3169094278,1548770.6999006327,12487505.764424223,2618161.881299183,0.06545404703247958,2212529.5712866182,47698625.3090168,-30724766.724696692,26079019.88324116,43052878.467561275,0.148822295500696,0.08989788229439899,0.015484832429306431,0.08756215435785514,2021-07-14,2017-06-13,False,False,False,False,False,0.0,0,0,False,[],昱瑗控股
2017-06-30,半年报,2017-08-27,无保留意见,False,314034950.43169004,104419446.23935033,209615504.19233972,0.33250899651713767,21904.607689520588,54708.229866744514,33471920.23696973,27831499.620279055,7.276963978190247,1848704.5989177595,13579040.375562279,77017636.6379861,40000000,5.240387604808493,3050496.2765227626,2702481.378074439,1190747.2829140709,1739689.942304764,0.0434922485576191,1648158.1116768657,56754316.90718124,-28032797.95513937,27364559.885214634,56086078.837256506,0.013673379605494071,-0.04477850393475499,0.017024164087831244,-0.015580472991389087,2021-07-14,2017-10-01,False,False,False,False,False,0.0,0,0,False,[],昱瑗控股
2017-09-30,季报,2017-10-27,无保留意见,False,369718166.65439606,135591635.83312082,234126530.8212752,0.3667432332581827,25563.77688962295,71715.94584822083,40160302.020892665,31964521.95512256,8.656058547682855,2261767.0962412637,16956066.236218344,89411592.41565594,40000000,5.85316327053188,3727160.059407754,3305307.883815564,1530066.334371586,966662.5469785593,0.024166563674463983,861180.7224873225,48661070.60073239,-39103795.299219854,32801850.755390044,42359126.05690259,0.11693327134067616,-0.041250810323232794,0.03423423674104507,0.010833323089919836,2021-07-14,2017-11-10,False,False,False,False,False,0.0,0,0,False,[],昱瑗控股
2017-12-31,年报,2018-03-30,无保留意见,False,377440660.18242025,156793791.7518904,220646868.43052983,0.41541309215628924,27298.570171784446,79284.43509114083,41014140.02040477,35778367.74906678,9.134407303142343,2388435.9003139962,17392482.100112166,96336726.11555639,40000000,5.5161717107632455,7300236.636747375,6772269.315813887,5268326.476319768,5104395.110485174,0.12760987776212934,4952802.045711889,6649899.071521638,-36676708.81769067,34439108.837369464,4412299.091200434,-0.057574262700861224,0.23030056654581377,0.04866985889810652,0.08952668618268492,2021-07-14,2018-05-09,False,False,False,False,False,0.0,0,0,False,[],昱瑗控股
2018-03-31,季报,2018-04-30,无保留意见,False,347178692.2559757,142194097.18595505,204984595.0700207,0.40957034621558797,27486.02030022052,67536.54194527316,38992386.508593775,35437019.82964289,8.098329220331632,2205576.907500701,16166306.96188658,91064752.25573178,40000000,5.124614876750518,7558534.736316109,7030128.98228624,1790181.0042934592,368997.28509819135,0.009224932127454784,368370.95210336184,47001279.38380774,-34505650.71820515,30124881.120133642,42620509.78573623,-0.07098343825097318,-0.21422879032508602,-0.005842745940701256,0.13370754663543666,2021-07-14,2018-05-10,False,False,False,False,False,0.0,0,0,False,[],昱瑗控股
2018-06-30,半年报,2018-08-27,无保留意见,False,402068087.67623603,195747796.57543647,206320291.1007996,0.4868523580340992,28349.66825286054,82962.59026517249,45103747.26729835,40235995.157432795,10.879936228520485,2869618.636456836,20724727.58067586,110485401.85042953,40000000,5.15800727751999,15656770.914299339,13505234.831636105,25941095.921454813,11568908.82569033,0.28922272064225824,9250151.21335695,66503810.38974239,-40769433.73351719,35631157.51633588,61365534.17256108,0.006516080051394197,0.6448219984582042,0.07728201181851124,-0.054288084881851904,2021-07-14,2018-09-24,False,False,False,False,False,0.0,0,0,False,[],昱瑗控股
2018-09-30,季报,2018-10-27,保留意见,False,437343347.3575555,203984412.82773066,233358934.52982485,0.4664170932522741,30608.14866416887,83816.55876191113,47499938.389824666,42273406.21318801,9.396670316744858,2772677.073593508,19285887.05568311,109602016.85462067,40000000,5.833973363245621,25237116.81024834,21651721.65714809,36095363.125114076,13686208.422784287,0.3421552105696072,11637838.32215998,17228552.371958964,-42921205.447685644,39361867.17096847,13669214.095241793,0.1310517898397849,0.07411202191908699,-0.020435264781825117,-0.05464007210049222,2021-07-14,2018-12-15,False,False,False,False,False,0.0,0,0,False,[],昱瑗控股
2018-12-31,年报,2019-03-30,无保留意见,False,499293513.74852896,247130840.82099867,252162672.92753032,0.4949610479928386,37666.50647505608,91359.55264813168,54013006.5800104,46341834.076713435,11.850152291443125,2879811.7642233316,24670138.724499024,124473293.26235576,40000000,6.304066823188258,36687671.688626826,32019844.92006821,54782075.3414175,16357935.540540695,0.4089483885135174,14811604.661314458,94141312.79622649,-48103577.97330522,43653957.58330424,89691692.4062255,0.08057860923813144,0.0870660552436538,0.028543954740564436,0.07817607543016082,2021-07-14,2019-05-20,False,False,False,False,False,0.0,0,0,False,[],昱瑗控股
2019-03-31,季报,2019-04-30,无保留意见,False,553522695.7188807,287081387.1022005,266441308.6166802,0.5186442928584114,43615.74372229951,113525.5790870536,66169152.29449241,54565573.24270777,15.083039602126037,3564108.8399466085,26085335.753692,146928757.1532969,40000000,6.661032715417005,43084429.97716171,37662009.74321238,39364661.927405015,9138226.126478415,0.22845565316196037,8060235.46163453,7786875.562891269,-54639766.9481955,47491849.16069391,638957.7753896788,0.056624699934289806,-0.21643154161287936,0.023683244865572807,0.08885858079654037,2021-07-14,2019-06-22,False,False,False,False,False,0.0,0,0,False,[],昱瑗控股
2019-06-30,半年报,2019-08-27,无保留意见,False,480270686.6829616,217831539.01211366,262439147.6708479,0.4535599299565613,38495.383362010325,104932.73050704219,55670616.25130376,47174245.6741451,12.167510425316808,3272207.291264462,21821633.341364354,133258068.66281526,40000000,6.560978691771197,37146906.58444218,32290595.906661373,29035274.229982033,-8482176.275313618,-0.21205440688284044,-7673448.337930015,18861315.471884076,-44590791.366756074,41261003.92061555,15531528.025743548,-0.015020797513008952,-0.6741238795827197,-0.06508436290185003,-0.1278698197146834,2021-07-14,2019-10-10,False,False,False,False,False,0.0,0,0,False,[],昱瑗控股
2019-09-30,季报,2019-10-27,保留意见,False,422700010.5837515,154991186.20161918,267708824.38213232,0.3666694637352276,32492.946817312128,81720.7198945692,44829492.61126348,36865065.39203515,9.205785307221273,2415246.562860836,19489165.83213841,105665727.40556258,40000000,6.692720609553308,32828980.671975847,28669077.38347842,22510918.3135716,-6168465.589237621,-0.15421163973094051,-5173597.890261361,50914026.55422239,-45947403.45198379,35312274.24297153,40278897.345210135,0.020079613723992546,0.27163167034912866,-0.08689046622133371,0.1632540935184174,2021-07-14,2019-12-10,False,False,False,False,False,0.0,0,0,False,[],昱瑗控股
2019-12-31,年报,2020-03-30,无保留意见,False,321830990.8726685,68042922.07250886,253788068.80015966,0.2114243935551559,22928.51909110186,65717.97881594115,34737885.766414024,31329626.670632243,7.651496606327083,2199754.86811074,14807699.300691942,83342943.19008696,40000000,6.344701720003991,25602372.33630528,22130174.516457155,13709670.077895641,-10323726.193815095,-0.25809315484537737,-9341289.810030378,3733349.7287557116,-31568229.276024185,28216495.79008895,381616.242820479,-0.05199961418567926,-0.38362622016403736,-0.1552450701800717,0.032517058626235995,2021-07-14,2020-05-20,False,False,False,False,False,0.0,0,0,False,[],昱瑗控股
2020-03-31,季报,2020-04-30,无保留意见,False,333144200.9210303,76370961.39895388,256773239.52207637,0.22924295601668646,24314.980470805356,66703.57903373048,37329302.01234422,31745403.91317797,8.528518390026084,2005010.7991173891,14651890.956169087,85277461.80594316,40000000,6.419330988051909,21506639.79222853,18567408.151125308,24298420.282329038,-5851046.49153821,-0.14627616228845525,-5089666.236188354,12250520.620406078,-34110179.8830557,30715183.640475042,8855524.377825417,0.011762454933479704,0.6699365292857511,0.017818562461530556,-0.01596145823922033,2021-07-14,2020-05-14,False,False,False,False,False,0.0,0,0,False,[],昱瑗控股
2020-06-30,半年报,2020-08-27,无保留意见,False,321543513.60145247,73737015.21158397,247806498.38986853,0.2293220422508031,22232.341664532516,70104.99801901815,35273552.74571501,30928897.237679593,8.07966646252755,2039901.9313335523,13323185.505074652,83895869.7844358,40000000,6.195162459746713,21037653.053898036,18154187.408743497,1893793.8961727337,-669981.0547578465,-0.016749526368946163,-590315.3462597306,50922541.25048901,-33862270.98790008,28031051.813013542,45091322.07560247,-0.03492085526084159,0.4647131618988327,7.908623411666449e-05,0.22245074019519437,2021-07-14,2020-10-12,False,False,False,False,False,0.0,0,0,False,[],昱瑗控股
2020-09-30,季报,2020-10-27,无保留意见,False,326911985.1148587,74662603.72601657,252249381.38884214,0.2283874777481293,20471.76968474261,60859.03942996321,31127731.869536977,26646222.92160523,6.906796235029539,1616462.1887529471,13074395.994211925,72239071.20415756,40000000,6.306234534721053,22453255.652087014,19471657.02384492,3233754.191166149,2022289.4259842522,0.050557235649606305,1882099.4501448895,6761911.983557239,-30116323.040610187,29959756.967686214,6605345.910633266,0.017928839751343708,0.16486634153761995,-0.0009345645026738148,-0.0671293380295671,2021-07-14,2020-11-09,False,False,False,False,False,0.0,0,0,False,[],昱瑗控股
2020-12-31,年报,2021-03-30,无保留意见,False,323671804.3632239,80536992.58208121,243134811.78114268,0.24882300990203876,25265.74608742017,62175.95318038434,34128082.929360054,28423769.649670828,7.369869546506836,1753943.3519295077,14329398.51594985,79930740.51910788,40000000,6.078370294528567,23437175.85273483,20317770.087824017,6866312.75897489,1405600.286639735,0.03514000716599338,1208732.9485415665,50043272.03037756,-33306434.64704554,28404831.504077073,45141668.88740909,-0.03613316931647634,-0.032419291155465525,0.020435532153909454,0.12113598711171651,2021-07-14,2021-05-28,False,False,False,False,False,0.0,0,0,False,[],昱瑗控股
2021-03-31,季报,2021-04-30,无保留意见,False,351898923.3110319,97708865.23912813,254190058.07190374,0.2776617339995851,27792.7630869527,72851.12596962733,44267961.425262235,39273357.74928796,8.899066557940676,2020842.4054218626,18023389.483773902,99137215.9356238,40000000,6.354751451797593,25647539.141493674,22484836.698897608,2787633.7454736484,3157661.841084063,0.07894154602710157,3095809.4443908413,69547654.55408837,-32161603.523408137,31213406.871064525,68599457.90174475,0.045469615024574965,0.09519176376529907,0.028838724097546342,0.03153065125091255,2021-07-14,2021-06-09,False,False,False,False,False,0.0,0,0,False,[],昱瑗控股
2021-06-30,半年报,2021-08-27,非标准无保留意见,False,319064467.2355379,73640230.79956666,245424236.43597123,0.23080047564558293,20725.421634815237,55596.16288846041,31274127.93935136,27477992.90685136,7.009452099077899,1726943.6860352384,12905936.733183237,74337490.87782049,40000000,6.13560591089928,31871655.430088166,28250543.58740837,25152114.065993503,8891594.697992127,0.2222898674498032,8236724.1264439495,18893171.988134988,-29550899.494961523,28517848.24434757,17860120.737521034,-0.034485304824364474,0.28445426369944976,-0.04686125835400218,-0.004803016478720871,2021-07-14,2021-10-02,False,False,False,False,False,0.0,0,0,False,[],昱瑗控股
2021-09-30,季报,2021-10-27,无保留意见,False,308666361.7749117,81411682.83671159,227254678.93820012,0.263753012698155,20485.957450798185,53817.034023236454,32507728.801960286,29114315.75894534,6.94131455531865,1956396.4474264977,14551873.533192115,75298068.87565221,40000000,5.6813669734550025,42056823.26325821,36927784.61488721,7981190.033672678,14550239.761671491,0.36375599404178727,12396058.610684052,15734702.31431016,-29467832.421118267,23397860.319764577,9664730.21295647,-0.07403326485447326,0.21855143067407073,0.03295253705257204,0.04700272862163194,2021-07-14,2021-12-19,False,False,False,False,False,0.0,0,0,False,[],昱瑗控股
2021-12-31,年报,2022-03-30,无保留意见,False,245775981.85211998,61807428.227600895,183968553.62451908,0.2514787155434479,17122.080367105846,47654.39965916312,29209711.758130293,23658497.69990469,5.422481823684547,1583062.0001697,11273612.057866188,65073824.865064025,40000000,4.599213840612977,46584018.99150127,41047821.56185419,15668006.032559857,6467422.468918655,0.1616855617229664,5885767.067095692,6394052.24153461,-24146777.723305535,20413589.890922006,2660864.409151081,-0.19047407743561703,-0.25618877554687136,-0.01227429715470704,0.08300036008524186,2021-07-14,2022-05-04,False,False,False,True,False,0.0,0,0,False,[],昱瑗控股
2022-03-31,季报,2022-04-30,无保留意见,False,281199058.7203548,89468239.50722654,191730819.21312824,0.31816692386655676,18384.441442607553,46727.40151035561,26667868.785852302,24338111.979831703,5.840053440946941,1496011.273244129,11106889.897258831,62761520.012505814,40000000,4.793270480328206,44068220.82838542,38607676.86717999,14829865.10860776,-3593997.375879789,-0.08984993439699472,-3485920.992391722,39277400.27859475,-30030934.968334936,24045750.39814547,33292215.708405282,0.04219343706127065,-0.42873987793607315,0.06668820832310883,-0.025165753304973528,2021-07-14,2022-05-15,False,False,False,False,True,0.0,0,0,False,[],昱瑗控股
2022-06-30,半年报,2022-08-27,无保留意见,False,330187488.1228683,114951517.41050911,215235970.7123592,0.34814013718089076,22032.5082963839,59306.62602338466,32975078.610562317,28870293.995143026,8.55770167090668,1943486.6353672142,14680410.835784703,82389602.60536633,40000000,5.38089926780898,42653753.72913294,37343648.58417338,9610810.156708734,-2020667.2846463993,-0.050516682116159985,-1805754.6900094396,26098560.032496825,-35935080.704356015,28274760.611041375,18438239.939182185,0.12259453955132056,0.11736012108506089,0.029973213314334005,0.0359933878440396,2021-07-14,2022-10-03,False,False,False,False,False,0.0,0,0,False,[],昱瑗控股
2022-09-30,季报,2022-10-27,无保留意见,False,425379593.3005254,182293846.0280676,243085747.27245784,0.4285439379299966,31110.912701765745,81803.11632828151,45884616.6173542,37191259.06754967,10.221893102146778,2637521.0280295196,19021107.337208204,107923238.38343751,40000000,6.077143681811446,36542440.31738838,31875559.619594175,31933960.64594693,-8730447.731063655,-0.21826119327659135,-7811555.663684575,64929928.153703585,-40149647.05565342,34332056.39518781,59112337.49323797,0.1293918319875864,-0.44793587097106313,0.08040380074910584,0.05611025019278703,2021-07-14,2022-12-01,False,False,False,False,False,0.0,0,0,False,[],昱瑗控股
2022-12-31,年报,2023-03-30,保留意见,False,460016001.9294913,217127295.22648945,242888706.70300183,0.47199943983637666,35300.68555133317,94552.37331675511,49097786.33019862,42987813.910839036,11.543851470755436,2870316.467765426,22977341.102434076,123925967.87330835,40000000,6.072217667575046,30488258.6347351,26515710.208021794,24497541.792521533,-8648830.975218972,-0.2162207743804743,-7656927.730817687,25079832.965988945,-46896337.922478005,37726431.61550478,15909926.659015719,-0.0008105805118848913,0.00986954954638435,0.04345550190638005,0.08612856778017106,2021-07-14,2023-05-07,False,False,False,False,False,0.0,0,0,False,[],昱瑗控股
2023-03-31,季报,2023-04-30,无保留意见,False,521070200.526387,264845022.19584948,256225178.33053753,0.5082712884526923,40984.34431015498,107292.32225647886,55796026.22322054,49133846.19521578,12.49299454364596,3218553.7158187865,25196911.69466218,136875757.54495725,40000000,6.405629458263438,24316067.595061485,20633092.06549698,43254409.29135504,-8817415.770962307,-0.22043539427405767,-8403740.203606876,67135695.19153717,-51642362.43285897,45178624.126778424,60671956.88545663,0.05490774687949258,-0.020186969661742105,0.03627184861631569,0.013672631026685532,2021-07-14,2023-05-19,False,False,False,False,False,0.0,0,0,False,[],昱瑗控股
2023-06-30,半年报,2023-08-27,无保留意见,True,467625693.73797405,248814742.0813576,218810951.65661648,0.5320809900167218,30374.056846295833,89426.19924313232,45532492.13479184,42083394.71151709,10.133789550403186,2714692.7399227764,22492629.552395474,114365190.49681726,40000000,5.470273791415412,17344136.53200859,14891423.035533791,15500625.120398905,-9959901.518646996,-0.2489975379661749,-8202384.328518844,89906423.56953864,-46501651.320084356,40047525.78269356,83452298.03214784,-0.14602088256001,-0.13962407421732706,0.023809701564029496,0.03919888623444221,2021-07-14,2023-10-10,False,False,False,False,False,0.0,0,0,False,[],昱瑗控股
2023-09-30,季报,2023-10-27,非标准无保留意见,False,449676814.3444731,224254255.06975278,225422559.2747203,0.49870095125243374,32711.990796004746,84799.6999201282,44033028.6412942,40405908.15040207,9.950974558478645,2546290.558584009,18661565.574020572,104173462.24654147,40000000,5.635563981868008,14140150.353006477,12053717.600032482,13615120.305734958,-4577123.112860162,-0.11442807782150405,-4053864.907859012,40728927.518626325,-42314827.3450807,41152023.19000298,39566123.3635486,0.03021607267848051,0.7645885096698737,-0.03338003876428813,-0.20905431910811403,2021-07-14,2023-12-23,False,True,False,False,True,0.0,3,0,True,"['留存未分配利润的预计用途以及收益情况', '根据公司盈利能力、融资能力及其成本、偿债能力及现金流等情况披露现金分红方案的合理性，是否导致公司营运资金不足或者影响公司正常生产经营', '上市公司控股子公司向母公司实施利润分配的情况', '结合所处行业特点、发展阶段和自身经营模式、盈利水平、偿债能力、资金需求等因素，未进行现金分红或现金分红水平较低原因的说明']",昱瑗控股
2023-12-31,年报,2024-03-30,无保留意见,False,387235207.8217214,190635777.06277296,196599430.75894842,0.4922997010915895,27417.23899141074,71490.60409815673,40166616.1820124,36362645.37398388,9.404872030690242,2350151.436298586,16770116.563853962,94929427.23151413,40000000,4.91498576897371,8229387.964414838,6716455.983991149,34073810.24130675,-8443946.269416627,-0.21109865673541567,-7624659.451487621,31620261.951278247,-38115139.80607368,31493454.94000646,24998577.085211027,-0.12786266205347008,-0.31126631871876637,-0.006401250160844187,0.13634612783193245,2021-07-14,2024-05-01,False,False,False,False,False,0.0,0,0,False,[],昱瑗控股
2024-03-31,季报,2024-04-30,无保留意见,False,438082793.4461582,204175023.27777806,233907770.16838008,0.46606492273217265,26524.64754740925,77867.00256295262,43441145.969859354,33815928.65108748,9.330216879879158,2570801.579843072,16674955.060833376,100860930.09309682,40000000,5.847694254209502,-272785.42510947026,-867482.8949256336,59032077.6612146,-12145961.985034727,-0.30364904962586814,-10834198.398452546,17894817.589196295,-41565743.62485183,38804052.1681327,15133126.132477164,0.18976829823671065,-0.432677941512376,-0.026234778359416865,0.04486883466241443,2021-07-14,2024-05-23,False,False,False,False,False,0.0,0,0,False,[],昱瑗控股
2024-06-30,半年报,2024-08-27,无保留意见,False,522735982.106626,251120646.71957356,271615335.3870524,0.4803967113714984,43219.61651454246,106327.795631584,56206358.746962495,50977210.32981746,11.88667399881334,3087377.856863733,25092831.203281254,134052199.35028346,40000000,6.790383384676311,-7828045.849575041,-7129226.842070659,28182305.280771833,-10793229.177807959,-0.269830729445199,-8945348.495921465,21492115.512815304,-50677391.86490903,42757127.1219693,13571850.769875571,0.16120697996277883,0.2786819557358668,0.014331788639325785,0.07650892726553082,2021-07-14,2024-09-21,False,False,False,False,False,0.0,0,0,False,[],昱瑗控股
2024-09-30,季报,2024-10-27,无保留意见,False,471067428.92741853,205231850.79839152,265835578.129027,0.4356740419639868,31604.037500376613,86617.25253421944,49755595.09744709,42336006.96246702,10.350030977738157,2642349.1960762143,19442115.29679715,110382426.34210208,40000000,6.645889453225675,-14497137.481292162,-12788959.294023853,40158822.30272321,-9527273.759595886,-0.23818184398989714,-8085332.074218849,90325419.60235909,-50388631.66291996,37658456.45630459,77595244.39574371,-0.02127920078514422,0.20396361561888246,-0.044722669407511614,0.08112344655308101,2021-07-14,2024-12-18,False,False,False,False,False,0.0,0,0,False,[],昱瑗控股
2024-12-31,年报,2025-03-30,非标准无保留意见,False,487165477.0505979,207138896.2867396,280026580.7638583,0.42519206726388326,29410.65296743956,80179.9392800258,54527412.319754474,41013162.86076343,10.862415113344904,2906976.8523768685,21048791.421419967,113467806.0164713,40000000,7.000664519096458,-22195519.08690844,-20094401.593215805,14487653.642623458,-10997688.008023255,-0.27494220020058135,-10436346.141702784,78451839.89983234,-47461563.40495172,37934872.62584908,68925149.1207297,0.0533826312290807,-0.19677079035453185,-0.010481974700103567,-0.044920022752877084,2021-07-14,2025-04-16,False,False,True,False,True,0.0,0,1,True,"['留存未分配利润的预计用途以及收益情况', '是否影响偿债能力、过去十二个月内是否使用过募集资金补充流动资金以及未来十二个月内是否计划使用募集资金补充流动资金等内容', '上市公司控股子公司向母公司实施利润分配的情况']",昱瑗控股
2017-03-31,季报,2017-04-30,无保留意见,False,276460921.55907166,72456184.69406539,204004736.86500624,0.26208472534004634,1564154.2165420062,0.001627391621201681,7178242.660015345,0.008275574577019646,27507655.312105905,318504.86242577684,20123285.499640044,57408783.940573014,40000000,5.100118421625156,3386940.0766014997,3135993.948005197,23309667.650903843,4838485.823716428,0.1209621455929107,4479991.354293139,47337632.03497671,-22379808.26290337,-19286794.73004803,5671029.042025313,0.13335964925003468,0.21324921242869047,-0.03791527465995363,0.1228762732358554,2021-08-04,2017-06-25,False,False,False,False,False,0.0,0,0,False,[],曦璜农业
2017-06-30,半年报,2017-08-27,保留意见,False,291166815.88756466,75862931.06515084,215303884.82241383,0.26054799834897957,1610519.1088502752,0.0016778489135319838,7375787.29191019,0.007299153936535951,25354649.168267835,378262.1069509221,21284185.33687255,57027143.98811777,40000000,5.382597120560346,8784627.9871693,8041246.172906049,4110230.1847761804,7710982.729382571,0.19277456823456426,7007503.17842979,39118450.91866399,-22455724.13702746,-20611507.108218133,-3948780.326581601,0.05538669410840425,0.13153370287909946,-0.0015367269910667569,-0.06936277808956284,2021-08-04,2017-10-17,False,False,False,False,False,0.0,0,0,False,[],曦璜农业
2017-09-30,季报,2017-10-27,无保留意见,False,353231680.47535247,119645401.40523838,233586279.0701141,0.33871650822550414,2063153.5461718983,0.001986200936498454,9576760.095358334,0.011780212912714732,38173258.65808548,447695.94332479866,26166021.14523485,75501458.53891793,40000000,5.839656976752853,8467027.799490936,7744854.638168294,612985.4343183356,-453714.5538262315,-0.011342863845655788,-423416.4781967922,4829964.581213187,-28487122.343581393,-27596005.668385822,-51253163.43075403,0.08491437236620183,-0.3304076318057792,0.07816850987652454,0.10174224118886353,2021-08-04,2017-12-12,False,False,False,False,False,0.0,0,0,False,[],曦璜农业
2017-12-31,年报,2018-03-30,无保留意见,False,332522886.18692166,125570189.2552111,206952696.93171057,0.3776287121020119,1939154.292322857,0.0019959583336160106,9117106.153587217,0.011250275202594397,37053088.60008425,440703.52881288115,23035724.004102282,72891988.88794869,40000000,5.173817423292764,2735879.437675271,2679197.134049609,25437663.763739016,-8187354.802593809,-0.2046838700648452,-7236653.577312408,16583661.821121277,-28390267.138334427,-25801454.22288574,-37608059.54009889,-0.11402031936306109,-0.4673943450284146,0.0389122038765077,-0.06894553424260132,2021-08-04,2018-05-23,False,False,False,False,False,0.0,0,0,False,[],曦璜农业
2018-03-31,季报,2018-04-30,非标准无保留意见,False,300117782.6305193,97445333.92215037,202672448.7083689,0.32469030348034117,1688702.1240318269,0.0016159472679810624,7557427.154218443,0.010007162698202557,28810175.347857807,354308.64246014913,22477014.47333502,59667502.22542814,40000000,5.066811217709223,-852290.3897687509,-648969.0505721997,11339536.711136365,-5125956.896348603,-0.1281489224087151,-4754523.120888298,33763394.61564565,-24882004.0471746,-20450117.670382433,-11568727.101911385,-0.02068225390053293,0.347386946560184,-0.0529384086216707,-0.03171867352300163,2021-08-04,2018-05-21,False,False,False,False,False,0.0,0,0,False,[],曦璜农业
2018-06-30,半年报,2018-08-27,无保留意见,False,307701525.06411636,99853014.80747795,207848510.25663844,0.32451257687680096,1802337.8811747723,0.0017474702803267122,8275012.506442979,0.010354801852965124,35530477.77432067,407213.1332483108,23503432.55846129,67562431.68018916,40000000,5.196212756415961,-5075736.021844919,-4515027.628828442,13470439.864747768,-6033493.760108812,-0.1508373440027203,-5522940.826080346,48139552.08787035,-23556903.589135148,-21408567.461439215,3174081.0372959897,0.025539048752095197,-0.07643031576002379,-0.00017772660354016347,-0.06830273624885866,2021-08-04,2018-09-25,False,False,False,False,False,0.0,0,0,False,[],曦璜农业
2018-09-30,季报,2018-10-27,无保留意见,False,289865002.1148942,87427470.76669428,202437531.34819993,0.30161444164977363,1461968.9509392818,0.0014142396010837519,7213109.575334378,0.008207650995074018,26806453.31114951,337796.9575829227,20916078.14603036,56603383.421042204,40000000,5.060938283704998,-7603717.220358513,-6920391.279508846,8851596.250762664,-3611401.7121622786,-0.09028504280405697,-3436233.7866862924,38653265.55898503,-24468959.574651334,-20820381.272955693,-6636075.288621996,-0.026033282133017834,0.22086268816736343,-0.022898135227027338,0.060025937030150585,2021-08-04,2018-11-19,False,False,False,False,False,0.0,0,0,False,[],曦璜农业
2018-12-31,年报,2019-03-30,无保留意见,False,357135882.3318454,141025276.77939877,216110605.55244663,0.3948784867502061,2562369.869670362,0.0020954517501799693,10749300.201710926,0.013539277264492201,39657521.77230975,544979.5817294206,30096622.667953096,82342975.56502017,40000000,5.402765138811166,-6067057.223518049,-5510824.933646689,10807312.175995665,2195228.5669149496,0.05488071417287374,2013666.2083745098,27653999.83234392,-30305997.631219517,-26918570.42323072,-29570568.222106315,0.06754218999405055,0.4336996416086369,0.09326404510043242,-0.03199626270079792,2021-08-04,2019-05-10,False,False,False,False,False,0.0,0,0,False,[],曦璜农业
2019-03-31,季报,2019-04-30,无保留意见,False,354084318.27900165,128766579.58193524,225317738.6970664,0.36366078059540974,1772046.7931569673,0.0020028426852701075,9263604.432330424,0.011163195748271425,33712402.00656621,440529.96377379965,24231577.667604487,73385088.36165476,40000000,5.63294346742666,-14432139.831882954,-13578291.174959984,16339905.55398669,-11950118.011949867,-0.29875295029874666,-11524951.773304705,35655998.75960117,-27429424.22119346,-26250184.419015937,-18023609.880608227,0.04260380059129183,-0.7369199345323687,-0.0312177061547963,0.030841634969123524,2021-08-04,2019-06-15,False,False,False,False,False,0.0,0,0,False,[],曦璜农业
2019-06-30,半年报,2019-08-27,无保留意见,False,482714789.30568266,242224712.32220927,240490076.98347336,0.5017967497341763,2837461.648388027,0.0029408115414502854,12744701.041473247,0.014870752095108044,51611012.16208304,615380.6017894577,39006304.87370108,103112448.479801,40000000,6.012251924586834,-22069942.772781324,-20093944.262773324,25641386.302758187,-10911147.058426242,-0.27277867646065607,-9308075.839733344,51598569.98672982,-39532332.94178896,-36322005.504227564,-24255768.459286697,0.06733752244338725,0.20574163039497,0.13813596913876652,0.19016532755039858,2021-08-04,2019-10-23,False,False,False,False,False,0.0,0,0,False,[],曦璜农业
2019-09-30,季报,2019-10-27,无保留意见,False,520797933.74777347,252881824.8294068,267916108.91836667,0.4855661062431931,3204626.8644638304,0.0031109666896099943,14762850.448498966,0.01911443158935608,61277152.13756838,656370.1884421931,41178033.89618582,117337157.43054187,40000000,6.697902722959166,-27733080.449166708,-25125684.757040348,34444819.93025258,-8090196.680550549,-0.20225491701376372,-7188200.706095751,26231251.658458564,-43651063.56810203,-36903451.75674131,-54323263.66638477,0.11404226020010803,0.4632975052845624,-0.016230643490983177,0.03517875271303694,2021-08-04,2019-11-20,False,False,False,False,False,0.0,0,0,False,[],曦璜农业
2019-12-31,年报,2020-03-30,非标准无保留意见,False,609811240.3699689,339645201.87167317,270166038.4982958,0.5569677621317908,3552472.798895107,0.0035981274561929766,16789566.732668262,0.021318683658424098,65463923.36364771,767634.5729243171,48255742.69850688,131004019.37979726,40000000,6.754150962457395,-30484479.146691192,-27625350.917156406,18510491.814850934,-3930569.567892123,-0.09826423919730308,-3570951.657308651,76531340.82000819,-48433981.134768024,-44469007.96238405,-16371648.277143888,0.008397888387572449,0.46685958864863664,0.07140165588859759,0.04142295471980426,2021-08-04,2020-04-13,False,False,False,False,False,0.0,0,0,False,[],曦璜农业
2020-03-31,季报,2020-04-30,无保留意见,False,743022413.2627921,469665936.7421201,273356476.520672,0.632101977489081,3899359.946991745,0.003877239721142337,19697687.51217689,0.02472550595867298,79826570.09822337,1015253.2563733234,60524473.86992976,156408812.12075973,40000000,6.8339119130168005,-32245292.59167735,-29116877.68277587,1406654.0793634206,-2515447.7785516568,-0.06288619446379141,-2130752.522313521,124679729.64828563,-63657869.39884518,-56448244.074778624,4573616.174661823,0.011809174980356975,0.10827723493320068,0.07513421535729026,-0.021842288653441334,2021-08-04,2020-05-14,False,False,False,False,False,0.0,0,0,False,[],曦璜农业
2020-06-30,半年报,2020-08-27,保留意见,False,805601652.0575098,499713728.93810815,305887923.11940163,0.6202987886902135,4137332.733603547,0.004263716153847133,21326043.711263567,0.025324003471665812,75481445.2885186,957780.0146455843,59126834.267835006,159833673.25782216,40000000,7.647198077985041,-27540989.496766582,-24999119.128253613,28053333.973610524,6720432.992729668,0.1680108248182417,5882512.220746082,85102708.4771882,-61034032.987436585,-58205721.80500898,-34137046.31525736,0.11900741117531008,0.6376366096844248,-0.01180318879886751,0.046174976662339516,2021-08-04,2020-09-11,False,False,False,False,False,0.0,0,0,False,[],曦璜农业
2020-09-30,季报,2020-10-27,无保留意见,False,1041718974.0000685,747949693.8369584,293769280.16311014,0.7179956519030527,6388786.196524756,0.0056792794589551904,29912463.574276607,0.034924631779958276,104989371.7527727,1298771.5808808715,84535047.65187222,227625317.7826143,40000000,7.344232004077753,-23156767.072871055,-20879422.67163104,14092394.053717352,6263174.891279325,0.15657937228198313,5885280.652317959,203571024.59367728,-87227198.85592005,-73637939.83208801,42705885.90566923,-0.03961791898387922,-0.019276971107166963,0.0976968632128392,0.027400886103377306,2021-08-04,2020-11-23,False,False,False,False,False,0.0,0,0,False,[],曦璜农业
2020-12-31,年报,2021-03-30,非标准无保留意见,False,1259542862.3259082,974538263.1835396,285004599.1423687,0.7737237789462195,7366439.582508935,0.007308032332382022,33499816.63209179,0.03697152928311128,130906142.08396143,1696172.3596983263,90011781.10078326,275433032.48698264,40000000,7.125114978559217,-17214405.863295957,-15593914.433349935,8589359.47270772,8489087.442250144,0.2122271860562536,7550726.054687291,48264632.20989447,-110768353.09431906,-99707060.3796379,-162210781.2640625,-0.0298352537606212,0.09568395377559774,0.05572812704316681,-0.07559649701088689,2021-08-04,2021-05-05,False,False,False,False,False,0.0,0,0,False,[],曦璜农业
2021-03-31,季报,2021-04-30,保留意见,False,2374458803.429133,2063699131.1846526,310759672.2444805,0.8691239992053392,13922265.141036423,0.012913050861565772,65779958.20165172,0.07362960368988843,255637732.52245572,3068882.656899105,191220199.9650828,505695905.38166404,40000000,7.7689918061120125,-20378282.009243675,-18434817.387865584,14407495.663964678,-4519823.065639598,-0.11299557664098996,-4058432.792165212,192056350.90450495,-193280861.72057837,-165239508.0992635,-166464018.9153369,0.09036721926457876,-0.5103717634993264,0.09540022025911976,0.14497167176445575,2021-08-04,2021-05-29,False,False,False,False,False,0.0,0,0,False,[],曦璜农业
2021-06-30,半年报,2021-08-27,非标准无保留意见,False,2147232249.6917353,1813367097.2072563,333865152.48447895,0.8445137210786537,11703652.967042523,0.011540885041521304,55887774.69929504,0.06080957417575383,205034177.2289069,2414144.823860951,156895375.83338448,422380183.72665614,40000000,8.346628812111973,-18967392.91063011,-17180119.84866312,6472979.71151541,2015555.855162233,0.05038889637905583,1792425.0560035189,156872181.47857392,-170025920.8092352,-162696195.88521707,-175849935.21587834,0.07435160448303266,0.5236607585913818,-0.024610278126685554,0.047078518460247014,2021-08-04,2021-09-22,False,False,False,False,False,0.0,0,0,False,[],曦璜农业
2021-09-30,季报,2021-10-27,非标准无保留意见,False,2760407656.258165,2390779057.678329,369628598.579836,0.8660963724898223,15022239.203212148,0.014357751498730163,70223072.70736995,0.08241133631942088,239900636.9753262,3177595.6405046033,178873861.3434311,538914783.95255,40000000,9.2407149644959,-15980164.180843819,-14351168.52302159,19737930.228963442,4267469.613980416,0.10668674034951041,4041359.036630761,230633298.32975852,-217201946.91054153,-209519511.57465124,-196088160.15543425,0.10711943378702761,0.11842481892039154,0.021582651411168514,0.010793499970394605,2021-08-04,2021-12-05,True,False,False,False,False,2105682.0512450375,0,0,True,"['是否影响偿债能力、过去十二个月内是否使用过募集资金补充流动资金以及未来十二个月内是否计划使用募集资金补充流动资金等内容', '充分披露高送转的主要考虑及其合理性且送转股后每股收益不低于0.5元', '根据公司盈利能力、融资能力及其成本、偿债能力及现金流等情况披露现金分红方案的合理性，是否导致公司营运资金不足或者影响公司正常生产经营', '结合所处行业特点、发展阶段和自身经营模式、盈利水平、偿债能力、资金需求等因素，未进行现金分红或现金分红水平较低原因的说明']",曦璜农业
2021-12-31,年报,2022-03-30,无保留意见,False,3286221658.9463434,2898576022.1891003,387645636.757243,0.8820391084387371,17229437.62365678,0.016251213661074418,80168381.83074048,0.09579669116028719,293369418.9567488,3626867.059565307,230982179.6058316,619127660.4305695,40000000,9.691140918931074,-6213996.827532139,-5107539.147353323,8086522.230734737,13951667.647588115,0.3487916911897029,13205184.822383238,254173019.1107698,-276469216.5308055,-226921538.45162484,-249217735.87166056,0.048743626025234306,0.4553526211337189,0.015942735948914946,-0.03741618655832381,2021-08-04,2022-04-11,True,False,True,True,False,3681076.705969067,0,6,True,['留存未分配利润的预计用途以及收益情况'],曦璜农业
2022-03-31,季报,2022-04-30,非标准无保留意见,False,3161247373.1082506,2781270475.2887063,379976897.8195441,0.8798015931774623,18165590.775764383,0.017470586872088203,89120358.8479354,0.11126013152213576,328244239.3649953,4024356.8646165673,229516232.75679934,661325206.7425429,40000000,9.499422445488602,-1640891.886228019,-861826.2747405751,16728694.891439088,6533007.059005886,0.16332517647514716,6065304.103732497,538906387.0333877,-266298881.21271226,-248424064.56723273,24183441.253442645,-0.019782858906525775,-0.23968532723503594,-0.0022375152612748995,-0.11044723709211267,2021-08-04,2022-06-04,True,False,True,False,False,4175931.728622595,0,6,True,"['充分披露高送转的主要考虑及其合理性且送转股后每股收益不低于0.5元', '根据公司盈利能力、融资能力及其成本、偿债能力及现金流等情况披露现金分红方案的合理性，是否导致公司营运资金不足或者影响公司正常生产经营']",曦璜农业
2022-06-30,半年报,2022-08-27,无保留意见,False,3881382374.0098596,3493244136.608874,388138237.4009859,0.9,22926740.80960343,0.020269880268854047,110187566.87843381,0.11835211933975753,375835380.44183487,4911155.128765467,282721930.51547915,808883755.6698269,40000000,9.703455935024648,-5694164.7222465025,-4683460.016784824,12579034.518325677,-5790389.765740691,-0.14475974414351728,-5459476.774348929,646369199.8144152,-315901456.6077953,-293287348.59737945,37180394.60924047,0.021478515215727006,-0.5236643491351232,0.09052840182413859,0.016855372782070947,2021-08-04,2022-10-19,False,False,False,False,False,0.0,0,0,False,[],曦璜农业
2022-09-30,季报,2022-10-27,无保留意见,False,3621874419.930549,3259686977.9374943,362187441.9930548,0.9,21196947.082962967,0.020481328419295775,106473388.77551971,0.121937787428294,390386952.780962,4283760.996637684,276848494.1951271,755974669.7418205,40000000,9.05468604982637,-13468544.27213033,-11467497.59786372,50366339.23766923,-11106256.499834038,-0.27765641249585093,-9691482.258684138,629518489.0880586,-252202972.05837584,-275114234.86743826,102201282.1622445,-0.06685967242418654,-0.47422404731314904,-0.01346140547878549,-0.06226230899536788,2021-08-04,2022-11-27,False,True,True,True,True,0.0,0,8,True,"['结合所处行业特点、发展阶段和自身经营模式、盈利水平、偿债能力、资金需求等因素，未进行现金分红或现金分红水平较低原因的说明', '根据公司盈利能力、融资能力及其成本、偿债能力及现金流等情况披露现金分红方案的合理性，是否导致公司营运资金不足或者影响公司正常生产经营', '充分披露高送转的主要考虑及其合理性且送转股后每股收益不低于0.5元', '留存未分配利润的预计用途以及收益情况']",曦璜农业
2022-12-31,年报,2023-03-30,无保留意见,False,3856760509.694391,3471084458.7249517,385676050.969439,0.9,19382049.38322481,0.020648294210869295,99305476.32527865,0.12055094068039886,356297985.6839405,4897668.47778526,255953826.66237354,739073066.809061,40000000,9.641901274235975,-21079177.902205855,-18349711.167730134,41218470.561166555,-10872333.757250752,-0.2718083439312688,-9831733.671237735,249381854.99232888,-311051613.4200247,-290023238.98541707,-351692997.4131129,0.0648520800365977,0.03969001069976974,0.04405391872047707,0.07665886779230877,2021-08-04,2023-04-23,False,False,False,True,False,0.0,0,0,False,[],曦璜农业
2023-03-31,季报,2023-04-30,无保留意见,False,3669573311.14348,3302615980.029132,366957331.1143479,0.9,20643716.275585458,0.017356762011537047,86967068.14333616,0.10261160463264497,335596649.91240585,3886828.7975882464,270586185.49723196,720745165.4076558,40000000,9.173933277858698,-29234389.05800631,-25808056.2062483,24083211.055585127,-11650301.651143499,-0.2912575412785875,-10654778.626454517,48234048.21011642,-287629496.9649111,-276594157.066204,-515989605.82099867,-0.04853482555642115,-0.12695990007832134,0.0818576612670096,-0.052808903293569076,2021-08-04,2023-06-19,False,False,False,False,False,0.0,0,0,False,[],曦璜农业
2023-06-30,半年报,2023-08-27,保留意见,False,4093134174.8717375,3683820757.384564,409313417.4871737,0.9,24023806.511939228,0.019906971317006247,110174356.42341779,0.12986047891689534,424600551.36806315,4783055.8365258435,300808674.15387046,852265809.4743207,40000000,10.232835437179341,-35514000.01002926,-31344944.451819103,13924463.289381932,-8970872.788604217,-0.2242718197151054,-7909840.350815435,649465925.6534338,-330165477.15765643,-308886045.830337,10414402.66544038,0.11542509927299188,0.5008560647371846,0.018920523445673215,0.1119175407486731,2021-08-04,2023-10-07,False,True,False,True,False,0.0,1,0,True,"['根据公司盈利能力、融资能力及其成本、偿债能力及现金流等情况披露现金分红方案的合理性，是否导致公司营运资金不足或者影响公司正常生产经营', '公司在相应期间是否按照中国证券监督管理委员会相关规定为中小股东参与现金分红决策提供了便利']",曦璜农业
2023-09-30,季报,2023-10-27,无保留意见,False,3531140665.4818206,3178026598.9336386,353114066.54818195,0.9,21052833.914506026,0.01738173753997218,97785525.7874009,0.11362211589699707,351656836.03370243,4398223.746483803,248045943.25372705,690319035.092729,40000000,8.827851663704548,-43355306.54121977,-38786314.50457783,34109033.92364653,-11201866.47312931,-0.28004666182823273,-10630528.646798184,426526949.4662946,-274080637.3369355,-234679589.07901058,-82233276.94965151,-0.13730151159961132,-0.2778625404463178,0.038650336337013785,-0.016088548585135743,2021-08-04,2023-12-25,False,True,False,False,True,0.0,1,0,True,"['公司在相应期间是否按照中国证券监督管理委员会相关规定为中小股东参与现金分红决策提供了便利', '根据公司盈利能力、融资能力及其成本、偿债能力及现金流等情况披露现金分红方案的合理性，是否导致公司营运资金不足或者影响公司正常生产经营', '留存未分配利润的预计用途以及收益情况', '充分披露高送转的主要考虑及其合理性且送转股后每股收益不低于0.5元']",曦璜农业
2023-12-31,年报,2024-03-30,无保留意见,False,3517779632.2608223,3166001669.03474,351777963.22608215,0.9,17361715.85510188,0.022359778634869182,100602086.17019825,0.12155609959122572,415435850.90334064,4605390.228236421,264469414.82660994,783728836.1136419,40000000,8.794449080652054,-51689352.13732038,-45697921.64787668,44329940.783472806,-11905779.423000872,-0.2976444855750218,-9873724.490426926,57379193.48909551,-272711625.3980843,-263636378.62546083,-478968810.5344496,-0.0037837725785344833,-0.1214033699999097,-0.04672045294193158,0.006418397546016624,2021-08-04,2024-04-26,False,True,False,False,True,0.0,2,0,True,"['根据公司盈利能力、融资能力及其成本、偿债能力及现金流等情况披露现金分红方案的合理性，是否导致公司营运资金不足或者影响公司正常生产经营', '结合前述财务报表列报项目的具体情况说明现金分红方案确定的依据及未来增强投资者回报的规划', '是否影响偿债能力、过去十二个月内是否使用过募集资金补充流动资金以及未来十二个月内是否计划使用募集资金补充流动资金等内容', '留存未分配利润的预计用途以及收益情况']",曦璜农业
2024-03-31,季报,2024-04-30,无保留意见,False,3777608499.680375,3399847649.7123375,377760849.9680374,0.9,22820465.02879159,0.0220688101726893,101911753.67077878,0.1081529241410095,422858987.99266624,5063694.597382229,274850424.22472,808431812.9951105,40000000,9.444021249200935,-60167001.40403396,-54165810.97404653,31493008.695122637,-12110927.52387654,-0.3027731880969135,-12096984.751671208,145054831.5858276,-310112902.140783,-289269660.52178365,-454327731.0767391,0.0738616100442213,-0.04027075344988582,0.010107043478930967,-0.00814352706716954,2021-08-04,2024-06-03,False,False,False,True,False,0.0,0,0,False,[],曦璜农业
2024-06-30,半年报,2024-08-27,无保留意见,False,4310744536.94014,3879670083.2461257,431074453.6940139,0.9,24895827.697360918,0.02464058662678131,118521527.93118252,0.1476922187422545,461162164.2847545,5556858.807585058,335773137.4960001,930652580.4747963,40000000,10.776861342350347,-69140638.13530558,-63140752.925884284,56577696.63894813,-12819481.044673748,-0.3204870261168437,-12821345.64548251,48640829.047596395,-336519630.8892885,-308751397.7067988,-596630199.5484909,0.1411305690637008,-0.1449259597311228,-0.12045854077537803,0.02805738001393241,2021-08-04,2024-10-11,False,False,False,True,False,0.0,0,0,False,[],曦璜农业
2024-09-30,季报,2024-10-27,无保留意见,False,3781858255.5486255,3403672429.993763,378185825.5548625,0.9,22919194.485629294,0.017925361870803413,99276572.33735542,0.12473459103104995,340016482.8494986,4670580.836579815,289008717.9420465,781985448.5586735,40000000,9.454645638871563,-77381964.10731508,-70387138.30715235,29703418.716929246,-11773322.817156438,-0.29433307042891094,-10351979.116097221,577143648.4628181,-294909531.23812765,-280324323.123865,1909794.1008254886,-0.12269023990155742,0.25024601938102425,-0.05612717508097442,0.11561504432672587,2021-08-04,2024-11-20,False,False,False,False,False,0.0,0,0,False,[],曦璜农业
2024-12-31,年报,2025-03-30,无保留意见,False,4135909643.3104444,3722318678.9794,413590964.3310444,0.9,24378409.521111555,0.0247048077257724,126411329.93706684,0.1368138655886237,435372174.4650621,6008437.225856082,331790777.0308561,911878466.6265638,40000000,10.33977410827611,-84217802.62318501,-76602782.51333441,29139360.779860597,-9765483.594099892,-0.2441370898524973,-8879491.723117236,525516601.861253,-323052231.8606135,-324078600.21448827,-121614230.21384877,0.09361836532143035,0.3841521396514073,-0.015364656834665846,-0.06763013480633502,2021-08-04,2025-04-16,False,False,False,True,False,0.0,0,0,False,[],曦璜农业
2017-03-31,季报,2017-04-30,无保留意见,False,289847196.3207525,87781389.14323308,202065807.17751944,0.3028540219036374,1074582.5604107173,3.4823152735856784,807309.0316810155,17427616.386947237,35507643.532612264,1313416.5931827915,81380825.12289721,134441322.68072668,40000000,5.051645179437986,2936844.292344222,2629518.2448617346,7199642.442608415,4195491.846206032,0.1048872961551508,3756454.6355167637,54039091.40816101,-34858527.03312592,-35567447.89326526,-16386883.518230177,0.12258781765288591,0.17752732478922395,0.0028540219036374153,-0.012789977854604102,2021-04-08,2017-06-02,False,False,False,False,False,0.0,0,0,False,[],麒瑄物流
2017-06-30,半年报,2017-08-27,无保留意见,False,332759238.1050912,124065815.99537072,208693422.10972047,0.37283958426479075,1197165.978561834,3.7545801350812393,796673.414901168,18331831.68308549,36860553.20053505,1286884.2254239088,88514860.65777998,141524127.94065824,40000000,5.217335552743012,7391466.161441892,6693321.000667181,26147506.188743155,6363745.527282387,0.15909363818205968,5805432.5082934955,24732052.21990765,-40938454.33949327,-41422244.84715508,-57628646.9667407,0.032799289621417836,0.10229787054762157,0.06998556236115336,0.212385755281251,2021-04-08,2017-10-16,False,False,False,False,False,0.0,0,0,False,[],麒瑄物流
2017-09-30,季报,2017-10-27,无保留意见,False,372032123.8547826,134072567.85214043,237959556.00264212,0.36037900830433056,1458718.4075902482,4.532566781355035,980005.1449776533,22983660.14693954,42414505.6632384,1459993.232493368,98024308.76151241,164538913.32628554,40000000,5.948988900066053,21166228.084459733,19944550.091473356,0.0,19678231.318596914,0.49195578296492287,18930327.27258025,55790525.16236169,-45180464.95930734,-47497764.749220274,-36887704.54616593,0.14023505675006398,0.5698780521199779,-0.012460575960460168,0.04511107649563213,2021-04-08,2017-11-17,False,False,False,False,False,0.0,0,0,False,[],麒瑄物流
2017-12-31,年报,2018-03-30,无保留意见,False,365307719.3303037,145842926.6433503,219464792.68695343,0.3992330819362789,1570866.7010796715,5.08396187917033,1143000.7166354232,22653085.77479298,47329569.30787839,1765851.9614902285,119976011.99758586,186759385.58087173,40000000,5.486619817173835,49618960.07642274,47103803.323285654,136260261.1563956,40646759.98851858,1.0161689997129646,38798933.1883033,38623904.273899615,-47009996.349853456,-48429601.48930434,-56815693.56525818,-0.07772229712633748,0.5716886533536315,0.038854073631948295,0.02994180337368644,2021-04-08,2018-04-16,False,False,False,False,False,0.0,0,0,False,[],麒瑄物流
2018-03-31,季报,2018-04-30,非标准无保留意见,False,352891863.2712115,130138568.23363976,222753295.03757176,0.3687774691864263,1319438.6933956288,3.5472717260513753,846443.7073369789,20341925.24358382,38109742.381115064,1390559.01797141,82214514.0668441,147493712.45685625,40000000,5.568832375939294,80338417.0713007,74602095.83897828,60547068.028551884,43884938.56411138,1.0971234641027845,39283275.02241803,56140789.14863139,-44017866.307480305,-47979626.651762806,-35856703.810611725,0.014984190905322546,0.05617277668749708,-0.03045561274985258,0.07644731033825464,2021-04-08,2018-06-21,False,False,False,False,False,0.0,0,0,False,[],麒瑄物流
2018-06-30,半年报,2018-08-27,无保留意见,False,342604697.4713735,101459956.46935724,241144741.00201625,0.29614292278591653,1231763.6516969416,3.8619225817049108,724421.7199991611,19188679.382643584,37892910.66834811,1360199.6634439775,81497218.98858348,149669114.61114356,40000000,6.0286185250504065,96700552.5546596,88390151.90584491,79241803.29938382,23374479.26194127,0.5843619815485317,19697222.95266662,62748752.87263844,-44124913.32627098,-39877083.28995196,-21253243.7435845,0.08256419264793557,-0.3368724644531383,-0.07263454640050979,0.05936462842832348,2021-04-08,2018-09-10,False,False,False,False,False,0.0,0,0,False,[],麒瑄物流
2018-09-30,季报,2018-10-27,无保留意见,False,313260654.19252,65233994.15157969,248026660.04094034,0.20824190104477325,1101545.9406621242,3.730099802042205,756494.4021904574,16043943.753411572,34017465.81877303,1333449.1850965586,75898087.87027757,136613424.87294918,40000000,6.200666501023509,116572273.41126731,105619781.33729412,20105968.65518545,28388172.652296722,0.709704316307418,24613756.330641735,36893886.60626055,-37535012.64990106,-38814370.738836214,-39455496.78247672,0.028538540837871884,0.12417976608014306,-0.08790102174114327,-0.10926684907851882,2021-04-08,2018-12-01,False,False,False,False,False,0.0,0,0,False,[],麒瑄物流
2018-12-31,年报,2019-03-30,无保留意见,False,352638745.0309464,70527749.00618927,282110996.0247571,0.2,1349424.2798106775,4.31733403535105,827156.7536474114,22058217.991175618,38700802.773442104,1588553.8314613812,86275898.6516692,158246332.32627326,40000000,7.052774900618927,147727793.6567798,134447450.4446457,207177002.29018772,44507886.06501785,1.1126971516254462,41182384.439073704,59132523.655014895,-45158976.01088524,-40596087.319686025,-26622539.67555637,0.13742206574966825,0.35515228903813206,-0.028728032470703303,0.016862454886206447,2021-04-08,2019-05-22,False,False,False,False,False,0.0,0,0,False,[],麒瑄物流
2019-03-31,季报,2019-04-30,无保留意见,False,345960180.7018027,69192036.14036053,276768144.56144214,0.2,1278072.873023514,4.563826366600905,879826.6675361523,19412042.456950463,37512007.98000209,1430819.5201455154,85009425.68443674,157094569.855299,40000000,6.9192036140360536,159086632.31021672,144836926.01711074,68991652.89808711,16226912.362052765,0.40567280905131914,14842107.96066431,62758707.78074138,-44054007.917317405,-41696313.5623998,-22991613.698975824,-0.018938827406947367,-0.45979427212098056,-0.011987013586842009,-0.04335623317180156,2021-04-08,2019-06-26,False,False,False,False,False,0.0,0,0,False,[],麒瑄物流
2019-06-30,半年报,2019-08-27,无保留意见,False,350941484.42681617,70188296.88536324,280753187.54145294,0.2,1357485.6462439054,4.144869585612526,933770.4671356243,20708680.371418335,40460730.88610191,1465049.3527236003,87013266.76524314,156209164.77001086,40000000,7.018829688536323,168613460.42473745,153578232.9086963,52309378.57507993,13609754.449315298,0.34024386123288247,12487581.273693686,29065633.990650065,-43390946.69859957,-45192176.523417436,-59517489.23136694,0.014398488620593921,-0.07876620867506255,-0.016139064388773987,0.16778247386949546,2021-04-08,2019-09-12,False,False,False,False,False,0.0,0,0,False,[],麒瑄物流
2019-09-30,季报,2019-10-27,无保留意见,False,370295678.45328605,74059135.69065721,296236542.76262885,0.2,1297739.2584620484,4.32387604399131,911804.2509494534,22110262.439145915,41029673.68472549,1438327.462689136,91837974.57264405,163609263.61775655,40000000,7.405913569065722,179411473.09861365,163192923.68412572,55778869.85770503,15425732.39125171,0.38564330978129274,13735272.536327755,36140587.3128967,-49148136.33960811,-45375911.510253586,-58383460.536965,0.05514934792642321,0.05932677261241578,0.010660202134136227,-0.03740834039471515,2021-04-08,2019-12-01,False,False,False,False,False,0.0,0,0,False,[],麒瑄物流
2019-12-31,年报,2020-03-30,非标准无保留意见,False,367791529.6643485,83936924.19206572,283854605.47228277,0.22821875280452403,1339575.1391747778,4.255068903682799,969066.8907023226,21966076.595423367,40505954.30280419,1387186.5005909489,91041010.14383224,158945896.37232402,40000000,7.096365136807069,182915472.49626753,166362647.17914048,2971852.1505531142,5005713.425219823,0.12514283563049558,4528176.421449644,39529888.8486069,-45449293.605565205,-46680247.336035244,-52599652.09299355,-0.04179746757397043,-0.32135030414434523,0.06617076007193384,0.17888627426942377,2021-04-08,2020-05-18,False,False,False,False,False,0.0,0,0,False,[],麒瑄物流
2020-03-31,季报,2020-04-30,无保留意见,False,365148611.6493258,73029722.32986516,292118889.31946063,0.2,1341460.9601679132,4.7559935416289605,907713.877113767,22245800.41728409,41137711.12380126,1495481.5701819526,97510338.9533602,162531511.52823216,40000000,7.302972232986516,184069924.6225622,167313725.85253316,3129556.039787863,1649217.3232780732,0.04123043308195183,1358683.8191324049,15239342.22217396,-44271351.25696445,-46723550.99667545,-75755560.03146595,0.029114496252148257,-0.15252839283524477,-0.07408432484425889,0.10748193272175717,2021-04-08,2020-06-23,False,False,False,False,False,0.0,0,0,False,[],麒瑄物流
2020-06-30,半年报,2020-08-27,无保留意见,False,359593464.91759115,71918692.98351823,287674771.9340729,0.2,1330174.7654076128,4.496015532293781,966589.2160590581,22487795.086374197,45126238.98288418,1499329.3263901833,102286535.87803285,167546886.13993633,40000000,7.191869298351823,188800706.14490938,171689467.19134507,5782040.621961553,6758259.317638859,0.1689564829409715,6251059.055445578,52715541.919459306,-44485676.72921032,-47252849.67857518,-39022984.48832619,-0.015213385877719273,0.2739547674198447,0.014181810196348264,0.0019149043084640144,2021-04-08,2020-09-23,False,False,False,False,False,0.0,0,0,False,[],麒瑄物流
2020-09-30,季报,2020-10-27,无保留意见,False,362959516.94651496,72591903.389303,290367613.557212,0.2,1306233.2389200388,4.296170186154226,966506.4015308938,20490213.983776554,39704293.90839833,1565084.0602343606,100993449.1814799,163129606.40365523,40000000,7.2591903389303,197017768.7897992,178842625.35777733,35777024.86308699,11738660.921271194,0.29346652303177984,10218797.380617494,41032692.94628151,-45611894.70158281,-51884109.51331624,-56463311.26861754,0.00936071524463133,0.20962821968757334,-0.012943390588261551,0.037669966633159184,2021-04-08,2020-12-02,False,False,False,False,False,0.0,0,0,False,[],麒瑄物流
2020-12-31,年报,2021-03-30,无保留意见,False,371995010.67802244,74399002.13560449,297596008.54241794,0.2,1327479.8905863285,4.415259552649095,981402.0261986747,23340140.77894894,43148863.940250196,1555758.454025226,95970587.56680681,164408593.97494814,40000000,7.439900213560448,201737760.56836656,183186909.9618195,4344887.928950802,6742845.397953305,0.16857113494883263,6206120.862917425,64360800.58163101,-46263937.842864715,-48979107.962365605,-30882245.223599307,0.024893943565719695,-0.17383605788049056,0.005628287413922137,0.12993918611894,2021-04-08,2021-04-15,True,False,False,True,False,2684054.8528048587,0,0,True,"['是否影响偿债能力、过去十二个月内是否使用过募集资金补充流动资金以及未来十二个月内是否计划使用募集资金补充流动资金等内容', '上市公司控股子公司向母公司实施利润分配的情况', '留存未分配利润的预计用途以及收益情况', '结合前述财务报表列报项目的具体情况说明现金分红方案确定的依据及未来增强投资者回报的规划']",麒瑄物流
2021-03-31,季报,2021-04-30,无保留意见,False,335515222.01668626,67678531.71823433,267836690.29845193,0.20171523459185545,1193838.649942535,3.906760401029805,853190.4848186922,21122856.566244207,38221689.45875167,1541662.2088917345,79402848.90805441,148364060.20196792,40000000,6.695917257461298,210109673.25198495,190142950.89154956,23072027.552307375,11959875.262312006,0.29899688155780013,9937201.328185812,19783720.52041498,-40931579.081631675,-39321985.26118884,-60469843.82240554,-0.09999905035596027,0.2197306083966004,0.040714099609581465,0.09425115581161539,2021-04-08,2021-05-26,False,False,False,True,False,0.0,0,0,False,[],麒瑄物流
2021-06-30,半年报,2021-08-27,无保留意见,False,360254180.3189126,84078801.21110268,276175379.10780996,0.23338744088041524,1223678.8842522232,3.806189800924872,945515.5373881701,20271209.2314986,36867136.53719819,1380715.632114013,86921946.08829492,150295010.71002835,40000000,6.904384477695249,218110059.0307122,198150853.77845946,23387917.41196955,11429122.54103893,0.28572806352597324,11439861.267014146,6890661.990308846,-42301029.70945725,-45252769.61774253,-80663137.33689094,0.0311334821232528,-0.018327175668598095,0.03167220628855979,-0.07214408766183912,2021-04-08,2021-09-18,False,False,False,False,False,0.0,0,0,False,[],麒瑄物流
2021-09-30,季报,2021-10-27,无保留意见,False,392766376.0297608,115736534.29701962,277029841.7327412,0.294670168732188,1202027.93815319,4.812919316057991,930018.4325058865,23035622.26340607,40239773.95959699,1516274.6179269673,94283891.8563128,162810675.3189913,40000000,6.925746043318529,221181853.45584646,200897361.50014696,12213169.569832938,4388277.750191819,0.10970694375479548,3923582.459553549,41313743.53383127,-48730800.08238661,-47002259.26123986,-54419315.8097952,0.003093913105837267,-0.24766310605201697,0.06128272785177274,-0.1783524072286413,2021-04-08,2021-12-06,False,False,False,False,False,0.0,0,0,False,[],麒瑄物流
2021-12-31,年报,2022-03-30,无保留意见,False,400418802.47029203,121542624.75714104,278876177.713151,0.30353875494185506,1383147.8433612664,4.735817814709105,947637.9570998255,24570648.531956647,48701081.1214578,1598746.826056376,97550604.60398075,178069794.65703106,40000000,6.971904442828775,221610750.23752442,201310280.78485647,2651621.411353777,612709.6881113723,0.015317742202784307,589884.6924422026,71008786.01128547,-49665668.488356054,-47839034.46701008,-26495916.944080666,0.006664754846847832,-0.17652510904233926,0.008868586209667087,0.12326943978760879,2021-04-08,2022-04-20,True,False,False,False,False,280937.7928256215,0,0,True,"['公司为增强投资者回报水平拟采取的措施', '结合所处行业特点、发展阶段和自身经营模式、盈利水平、偿债能力、资金需求等因素，未进行现金分红或现金分红水平较低原因的说明', '留存未分配利润的预计用途以及收益情况', '根据公司盈利能力、融资能力及其成本、偿债能力及现金流等情况披露现金分红方案的合理性，是否导致公司营运资金不足或者影响公司正常生产经营']",麒瑄物流
2022-03-31,季报,2022-04-30,非标准无保留意见,False,401115338.3173598,125764305.86014548,275351032.45721436,0.31353651642371644,1449566.9956619928,5.096538098751077,1117364.0116798792,23972799.175101954,46413323.977005385,1755542.4397028286,101967614.20603557,183358775.7876938,40000000,6.883775811430359,220537204.9282981,200345400.31077027,5574501.286989867,-1533636.1560376547,-0.038340903900941366,-1378400.6772659726,12658129.221368434,-54303302.88683459,-45340920.947830096,-86986094.61329626,-0.012640539198591988,-0.1218634657674405,0.009997761481861347,-0.041760808344997326,2021-04-08,2022-06-09,False,False,False,False,False,0.0,0,0,False,[],麒瑄物流
2022-06-30,半年报,2022-08-27,非标准无保留意见,False,377350621.8208322,88785190.79820174,288565431.02263045,0.23528566183298183,1460539.2290099051,4.562761885903502,1026577.4045660888,20638129.710263792,45552930.9779704,1642322.5166445773,98496111.96388699,174422103.80145887,40000000,7.214135775565762,217318306.96627504,197598444.95252907,22389312.24826049,-4598425.660032922,-0.11496064150082307,-3924221.940344544,13337786.011866601,-49227815.974002406,-43940773.26504526,-79830803.22718108,0.0479910986622844,-0.19815837354632504,-0.07825085459073458,0.043220568939704086,2021-04-08,2022-10-07,False,False,False,False,True,0.0,0,0,False,[],麒瑄物流
2022-09-30,季报,2022-10-27,无保留意见,False,367224628.18290365,116318340.39131077,250906287.7915929,0.31674983501753606,1383415.4280649757,4.48253739262025,1053897.1556438736,24842633.375801276,45006729.053216346,1577642.7952973633,98783351.29313804,175337305.11526024,40000000,6.272657194789822,212213784.58127624,192835240.18989158,16822806.81733191,-7292174.83571253,-0.18230437089281323,-6804578.232339254,14201056.98021473,-40803429.75338563,-45573997.66808852,-72176370.44125941,-0.13050469384908467,-0.21721025910382585,0.0814641731845542,0.010479505404543007,2021-04-08,2022-11-08,False,False,True,False,True,0.0,0,9,True,"['公司在相应期间是否按照中国证券监督管理委员会相关规定为中小股东参与现金分红决策提供了便利', '是否影响偿债能力、过去十二个月内是否使用过募集资金补充流动资金以及未来十二个月内是否计划使用募集资金补充流动资金等内容']",麒瑄物流
2022-12-31,年报,2023-03-30,无保留意见,False,383719288.3574612,120521173.19860558,263198115.15885565,0.3140868255919721,1364117.3003142108,4.68934779908572,930868.1665710069,22599311.672849283,42083890.21330692,1476024.9425117616,105849342.26688154,168973469.64175776,40000000,6.579952878971391,209351604.47932822,190178673.43083647,17011221.386314142,-4088828.717068622,-0.10222071792671555,-3795095.370078725,11896943.593121648,-52629751.75096755,-49154085.91316885,-89886894.07101475,0.04898971434893873,0.32997567059903105,-0.0026630094255639487,0.04677281491043873,2021-04-08,2023-05-17,False,False,False,False,False,0.0,0,0,False,[],麒瑄物流
2023-03-31,季报,2023-04-30,无保留意见,False,371347492.99210304,120470039.38801111,250877453.6040919,0.3244132292837991,1307127.1743613926,4.696135812076984,859928.424015712,22988013.083764747,38736004.019852445,1401166.2682274312,93528743.04652925,157701417.7614789,40000000,6.271936340102298,205291825.382038,186480059.27483043,12970931.214174893,-5799684.424700312,-0.1449921106175078,-5283734.508580059,6052086.636556515,-43435030.1379045,-44728323.71550897,-82111267.21685696,-0.046811359372112116,-0.1325097212437612,0.010326403691827038,0.2532460645132112,2021-04-08,2023-05-20,False,False,False,False,False,0.0,0,0,False,[],麒瑄物流
2023-06-30,半年报,2023-08-27,无保留意见,False,307614306.02217245,90168689.78824082,217445616.2339316,0.2931225499692514,1182161.0260071028,4.185867257259607,811633.3455625131,21931775.45792772,40030248.26423671,1462089.9786242766,92419820.4911531,148771179.42320463,40000000,5.43614040584829,207602021.41676283,188423452.4463074,15252572.402505938,3300280.049606938,0.08250700124017345,2776275.9592528096,22073337.86220996,-35989066.32297513,-36670620.38465039,-50586348.845415555,-0.13325963289996906,0.8124739355001396,-0.03129067931454774,0.056588689394012,2021-04-08,2023-10-10,False,False,False,False,False,0.0,0,0,False,[],麒瑄物流
2023-09-30,季报,2023-10-27,保留意见,False,346082999.00732625,114826178.46920973,231256820.53811654,0.33178797802425125,1138895.3959986782,3.8150198180814776,803208.4223292902,19250283.865137476,33214509.14842417,1278388.750564788,79007301.71163918,137543392.99653703,40000000,5.781420513452914,215109494.15252233,194767349.3739244,40225450.458536476,10724961.051084999,0.26812402627712495,9062709.896595743,52228071.31003773,-42183929.02838516,-39847937.772014834,-29803795.490362264,0.06351567138206493,0.36574278696326773,0.038665428054999854,0.017355655221971095,2021-04-08,2023-12-16,False,False,True,False,False,0.0,0,8,True,"['上市公司控股子公司向母公司实施利润分配的情况', '结合所处行业特点、发展阶段和自身经营模式、盈利水平、偿债能力、资金需求等因素，未进行现金分红或现金分红水平较低原因的说明', '充分披露高送转的主要考虑及其合理性且送转股后每股收益不低于0.5元']",麒瑄物流
2023-12-31,年报,2024-03-30,保留意见,False,394016788.64658594,149409835.84023094,244606952.80635497,0.37919662345719074,1376876.2594183092,4.012266260390639,936213.6329531727,22155205.89365048,42947599.88020841,1511642.9085983469,97821107.2690067,167890425.78370985,40000000,6.115173820158875,221647645.0071208,200760868.78216285,21666175.15766491,9340215.506569188,0.2335053876642297,8562170.583197784,13614720.280967148,-51441478.10342591,-52278467.013071954,-90105224.83553073,0.05772859904055457,-0.049945806667296345,0.04740864543293947,-0.0053743065516621705,2021-04-08,2024-04-11,False,True,False,False,False,0.0,4,0,True,"['充分披露高送转的主要考虑及其合理性且送转股后每股收益不低于0.5元', '公司为增强投资者回报水平拟采取的措施', '结合前述财务报表列报项目的具体情况说明现金分红方案确定的依据及未来增强投资者回报的规划', '公司在相应期间是否按照中国证券监督管理委员会相关规定为中小股东参与现金分红决策提供了便利']",麒瑄物流
2024-03-31,季报,2024-04-30,无保留意见,False,400262157.3261571,170354445.04094592,229907712.28521118,0.4256071725065208,1365495.9237691124,4.318212508765349,931939.7383772881,23505877.752939016,38904535.24751452,1514678.33522979,100413197.06281233,161450148.24727964,40000000,5.74769280713028,236075675.21793187,213226373.2790034,66134729.6404708,20611471.72973015,0.5152867932432538,17807863.56691511,68832700.30858482,-46903767.34952582,-52386837.401755914,-30457904.442696907,-0.06009330623067181,0.42791055450362353,0.0464105490493301,0.05488563817185356,2021-04-08,2024-06-04,False,False,False,False,False,0.0,0,0,False,[],麒瑄物流
2024-06-30,半年报,2024-08-27,无保留意见,False,437327862.5246353,207654459.77896404,229673402.74567124,0.4748255887018097,1592175.5633493122,4.790551347884471,1027706.6585008648,25293497.69064494,45253808.07497007,1798631.1214589027,108339496.90118118,189736461.04510313,40000000,5.741835068641781,244812513.39184514,221161034.84044683,43707404.921531156,12481197.391304668,0.3120299347826167,11335230.802062046,22533702.39593027,-49297994.18671479,-52981126.96545704,-79745418.75624156,-0.0010191460617435843,-0.2161647487992041,0.04921841619528886,0.07980663138634031,2021-04-08,2024-09-27,False,False,False,False,False,0.0,0,0,False,[],麒瑄物流
2024-09-30,季报,2024-10-27,无保留意见,False,487214224.4787212,273721180.83158094,213493043.64714026,0.5618086810261746,1766222.1001361574,5.347270311072134,1207753.3429109617,26133103.59661918,50033355.44159976,2048636.6034277638,121905047.8616972,211996839.988627,40000000,5.3373260911785065,251574335.8529532,227288379.8574556,22557095.357385494,9659746.37301151,0.24149365932528777,8753350.024298236,30872257.064744037,-59427810.00812489,-57003002.30294313,-85558555.24632399,-0.07044942472702552,-0.0957034065083574,0.08698309232436494,-0.017089083174953584,2021-04-08,2024-12-05,True,False,False,False,True,7566110.158785556,0,0,True,"['是否影响偿债能力、过去十二个月内是否使用过募集资金补充流动资金以及未来十二个月内是否计划使用募集资金补充流动资金等内容', '上市公司控股子公司向母公司实施利润分配的情况', '公司为增强投资者回报水平拟采取的措施', '结合所处行业特点、发展阶段和自身经营模式、盈利水平、偿债能力、资金需求等因素，未进行现金分红或现金分红水平较低原因的说明']",麒瑄物流
2024-12-31,年报,2025-03-30,无保留意见,False,559511126.8465021,360823828.5603596,198687298.28614247,0.6448912474610162,1970510.3293161462,6.255955435530066,1285836.0655227567,33434290.691264614,57283873.84302636,2394315.218984283,146996711.24182925,234689296.45416692,40000000,4.967182457153561,247554292.4800674,223125545.15114552,23368821.235344965,-5742919.104122581,-0.14357297760306453,-5946906.723300095,41704351.18939316,-73382244.66540429,-68053828.50885083,-99731721.98486196,-0.06935001304055893,-0.577749887850647,0.08308256643484156,-0.02086288115922236,2021-04-08,2025-05-03,False,True,True,True,True,0.0,1,6,True,"['公司在相应期间是否按照中国证券监督管理委员会相关规定为中小股东参与现金分红决策提供了便利', '根据公司盈利能力、融资能力及其成本、偿债能力及现金流等情况披露现金分红方案的合理性，是否导致公司营运资金不足或者影响公司正常生产经营']",麒瑄物流
2017-03-31,季报,2017-04-30,无保留意见,True,242798638.09176713,69183598.48343812,173615039.60832903,0.2849422839731489,10396149.807196392,4.79979495002437e-12,633501.3920527744,1761395.259472555,29639818.134842146,16236026.35442509,5601536.654533156,65815118.1370966,40000000,4.3403759902082255,7197071.805806225,6306633.418650651,44713519.2173035,10281531.15115175,0.25703827877879376,9009476.312358074,24010259.095664285,67695.93224619135,24323001.91353274,48400956.94144322,-0.035472002175949875,0.5156406195084308,-0.015057716026851097,0.07100149974104214,2021-08-11,2017-06-20,False,False,False,False,False,0.0,0,0,False,[],翊琯股份
2017-06-30,半年报,2017-08-27,无保留意见,False,232421242.08579713,77302839.53743915,155118402.54835796,0.3325979968255363,11856561.069053782,4.737597182063958e-12,679062.1229974506,1831717.4129749804,29327993.48739245,17107031.36161757,6285084.006739255,69189546.62129037,40000000,3.877960063708949,24482447.085428916,20410423.561094254,56847250.08703161,24693393.256603844,0.6173348314150962,20148271.63206229,2437391.490416966,68165.64260174998,21920986.905182574,24426544.03820129,-0.10653821870328166,0.5282644154246329,0.047655712852387434,-0.011928179084661032,2021-08-11,2017-09-14,False,False,False,False,False,0.0,0,0,False,[],翊琯股份
2017-09-30,季报,2017-10-27,无保留意见,False,245986048.1142727,89264246.70380741,156721801.4104653,0.36288337240305496,11142066.159892313,4.4094353967952765e-12,634600.4030937428,1876695.90719525,29957887.25863785,16269312.163424542,5787960.74488931,65181059.352089316,40000000,3.9180450352616325,41171592.15940789,36128544.78499843,84712853.13933311,23841635.819969967,0.5960408954992492,22454458.891291678,23482698.18333391,64182.67929114806,24485727.83681146,48032608.699436516,0.010336612779437888,-0.02042907449129179,0.03028537557751862,-0.018846775471501317,2021-08-11,2017-12-24,False,False,False,False,False,0.0,0,0,False,[],翊琯股份
2017-12-31,年报,2018-03-30,无保留意见,False,279353589.58991915,113556330.37922966,165797259.21068949,0.4064967647128723,14455579.33081954,4.930529496008206e-12,735786.726026301,1990571.996044872,34924370.403442904,18033602.31524244,6331377.0003871545,76035309.25692117,40000000,4.144931480267237,47326525.69861607,41541001.090815976,24468825.834540863,8792762.198868822,0.21981905497172055,7732080.43688221,52833672.109623276,81231.52141789885,26291382.31527022,79206285.9463114,0.05790807480865348,-0.3684689243946207,0.04361339230981738,0.05032035682255621,2021-08-11,2018-05-26,False,False,False,False,False,0.0,0,0,False,[],翊琯股份
2018-03-31,季报,2018-04-30,无保留意见,False,283334819.8371717,108661745.50055446,174673074.3366172,0.3835100308638407,13474857.670115288,5.828112683944891e-12,736024.1048092996,2243724.8198104743,35799602.90229103,19655589.231102936,6993680.295972355,80446625.85134745,40000000,4.36682685841543,56829896.908149734,49638166.974373154,65181376.654807866,13576244.585048102,0.33940611462620257,11567379.833653102,55835185.104570925,81311.98045922806,26847777.24886248,82764274.33389263,0.05353414868365634,0.18545832157476586,-0.02298673384903158,0.03788235707940718,2021-08-11,2018-06-11,False,False,False,False,False,0.0,0,0,False,[],翊琯股份
2018-06-30,半年报,2018-08-27,无保留意见,False,274811638.9611948,97028652.3509199,177782986.6102749,0.35307330038019596,13700899.397455938,5.608113761454364e-12,761882.6139437492,2054340.5975630372,35455090.79610282,19170632.63094362,7159783.406688199,79078504.94427514,40000000,4.444574665256873,55775507.552077405,48677212.277989954,1703963.2916223744,-1506270.5086747594,-0.037656762716868984,-1372792.423404569,17611240.446531933,74188.86031394833,26882479.637470532,44567908.94431642,0.017804188112384788,-0.49327559019783174,-0.03043673048364477,-0.013955220739604838,2021-08-11,2018-09-23,False,False,False,False,False,0.0,0,0,False,[],翊琯股份
2018-09-30,季报,2018-10-27,无保留意见,False,252761855.6983432,84750791.8672789,168011063.83106428,0.33529897789808966,11576092.330590555,4.5116232552999336e-12,669818.1486231426,1754733.9367639646,29911863.261736747,15491217.440809844,6048150.235267636,69296139.21875013,40000000,4.200276595776607,56254010.625330016,49129285.070833966,3385009.1109256516,683575.8189322911,0.01708939547330728,645818.2754914486,44063695.5197497,69958.84320711491,25776788.095597576,69910442.45855439,-0.05496545516265887,0.14133758620434916,-0.01777432248210632,0.034150039345082754,2021-08-11,2018-11-19,False,False,False,False,False,0.0,0,0,False,[],翊琯股份
2018-12-31,年报,2019-03-30,无保留意见,False,215787563.14274383,75337025.81843191,140450537.3243119,0.3491258936391823,11538418.447023721,4.373507909248698e-12,598054.869768874,1733171.936403517,28264781.753366444,16334878.211446444,5248976.63180618,63495920.36479855,40000000,3.5112634331077976,49594708.0210713,43333413.287086345,11264262.323631132,-9513289.434655305,-0.23783223586638264,-8279816.833925169,9851251.731049761,62413.898120703496,18144275.981636308,28057941.61080677,-0.16403994997891674,-0.5766291477468423,0.013826915741092615,0.03569538306812332,2021-08-11,2019-04-24,False,False,False,False,False,0.0,0,0,False,[],翊琯股份
2019-03-31,季报,2019-04-30,无保留意见,False,274324868.65047395,107586290.26618575,166738578.38428822,0.392185698640632,14137824.101968903,5.641045944475116e-12,787245.8172005,2087942.0375994807,34135934.314868435,21884573.247580897,7166218.85605289,80132858.01166406,40000000,4.168464459607206,41891378.96478413,36315539.86014867,29953014.52260102,-11004755.794695958,-0.275118894867399,-10025533.467053812,23622446.798782915,74390.24969612864,25121401.93586756,48818238.9843466,0.1871693876063644,-0.19921517561324148,0.04305980500144977,0.08883952260718696,2021-08-11,2019-06-23,False,False,False,False,False,0.0,0,0,False,[],翊琯股份
2019-06-30,半年报,2019-08-27,无保留意见,True,354761099.1398475,140756143.97423503,214004955.16561252,0.3967631860300125,16870430.104925632,6.489943482762365e-12,946662.808565665,2566558.0793763674,49691178.82691152,26212323.102116346,8542072.66294521,105762005.38703756,40000000,5.350123879140313,34454785.729561105,29380184.606802877,45247969.6039208,-10623704.621747172,-0.2655926155436793,-9907650.361922562,50221628.200879194,98072.70113023635,34071753.98600258,84391454.888012,0.283475949233463,0.06355890767746665,0.0045774873893804505,0.12610064313980635,2021-08-11,2019-09-26,False,False,False,False,False,0.0,0,0,False,[],翊琯股份
2019-09-30,季报,2019-10-27,保留意见,False,382447805.3382105,158409994.8588501,224037810.47936043,0.4142002977864213,18688387.78505847,7.0166260263646205e-12,933260.2758131813,2803176.9879313493,45120003.782649085,26005027.39405204,9384000.867028082,105508766.66921552,40000000,5.600945261984011,26790605.004552383,22344286.401458535,39622941.519075386,-10948829.607155321,-0.27372074017888304,-10051283.15049192,56033262.386816286,108058.94926946082,35696143.998911686,91837465.33499743,0.04688141592788722,-0.05098963679082842,0.017437111756408816,-0.012581412728212744,2021-08-11,2019-11-22,False,False,False,False,False,0.0,0,0,False,[],翊琯股份
2019-12-31,年报,2020-03-30,无保留意见,False,389731529.86172026,160167952.73798373,229563577.12373653,0.41096996384873596,17663895.73994539,7.218408868340627e-12,935230.3836836596,2891952.004218532,47210398.62436264,25944301.705751147,8980278.361655947,105550251.02822529,40000000,5.739089428093413,18370185.923674345,14550640.178578734,27177266.13948679,-12029170.115540048,-0.3007292528885012,-11133780.318399714,41819809.168888755,110352.46640283178,39008196.54095538,80938358.17624697,0.02466443781321086,-0.17853414104190435,-0.0032303339376853267,0.008740248774786807,2021-08-11,2020-05-17,False,False,False,False,False,0.0,0,0,False,[],翊琯股份
2020-03-31,季报,2020-04-30,非标准无保留意见,False,448451002.0907296,193257240.80795935,255193761.28277028,0.4309439379262664,22287246.931194678,8.490691049457309e-12,1200232.4524603256,3180792.0963201355,60193797.4554279,32581890.319091395,12099376.358170418,126324083.0262883,40000000,6.379844032069257,12122721.422947848,9007043.338234596,17428681.229323864,-8924949.28675214,-0.2231237321688035,-7919424.057634484,41322253.05035628,122123.07710610772,42545326.35626745,83989702.48372984,0.11164743327387203,0.6244874399126941,0.0199739740775304,0.09377665228009588,2021-08-11,2020-06-14,False,False,False,False,False,0.0,0,0,False,[],翊琯股份
2020-06-30,半年报,2020-08-27,保留意见,False,479432464.63476634,209730774.5769515,269701690.05781484,0.4374563469262043,20481734.559012268,7.349616443404539e-12,1131115.5548387638,3180398.4713004483,58925221.351599,29959812.25232653,10276337.786022497,122279942.29835008,40000000,6.742542251445371,6415332.920890877,4062974.318895391,12649795.436281541,-8153412.145795673,-0.20383530364489183,-7062955.741913151,25358753.611696765,127200.24675409374,47209309.707396924,72695263.56584778,0.05685064047850653,0.09554579511069711,0.006512408999937907,-0.06912527420110573,2021-08-11,2020-09-18,False,False,False,False,False,0.0,0,0,False,[],翊琯股份
2020-09-30,季报,2020-10-27,保留意见,False,426526974.63793206,148630778.39204663,277896196.24588543,0.3484674762205029,21170611.67139625,8.189148549104717e-12,1151140.0118391525,2723690.3281004163,51973810.232621245,29414373.10760099,10840878.09727744,117565747.16724983,40000000,6.947404906147136,-1014406.1033345087,-2338307.0244448115,7683795.754834433,-10613912.891750552,-0.2653478222937638,-9144687.633343147,66964613.68027347,125322.39479900221,40229566.23599679,107319502.31106927,0.030383592280471005,-0.27812991703750833,-0.08898887070570144,0.07542059668404642,2021-08-11,2020-12-14,False,False,False,False,False,0.0,0,0,False,[],翊琯股份
2020-12-31,年报,2021-03-30,无保留意见,False,435059033.2242954,163320862.09686092,271738171.12743443,0.3753993127931689,20985962.390176192,8.118875239917632e-12,1032910.394669234,3395010.099537742,54184153.632412545,29392200.87424234,10715548.748336408,118723432.77476388,40000000,6.793454278185861,-6611022.354745558,-6971377.944186504,8054691.715557929,-7995166.073444357,-0.19987915183610894,-6618672.742488132,26043393.423164267,118715.05151079172,44006477.77195042,70168586.24662548,-0.02215944371186105,0.41007063854849984,0.026931836572666026,0.04947615248494725,2021-08-11,2021-04-19,False,False,False,False,False,0.0,0,0,False,[],翊琯股份
2021-03-31,季报,2021-04-30,无保留意见,False,406668860.64732635,146280965.84537196,260387894.80195442,0.35970535243963647,18652279.94605118,7.041064896249463e-12,1000798.3957984797,2843925.2904484984,51335557.29863882,27605298.353694525,9558070.028578287,106045407.51829839,40000000,6.50969737004886,-9124352.262843454,-9263743.738114139,12537814.648565652,-3590471.297282709,-0.08976178243206773,-3274808.27703948,25600016.081279762,114172.14501078521,40094059.86848235,65808248.0947729,-0.041769164333402296,0.4891478079536832,-0.015693960353532398,0.025336584741959347,2021-08-11,2021-06-10,False,False,False,False,False,0.0,0,0,False,[],翊琯股份
2021-06-30,半年报,2021-08-27,无保留意见,True,460737504.8962937,194472050.32836312,266265454.56793058,0.4220886041654811,22809071.452314377,1.0664112324010942e-11,1207786.4440305482,3687804.8787997374,61992825.489773355,38492992.3541537,12176850.12216924,137721458.6664897,40000000,6.656636364198264,-13790057.082982115,-13455784.591630518,22033996.361458655,-6665292.600198088,-0.1666323150049522,-5988629.790737686,76258873.3919166,128260.8819522413,44647401.38003758,121034535.65390643,0.02257232338103309,-0.2293012208767861,0.062383251725844586,-0.0013567964596619992,2021-08-11,2021-10-23,False,True,False,False,True,0.0,4,0,True,"['充分披露高送转的主要考虑及其合理性且送转股后每股收益不低于0.5元', '是否影响偿债能力、过去十二个月内是否使用过募集资金补充流动资金以及未来十二个月内是否计划使用募集资金补充流动资金等内容', '公司为增强投资者回报水平拟采取的措施']",翊琯股份
2021-09-30,季报,2021-10-27,无保留意见,False,409837093.6714799,187616708.8483706,222220384.82310927,0.4577836212130709,17493238.94526463,7.839854242528792e-12,1169431.336565955,2918600.48844339,50055208.89429009,28136800.409661166,9618780.63637858,110221681.94940946,40000000,5.555509620577732,-17399957.70544146,-16725433.308054687,18310924.807273567,-5157000.889227634,-0.12892502223069086,-4670926.737748814,34288380.588556,115486.72715834857,41105403.36668988,75509270.68240422,-0.1654178902640348,0.1459443071411353,0.03569501704758982,-0.01937734589057824,2021-08-11,2021-12-20,False,False,False,True,False,0.0,0,0,False,[],翊琯股份
2021-12-31,年报,2022-03-30,无保留意见,False,432861068.0561363,202743398.17430508,230117669.88183123,0.4683798408685069,19819164.653450232,8.690630627088138e-12,1155765.810883276,3428847.995531412,60738717.79474986,32232578.158303045,10877198.483335147,127668682.76361024,40000000,5.752941747045781,-19071127.888452623,-18316766.70149298,5974220.200286056,-2387385.975730231,-0.059684649393255775,-2273333.4191975584,39304321.38868879,120124.76550393525,41522862.10554694,80947308.25973967,0.03553807660358567,0.23386094076273015,0.010596219655436018,0.0818436621946839,2021-08-11,2022-05-28,False,False,False,False,False,0.0,0,0,False,[],翊琯股份
2022-03-31,季报,2022-04-30,无保留意见,False,420289771.8255376,179111717.0572523,241178054.76828533,0.42616244568426376,20207880.390169725,7.682197175634771e-12,1096461.0417629124,3188003.130842331,50912639.19384941,28016291.271336433,8935554.452468276,113361677.34184572,40000000,6.029451369207133,-21076523.363236208,-20068719.211815666,11022691.607878283,-2864850.6782622617,-0.07162126695655655,-2502789.3004609845,32841937.98401223,121299.11968823269,42711882.33409343,75675119.4377939,0.04806403998499462,-0.03267483160364178,-0.04221739518424315,0.01654499196961664,2021-08-11,2022-06-15,False,True,False,True,False,0.0,2,0,True,"['结合所处行业特点、发展阶段和自身经营模式、盈利水平、偿债能力、资金需求等因素，未进行现金分红或现金分红水平较低原因的说明', '是否影响偿债能力、过去十二个月内是否使用过募集资金补充流动资金以及未来十二个月内是否计划使用募集资金补充流动资金等内容', '结合前述财务报表列报项目的具体情况说明现金分红方案确定的依据及未来增强投资者回报的规划', '充分披露高送转的主要考虑及其合理性且送转股后每股收益不低于0.5元']",翊琯股份
2022-06-30,半年报,2022-08-27,无保留意见,False,362961802.62267894,130557930.31747977,232403872.30519918,0.35970157017652554,17175146.318779554,6.883783761188295e-12,976256.305865199,2563853.6993182595,44638710.03768999,26009327.51204229,8978354.696755812,100770650.45305721,40000000,5.8100968076299795,-17697957.488921795,-16919672.325986743,15845251.841659807,4826522.677592017,0.12066306693980042,4498638.408327036,56094645.36116733,101794.52519509374,34903492.335764974,91099932.2221274,-0.03638051758695897,0.5441310297321091,-0.0664608755077382,-0.03146293186945709,2021-08-11,2022-09-14,True,False,False,False,False,5653174.112700784,0,0,True,"['上市公司控股子公司向母公司实施利润分配的情况', '公司为增强投资者回报水平拟采取的措施', '根据公司盈利能力、融资能力及其成本、偿债能力及现金流等情况披露现金分红方案的合理性，是否导致公司营运资金不足或者影响公司正常生产经营', '充分披露高送转的主要考虑及其合理性且送转股后每股收益不低于0.5元']",翊琯股份
2022-09-30,季报,2022-10-27,保留意见,False,341425605.19765764,87358221.0088926,254067384.18876505,0.25586312121587745,16556366.216618441,6.94534502976827e-12,966827.4495418378,2750327.4982359204,50210401.49024699,26035197.83221313,8495924.209600983,97330885.78873952,40000000,6.351684604719126,-14109941.543310365,-13776816.268771842,11046500.631014725,5125737.065159187,0.12814342662897968,4489794.367449858,42881093.16066426,96710.17723296708,35878366.25516838,78856169.5930656,0.09321493514151412,0.013708752053040441,-0.1038384489606481,-0.12130695655890485,2021-08-11,2022-12-25,True,False,False,True,False,688154.0280915505,0,0,True,"['充分披露高送转的主要考虑及其合理性且送转股后每股收益不低于0.5元', '上市公司控股子公司向母公司实施利润分配的情况', '公司为增强投资者回报水平拟采取的措施']",翊琯股份
2022-12-31,年报,2023-03-30,无保留意见,False,376193998.6398974,114444070.8474122,261749927.7924852,0.30421556766236724,19875574.733561445,7.302572948106474e-12,1039420.6327091793,2995224.018300504,45308546.362603895,26149551.18635854,9745165.887121394,107904172.76965705,40000000,6.54374819481213,-9626596.364322785,-9376560.54172496,25412453.72019778,6404778.827125113,0.16011947067812785,6286079.6100669755,48999284.19935888,97043.3658321162,39438861.083077915,88535188.64826891,0.030238212701919332,0.057807871358102725,0.048352446446489804,0.08000402727891204,2021-08-11,2023-04-30,False,False,False,True,False,0.0,0,0,False,[],翊琯股份
2023-03-31,季报,2023-04-30,非标准无保留意见,False,353131779.3412905,96983050.0248568,256148729.31643364,0.27463699303915046,17244310.665697876,7.434212870934582e-12,1010324.2776641053,2798209.619692717,45248204.63671433,27077763.67859352,9653025.953630084,104004840.17270698,40000000,6.403718232910841,-5340733.312728356,-5346051.243071974,17768514.137498237,6122661.502277758,0.15306653755694394,5757870.426647121,22621187.316631205,101045.0581043894,35234951.04516606,57957183.419901654,-0.021399044971245333,-0.012053834258856456,-0.02957857462321678,0.0361335545160457,2021-08-11,2023-05-23,False,False,False,True,False,0.0,0,0,False,[],翊琯股份
2023-06-30,半年报,2023-08-27,无保留意见,False,355238117.113752,96234197.04219854,259003920.0715535,0.2709005379943027,18608104.859115228,7.012113633922912e-12,931628.3403785327,2753285.582506247,40996683.1549674,26713303.974277843,9523848.436562557,99752640.97482918,40000000,6.4750980017888375,8270326.781512872,6734540.518716031,0.0,19444371.563201755,0.48610928908004386,17257988.231125724,50587053.28538728,102494.4827655255,34244330.609277934,84933878.37743074,0.011146612996048433,0.5761322095041576,-0.0037364550448477874,-0.13390898783279037,2021-08-11,2023-10-04,False,False,True,False,False,0.0,0,1,True,"['根据公司盈利能力、融资能力及其成本、偿债能力及现金流等情况披露现金分红方案的合理性，是否导致公司营运资金不足或者影响公司正常生产经营', '结合所处行业特点、发展阶段和自身经营模式、盈利水平、偿债能力、资金需求等因素，未进行现金分红或现金分红水平较低原因的说明', '上市公司控股子公司向母公司实施利润分配的情况']",翊琯股份
2023-09-30,季报,2023-10-27,无保留意见,False,329374583.20152336,92282597.64744423,237091985.55407915,0.2801752240578393,17867403.404413935,6.653500029850921e-12,875001.0864209456,2578839.6307434463,41878291.47275765,26851497.063788798,8264710.659177336,96801903.04423603,40000000,5.927299638851979,16033015.531751879,13954172.796437683,9386331.345420212,11089555.357484296,0.2772388839371074,10313760.396745218,46469389.13311267,97834.14996820515,31080112.324985266,77647335.60806614,-0.08460078330637179,-0.2292484640935173,0.009274686063536609,-0.03904255685100878,2021-08-11,2023-12-16,False,False,False,False,False,0.0,0,0,False,[],翊琯股份
2023-12-31,年报,2024-03-30,无保留意见,False,284426699.2214858,78652665.917726,205774033.3037598,0.27653053012607093,13448012.184377104,5.800366844767784e-12,746094.7379451307,2022793.2617520425,35072127.36691039,21018664.42350117,6580330.086403073,78217457.3990103,40000000,5.144350832593996,24492618.480006818,21070958.365149647,0.0,12085147.068935625,0.3021286767233906,10166836.526731374,16044195.0120523,79667.43505912491,26634903.25501795,42758765.70212938,-0.1320919902759678,0.03544348419833779,-0.0036446939317683596,0.02403130625809127,2021-08-11,2024-05-21,False,False,False,False,False,0.0,0,0,False,[],翊琯股份
2024-03-31,季报,2024-04-30,无保留意见,False,287112639.17887884,67126866.38767911,219985772.7911997,0.2337997608870757,13129259.48231247,5.3019510224304715e-12,709969.288220102,1876932.2235452246,36462891.74939384,20824142.473698918,6642639.928790254,76103263.83012868,40000000,5.499644319779993,23427178.062168147,20069440.475125164,7496273.150692975,-1522057.7397695296,-0.03805144349423824,-1430739.8428921185,41085765.55336505,79297.65312097828,29646880.521479294,70811943.72796533,0.06906478557700603,-0.46784033020201987,-0.042730769238995214,0.021828188186870927,2021-08-11,2024-06-05,False,True,False,True,False,0.0,0,0,True,"['是否影响偿债能力、过去十二个月内是否使用过募集资金补充流动资金以及未来十二个月内是否计划使用募集资金补充流动资金等内容', '公司在相应期间是否按照中国证券监督管理委员会相关规定为中小股东参与现金分红决策提供了便利']",翊琯股份
2024-06-30,半年报,2024-08-27,无保留意见,False,282899435.3885345,58621814.03663588,224277621.35189858,0.20721785448643476,10523487.537299562,4.255038359733707e-12,625840.7206308258,1678053.3552562604,28653105.131175056,17177167.26402738,6211757.889913712,67009604.37365682,40000000,5.606940533797465,19060706.46470558,16299719.477151861,4386897.295951448,-6237816.567803666,-0.15594541419509164,-5385315.711390433,17541949.55104239,85293.88740911838,24912417.68125673,42539661.11970824,0.01950966422166087,-0.3046760834707958,-0.02658190640064097,0.15532807904541396,2021-08-11,2024-09-17,False,False,False,True,False,0.0,0,0,False,[],翊琯股份
2024-09-30,季报,2024-10-27,保留意见,False,296945661.4660142,73528820.55633269,223416840.9096815,0.247617089919154,14337302.10746858,5.733709492934122e-12,777100.5369627837,2244840.169639559,33427341.68562439,21933449.396612503,7676835.02704412,83448489.12646857,40000000,5.585421022742038,22501355.083425745,19349626.63560997,8929814.327497913,4915212.312457379,0.12288030781143447,4357010.226368729,24388532.98408334,87013.54416628445,30322972.201489773,54798518.7297394,-0.0038380130707133687,1.0363165570004549,0.04039923543271924,-0.19999258524900476,2021-08-11,2024-12-20,False,True,False,False,False,0.0,4,0,True,['根据公司盈利能力、融资能力及其成本、偿债能力及现金流等情况披露现金分红方案的合理性，是否导致公司营运资金不足或者影响公司正常生产经营'],翊琯股份
2024-12-31,年报,2025-03-30,无保留意见,False,284108882.78349763,67034629.911628895,217074252.87186873,0.2359469695381259,12344842.583329525,5.07600247909967e-12,628196.0919439978,2017884.892015614,35988813.304414734,20395379.98902492,6070782.107736148,74711077.80641432,40000000,5.426856321796718,21601418.63929951,18478142.66375453,3650112.9344000537,-1285623.4916089084,-0.03214058729022271,-1244977.1026506303,41726928.022669576,80474.55849912656,28645011.504453424,70452414.08562213,-0.028389032858882987,-0.2829466452643726,-0.011670120381028083,0.120359971525635,2021-08-11,2025-05-18,False,True,False,False,False,0.0,4,0,True,"['公司在相应期间是否按照中国证券监督管理委员会相关规定为中小股东参与现金分红决策提供了便利', '结合所处行业特点、发展阶段和自身经营模式、盈利水平、偿债能力、资金需求等因素，未进行现金分红或现金分红水平较低原因的说明']",翊琯股份
2017-03-31,季报,2017-04-30,保留意见,False,248740039.69238517,55643123.02785788,193096916.6645273,0.22369990411142204,10747594.379269084,1558268.4192609915,3796730.1047273143,37969360.4452216,10463278.361822532,47907.97394815,3314731.8176448913,66679431.45683036,40000000,4.827422916613182,-2190597.61673004,-2054960.4377221866,4833838.739768787,-3129425.1667572,-0.07823562916893,-2935657.7681745524,23764430.472631138,-22608972.44865837,88498400.07892887,89653858.10290164,0.07276064813626289,-0.2294125092642889,-0.07630009588857793,-0.005203708156001869,2021-03-10,2017-06-11,False,False,False,False,False,0.0,0,0,False,[],琬珹化工
2017-06-30,半年报,2017-08-27,无保留意见,False,284112624.41884506,56822524.883769006,227290099.53507602,0.2,11014143.429827403,1863143.8149758189,4092813.166701588,41587958.17783045,11423590.681982365,47679.55968083868,3532702.7408323796,74313815.77381487,40000000,5.682252488376901,518423.9135228261,264499.7422486056,3352839.042560776,3870030.7575040944,0.09675076893760236,3313514.5428154175,14799159.287216969,-28251503.900519334,113194670.92790516,99742326.31460279,0.1770778294194802,0.5046262327561296,-0.028203244535572138,0.0619550553154065,2021-03-10,2017-10-10,False,False,False,False,False,0.0,0,0,False,[],琬珹化工
2017-09-30,季报,2017-10-27,无保留意见,False,315915106.1617606,90306449.35858291,225608656.8031777,0.2858566988320671,13607598.447712045,1669420.5062376778,4567533.684372734,43704845.188402854,13096311.441796042,48431.925468496374,3705252.7311561476,78175669.36241825,40000000,5.640216420079443,8095964.340461726,6815498.722149529,38310344.869136564,10825057.752769858,0.27062644381924644,9358569.971287033,13282998.628755903,-30050958.573232673,133714458.47638647,116946498.5319097,-0.007397782548988021,0.33325427624322,0.09036003925621719,-0.05554779105967649,2021-03-10,2017-12-17,False,False,False,False,False,0.0,0,0,False,[],琬珹化工
2017-12-31,年报,2018-03-30,无保留意见,False,319619491.031926,93791039.80043569,225828451.23149028,0.29344593315514395,13697418.544173837,1794776.353451137,5338095.037425963,49546027.348950885,13537259.018367793,55215.252770416584,4007572.608546519,84899811.04365326,40000000,5.645711280787257,19159553.207098227,16731864.290982826,0.0,15805126.952337857,0.39512817380844645,14166236.526904711,18733240.364883944,-34237648.843691334,117623191.16781665,102118782.68900926,0.000974228699496783,0.17897785671522104,0.007589234323076859,0.016035667705582117,2021-03-10,2018-05-03,False,False,False,False,False,0.0,0,0,False,[],琬珹化工
2018-03-31,季报,2018-04-30,无保留意见,False,337313353.4659697,87961864.0296021,249351489.43636757,0.26077195914651585,17295412.182189014,2220345.4146775207,5551763.5337286005,54104830.4819456,15133063.95507308,63532.7429305634,4635540.155849779,99894764.19818297,40000000,6.2337872359091895,28200072.5847442,24701667.515949935,16057158.237019423,12915027.682351392,0.3228756920587848,11385433.178524446,17409709.46245613,-33901073.27703674,130005202.01390405,113513838.19932345,0.10416330660110006,-0.08809901190705514,-0.03267397400862808,0.1356829829551366,2021-03-10,2018-06-16,False,False,False,False,False,0.0,0,0,False,[],琬珹化工
2018-06-30,半年报,2018-08-27,无保留意见,False,342684385.3311888,68536877.06623776,274147508.26495105,0.2,16306992.298886416,2192325.2487160456,5691634.644953747,58903640.258334555,14832787.521700686,61238.07890938438,4613916.468622574,100575705.22174047,40000000,6.853687706623776,29825938.978877727,26231122.75510281,7033666.19449596,2322666.2773336098,0.05806665693334025,2184936.0559326797,9474084.789647447,-33151033.43917109,126447119.94522908,102770171.29570544,0.09944203214760101,-0.3540816180246033,-0.11700257455740415,0.0005399506006761962,2021-03-10,2018-09-12,False,False,False,False,False,0.0,0,0,False,[],琬珹化工
2018-09-30,季报,2018-10-27,无保留意见,False,387158101.14914685,77431620.22982937,309726480.9193175,0.2,16368970.45260082,2374588.0444074706,5703350.966953183,57876228.68756782,17469096.19119264,66190.85818039384,5042658.375554519,106098598.86129564,40000000,7.743162022982937,23723873.878887255,20437220.19205792,21262464.462080583,-8717235.857129246,-0.21793089642823116,-8277003.661492701,7781409.332132024,-39154917.853014715,140756694.00860903,109383185.48772633,0.12978039771195354,-0.5713446568920552,0.025989134896814287,0.0034916309088767845,2021-03-10,2018-11-11,False,False,False,False,False,0.0,0,0,False,[],琬珹化工
2018-12-31,年报,2019-03-30,保留意见,False,395878548.106593,86793450.8299777,309085097.2766153,0.21924262187252433,15956661.399890186,2260516.219901436,5793917.0189726725,58261775.777855195,17831096.1654048,63455.57866811873,4599084.197261987,101310536.43254493,40000000,7.727127431915383,18883607.149510153,16474451.315704018,22789931.21150471,-6914666.756253,-0.17286666890632502,-5661098.394791287,43558571.52679301,-40619887.42764714,155708917.63971996,158647601.73886582,-0.0020708066058751323,0.2176289303647232,0.049484102386598304,0.0208456146248132,2021-03-10,2019-05-05,False,False,False,False,False,0.0,0,0,False,[],琬珹化工
2019-03-31,季报,2019-04-30,无保留意见,False,396286506.31904924,79257301.26380984,317029205.0552394,0.2,17876564.45840738,2427438.703590692,6261802.217259931,56948984.6661442,18010236.55505658,64625.06274496532,5458142.404218689,113247712.10374838,40000000,7.9257301263809845,13526871.479200521,11403797.42456775,29978053.32723766,-7652479.52901376,-0.191311988225344,-7243791.273051812,14355129.482362691,-34516725.39119454,150072431.6268027,129910835.71797086,0.025702008439166073,-0.07315700482363434,-0.03397328145098079,0.14170707053971573,2021-03-10,2019-06-04,False,False,False,False,False,0.0,0,0,False,[],琬珹化工
2019-06-30,半年报,2019-08-27,无保留意见,False,415209057.87679774,107677500.90917738,307531556.9676204,0.2593332174875814,18794411.572446574,2497394.8963596867,6439055.263532522,61832374.22061225,19523015.025357973,77622.87870886004,5533444.141601228,118866165.29918757,40000000,7.688288924190509,5496513.500377839,3929653.3842169605,15056308.226548942,-11471939.96974669,-0.28679849924366724,-10677348.629072556,82436482.14298701,-39999615.277676366,157484679.10121557,199921545.9665262,-0.02995827493547203,-0.40860680140665634,0.07406387706603786,0.10903326973269564,2021-03-10,2019-10-02,False,False,False,False,False,0.0,0,0,False,[],琬珹化工
2019-09-30,季报,2019-10-27,无保留意见,False,447640988.82793754,99600762.1871814,348040226.64075613,0.22250143457141175,24250911.014118,3104553.3602470206,7854768.475850764,82518629.3096338,23324305.955184728,93871.23647839922,7031013.847449577,143876681.76938462,40000000,8.701005666018903,-1641148.7555162925,-2407077.054877195,45663008.29423684,-10196660.365563046,-0.25491650913907615,-9052472.055848794,27010642.75036322,-41781584.21044257,166240137.32021993,151469195.8601406,0.13172199325677914,0.23069206868312692,-0.036831782916169654,-0.0958724562421746,2021-03-10,2019-12-03,False,False,False,False,False,0.0,0,0,False,[],琬珹化工
2019-12-31,年报,2020-03-30,非标准无保留意见,False,487702871.0109821,97540574.20219642,390162296.8087857,0.2,21535563.035846192,2892662.6508846977,7169148.399908494,73008181.94819976,22297583.807858318,81376.06450735535,5916583.941002231,130276100.43646125,40000000,9.754057420219642,-9730109.264858413,-9400804.623071954,39120940.70510683,-11555657.870488744,-0.2888914467622186,-9991039.383135369,94954726.39728853,-50165682.80122722,196721582.61936477,241510626.2154261,0.1210264416116117,-0.19975447029672955,-0.054515359852757815,-0.017674532194657894,2021-03-10,2020-04-29,False,False,False,False,False,0.0,0,0,False,[],琬珹化工
2020-03-31,季报,2020-04-30,无保留意见,False,539476267.5384524,107895253.50769047,431581014.0307619,0.2,26219661.911131863,3486880.722452334,9618575.714123815,95564735.51345247,26356450.791258123,101622.96348783706,8074107.518595292,163301893.13667256,40000000,10.789525350769047,-18003188.941094555,-16391453.409832558,55753116.17936955,-11818685.251765918,-0.2954671312941479,-9986641.12394372,21254762.800447103,-52436113.452647656,204532642.54760602,173351291.89540547,0.10615766198002217,-0.04831205956940591,-0.010008729406292442,0.08364241815321147,2021-03-10,2020-06-05,False,False,False,False,False,0.0,0,0,False,[],琬珹化工
2020-06-30,半年报,2020-08-27,非标准无保留意见,False,568552086.6555612,117058952.63868725,451493134.0168739,0.20588958406128166,25868817.79995609,3593119.9664460896,8705878.947387954,85888315.0838018,25765446.82600401,92789.96954672354,6723324.227414447,154109076.93629897,40000000,11.287328350421847,-26408119.043219432,-23202829.407851648,34105092.068172716,-12007043.003035542,-0.30017607507588856,-9730537.140027272,52076944.556481116,-57868785.37845988,209876175.15170133,204084334.32972258,0.046137618057250245,-0.036353273333533664,0.047912238748920165,0.005342572246509015,2021-03-10,2020-10-22,False,False,False,False,False,0.0,0,0,False,[],琬珹化工
2020-09-30,季报,2020-10-27,无保留意见,False,602919997.7448672,143730866.34301007,459189131.40185714,0.23839127393454196,26886917.299381636,3667596.2315239618,8523673.537060894,98449733.92560604,25316121.79775465,96460.27460966406,7597830.471729937,156950471.56972334,40000000,11.479728285046429,-34737980.6172208,-31182997.755133685,24470707.56147566,-11899802.248573374,-0.29749505621433436,-11400240.496117193,9418386.878646947,-55224373.938464224,242861803.04363084,197055815.98381355,0.017045657630522713,0.021478405387301638,0.032501689873260305,-0.01918137949707367,2021-03-10,2020-12-05,False,False,False,False,False,0.0,0,0,False,[],琬珹化工
2020-12-31,年报,2021-03-30,无保留意见,False,643207004.2227988,191989379.48297036,451217624.73982847,0.2984877002621502,29106106.846363116,4233405.020879388,9809231.655341186,99962527.41744228,30120453.443138346,113397.39313550663,8286602.34205181,174392927.0976147,40000000,11.280440618495712,-42171107.32459955,-37929319.9420427,24758498.47816402,-10618752.439112501,-0.26546881097781255,-9637603.124155749,122732253.22205944,-57328717.0476665,223726333.6395004,289129869.8138934,-0.01735996372059704,0.2511764978333516,0.06009642632760824,0.12822816813118154,2021-03-10,2021-04-14,False,True,False,False,False,0.0,4,0,True,"['结合前述财务报表列报项目的具体情况说明现金分红方案确定的依据及未来增强投资者回报的规划', '是否影响偿债能力、过去十二个月内是否使用过募集资金补充流动资金以及未来十二个月内是否计划使用募集资金补充流动资金等内容', '公司在相应期间是否按照中国证券监督管理委员会相关规定为中小股东参与现金分红决策提供了便利', '公司为增强投资者回报水平拟采取的措施']",琬珹化工
2021-03-31,季报,2021-04-30,保留意见,False,759645890.561768,277161486.7767068,482484403.7850613,0.3648561655111992,34611169.259801164,4498183.056800495,11218011.963293143,106918355.80110553,26440136.895569086,111426.81009935467,9024780.83652871,190730162.90682027,40000000,12.062110094626533,-46867966.769580886,-42057317.35709487,0.0,-6709799.207116203,-0.1677449801779051,-5897139.164360233,109868493.25257583,-75798358.0702922,273394594.62960374,307464729.8118874,0.06929423260729503,0.6125688111452368,0.066368465249049,-0.0818231548327273,2021-03-10,2021-06-05,False,False,False,False,False,0.0,0,0,False,[],琬珹化工
2021-06-30,半年报,2021-08-27,无保留意见,False,733916275.3043487,266113396.68862903,467802878.6157196,0.362593671298915,30052794.584776625,4546740.142227552,10268880.27780193,115136057.18776202,30880555.146304827,123046.03070259858,8629512.23459023,193296747.4072796,40000000,11.69507196539299,-50164180.24209114,-44894545.01645463,15730357.145948451,-4708876.389300354,-0.11772190973250884,-4053182.3705139477,128445311.57195999,-77238698.79155536,260279592.62875387,311486205.40915847,-0.030429015019275273,0.19444934633341554,-0.0022624942122841923,0.11225867346880071,2021-03-10,2021-09-06,False,False,False,False,False,0.0,0,0,False,[],琬珹化工
2021-09-30,季报,2021-10-27,无保留意见,False,915341463.9052067,419092425.7731149,496249038.1320918,0.4578536451141433,43238316.951380886,5995812.953509399,16216745.181275899,141643077.73055312,40646808.995745696,179699.30170593102,12464435.114030372,264745727.5842834,40000000,12.406225953302295,-47068602.69259441,-42016217.14286013,20075394.08561092,4422253.642138176,0.1105563410534544,4111896.9622778627,173004169.5231184,-97107892.33993083,324911596.00053924,400807873.1837268,0.06080800443243861,0.74290441790771,0.09525997381522829,0.005292389048595869,2021-03-10,2021-12-15,True,False,False,False,False,4611307.499215709,0,0,True,['充分披露高送转的主要考虑及其合理性且送转股后每股收益不低于0.5元'],琬珹化工
2021-12-31,年报,2022-03-30,无保留意见,False,906044639.3720351,374880184.74509233,531164454.6269428,0.41375465231483044,44330565.051056616,5419794.345306973,14743780.200843142,141335184.2355414,41031138.520890154,164511.3997625195,11973296.331900356,267997505.47623837,40000000,13.27911136567357,-32292696.92452349,-28967532.256446775,98188379.922663,21108436.81152989,0.5277109202882473,18640978.409161933,15244435.421579933,-82847869.65564963,316938834.8587685,249335400.62469882,0.07035865827825985,0.77891819638292,-0.044098992799312856,-0.06005756459097326,2021-03-10,2022-05-21,False,False,False,False,False,0.0,0,0,False,[],琬珹化工
2022-03-31,季报,2022-04-30,无保留意见,False,923978748.481446,359338621.3800974,564640127.1013486,0.3889035564623845,39178141.08744505,5509960.945425156,13905975.03329219,125666479.51879981,41309413.3874997,167268.57337620904,11694111.852114372,252792044.2445926,40000000,14.116003177533717,-22366258.38876266,-20581350.067332406,69671751.99996188,14180626.479658332,0.3545156619914583,11980260.270163387,171907486.67760712,-93985171.89875934,350626951.26361614,428549266.0424639,0.06302317894731331,-0.18179203639692498,-0.02485109585244591,0.015491985151952582,2021-03-10,2022-06-20,True,True,False,False,True,20569030.987781834,3,0,True,"['结合前述财务报表列报项目的具体情况说明现金分红方案确定的依据及未来增强投资者回报的规划', '上市公司控股子公司向母公司实施利润分配的情况', '留存未分配利润的预计用途以及收益情况', '充分披露高送转的主要考虑及其合理性且送转股后每股收益不低于0.5元']",琬珹化工
2022-06-30,半年报,2022-08-27,无保留意见,False,947163430.1710111,391274247.0045389,555889183.1664722,0.4131010916816056,42060943.77745156,6334216.4377059415,14120883.790942991,141911568.35796857,43085409.96051502,162422.14877987545,12020484.91814779,261281255.51309848,40000000,13.897229579161804,1063335.7102777692,-2190336.6333197462,101465706.34316674,33470848.7129149,0.8367712178228724,26272876.3343038,29989167.716867886,-95624443.29449458,373279725.3933898,307644449.8157631,-0.015498267860983649,0.6186605085000827,0.02419753521922104,0.17085533667394892,2021-03-10,2022-10-18,True,False,False,False,False,42711702.986752614,0,0,True,"['结合所处行业特点、发展阶段和自身经营模式、盈利水平、偿债能力、资金需求等因素，未进行现金分红或现金分红水平较低原因的说明', '结合前述财务报表列报项目的具体情况说明现金分红方案确定的依据及未来增强投资者回报的规划', '根据公司盈利能力、融资能力及其成本、偿债能力及现金流等情况披露现金分红方案的合理性，是否导致公司营运资金不足或者影响公司正常生产经营']",琬珹化工
2022-09-30,季报,2022-10-27,非标准无保留意见,False,1016137966.78177,430927601.32004523,585210365.4617248,0.42408375182047797,38582314.582129024,5742029.815712087,14862186.927624365,142382471.87527874,39715374.5542253,168651.4630360346,12657612.55399523,266408505.30841255,40000000,14.630259136543119,12737299.820375977,8257695.979250439,23257431.455764886,16677091.585854582,0.41692728964636455,14925760.875100266,126770636.18893982,-102330654.59660122,358972412.74076146,383412394.3331001,0.052746452320285096,-0.3327417223075742,0.010982660138872441,0.1838089612999888,2021-03-10,2022-12-05,False,False,True,False,True,0.0,0,6,True,"['结合所处行业特点、发展阶段和自身经营模式、盈利水平、偿债能力、资金需求等因素，未进行现金分红或现金分红水平较低原因的说明', '公司为增强投资者回报水平拟采取的措施', '公司在相应期间是否按照中国证券监督管理委员会相关规定为中小股东参与现金分红决策提供了便利']",琬珹化工
2022-12-31,年报,2023-03-30,无保留意见,False,1017124655.3357589,463153982.12924534,553970673.2065135,0.45535616475283996,46921015.71149485,6384810.919919554,17011618.22645698,139169495.09659782,45793420.78293491,180689.27632998992,13140492.42676387,286158540.6935319,40000000,13.849266830162838,6858953.335124403,3127131.272815888,22964044.54654067,-8397637.836073676,-0.2099409459018419,-7329378.15204936,147957417.58387223,-100124652.45263037,378719366.3804369,426552131.51167876,-0.05338198722875208,-0.7445633883794294,0.03127241293236197,-0.03399816463878548,2021-03-10,2023-04-28,False,False,False,False,False,0.0,0,0,False,[],琬珹化工
2023-03-31,季报,2023-04-30,无保留意见,False,921377945.21799,415277780.74628574,506100164.4717043,0.450713828024215,36365105.778349966,5078388.442215671,14017744.490098275,126396373.50005393,36902303.369433686,147147.46406345948,12109476.59510356,239774522.70104286,40000000,12.652504111792608,-1749434.198264653,-4619801.831418759,58224873.29709518,-12297696.476270081,-0.30744241190675203,-11067047.291763783,46240156.155489706,-87430199.35777535,337627658.30921686,296437615.1069312,-0.08641343495265444,-0.453370663298873,-0.004642336728625,0.10087484934270155,2021-03-10,2023-06-16,False,False,False,True,False,0.0,0,0,False,[],琬珹化工
2023-06-30,半年报,2023-08-27,无保留意见,False,1051212431.7154696,543335431.69705,507877000.0184197,0.5168654929340808,48062338.33609856,7097275.333301198,16033645.006746758,167999669.00716633,53784862.20638616,205969.92219470016,14088991.232239118,302000780.59826005,40000000,12.696925000460492,-9699689.354800576,-12011641.599724801,39853799.32406869,-11357507.366479892,-0.28393768416199733,-10559771.09758006,84966227.56295837,-111210685.89474663,397244159.25049,370999700.91870177,0.0035108377183993935,0.19994224214697653,0.06615166490986583,-0.05365971943472433,2021-03-10,2023-09-23,False,False,False,True,False,0.0,0,0,False,[],琬珹化工
2023-09-30,季报,2023-10-27,无保留意见,False,1024667521.5049036,468683685.47845715,555983836.0264465,0.45740074281862,47507779.6164173,6111410.497389984,14698435.378028326,160370737.15774685,47242591.23334586,177010.2572637511,11611096.387912998,282865724.3370351,40000000,13.899595900661161,-18722598.59501856,-20486555.908322163,12961235.95127645,-12889870.343168544,-0.3222467585792136,-12107020.440853378,61983864.34697852,-100374572.67681246,389878148.59714675,351487440.2673128,0.09472143059497087,-0.27157553872297674,-0.059464750115460784,0.19236635718963288,2021-03-10,2023-12-24,False,False,False,False,False,0.0,0,0,False,[],琬珹化工
2023-12-31,年报,2024-03-30,无保留意见,False,958819324.4393344,440582388.88160527,518236935.5577291,0.4595051201530945,42969046.725963086,5660797.607115723,14417589.298899623,156109072.83014163,44660552.92104673,172890.1013023928,12278663.473998686,266587014.31888047,40000000,12.955923388943228,-26658414.221315414,-28078805.90125119,25218938.036827173,-11336879.466138361,-0.283421986653459,-10846071.41847004,183694335.92584988,-99116786.16392548,364776997.26059663,449354547.022521,-0.06789208250817168,0.377844741332905,0.002104377334474527,0.13978573541066125,2021-03-10,2024-05-14,False,True,False,False,False,0.0,1,0,True,"['公司在相应期间是否按照中国证券监督管理委员会相关规定为中小股东参与现金分红决策提供了便利', '充分披露高送转的主要考虑及其合理性且送转股后每股收益不低于0.5元']",琬珹化工
2024-03-31,季报,2024-04-30,无保留意见,True,929991979.8092625,439853722.72883636,490138257.0804262,0.47296507096657814,43480641.968711674,5535166.611667179,14055966.065673059,148845234.72536922,40374232.47651359,157968.2171121134,12879330.161654115,264127590.68384472,40000000,12.253456427010656,-31765379.830341756,-33166523.784962807,27810945.47634317,-7295665.155751923,-0.1823916288937981,-7268168.405302307,149286185.1621019,-98374724.32903315,382011663.0511422,432923123.88421094,-0.05421975268332231,0.7136020302274518,0.013459950813483623,0.13604416914232834,2021-03-10,2024-05-17,False,False,False,True,True,0.0,0,0,False,[],琬珹化工
2024-06-30,半年报,2024-08-27,非标准无保留意见,False,970395887.216244,480106502.73341227,490289384.4828317,0.49475323325069376,42723689.86310162,5607048.824222887,13751038.343455808,149365614.60196576,42048460.136590816,156627.90335694107,11542251.991224427,257013382.5497659,40000000,12.257234612070793,-41119022.54352101,-41612510.72718442,57649806.85714053,-13362346.733113218,-0.33405866832783043,-12065695.631745165,67542982.40622982,-96594314.04905418,342560349.5638074,313509017.9209831,0.00030833627088361956,-0.6251517156744771,0.021788162284115647,0.043612501805479695,2021-03-10,2024-10-14,False,True,False,False,False,0.0,4,0,True,['公司在相应期间是否按照中国证券监督管理委员会相关规定为中小股东参与现金分红决策提供了便利'],琬珹化工
2024-09-30,季报,2024-10-27,保留意见,False,1049222314.7894254,483055150.5019812,566167164.2874441,0.46039351593368316,42130862.16770222,6240976.11591542,15407276.728608524,146971838.93442342,43707987.099206634,191626.50468299034,13306223.68984424,279722095.09305704,40000000,14.154179107186103,-49526641.8383013,-49248303.339258656,21650749.794924125,-12010884.706828976,-0.3002721176707244,-10908275.160106048,172942033.11719036,-96322649.68854466,354538495.1018382,431157878.53048384,0.15476121287971592,0.3715202981511391,-0.0343597173170106,0.20817016647216363,2021-03-10,2024-12-13,False,True,False,False,False,0.0,2,0,True,"['留存未分配利润的预计用途以及收益情况', '充分披露高送转的主要考虑及其合理性且送转股后每股收益不低于0.5元', '结合前述财务报表列报项目的具体情况说明现金分红方案确定的依据及未来增强投资者回报的规划']",琬珹化工
2024-12-31,年报,2025-03-30,无保留意见,False,1087297036.4045904,549091045.7420604,538205990.66253,0.5050055572281906,51513521.60824478,7253868.450138404,15582177.077029007,167020256.76457623,51590433.82114004,213883.15801183428,15145830.135816172,314023238.5641365,40000000,13.455149766563249,-57534769.24893664,-56852188.236793265,55390774.406020716,-11440182.01519335,-0.28600455037983374,-10862692.710763723,95366661.32296084,-97175111.93504351,397048280.32705957,395239829.7149769,-0.04938678077543594,0.11438955768706881,0.044612041294507486,0.03345905591223474,2021-03-10,2025-05-10,False,False,False,False,False,0.0,0,0,False,[],琬珹化工
2017-03-31,季报,2017-04-30,非标准无保留意见,False,293772560.4184221,114227923.8860473,179544636.53237477,0.38883115469787843,7929904.666148836,103418.90048648769,301344.7500877499,6160363.640396653,131212330.44657014,4269000.7316245595,3087041.7002719557,151215142.98234135,40000000,4.488615913309369,1020488.1954170227,948129.231673089,7237030.112855901,1457840.2791671753,0.03644600697917938,1354470.3309615557,46573582.087532334,-20046888.458904836,-11514037.052935837,15012656.57569166,-0.002529797042362475,0.025435571064843066,0.08883115469787847,-0.04531307120448005,2021-06-22,2017-05-28,False,False,False,False,False,0.0,0,0,False,[],瑾璜化工
2017-06-30,半年报,2017-08-27,保留意见,False,304869893.71353394,153406745.27372137,151463148.43981257,0.5031875840710842,8231624.520039335,102465.84055901585,311123.84737800655,6310233.63330713,121802390.44584459,4570700.587944874,2998399.104275742,155908309.20904365,40000000,3.786578710995314,-319928.4395305937,-145497.4419174423,9348923.399221938,-1914880.9070680235,-0.047872022676700585,-1562323.8194150447,28634000.43920054,-22960286.542194646,-11534870.09111534,-5861156.194109447,-0.15640393739914715,-0.18272566753337288,0.11435642937320575,-0.04724727899140676,2021-06-22,2017-09-28,False,False,False,False,False,0.0,0,0,False,[],瑾璜化工
2017-09-30,季报,2017-10-27,无保留意见,False,335794649.82253766,171968844.10344842,163825805.7190892,0.5121250269899515,8912114.736445345,111053.3295305395,364504.28618133906,6138563.404605061,145729817.64100662,4911768.833083392,3611706.8735664166,164069261.03856644,40000000,4.09564514297723,3630308.5000624503,3352108.177280068,22099997.66118259,5643195.627990063,0.14107989069975158,4996579.4559964435,56551371.91134667,-24469623.64133597,-12894455.960442258,19187292.309568435,0.08162155221663851,0.5010286288425373,0.008937442918867264,0.09480346875771205,2021-06-22,2017-12-02,False,False,False,False,False,0.0,0,0,False,[],瑾璜化工
2017-12-31,年报,2018-03-30,无保留意见,False,384441376.8462455,203438012.0680492,181003364.77819633,0.5291782423030201,11369866.997097177,152111.6072496649,435880.8790879343,7758428.267920255,171198630.31031471,6202067.284110314,4271940.181898738,208187258.54428878,40000000,4.525084119454909,8610791.00037985,7801811.087386458,31628558.35606988,7114975.000453427,0.17787437501133568,6356718.443009129,36480614.243799366,-27149460.83800703,-15246173.642327415,-5915020.236535078,0.10485258402184418,0.06499874826166523,0.01705321531306867,0.10748794762212713,2021-06-22,2018-05-08,False,False,False,False,False,0.0,0,0,False,[],瑾璜化工
2018-03-31,季报,2018-04-30,无保留意见,False,393324329.97432506,220452153.07104814,172872176.9032769,0.5604844050339793,10464759.544518363,146994.2245514802,477231.1250570827,8251696.041742286,185208057.9406662,6004094.647396555,4027903.9268298103,213481591.21685442,40000000,4.3218044225819225,16153902.840367077,14598959.53331444,53523562.556644835,10775874.057124611,0.26939685142811526,9710212.065611403,16953758.345822167,-30166552.76402592,-16386684.921608545,-29599479.339812297,-0.04492285480374075,0.15181019497645534,0.03130616273095917,0.0673146119757637,2021-06-22,2018-06-17,False,False,False,False,False,0.0,0,0,False,[],瑾璜化工
2018-06-30,半年报,2018-08-27,保留意见,False,486581491.1908449,301992503.1581173,184588988.0327276,0.6206411641738159,11295818.226494174,158436.75631133176,510641.4535813306,9036510.824625606,173412394.03199616,6400102.068118517,4444128.796634089,220032067.54609054,40000000,4.61472470081819,9140153.49776861,8015425.852310632,15074743.230815347,-10019641.917997811,-0.25049104794994526,-9405048.115719726,39966862.22330628,-35178964.13469199,-19735856.578054618,-14947958.489440326,0.06777731002951573,-0.7486898857747484,0.06015675913983645,0.02018082364416286,2021-06-22,2018-10-01,False,False,False,False,False,0.0,0,0,False,[],瑾璜化工
2018-09-30,季报,2018-10-27,无保留意见,False,409804896.4386006,233577082.86546808,176227813.57313251,0.569971430052115,10303716.757392138,143760.78318372872,378871.0350131043,7603432.202495499,190814600.5524038,5926693.278521771,3871082.727610433,196643786.27153406,40000000,4.405695339328313,403083.33043711295,193152.64735190943,30278273.56522141,-12481528.810473569,-0.3120382202618392,-11174676.007083891,27623748.462456744,-28707785.494196493,-16175447.657734675,-17259484.689474426,-0.04529617150353865,-0.35268776523418865,-0.050669734121700775,0.01381571221449472,2021-06-22,2018-11-25,False,False,False,False,False,0.0,0,0,False,[],瑾璜化工
2018-12-31,年报,2019-03-30,无保留意见,False,466860854.5201104,301291645.5347869,165569208.98532355,0.6453564110541816,11538866.048120454,146463.52043037547,485938.9304924426,9742630.864880862,203826187.0498788,6935832.091624682,4305925.773052714,238435657.60595858,40000000,4.1392302246330885,-6691579.994799603,-6338290.67067145,37730966.23355141,-10135233.321766738,-0.2533808330441684,-9330633.311461942,20579736.87640927,-32528454.153022133,-19004266.401121777,-30952983.67773464,-0.06048196576748516,0.5192675553947136,0.07538498100206659,0.043340167600994565,2021-06-22,2019-05-20,False,False,False,False,False,0.0,0,0,False,[],瑾璜化工
2019-03-31,季报,2019-04-30,无保留意见,False,501068138.6869631,337948815.95587564,163119322.73108748,0.674456805099327,13904233.155433102,173149.37806392647,544364.0374025117,9727857.14532218,229329899.03570116,7534503.149820123,4708382.575436724,256225978.0709531,40000000,4.077983068277187,-13090598.97384014,-12281611.921301816,10155791.86324302,-9141455.684343625,-0.2285363921085906,-8490458.929471953,55187328.23973841,-37690206.927288204,-19051421.822436236,-1554300.509986028,-0.014796750369528175,0.1447649547324272,0.029100394045145424,-0.09321977080608872,2021-06-22,2019-05-21,False,False,False,False,False,0.0,0,0,False,[],瑾璜化工
2019-06-30,半年报,2019-08-27,无保留意见,False,484414965.5579157,339383194.0213848,145031771.53653094,0.7006042714442289,11849649.892181719,178199.3936997416,524250.0646525147,8516688.913887104,197389673.90945166,7206581.351787768,4801068.648208284,244839772.39192078,40000000,3.6257942884132737,-9514813.857413704,-8816394.347383143,13318881.193547493,5108264.452037767,0.12770661130094416,4950310.819883821,83393891.56032147,-35923033.09903653,-18665578.07732686,28805280.383958075,-0.11088539905462337,1.8132773149846646,0.02614746634490182,-0.1197130972823186,2021-06-22,2019-10-21,False,False,False,False,False,0.0,0,0,False,[],瑾璜化工
2019-09-30,季报,2019-10-27,无保留意见,False,368055355.3844167,227409046.03534904,140646309.3490677,0.6178664233749047,9997177.483423427,134164.30220516876,465566.09175306384,7759277.72966048,178808912.0692442,6115804.091604948,3473773.760020064,206347369.71475592,40000000,3.516157733726692,-7588495.876169502,-7024450.333026931,10257926.937405586,2751882.8303488605,0.06879707075872152,2559920.0205088737,38219327.78526808,-25201876.01147472,-13918254.08569783,-900802.3119044676,-0.030237941252469987,-0.10658374504253375,-0.08273784806932409,-0.06875678816481416,2021-06-22,2019-12-05,False,False,False,False,False,0.0,0,0,False,[],瑾璜化工
2019-12-31,年报,2020-03-30,无保留意见,False,338308670.0011133,198395323.63686243,139913346.36425087,0.5864328680557006,10082965.830666397,143091.82117525683,380132.6542998359,7424019.6380848745,166089713.18133697,5927551.013682588,3480307.1518165763,189078353.95475513,40000000,3.4978336591062718,4697159.897586182,5015362.355076359,0.0,17550936.819650978,0.43877342049127444,17199732.41157613,63448427.14183372,-24750830.50046288,-13066239.93786164,25631356.703509208,-0.005211391526795613,0.7492477611584095,-0.031433555319204165,0.007606597357407046,2021-06-22,2020-04-29,False,False,False,False,False,0.0,0,0,False,[],瑾璜化工
2020-03-31,季报,2020-04-30,无保留意见,False,268121175.426755,156634882.01818275,111486293.40857227,0.5841943731929224,7086963.589348391,92251.76628073437,294371.4540712814,5556022.077667976,131875981.50889261,4520349.232627918,2937581.3027499,140394633.8669799,40000000,2.7871573352143066,25010546.13567081,22861502.48136932,81348703.87176819,29019123.197263755,0.7254780799315939,25494485.894704234,18830797.30198883,-18152879.559935723,-10533701.295698076,-9855783.55364497,-0.20317613504627022,0.33192114116831145,-0.0022384948627781867,0.09314457224463225,2021-06-22,2020-05-16,False,False,False,False,False,0.0,0,0,False,[],瑾璜化工
2020-06-30,半年报,2020-08-27,无保留意见,False,279835752.04817736,155347639.25970164,124488112.78847569,0.5551386415877144,7965294.163490613,100575.33752351285,316469.62488532264,6576159.80825937,126945257.7107499,4128008.818707253,3034079.896061713,150835566.28846234,40000000,3.1122028197118925,33558337.35231528,30457385.51123099,59792300.81679599,12211130.309492096,0.3052782577373024,10851261.47123096,3546013.9134822455,-20613690.359184504,-11528893.039107323,-28596569.48480958,0.11662258186533012,-0.36523931183397773,-0.029055731605208045,0.21194420963801933,2021-06-22,2020-09-25,False,False,False,False,False,0.0,0,0,False,[],瑾璜化工
2020-09-30,季报,2020-10-27,无保留意见,False,297354090.9686698,171516378.6812685,125837712.28740126,0.576808538677008,8306294.606348932,108321.62744523295,297298.17144576117,6103790.008378857,124926594.66931766,4971828.711789875,2886601.3728465787,156413436.69208103,40000000,3.1459428071850315,50207016.77646119,45093978.98988508,63200626.63314128,23783827.74877987,0.5945956937194967,20909419.255220123,42577584.13785808,-19666664.00371078,-12093746.908028934,10817173.226118363,0.010841191730641313,0.39617424305992177,0.02166989708929356,0.026912193918967653,2021-06-22,2020-11-11,False,False,False,False,False,0.0,0,0,False,[],瑾璜化工
2020-12-31,年报,2021-03-30,无保留意见,False,307403135.97055376,170240555.28622225,137162580.68433148,0.5538022725393721,8381407.948404737,107732.26967377913,356116.51270028396,6388960.194653336,136175569.1681192,5167695.946579908,3166897.0352765685,164679960.7425567,40000000,3.4290645171082867,59320582.026815504,52841691.44471983,58417483.729779445,13019378.929077588,0.3254844732269397,11068160.649763934,32829447.243343364,-21436978.893100478,-12512969.490738513,-1120501.1404956263,0.08999582232602339,-0.26393914975340493,-0.023006266137635862,0.12049680254482766,2021-06-22,2021-05-19,False,False,False,False,False,0.0,0,0,False,[],瑾璜化工
2021-03-31,季报,2021-04-30,无保留意见,False,306010454.7338066,171563505.59379128,134446949.1400153,0.5606458960463672,8603647.864689248,106453.40803474738,362094.49741122767,7001156.514196864,140617671.16249865,5243365.392476359,3089440.917915074,161765844.98365238,40000000,3.3611737285003827,61213486.55355047,54608413.726890765,4099411.063552467,2704149.3239070885,0.06760373309767721,2523888.974529911,26292594.310597893,-21502565.48537113,-11980079.789085018,-7190050.963858256,-0.01979863262099139,-0.34361902121762056,0.006843623506995038,0.01976153116609609,2021-06-22,2021-06-02,False,False,False,False,False,0.0,0,0,False,[],瑾璜化工
2021-06-30,半年报,2021-08-27,无保留意见,False,281822685.1077504,157902607.25458598,123920077.85316445,0.5602906210130474,7185857.625635707,97979.41515392832,302079.6645387848,5761547.840348088,123488802.72294766,4434557.816021976,2745884.7774038073,141131420.60982516,40000000,3.098001946329111,64067005.60450198,57330274.47705453,12908639.246905519,4076455.787073586,0.10191139467683966,3888372.500233951,25877041.558275193,-21639156.363127213,-10669398.626749093,-6431513.431601113,-0.0782975839480596,0.06964555742081568,-0.0003552750333197486,0.04872422216838473,2021-06-22,2021-09-23,False,False,False,False,False,0.0,0,0,False,[],瑾璜化工
2021-09-30,季报,2021-10-27,无保留意见,False,251931516.08283323,117294128.82083471,134637387.2619985,0.46557941874278747,8099886.716455423,94249.2531367975,308348.94474579213,6052867.636693052,123630290.62856235,3992803.513041991,2780478.8643219606,140132245.84227565,40000000,3.3659346815499624,67438160.77374372,60098663.385571636,13785315.754982755,4815935.956059612,0.1203983989014903,3954841.297881585,5482218.897190073,-18234831.62090772,-10353085.609744629,-23105698.333462276,0.08648565748589361,0.03508560340773988,-0.09471120227025999,0.057871619666983454,2021-06-22,2021-12-11,False,True,False,False,False,0.0,3,0,True,['是否影响偿债能力、过去十二个月内是否使用过募集资金补充流动资金以及未来十二个月内是否计划使用募集资金补充流动资金等内容'],瑾璜化工
2021-12-31,年报,2022-03-30,无保留意见,False,244890017.17244256,116286366.02900812,128603651.14343445,0.47485139399179155,7322045.068065012,79293.39757277152,276981.18918150675,5164990.147827433,108821937.51621936,3373900.4510050197,2502806.9679830316,124285095.99714406,40000000,3.215091278585861,71070962.61133246,63592035.436667874,10276592.929456519,5189716.910841085,0.1297429227710271,4990531.501566048,46410713.91959701,-17404485.243388865,-10457150.704513216,18549077.971694924,-0.04481471485199475,0.01713339072567498,0.009271975249004086,-0.05177920566775665,2021-06-22,2022-05-17,False,False,False,False,False,0.0,0,0,False,[],瑾璜化工
2022-03-31,季报,2022-04-30,无保留意见,False,269943794.71022874,132973999.53185685,136969795.17837188,0.4925988377491612,7078774.131368475,107983.27589672116,358663.849211192,6029094.0023589805,128377294.43152177,4388689.947540408,2931938.2402403653,145288133.585169,40000000,3.424244879459297,80176287.67064051,72096800.16478163,17356009.505321085,13007607.227582924,0.3251901806895731,12149663.897305356,11892472.850444095,-19165581.42301408,-10914591.721220762,-18187700.293790743,0.06505370540068484,0.3523204170722116,0.017747443757369644,0.20231786837960059,2021-06-22,2022-06-20,True,False,False,False,False,4356737.644414801,0,0,True,"['结合前述财务报表列报项目的具体情况说明现金分红方案确定的依据及未来增强投资者回报的规划', '结合所处行业特点、发展阶段和自身经营模式、盈利水平、偿债能力、资金需求等因素，未进行现金分红或现金分红水平较低原因的说明']",瑾璜化工
2022-06-30,半年报,2022-08-27,无保留意见,True,249034865.05692565,125959310.99647827,123075554.0604474,0.5057898658795661,5982751.036392477,82857.86204451416,263011.62582321727,4321145.202237406,98589217.51874998,3735120.6301850127,2296277.6953637535,122481515.05903786,40000000,3.076888851511185,99904939.632101,89372380.52253379,34188967.069920205,28183788.516372114,0.7045947129093029,24679400.511074513,26235269.08811098,-16121691.765539719,-9250529.743986882,863047.5785843786,-0.10144018321579887,0.5057444658512886,0.01319102813040485,0.09507340477717156,2021-06-22,2022-09-14,False,True,False,False,False,0.0,1,0,True,"['结合所处行业特点、发展阶段和自身经营模式、盈利水平、偿债能力、资金需求等因素，未进行现金分红或现金分红水平较低原因的说明', '公司在相应期间是否按照中国证券监督管理委员会相关规定为中小股东参与现金分红决策提供了便利', '上市公司控股子公司向母公司实施利润分配的情况']",瑾璜化工
2022-09-30,季报,2022-10-27,非标准无保留意见,False,254346300.54323846,135242229.11301434,119104071.43022412,0.5317247737598738,7024173.7231950695,91933.98627728938,304397.20836751733,5542776.809713125,124356977.89849658,4092343.7058829935,2792081.596842348,138792255.03854853,40000000,2.977601785755603,93614282.87009463,84202461.9791322,37752456.96302224,-8986652.517151956,-0.22466631292879888,-7385597.919145105,6879538.55233694,-17993963.756779768,-10207887.478618447,-21322312.683061276,-0.03226865530317035,-0.8226499426902981,0.025934907880307775,0.10714076694867221,2021-06-22,2022-12-01,False,False,False,False,False,0.0,0,0,False,[],瑾璜化工
2022-12-31,年报,2023-03-30,保留意见,False,310868754.011866,193859431.75261706,117009322.25924894,0.6236053937579631,7906208.409630254,108930.4480639542,364001.8477662427,6267152.557360132,137232130.82430354,4616641.068860837,2920833.893294467,156288916.96561995,40000000,2.9252330564812237,88666414.00919098,79289452.05357775,34592741.47179471,-7068384.087005228,-0.1767096021751307,-7018585.607934937,43190377.5444272,-21751577.09396178,-11712598.443930326,9726202.006535096,-0.01758755301830598,0.2393841567775057,0.09188061999808932,0.10709513833062435,2021-06-22,2023-04-18,False,False,False,True,False,0.0,0,0,False,[],瑾璜化工
2023-03-31,季报,2023-04-30,无保留意见,False,318272699.4878615,192929416.5238361,125343282.96402544,0.6061764544501692,8651464.473663036,112266.47916324386,353119.7219259971,6396397.809284237,142545368.83430925,5182662.863082302,3396610.715827691,166816342.2814519,40000000,3.133582074100636,77977760.73404267,69812939.37450425,21155175.18531238,-15269504.678783279,-0.38173761696958197,-13537875.255819272,28427395.00513173,-23323921.23398582,-11518454.569996359,-6414980.798850449,0.0712247583684959,-0.8257589362721429,-0.017428939307793944,-0.02136160320825364,2021-06-22,2023-06-09,False,True,False,False,False,0.0,0,0,True,['上市公司控股子公司向母公司实施利润分配的情况'],瑾璜化工
2023-06-30,半年报,2023-08-27,无保留意见,False,328242742.4495208,195355221.74872002,132887520.7008008,0.5951547330212882,8394046.081948014,127482.05413129767,404926.69904694316,6419272.578335005,146419284.82949132,5539046.656224378,3382515.5112479925,175310487.50248882,40000000,3.3221880175200202,67306930.87188809,60362090.75481871,75124861.52084866,-15244042.660220854,-0.38110106650552134,-13501212.313836493,48797706.97031056,-23520579.57823067,-12966356.762076586,12310770.630003303,0.0601886081038792,0.014713717078715355,-0.011021721428881016,0.03840805140840083,2021-06-22,2023-10-03,False,False,False,False,False,0.0,0,0,False,[],瑾璜化工
2023-09-30,季报,2023-10-27,无保留意见,False,383618012.36298263,238183856.4267904,145434155.9361922,0.6208880937567103,10386663.19881965,139305.38550288553,449274.5579512629,8600545.384455813,164254387.8711036,5644149.369078857,3721902.95199437,205516551.77535957,40000000,3.635853898404805,57153198.256356284,51252387.67295377,14753528.903854271,-14505332.307902576,-0.3626333076975644,-13013861.545521356,62009485.74457529,-27894560.10134387,-15853927.605783379,18260998.03744804,0.09441545127206076,0.42068809736071916,0.02573336073542209,0.16444161076306216,2021-06-22,2023-11-21,False,False,False,False,True,0.0,0,0,False,[],瑾璜化工
2023-12-31,年报,2024-03-30,无保留意见,False,434254331.2295065,275541482.43915904,158712848.7903475,0.634516371221945,11339390.060358532,154374.61338087698,515408.056740599,8451961.380629772,203475986.1514412,7246789.718726553,4623302.88012221,234404813.9225854,40000000,3.967821219758687,45794226.69893677,41441477.53246736,69744674.39726005,-16227102.224885013,-0.4056775556221253,-14015585.914980581,71608476.62473781,-29861124.84952697,-17267539.2448178,24479812.53039304,0.09130381215249855,-0.6901800678449631,0.013628277465234746,-0.04457150299754872,2021-06-22,2024-05-28,False,False,False,False,False,0.0,0,0,False,[],瑾璜化工
2024-03-31,季报,2024-04-30,无保留意见,False,538136767.8341961,361776129.67819303,176360638.15600303,0.6722754349869269,14843979.925671706,183353.95019701493,651086.1012899777,10879869.875182109,265557968.93416494,9291659.381990327,5495040.679501874,282157683.7455845,40000000,4.4090159539000755,34647158.139023215,30615876.266015604,61714069.02351718,-15924383.657019358,-0.39810959142548397,-15465144.666359648,11266187.856768278,-38776005.71367026,-22132274.814579617,-49642092.671481594,0.11119319891338768,0.39166701938121073,0.037759063764981914,0.2617484158101363,2021-06-22,2024-06-23,False,False,False,False,False,0.0,0,0,False,[],瑾璜化工
2024-06-30,半年报,2024-08-27,无保留意见,False,529619059.3352885,359565160.1460587,170053899.18922985,0.6789128030953792,12080406.817713933,173969.2649617699,609952.0947503046,8956655.959926225,218119650.61492497,8033237.467041996,5523815.594090622,268263499.14189243,40000000,4.251347479730746,22739509.752570834,20208565.92913225,18068167.154454626,-17010926.266360547,-0.42527315665901366,-14867586.195547655,12994280.604453066,-39251493.61440435,-22826741.959842198,-49083954.96979348,-0.03576046805407018,-1.0101581446134131,0.006637368108452202,0.05672816399700096,2021-06-22,2024-09-07,False,False,False,False,False,0.0,0,0,False,[],瑾璜化工
2024-09-30,季报,2024-10-27,无保留意见,False,510114221.44361115,350195973.8505442,159918247.59306696,0.6865050201100018,13585343.212904543,197449.6489869361,583426.8460981137,11107795.876451146,207771755.03982633,7747489.913266953,5233778.970002752,263502041.63780707,40000000,3.9979561898266742,10833529.109259507,8706021.153113134,43717886.95069358,-17008543.77615904,-0.425213594403976,-16432206.82288445,8198680.451133638,-35054534.48525913,-19378807.474966053,-46234661.50909154,-0.059602582736925695,-0.2180516310777498,0.0075922170146226235,0.015675832980934248,2021-06-22,2024-11-24,False,False,True,False,False,0.0,0,9,True,"['根据公司盈利能力、融资能力及其成本、偿债能力及现金流等情况披露现金分红方案的合理性，是否导致公司营运资金不足或者影响公司正常生产经营', '上市公司控股子公司向母公司实施利润分配的情况']",瑾璜化工
2024-12-31,年报,2025-03-30,非标准无保留意见,False,518745640.3653679,358554421.66440475,160191218.70096317,0.6911950554646864,14538769.904643847,157891.45312485352,557256.075022352,11792216.99861656,225947174.88753086,7571829.17232111,5398280.961352307,264426213.8472514,40000000,4.004780467524079,-1071210.2792062922,-2516396.0139405574,25818189.853856836,-17006770.554951143,-0.42516926387377857,-16032024.524362417,28734653.48225582,-37326669.136904664,-21415664.376251973,-30007680.030900817,0.0017069415904982232,-0.207545372782425,0.004690035354684591,0.10655088042014992,2021-06-22,2025-05-01,False,False,False,True,False,0.0,0,0,False,[],瑾璜化工
2017-03-31,季报,2017-04-30,无保留意见,False,297839121.49228036,102863228.84523927,194975892.6470411,0.3453650693362838,55384836.02515365,314930.42721476476,4430.596969477644,2681070.733093922,7311009.399312276,122.49087626042628,88730335.98912062,161355183.23838988,40000000,4.874397316176028,1568259.5233937642,1355496.5512610895,8849891.89379212,2240370.7477053776,0.056009268692634444,1936423.6446586994,-17420874.24337127,-59222649.42320284,2630603.9758984116,-74012919.6906757,0.08319940359467279,0.068909485983632,0.04536506933628379,0.00031862846479073606,2021-04-05,2017-05-19,False,False,False,False,False,0.0,0,0,False,[],翰翊集团
2017-06-30,半年报,2017-08-27,无保留意见,False,327524913.47693175,100368100.5154229,227156812.96150884,0.30644417076532415,65824266.761183426,367288.4597875322,5156.995711162795,2907234.748487724,8729000.546165308,137.77184172080194,98728547.21423501,185390062.72608188,40000000,5.678920324037721,-5329139.208307387,-4819750.061869382,41774559.324156746,-9853426.759573074,-0.24633566898932685,-8821780.875900675,-52548893.242775306,-63677692.60305225,2971255.7905248916,-113255330.05530266,0.16505076539243696,-0.6285636418269522,-0.03892089857095962,-0.018180006851629227,2021-04-05,2017-10-13,False,False,False,False,False,0.0,0,0,False,[],翰翊集团
2017-09-30,季报,2017-10-27,无保留意见,False,376569879.12444955,113044793.65989862,263525085.4645509,0.30019605902292407,66645877.6604453,363025.2510106886,5761.1628985726875,3324068.9707207778,9049220.73757078,156.14907754592033,121443982.0879416,204379933.1903671,40000000,6.588127136613773,-11122626.841648689,-10621266.488941807,29592337.91122123,-8276410.9047732875,-0.20691027261933218,-8287880.610103466,-23483148.030936398,-74332047.30870132,3155739.189349557,-94659456.15028816,0.16010205473874367,0.2206674166408708,-0.006248111742400091,-0.05272320276884839,2021-04-05,2017-12-01,False,False,False,False,False,0.0,0,0,False,[],翰翊集团
2017-12-31,年报,2018-03-30,无保留意见,True,410047483.04755175,127669899.68461034,282377583.36294144,0.31135394061132404,78146189.6102597,447440.2208734194,5938.181787646591,3464620.595459685,9418842.00133474,173.42464649682677,116884512.386516,211757185.68491834,40000000,7.0594395840735364,-18840192.143576805,-17715297.49599804,46239119.970275044,-11025093.288468739,-0.2756273322117185,-10134330.010080334,-53604748.50637924,-72285589.48066089,3470443.917450132,-122419894.06959,0.07153967093932155,-0.31508618226865465,0.011157881588399976,0.10915400019474449,2021-04-05,2018-04-24,False,False,False,False,False,0.0,0,0,False,[],翰翊集团
2018-03-31,季报,2018-04-30,无保留意见,False,411146501.12793535,164152509.41859522,246993991.70934013,0.3992555183329076,74249392.94383447,448368.9242358416,5888.771775224548,3749939.046671984,10727455.773316279,179.571961473729,124166384.61889863,227479722.22487625,40000000,6.174849792733503,-25569807.95961895,-23541663.43440624,0.0,-9613736.880060202,-0.24034342200150505,-8323379.912011712,-16701085.096827487,-75629940.11429062,3460028.5793664535,-88870996.63175166,-0.1253059511035003,0.23621396559793853,0.08790157772158355,0.09167649811840564,2021-04-05,2018-05-15,False,False,False,False,False,0.0,0,0,False,[],翰翊集团
2018-06-30,半年报,2018-08-27,无保留意见,False,471865007.6091101,194073765.72673497,277791241.8823751,0.4112908619990411,86192197.9069167,458436.0150381368,6861.568064267926,3901459.7706059227,12186038.522123301,208.86364337116171,149259877.79654732,253907227.47890016,40000000,6.944781047059378,-32062139.33970197,-29386373.847973816,21599983.367332134,-9274759.114404324,-0.2318689778601081,-8349586.30509654,-49318498.19524251,-89297033.82474202,4005043.9920563833,-134610488.02792817,0.12468825642235416,0.04589299895650651,0.012035343666133456,-0.049569655804213755,2021-04-05,2018-09-25,False,False,False,False,False,0.0,0,0,False,[],翰翊集团
2018-09-30,季报,2018-10-27,无保留意见,False,464810348.7626091,187021552.11063167,277788796.6519774,0.40236099004359416,94194078.45715863,489795.6668761942,7507.753327884072,4092574.2026619064,11512100.413043212,207.2819120267901,151806647.05027753,254346783.6360395,40000000,6.9447199162994355,-38835422.53925838,-35359713.6995359,32974082.04188075,-9676118.856509164,-0.2419029714127291,-8533342.645088691,-6547932.920623549,-77373835.30081953,4276064.919230284,-79645703.3022128,-8.802402772317141e-06,-0.05195433359925483,-0.008929871955446873,0.07594252690357688,2021-04-05,2018-11-15,False,False,False,False,False,0.0,0,0,False,[],翰翊集团
2018-12-31,年报,2019-03-30,无保留意见,False,504363257.42970973,192957973.98181427,311405283.44789547,0.38257738076550063,92006359.46941668,495754.7873515491,7754.662644955573,4253057.739420171,11774271.769989131,196.75722429381258,153257947.2349143,267319915.25883138,40000000,7.785132086197387,-47341165.9336877,-43917458.55618674,21499288.499204937,-12151061.992041878,-0.30377654980104696,-12225349.795215491,-7559268.719507077,-97745186.03249252,4340944.925467936,-100963509.82653166,0.12101455206645303,-0.3379278127325077,-0.01978360927809352,0.05587187822445874,2021-04-05,2019-05-18,False,False,False,False,False,0.0,0,0,False,[],翰翊集团
2019-03-31,季报,2019-04-30,无保留意见,False,463335459.2950234,163508824.80286044,299826634.49216294,0.3528951249525414,101694850.16301139,512972.6150703106,7102.452418016372,4208283.264286372,12365441.377688197,221.0557612356668,161495459.50683078,269606109.42397,40000000,7.495665862304073,-53778409.061564654,-49354930.71880944,14963368.945616271,-9196061.611252781,-0.22990154028131954,-7767817.37517528,-46805048.072800994,-84184440.381247,3870885.086061596,-127118603.3679864,-0.03718192841024764,0.6094118703805507,-0.029682255812959264,-0.032860348291281004,2021-04-05,2019-06-13,False,False,False,False,False,0.0,0,0,False,[],翰翊集团
2019-06-30,半年报,2019-08-27,非标准无保留意见,True,514905678.29471695,159320901.451099,355584776.8436179,0.3094176432055356,100981741.33059643,512393.82041065115,8063.630228811863,4090925.2145559317,13216072.779265828,220.2880343860214,150053670.44271347,271675985.44596606,40000000,8.889619421090448,-56164214.050386146,-51401757.32544068,3703361.314829266,-3408292.841173563,-0.08520732102933908,-2924038.009473205,-95525579.35261233,-102887350.12857805,4594413.459587654,-193818516.02160272,0.18596794259421412,0.7416471634918094,-0.04347748174700579,-0.03084591125259551,2021-04-05,2019-10-02,False,False,False,False,False,0.0,0,0,False,[],翰翊集团
2019-09-30,季报,2019-10-27,无保留意见,False,560421582.2333536,192140362.2707462,368281219.96260744,0.3428496838131066,93537091.1847704,471371.7404402351,8485.084693006127,3973976.5591086973,12639681.502101293,234.79058575210942,159917111.32089385,295392181.2763433,40000000,9.207030499065185,-58718032.37916937,-53740486.40676362,17680583.412775323,-3648311.898261739,-0.09120779745654348,-3341041.544747049,-30161370.949330177,-105318631.01135252,4445575.301724975,-131034426.65895772,0.035705811794561816,-0.017659228107508595,0.03343204060757098,0.04045588510033148,2021-04-05,2019-11-21,False,False,False,False,False,0.0,0,0,False,[],翰翊集团
2019-12-31,年报,2020-03-30,无保留意见,False,628067744.0482427,207954817.10523865,420112926.943004,0.3311025268784785,117660012.558791,655395.5601404549,9748.033642880673,5510944.173593988,14768946.902479893,266.87145895548656,210517495.57091227,333243082.11174166,40000000,10.5028231735751,-60102475.52911607,-54866241.07712943,4252988.314319778,-1977775.9284953047,-0.04944439821238262,-1608220.9576654502,-11171578.80133776,-118802079.25065483,5132894.5909604775,-124840763.46103212,0.14073947888425917,0.12511795939488327,-0.011747156934628095,-0.028079951308144564,2021-04-05,2020-05-08,False,False,False,False,False,0.0,0,0,False,[],翰翊集团
2020-03-31,季报,2020-04-30,无保留意见,False,627768702.7385998,207829437.3229167,419939265.41568315,0.3310605266179636,121504257.20372672,607810.9156915456,8779.239112542064,5196407.145363011,15430733.900373215,292.2242835473121,203845321.40756658,337634652.04626006,40000000,10.498481635392078,-63412044.0276281,-57832719.402789734,22560025.260933504,-4727954.997874318,-0.11819887494685795,-4237826.179514726,-25220959.401695833,-108366093.38246489,5287050.854680666,-128300001.92948005,-0.00041336868299802706,-0.183074027939429,-4.200026051487622e-05,-0.008359675258421843,2021-04-05,2020-06-01,False,False,False,False,False,0.0,0,0,False,[],翰翊集团
2020-06-30,半年报,2020-08-27,无保留意见,False,588319163.0253205,180764244.82755673,407554918.19776374,0.307255408608502,102553872.99809067,517163.7700057125,8657.537106282172,4887151.012027535,13685821.44606015,243.42017567650555,190784954.1965977,303839481.7832794,40000000,10.188872954944094,-64961910.15733832,-59211854.35172114,5620262.244736574,-2214094.4710145984,-0.05535236177536496,-1970192.7841877248,-40329073.16003181,-111844735.76141897,4992262.374422804,-147181546.54702798,-0.029490805546989143,0.20484446776590925,-0.023805118009461668,-0.05180172674569805,2021-04-05,2020-09-11,False,False,False,False,False,0.0,0,0,False,[],翰翊集团
2020-09-30,季报,2020-10-27,无保留意见,False,626779493.5300996,237494006.95457423,389285486.57552534,0.37891157800485564,97378332.77944651,530618.7143808089,7548.136189317746,4507854.761201886,14066858.104697643,220.07891482044272,164726675.85348332,285434136.2931126,40000000,9.732137164388133,-61700379.37236787,-56190304.75254387,19757243.893167946,4659329.692814935,0.11648324232037338,4316499.42739611,-7155942.556624898,-112483403.98488034,5267883.368446397,-114371463.17305885,-0.04482691977568847,0.46486325442532306,0.07165616939635369,0.13546835590510267,2021-04-05,2020-12-07,False,False,False,False,False,0.0,0,0,False,[],翰翊集团
2020-12-31,年报,2021-03-30,无保留意见,False,796052318.3980564,424576276.16286,371476042.2351964,0.533352226166818,144103282.2908397,801590.651372943,11965.19023799479,6657633.188286414,20934675.977631602,349.538512291115,276921768.213122,435874422.1050211,40000000,9.28690105587991,-57751624.14614769,-52730259.68403743,17658718.09690927,5641078.894600261,0.14102697236500653,4942921.5264377585,-110951552.3280227,-158477465.59398693,7195818.336397461,-262233199.58561218,-0.045749058093574026,0.04532685063245534,0.1544406481619623,-0.0732650506308206,2021-04-05,2021-04-23,False,False,False,False,False,0.0,0,0,False,[],翰翊集团
2021-03-31,季报,2021-04-30,无保留意见,False,850309155.2775033,493081815.771956,357227339.5055472,0.5798853425387804,153774382.21563837,813725.6637907536,11323.197730358881,7162837.587626928,20788057.803958204,350.8557545981179,237120379.35570925,434586903.2100729,40000000,8.93068348763868,-48650310.99174009,-44595071.35342426,35863538.51454866,13001875.93486799,0.32504689837169976,11621697.61516168,-91321296.29555716,-168837248.2300296,7560133.656460835,-252598410.86912596,-0.03835698971032911,0.32510805136689963,0.04653311637196245,0.1129488910810866,2021-04-05,2021-05-17,False,True,False,False,False,0.0,3,0,True,"['公司在相应期间是否按照中国证券监督管理委员会相关规定为中小股东参与现金分红决策提供了便利', '结合前述财务报表列报项目的具体情况说明现金分红方案确定的依据及未来增强投资者回报的规划']",翰翊集团
2021-06-30,半年报,2021-08-27,无保留意见,False,891379668.9293793,476886924.3780558,414492744.55132353,0.5349986554560263,159681799.4040978,808000.479553553,11506.565377056322,6832628.719897812,20903285.371294558,349.26184459626023,268349241.45075065,453971867.8721185,40000000,10.362318613783088,-37151414.70363798,-34623159.67807497,61187454.85381423,16426994.697288733,0.4106748674322183,14245588.10764184,-134936798.77937257,-170204398.6025714,7799613.839225464,-297341583.54271847,0.16030521383116894,0.11416348663851683,-0.0448866870827541,0.02793250748876766,2021-04-05,2021-09-19,False,False,False,False,True,0.0,0,0,False,[],翰翊集团
2021-09-30,季报,2021-10-27,保留意见,False,1019332113.5183411,541403703.2980822,477928410.2202588,0.5311357271276048,190095026.6689,1028867.9620763762,14383.140042072006,8465281.71234577,24433206.37483359,403.814460076762,322473682.6718301,535968169.6478855,40000000,11.948210255506469,-39490173.79134724,-36702027.270170696,7723492.858206304,-3341084.411013229,-0.08352711027533072,-2969810.8458510377,-157068603.0066134,-202347188.7146719,8594092.080982465,-350821699.6403029,0.15304409185160164,-0.5913806875945492,-0.003862928328421504,0.03454097117942213,2021-04-05,2021-11-15,False,False,False,False,False,0.0,0,0,False,[],翰翊集团
2021-12-31,年报,2022-03-30,非标准无保留意见,False,1079282064.3715913,665583605.7796977,413698458.5918937,0.6166910650620621,173226422.79122686,1002438.9512797772,13530.863044698432,8211112.964317159,23597751.653255135,414.45976988262385,319135805.4097939,514870791.3010744,40000000,10.342461464797342,-43247600.286165774,-40066625.34183245,17496019.755550895,-5367752.13545504,-0.13419380338637601,-4806568.673802505,-166993298.61436626,-203203078.78748092,8916065.29749402,-361280312.1043532,-0.13439241161404064,-0.14837691259150332,0.08555533793445726,0.010315037375828152,2021-04-05,2022-05-09,False,False,False,True,False,0.0,0,0,False,[],翰翊集团
2022-03-31,季报,2022-04-30,无保留意见,False,983401744.4443992,589858640.1672286,393543104.27717066,0.5998145147693286,169849591.7273127,823598.9992776582,13680.158898651873,7478493.66603617,24161638.503358785,396.27773743425746,267577978.9635449,501891236.33228004,40000000,9.838577606929267,-41903430.011095986,-38746337.44553183,2545482.9818645203,1920243.250099685,0.048006081252492123,1886125.5661437472,-108017206.28727525,-169650625.92627,8521765.99154736,-269146066.2219979,-0.04871991639351471,0.6265337078801858,-0.016876550292733525,-0.010511398469203563,2021-04-05,2022-05-12,False,False,False,False,False,0.0,0,0,False,[],翰翊集团
2022-06-30,半年报,2022-08-27,无保留意见,False,963938135.3618612,561460311.3026023,402477824.059259,0.5824650884798024,175594177.00891718,899666.6840549196,13022.6202968384,7840569.977747208,21520604.72510154,392.5277768642282,304849953.0917778,491010544.9830158,40000000,10.061945601481474,-42920671.14112495,-39644634.9847037,2608008.461679276,-1453201.6143270917,-0.036330040358177294,-1283282.1988169567,-12293739.502049802,-198164796.16623342,8364488.673898133,-202094046.9943851,0.022703281254283274,-0.178298176182751,-0.01734942628952612,-0.001812622436911286,2021-04-05,2022-10-02,False,False,False,False,True,0.0,0,0,False,[],翰翊集团
2022-09-30,季报,2022-10-27,无保留意见,False,1121408189.5829701,692775807.7794743,428632381.8034958,0.6177730947703388,194219126.42262194,969928.2424479722,14588.431136001887,8111887.1052999,25450244.98391692,492.7212345395433,315477350.7014988,529851489.37845325,40000000,10.715809545087396,-46886365.22509321,-43207223.54309695,27210077.426852368,-5665277.262811791,-0.14163193157029477,-5089412.226276087,-14965270.51787492,-187268530.75854543,10402141.495392954,-191831659.7810274,0.06498384800546404,-0.2709288140229772,0.035308006290536424,0.09458709161239927,2021-04-05,2022-11-29,False,True,False,False,False,0.0,2,0,True,"['公司为增强投资者回报水平拟采取的措施', '留存未分配利润的预计用途以及收益情况', '结合前述财务报表列报项目的具体情况说明现金分红方案确定的依据及未来增强投资者回报的规划']",翰翊集团
2022-12-31,年报,2023-03-30,保留意见,False,1523223804.6935177,1032387722.6490507,490836082.0444671,0.6777649610437736,261809899.82355168,1332603.496309315,22412.68762947832,13095311.19621968,38853663.04109429,661.0337986054404,475463134.13518417,791490201.4417592,40000000,12.270902051111678,-47207249.85128205,-43505026.53112368,880007.1734797488,-458406.60884121805,-0.011460165221030452,-425432.84003817756,-240848390.70696595,-286742092.6988684,13398588.14484575,-514191895.2609886,0.1451213274630479,0.45937344694699034,0.059991866273434793,0.08186428301794253,2021-04-05,2023-05-14,False,True,False,False,False,0.0,0,0,True,['公司为增强投资者回报水平拟采取的措施'],翰翊集团
2023-03-31,季报,2023-04-30,无保留意见,False,2084415368.0403717,1538188700.2727993,546226667.7675724,0.7379473035256412,388878083.39182407,2047359.1732064052,32304.8992827232,16414322.288035767,55705144.77841087,857.963467014757,617356602.4384656,1099346585.2651677,40000000,13.65566669418931,-34956839.801589936,-32521605.34806426,71769795.8858102,17500585.785274453,0.43751464463186135,15690601.690084888,-164298886.94113767,-387882266.1570098,17241490.82603497,-534939662.2721124,0.11284945779126147,1.0856869691715716,0.06018234248186757,0.00011410990792817981,2021-04-05,2023-06-06,False,False,False,False,False,0.0,0,0,False,[],翰翊集团
2023-06-30,半年报,2023-08-27,无保留意见,False,2535466291.5211735,1866065108.7063797,669401182.8147938,0.7359849803354391,509432586.3764124,2498190.6176730846,39481.034736301226,23246595.80263232,68033966.62782636,1015.2218640278455,833012360.3806448,1397120791.8166037,40000000,16.735029570369846,-29520691.810894154,-27412409.383378923,17530722.456512332,7765925.7009939775,0.19414814252484944,7298851.37812191,-328964068.71517223,-474833329.12012106,21979710.149959896,-781817687.6853334,0.22550073497992246,-0.28215926955174847,-0.001962323190201992,-0.019284917058853948,2021-04-05,2023-09-18,True,False,False,False,False,6836414.604603234,0,0,True,['结合前述财务报表列报项目的具体情况说明现金分红方案确定的依据及未来增强投资者回报的规划'],翰翊集团
2023-09-30,季报,2023-10-27,无保留意见,False,2105977226.8068569,1449199749.904186,656777476.9026709,0.6881364771933001,397764367.87954146,1911654.3103315486,30357.341505936056,18904689.550603673,47444442.87475147,930.5971089596578,701106641.4384857,1094419144.497177,40000000,16.41943692256677,-33765985.28311388,-31129853.136083093,26905267.371059243,-6064704.960313896,-0.1516176240078474,-5310633.932434529,-229611727.95559254,-432661178.3038641,16958915.252283428,-645313991.0071732,-0.018858206761812275,-0.5584540157427986,-0.047848503142139065,-0.11612293091000027,2021-04-05,2023-12-15,False,False,False,False,True,0.0,0,0,False,[],翰翊集团
2023-12-31,年报,2024-03-30,无保留意见,False,2502443098.7132406,1717204956.168721,785238142.5445198,0.686211389602309,456071865.75097585,2269729.3662619484,33306.377033151184,20399420.95863944,56140525.37761518,966.1769243349944,684935212.0315812,1203594833.490818,40000000,19.630953563612994,-36801173.89580041,-33830294.346381865,15201484.279403312,-4335983.732409328,-0.1083995933102332,-3857773.1575696757,-318964952.84538066,-468081866.0652232,19665936.724987295,-767380882.1856166,0.1955923736113226,0.15808638190654525,-0.001925087590991045,0.06184938036200028,2021-04-05,2024-05-08,False,False,True,True,True,0.0,0,4,True,"['充分披露高送转的主要考虑及其合理性且送转股后每股收益不低于0.5元', '是否影响偿债能力、过去十二个月内是否使用过募集资金补充流动资金以及未来十二个月内是否计划使用募集资金补充流动资金等内容']",翰翊集团
2024-03-31,季报,2024-04-30,非标准无保留意见,False,2017238642.060366,1234291399.2385511,782947242.8218148,0.6118717803154273,379308916.3379664,2320207.098728829,33261.7523870161,18640681.816320222,54062645.47606068,935.2174616012035,648635397.8136142,1173237920.4662626,40000000,19.57368107054537,-39189177.18592402,-35909450.913158365,5275801.695079914,-3411433.271605162,-0.08528583179012905,-2970223.6668235767,-358875903.6386249,-403609007.9052184,18216682.378453318,-744268229.1653899,-0.00291745853720435,0.07300610179807206,-0.0743396092868817,0.10348816474462334,2021-04-05,2024-05-13,False,True,False,False,False,0.0,3,0,True,"['根据公司盈利能力、融资能力及其成本、偿债能力及现金流等情况披露现金分红方案的合理性，是否导致公司营运资金不足或者影响公司正常生产经营', '是否影响偿债能力、过去十二个月内是否使用过募集资金补充流动资金以及未来十二个月内是否计划使用募集资金补充流动资金等内容', '留存未分配利润的预计用途以及收益情况', '公司在相应期间是否按照中国证券监督管理委员会相关规定为中小股东参与现金分红决策提供了便利']",翰翊集团
2024-06-30,半年报,2024-08-27,无保留意见,False,2013799545.9526286,1179584163.6218603,834215382.3307683,0.5857505360911468,340300258.8104291,1972086.3331402438,28208.909740354575,17405565.05131002,51148327.011823356,825.1741349400254,610561147.1444676,1056790657.6574385,40000000,20.855384558269208,-33972885.7702432,-30780458.986139834,0.0,7451844.879544042,0.18629612198860104,7327131.324312187,-243502283.45176926,-355484818.7494934,17135041.342464287,-581852060.8587984,0.06548096309040995,0.7994425290232532,-0.026121244224280492,0.03688530405786289,2021-04-05,2024-09-07,True,False,False,False,False,9385786.816394944,0,0,True,"['上市公司控股子公司向母公司实施利润分配的情况', '公司为增强投资者回报水平拟采取的措施', '充分披露高送转的主要考虑及其合理性且送转股后每股收益不低于0.5元', '是否影响偿债能力、过去十二个月内是否使用过募集资金补充流动资金以及未来十二个月内是否计划使用募集资金补充流动资金等内容']",翰翊集团
2024-09-30,季报,2024-10-27,无保留意见,False,2099434278.457326,1197312805.2065122,902121473.2508138,0.5703025893653138,400397475.0148655,1887384.529379799,30047.446234869196,17031772.07898279,52395172.468370095,917.7133352963458,632852205.9698546,1154626757.287009,40000000,22.553036831270347,-28491473.991787113,-25311003.956779473,11783960.197309602,7830588.254937265,0.19576470637343163,7813507.184800522,-110163156.50403266,-389585436.18592525,18210767.083000913,-481537825.606957,0.08140114934145455,0.015489357848416235,-0.015447946725833083,0.04855833276382022,2021-04-05,2024-11-17,False,False,True,True,False,0.0,0,1,True,['充分披露高送转的主要考虑及其合理性且送转股后每股收益不低于0.5元'],翰翊集团
2024-12-31,年报,2025-03-30,无保留意见,False,2269558026.6524243,1396309465.7526293,873248560.899795,0.6152340893491813,427923935.78498065,2373204.0495098694,31856.8117305933,20708867.96607988,58680459.97964352,780.9816325160356,734242159.5266834,1237902056.9824595,40000000,21.831214022494876,-16788070.45702595,-15605947.485848024,64238372.5465344,16719147.906801663,0.4179786976700416,13864366.387044925,-202517235.78206882,-399671766.2185105,21019297.786925476,-581169704.2136539,-0.03200557043274301,0.35796814640897645,0.044931499983867605,-0.021114927827931354,2021-04-05,2025-05-09,False,True,True,False,False,0.0,0,3,True,"['充分披露高送转的主要考虑及其合理性且送转股后每股收益不低于0.5元', '结合所处行业特点、发展阶段和自身经营模式、盈利水平、偿债能力、资金需求等因素，未进行现金分红或现金分红水平较低原因的说明', '留存未分配利润的预计用途以及收益情况']",翰翊集团
2017-03-31,季报,2017-04-30,无保留意见,False,249868044.88490933,71081524.34312406,178786520.54178527,0.28447624975760555,75389149.58248265,0.0009036301388961604,105981.58892545787,106536.9459601542,6296119.519565961,444359.9157021783,8480064.035284728,90937705.14261721,40000000,4.469663013544632,2727265.7691971287,2288467.589474041,0.0,3896093.9559958987,0.09740234889989746,3269239.4135343446,2717862.5825598217,-21556488.51790962,-18091702.19723884,-36930328.13258864,-0.00674155254563751,0.16089410866643888,-0.015523750242394429,0.06982972728865823,2021-08-18,2017-05-27,False,False,False,False,False,0.0,0,0,False,[],沅霆医药
2017-06-30,半年报,2017-08-27,保留意见,False,274939302.57548624,84570649.76922469,190368652.80626154,0.30759752780708866,79869169.54712258,0.0010769322606617433,123399.6589136397,121191.0381358331,7549099.669837941,553187.0188359134,10725055.34913136,103243356.97196846,40000000,4.759216320156538,4823350.595500925,4137436.1305075507,7457551.588265003,2994406.8947197087,0.07486017236799272,2641383.6300478713,30929747.15570122,-23663074.267127536,-21635704.827153552,-14369031.938579869,0.06478190989666566,-0.043150986168755456,0.023121278049483093,-0.015169742985608085,2021-08-18,2017-10-07,False,False,False,False,False,0.0,0,0,False,[],沅霆医药
2017-09-30,季报,2017-10-27,无保留意见,False,305667513.71985894,118473153.52485424,187194360.1950047,0.38758830496273683,86072557.91626002,0.001123695372442344,129004.75406244757,145801.24273002753,8340354.708145269,578470.223176961,11748160.17453229,111908764.7883959,40000000,4.679859004875118,-1415930.4612315379,-1741117.3983649097,33378943.830431525,-8913258.652474947,-0.22283146631187367,-8397933.612674944,40532142.45224581,-28818688.805848535,-22139312.371699877,-10425858.725302603,-0.016674450149559563,-0.5955498260035575,0.07999077715564819,0.06276506008994828,2021-08-18,2017-12-02,False,False,False,False,False,0.0,0,0,False,[],沅霆医药
2017-12-31,年报,2018-03-30,无保留意见,False,294056973.54454166,111806644.87226559,182250328.67227608,0.3802210283420805,85084734.28957579,0.001078395933732748,111090.26815209632,136642.14510463452,7497749.712354341,536055.5108051754,11679935.383108051,107590291.0294343,40000000,4.556258216806902,-8050969.285802211,-7873960.519209103,33619115.140691325,-9478626.89224382,-0.23696567230609547,-8761204.458348848,14303185.03790857,-24132856.196990464,-22030906.087706633,-31860577.246788524,-0.02641122049605722,-0.06991298663730654,-0.00736727662065632,0.10522635893417229,2021-08-18,2018-04-26,False,False,False,False,False,0.0,0,0,False,[],沅霆医药
2018-03-31,季报,2018-04-30,保留意见,False,268352994.61257827,115550117.78411302,152802876.82846525,0.43059000683384563,83336797.03261213,0.0009820078293925308,110238.50127294412,127620.07705898196,7781427.135902387,495498.21481620724,11308429.557478322,104450001.5964881,40000000,3.8200719207116314,-16717492.623078948,-16094780.343752218,11677319.87264701,-12380747.624681056,-0.3095186906170264,-11744028.320775881,41983220.33804396,-21877349.537796143,-21407476.83900906,-1301606.038761247,-0.16157694780766868,-0.3858498562509173,0.05036897849176512,0.05307740121481992,2021-08-18,2018-05-29,False,False,False,False,False,0.0,0,0,False,[],沅霆医药
2018-06-30,半年报,2018-08-27,无保留意见,False,299054752.2460328,155882867.7059881,143171884.54004467,0.5212519330832872,96939084.58488587,0.0013501453321007593,142014.0127847248,172775.33185800535,8755616.22013502,630984.8873090676,13054655.990132004,126509813.70161949,40000000,3.5792971135011165,-23828846.43400671,-22336748.155715033,24039687.876851868,-10159076.872753948,-0.2539769218188487,-8917096.87423259,25706072.896898456,-24907139.57447988,-21150636.860720556,-20351703.538301982,-0.06302886757316906,0.4809589456072334,0.09066192624944164,0.04083413238594297,2021-08-18,2018-10-18,False,False,False,False,False,0.0,0,0,False,[],沅霆医药
2018-09-30,季报,2018-10-27,无保留意见,False,266752559.64422637,132441044.22010057,134311515.42412582,0.49649399577173703,84423879.09457852,0.0009179651297251267,116090.88366994602,126643.11058101963,6692851.821922617,498301.1969076013,10854531.519813076,98238569.37668824,40000000,3.3577878856031456,-31344017.514846258,-29130310.706579246,26798821.522948086,-10735958.686913641,-0.268398967172841,-9705089.35837745,22457978.813706864,-22329493.391199537,-22247913.934758496,-22119428.51225117,-0.061886236563720234,-0.08432806558841247,-0.024757937311550248,-0.0818591703872143,2021-08-18,2018-12-04,False,False,False,False,False,0.0,0,0,False,[],沅霆医药
2018-12-31,年报,2019-03-30,无保留意见,False,321144012.99294794,171274518.07872948,149869494.91421843,0.5333262061544038,99221971.63876161,0.0011559026638174351,149491.72043635056,147437.29922219634,8582925.424094696,567915.4972002504,11929351.03442765,118816722.15953706,40000000,3.7467373728554607,-39496768.37415582,-36179056.950654835,49312748.30560559,-11646786.941870797,-0.2911696735467699,-10069637.491536556,40003855.32600247,-27751520.004893083,-24124563.187085066,-11872227.865975678,0.11583503797841903,-0.1454058505416179,0.03683221038266681,-0.016906383811703157,2021-08-18,2019-05-12,False,False,False,False,False,0.0,0,0,False,[],沅霆医药
2019-03-31,季报,2019-04-30,无保留意见,False,273302054.54756355,138601081.93258473,134700972.61497882,0.5071351628220694,86741751.50152296,0.000929616913424522,111630.78025140092,133161.41273240477,7264554.099100688,493194.39513568376,10613931.070304237,100703413.33552402,40000000,3.3675243153744705,-47484383.13072569,-43693085.10064066,34606610.404099934,-11410878.223671246,-0.28527195559178115,-10734325.928551184,53937779.52746825,-23228732.73618325,-20920444.27189647,9788602.51938853,-0.1012115394658646,0.044068621151050216,-0.026191043332334494,0.060830588871387224,2021-08-18,2019-05-30,False,False,False,False,False,0.0,0,0,False,[],沅霆医药
2019-06-30,半年报,2019-08-27,无保留意见,False,334480608.5022361,202841716.03480604,131638892.46743011,0.6064378946902387,106669897.60204859,0.0011591593541431537,139359.29819841715,156340.8517913113,8519984.09649972,634869.4441159595,11062171.666718611,120352319.36989023,40000000,3.2909723116857528,-52477808.370901294,-48022690.797520585,23810107.78259542,-7133464.628822291,-0.17833661572055728,-6185150.995542737,32493231.59288134,-29304006.47806015,-26073650.777576815,-22884425.662755623,-0.022732427896427855,0.7653105024415123,0.09930273186816936,0.026448654666184096,2021-08-18,2019-09-29,False,False,False,False,False,0.0,0,0,False,[],沅霆医药
2019-09-30,季报,2019-10-27,无保留意见,True,339583461.46679854,205080489.93828535,134502971.52851322,0.6039177793066235,109925695.77175152,0.0012460908604878106,146781.31838475523,157638.11815718474,9181402.098205803,728164.9241990797,12949083.815119443,126747384.59959072,40000000,3.3625742882128304,-56360457.50233493,-51451699.37891605,26089825.944788758,-5546641.61633377,-0.13866604040834424,-4898583.687707817,61294372.12211643,-29474726.16081083,-23399142.773795288,8420503.187510315,0.021757088709871426,0.16082879681594983,-0.0025201153836152718,-0.00045287094133236125,2021-08-18,2019-12-04,False,False,False,False,False,0.0,0,0,False,[],沅霆医药
2019-12-31,年报,2020-03-30,无保留意见,False,247528841.3798939,141429326.74062285,106099514.63927107,0.5713650415531366,72118949.97472955,0.0010140799090177866,113380.6241722469,117224.5200470533,6785909.832536854,445867.0267632539,10212311.813979536,92263794.64987242,40000000,2.6524878659817768,-54958964.39242702,-50281227.8846304,4808442.683285418,2002133.0141541623,0.05005332535385406,1672102.1346937865,31383973.601754628,-22025810.75624566,-20594510.984231602,-11236348.138722636,-0.21117345264911802,0.6590883108358266,-0.032552737753486834,-0.08316547606843923,2021-08-18,2020-04-20,False,False,False,False,False,0.0,0,0,False,[],沅霆医药
2020-03-31,季报,2020-04-30,保留意见,False,288844827.8498369,159427570.2462529,129417257.60358398,0.5519488489132139,85205061.20436184,0.0011392248220130786,131964.04029088642,135017.57411017307,7845857.088258707,588572.8304047935,11998589.710612847,111038880.9681702,40000000,3.2354314400895996,-50637511.10334288,-46293764.59518262,13211938.644671801,6173504.698691618,0.15433761746729044,5696376.127782541,53191709.5525587,-26370773.635440942,-23904729.425305426,2916206.4918123297,0.21977238108573027,0.219521233823083,-0.019416192639922687,-0.008984972765085725,2021-08-18,2020-06-06,False,False,False,False,False,0.0,0,0,False,[],沅霆医药
2020-06-30,半年报,2020-08-27,无保留意见,False,338198553.54741323,205871749.75899038,132326803.78842288,0.6087304265484639,98339022.91508232,0.0012431193496902863,147440.9480591614,146700.6378313795,8352376.433361625,655038.7027899914,13181051.951226005,124526568.96913823,40000000,3.308170094710572,-52778923.47514909,-48185463.68727093,11846999.523757191,-3059160.5311517306,-0.07647901327879326,-2702427.274411872,12880858.271159159,-30804588.603087865,-25974579.712836966,-43898310.04476567,0.022481902635822323,-0.3984147132636622,0.05678157763524992,-0.0725157007872291,2021-08-18,2020-10-17,False,False,False,False,False,0.0,0,0,False,[],沅霆医药
2020-09-30,季报,2020-10-27,保留意见,False,308174091.6368226,180335565.84372127,127838525.79310133,0.5851743243109592,92874876.79872215,0.0010820348254844238,116688.47913831096,128696.32788679186,7225758.830171294,566584.7805022842,9944167.800998813,105413041.81414734,40000000,3.195963144827533,-52170078.18717793,-47669365.619601905,2745234.9500755034,869778.9828159474,0.021744474570398683,737282.9538128924,19011360.72915313,-25457104.52295707,-25776266.65747637,-32222010.45128031,-0.03391813197950335,0.2818294782568262,-0.023556102237504706,0.023914182482701142,2021-08-18,2020-11-12,False,False,False,False,False,0.0,0,0,False,[],沅霆医药
2020-12-31,年报,2021-03-30,无保留意见,False,320734649.8933503,174041754.67742607,146692895.21592423,0.5426347129482203,96361560.91158749,0.0011884539189894185,138908.2967208042,144884.3010769991,8241420.924251796,560619.6700529921,12269344.936522448,116897747.39099935,40000000,3.667322380398106,-47010135.033625014,-43106854.52553628,3692202.2231772505,7371347.362218443,0.18428368405546108,6517872.991522326,30852556.519552242,-29419812.67205056,-23380955.85235637,-21948212.00485469,0.14748581701683197,0.36383037449173683,-0.042539611362738906,0.14915436234304,2021-08-18,2021-05-19,False,False,False,False,False,0.0,0,0,False,[],沅霆医药
2021-03-31,季报,2021-04-30,无保留意见,False,369428300.50165594,217652291.7874076,151776008.7142483,0.5891597679220897,122865053.22145529,0.001368112760420638,187720.8744178092,190724.07779999872,9745147.763400996,799647.6731406443,14580100.483854618,146379012.92748672,40000000,3.7944002178562073,-42131349.281985596,-38382036.44635438,9675074.309933953,6969693.9309134595,0.1742423482728365,6749740.113116993,34517905.425415136,-33747169.87594126,-29526719.00574619,-28755983.456272315,0.03465139528974461,-0.016480559130991935,0.04652505497386934,0.22819786870446743,2021-08-18,2021-05-31,False,False,False,False,False,0.0,0,0,False,[],沅霆医药
2021-06-30,半年报,2021-08-27,无保留意见,False,345955351.3470484,204890900.18077958,141064451.16626883,0.5922466566364551,108627388.64452024,0.0014404367096868221,166901.09701909858,171290.25664308883,9674990.668710716,735943.97088201,13828243.254394224,141495547.05368924,40000000,3.526611279156721,-34811818.80776614,-31564015.04716452,24098568.276980557,10456472.106027793,0.2614118026506948,9740030.57027123,38372616.27021802,-30646421.588151027,-26609853.59702347,-18883658.914956473,-0.0705747742263163,0.1454661117144042,0.003086888714365541,0.05093818878619266,2021-08-18,2021-09-12,False,True,False,False,False,0.0,2,0,True,['充分披露高送转的主要考虑及其合理性且送转股后每股收益不低于0.5元'],沅霆医药
2021-09-30,季报,2021-10-27,无保留意见,False,300726514.081336,162675825.40271625,138050688.6786198,0.540942742942573,100162969.72411893,0.0011798622405615978,143977.23437168787,141715.3804824452,8403468.590980023,627724.2630501076,11047183.96586853,114519342.19785458,40000000,3.451267216965495,-24998087.579262216,-22741093.721918877,23376828.72568491,14019616.04071989,0.3504904010179972,12604173.32177949,24786719.592594367,-28068874.113371108,-24081172.51066065,-27363327.03143739,-0.021364436346169042,0.12977428130360003,-0.051303913693882076,-0.004462425853310845,2021-08-18,2021-11-21,False,False,False,True,False,0.0,0,0,False,[],沅霆医药
2021-12-31,年报,2022-03-30,无保留意见,False,308117395.36376476,172063349.2599504,136054046.10381436,0.5584343884797924,92055292.93612966,0.0010867637690257883,137444.5439173457,159494.55823993153,7626381.336017854,563940.7587061139,11610489.681357592,113631770.57411195,40000000,3.401351152595359,-10279158.812910536,-9579317.175245943,100086299.15207607,21027041.09478811,0.5256760273697028,18802537.92381848,6732957.224406412,-26919122.054008584,-21475206.628607083,-41661371.45820926,-0.014463112020060925,0.2259030235857682,0.01749164553721931,0.019466855588033342,2021-08-18,2022-04-17,False,False,False,True,False,0.0,0,0,False,[],沅霆医药
2022-03-31,季报,2022-04-30,无保留意见,False,283287767.9697664,156664701.157091,126623066.81267539,0.5530231759735241,74493096.08915666,0.000962212745200784,122519.64599510486,122738.04238906234,6786713.0961535815,491814.5281278822,10112434.570409868,98815733.71314012,40000000,3.165576670316885,7792573.782356236,6037805.517129689,109715736.47302887,25816760.850381106,0.6454190212595277,22310175.274822332,34917858.04965026,-24282316.237879213,-21585216.60998211,-10949674.798211064,-0.06931788918605761,0.12595562572575392,-0.0054112125062682525,0.0316542438824609,2021-08-18,2022-06-28,False,False,False,False,False,0.0,0,0,False,[],沅霆医药
2022-06-30,半年报,2022-08-27,无保留意见,False,309205315.91677415,174583478.1167698,134621837.80000436,0.5646199115275261,104539972.90720141,0.0011541168223397117,135178.08433924272,125984.95814086797,8295031.628408452,589139.6162526149,11418935.652259529,114392838.38839777,40000000,3.3655459450001093,27100396.803254783,24072108.314318724,55694161.825069346,27582604.315569356,0.6895651078892339,25763289.710270055,3195567.32494131,-27869034.601857852,-25600190.791023683,-50273658.06794022,0.06316993568922372,0.04124187421273679,0.011596735554002018,-0.09501175697555292,2021-08-18,2022-10-04,False,False,True,False,True,0.0,0,0,True,"['是否影响偿债能力、过去十二个月内是否使用过募集资金补充流动资金以及未来十二个月内是否计划使用募集资金补充流动资金等内容', '结合前述财务报表列报项目的具体情况说明现金分红方案确定的依据及未来增强投资者回报的规划', '结合所处行业特点、发展阶段和自身经营模式、盈利水平、偿债能力、资金需求等因素，未进行现金分红或现金分红水平较低原因的说明', '公司为增强投资者回报水平拟采取的措施']",沅霆医药
2022-09-30,季报,2022-10-27,无保留意见,False,290363455.318117,150934843.10407168,139428612.21404535,0.5198134969798804,78616718.89044061,0.0010183040119505344,121347.56949411567,129292.96441213488,7519664.62134757,488901.99455022765,9777740.147822348,103697143.13699071,40000000,3.4857153053511336,37706718.30088918,33717361.00395464,32948794.873913612,15151887.853763424,0.3787971963440856,13778932.413765602,56319354.306360744,-25367748.780960564,-19503161.577006668,11448443.948393513,0.035705755415269075,-0.2788243677694892,-0.04480641454764568,0.01276153680761623,2021-08-18,2022-12-24,False,False,False,False,False,0.0,0,0,False,[],沅霆医药
2022-12-31,年报,2023-03-30,无保留意见,False,345184943.5759314,203178250.92653948,142006692.6493919,0.5886069329146326,114980188.48595932,0.001338715068588718,179746.71706999568,154768.34593589522,9444020.613156114,631003.4367001008,14279175.813888457,132959367.26308651,40000000,3.550167316234797,53749809.11438494,49895865.890561774,22499383.30675103,22918701.162136793,0.5729675290534199,23112149.83801018,39984693.76384742,-27278212.77321679,-25152206.485616177,-12445725.49498555,0.018490325582447713,0.24156632244113316,0.06879343593475216,-0.014935371588696003,2021-08-18,2023-05-06,False,False,False,True,True,0.0,0,0,False,[],沅霆医药
2023-03-31,季报,2023-04-30,无保留意见,False,347801015.594503,218138003.01384923,129663012.58065374,0.6271919667657719,116739886.80465119,0.0013083885853861293,152740.50365340395,163391.89097460115,9952183.07163926,724209.0666773538,14926941.328395078,140027043.87426013,40000000,3.2415753145163437,65438498.58962506,60354967.50971661,31484371.06035631,16698127.821771607,0.41745319554429017,14941573.741649758,6479344.199593597,-29901335.796405148,-24219318.133493457,-47641309.73030501,-0.08692322762008216,-0.15583105560221597,0.038585033851139316,0.051752357324019706,2021-08-18,2023-06-21,False,False,False,True,True,0.0,0,0,False,[],沅霆医药
2023-06-30,半年报,2023-08-27,非标准无保留意见,False,613970008.1101564,464420347.99737006,149549660.11278638,0.7564218803242345,186779785.2892746,0.0020636501868233287,278943.4615475058,283610.0390414365,17160471.283288747,1148107.996358981,21739309.593838546,226251492.50983047,40000000,3.73874150281966,70565969.99046241,65513626.64975175,10020496.870202549,7324959.144053347,0.1831239786013337,7369513.057193077,108489427.42643447,-53777420.10579257,-47098730.807645686,7613276.512996219,0.15337178379811772,-0.278151021543175,0.12922991355846253,-0.0007898412499106939,2021-08-18,2023-09-14,False,True,False,False,False,0.0,3,0,True,"['结合所处行业特点、发展阶段和自身经营模式、盈利水平、偿债能力、资金需求等因素，未进行现金分红或现金分红水平较低原因的说明', '公司在相应期间是否按照中国证券监督管理委员会相关规定为中小股东参与现金分红决策提供了便利', '是否影响偿债能力、过去十二个月内是否使用过募集资金补充流动资金以及未来十二个月内是否计划使用募集资金补充流动资金等内容', '充分披露高送转的主要考虑及其合理性且送转股后每股收益不低于0.5元']",沅霆医药
2023-09-30,季报,2023-10-27,非标准无保留意见,False,959348350.4197569,813088129.3381386,146260221.08161825,0.8475421143762607,257114567.5458881,0.003152182361789976,366717.66512583743,416788.9733368722,24431916.291713435,1616525.9037273165,31725636.507708326,326921254.30424684,40000000,3.6565055270404563,68143524.81525148,63192361.44702502,15114412.14882648,-3460635.964587044,-0.0865158991146761,-3316093.1467524837,55626518.22275736,-84157875.53769338,-78181810.27158701,-106713167.58652303,-0.021995630272160692,-0.4433962270920037,0.09112023405202622,-0.02654767091756285,2021-08-18,2023-12-14,False,False,True,True,True,0.0,0,3,True,['公司为增强投资者回报水平拟采取的措施'],沅霆医药
2023-12-31,年报,2024-03-30,无保留意见,False,1407597733.984959,1261654514.8819618,145943219.102997,0.8963175234093148,433885493.825702,0.0049011545332356046,583671.7024325359,636579.1347873452,35650925.76245227,2771962.0290369517,55179795.686199516,508133560.5078238,40000000,3.6485804775749253,65676771.32161418,60917066.969724126,8028041.785312342,-3523933.5623390004,-0.08809833905847501,-3250420.681858424,161132875.82261395,-132005530.68450244,-116541195.69324255,-87413850.55513103,-0.0021673834230317057,-0.004675079094291224,0.04877540903305403,-0.10385622437187703,2021-08-18,2024-05-22,False,False,False,False,False,0.0,0,0,False,[],沅霆医药
2024-03-31,季报,2024-04-30,无保留意见,False,1705107677.9383328,1534596910.1444995,170510767.79383326,0.9,475126833.7590499,0.00643866132780543,786585.0244775616,839855.6394055289,44942182.940754615,3264867.338528757,66874885.254746564,655489286.1072382,40000000,4.2627691948458315,60329865.649501495,55906745.57168438,30900827.581110153,-7638436.674446696,-0.19096091686116742,-7157601.997199633,313687870.1468809,-143997770.78002772,-137874571.61347425,31815527.753378958,0.16833634917630602,-0.30531929559274557,0.04134908782585703,0.11247676941143789,2021-08-18,2024-06-28,False,False,False,False,False,0.0,0,0,False,[],沅霆医药
2024-06-30,半年报,2024-08-27,无保留意见,False,1597821100.3803992,1405578094.7184615,192243005.66193762,0.8796842740303219,554575051.1140137,0.006931279756049714,779206.6081940336,778135.1906523262,46390269.67041949,3665574.028376907,67056638.23668227,673683780.9297786,40000000,4.80607514154844,55125002.08890663,51254187.88256499,18282369.66608623,-7435519.372278383,-0.18588798430695957,-6646510.984456274,20334179.216550216,-145551676.0495732,-120801346.02355014,-246018842.85657313,0.1274537564359636,0.02167557865195769,-0.05798233720484991,0.031198425086541803,2021-08-18,2024-10-04,False,False,False,True,True,0.0,0,0,False,[],沅霆医药
2024-09-30,季报,2024-10-27,无保留意见,False,1899650802.9878163,1709685722.6890347,189965080.29878157,0.9,571977064.016128,0.006450351664467934,948695.1625905742,866617.8261797226,48558380.71334212,3891045.448580442,74910167.36439559,739663076.7484626,40000000,4.749127007469539,49809611.92119739,46328999.959395565,0.0,-7593414.525298912,-0.1898353631324728,-7035982.747384899,214524130.5309231,-159856613.87641773,-145907864.96784472,-91240348.31333935,-0.011849197609622495,-0.01650849211434302,0.028680221780491223,0.07424512053876338,2021-08-18,2024-11-11,False,False,False,False,False,0.0,0,0,False,[],沅霆医药
2024-12-31,年报,2025-03-30,无保留意见,False,1927386629.4894483,1734647966.5405035,192738662.9489448,0.9,675589903.9349627,0.00724353741468709,919188.8083854369,961118.3549155602,54910397.56373177,3959252.8802906317,83722135.62628947,766639278.4829284,40000000,4.8184665737236205,47505282.84555763,44310823.183523245,8492340.469997507,-3291898.679485373,-0.08229746698713433,-2883109.679817591,108178503.6167669,-183081683.13254917,-153825438.6421601,-228728618.15794235,0.014600486814739393,0.4572877009816601,0.12508694615929825,0.05201608317718553,2021-08-18,2025-04-25,False,False,False,False,False,0.0,0,0,False,[],沅霆医药
2017-03-31,季报,2017-04-30,无保留意见,False,241548582.437679,67144163.87038821,174404418.56729078,0.27797374421649446,70958297.09144652,46.383607093816096,40957867.5069729,859.228571646117,1883262.8551221436,613814.600940525,5621978.457634267,119166058.34262308,40000000,4.360110464182269,6141066.00803861,5419004.898606043,25804516.854127094,8772951.440055158,0.21932378600137895,7741435.569437205,-22212053.168463957,-16231479.886116264,98619967.29261352,60176434.2380333,-0.031086563515051267,0.4318306355586199,-0.022026255783505536,0.09727756541675707,2021-01-28,2017-05-15,False,False,False,False,False,0.0,0,0,False,[],颢瑗地产
2017-06-30,半年报,2017-08-27,无保留意见,False,243603253.1754008,57948646.10374908,185654607.0716517,0.23788124890936707,64558559.12316942,45.547701687599165,36883827.776597545,891.7213495326497,1778155.0234926115,546460.034455295,5233823.252690498,111803352.24699539,40000000,4.641365176791292,13776431.503721358,12509779.284957327,51061386.96204233,10907664.993832499,0.2726916248458125,10129677.694787549,-23423826.115719914,-15775884.973146101,91631898.77876982,52432187.6899038,0.0645063272867725,0.08282767143462144,-0.040092495307127364,0.04159049525490073,2021-01-28,2017-10-13,False,False,False,False,False,0.0,0,0,False,[],颢瑗地产
2017-09-30,季报,2017-10-27,无保留意见,False,235967484.8605308,52726969.97851016,183240514.88202062,0.22345015038692545,57042691.4707876,45.07058183325782,39442166.74829173,831.0819122705343,1582207.6180632857,565217.2002874381,5237367.707708781,110426500.81579578,40000000,4.581012872050516,24023150.92993669,22211037.673301294,63804180.758768,14638170.60887904,0.36595426522197605,13858940.5547771,-32469341.759599768,-15207462.445099637,95280806.33147635,47604002.12677694,-0.013003136457041278,0.13367315452120304,-0.01443109852244165,0.04699780797580954,2021-01-28,2017-12-02,False,False,False,False,False,0.0,0,0,False,[],颢瑗地产
2017-12-31,年报,2018-03-30,无保留意见,False,273329852.9116104,63360560.677272,209969292.23433843,0.2318098810003076,74143599.57715812,55.01541272350939,44215738.76405675,1022.4956401964132,1961851.7499026696,751083.1228759425,5620900.566350796,130694662.1633682,40000000,5.2492323058584605,42484156.51769122,38616879.82159078,15755133.222340085,26372865.125363618,0.6593216281340905,23436917.35469927,-36331538.84427369,-16944770.442732416,108479910.6227274,55203601.33572129,0.14586718100812535,0.37090306710689874,0.008359730613382172,0.18129622372590404,2021-01-28,2018-05-26,False,False,False,False,False,0.0,0,0,False,[],颢瑗地产
2018-03-31,季报,2018-04-30,非标准无保留意见,False,296426402.63262707,78339710.99112172,218086691.64150533,0.2642804766895587,87822266.68203415,63.589960054600496,48468742.712462395,1120.576077989668,2211340.6664773175,793638.3175116719,6858604.932461596,147359681.69532746,40000000,5.452167291037633,68068372.94372346,62333959.47633857,99402664.90615085,36548880.60861747,0.9137220152154367,33881542.363925405,-13078999.286362074,-19842984.278858002,107540892.63011914,74618909.06489907,0.03865993603534863,0.23461709190392216,0.03247059568925107,-0.06174982373113215,2021-01-28,2018-06-22,False,False,False,False,False,0.0,0,0,False,[],颢瑗地产
2018-06-30,半年报,2018-08-27,无保留意见,False,329394699.0975796,110850792.77418359,218543906.323396,0.3365287695214101,96953353.75277005,65.35245640789503,52842984.00624092,1297.0740080221583,2818102.88763751,822638.8200169456,8485403.383400138,160426544.36830825,40000000,5.4635976580848995,67324261.52802435,61693245.20626998,2064699.5263991735,-1063016.3081415724,-0.02657540770353931,-915306.1000979795,-40545324.63941773,-21538227.43315381,130605835.86895053,68522283.79637899,0.002096481350830089,-0.7023843727315239,0.07224829283185141,0.082494687302193,2021-01-28,2018-09-15,False,False,False,False,False,0.0,0,0,False,[],颢瑗地产
2018-09-30,季报,2018-10-27,无保留意见,False,376592973.6248735,139025492.91030377,237567480.71456972,0.369166454626389,114056246.56324153,74.62324648651068,72130980.36731015,1529.6515872556076,3072871.104104857,1069268.0170302626,9173257.16066855,199287372.47814757,40000000,5.939187017864243,70665523.18356928,64459823.38366491,4583780.225889607,4773230.936492749,0.11933077341231871,3952254.5391356177,-7898923.616792298,-24069275.070962805,146565094.78337154,114596896.09561643,0.08704692210920341,0.3662077691411476,0.03263768510497891,-0.09328226754649048,2021-01-28,2018-12-12,False,False,False,False,False,0.0,0,0,False,[],颢瑗地产
2018-12-31,年报,2019-03-30,无保留意见,False,416038695.22317195,156377025.63159138,259661669.5915806,0.3758713490525381,124449100.05129161,78.49787096222492,76116113.652371,1319.321679899145,3056399.7284910264,1091177.7660932068,10224386.229965001,210684435.79943007,40000000,6.491541739789515,86589474.52394338,79226905.85938162,59113750.65651948,22748501.91482015,0.5687125478705037,21095832.10816671,-12485517.895698432,-27367077.445652276,161840626.78761214,121988031.44626144,0.09300173917134884,0.8255674608310049,0.00670489442614911,0.0839013502306639,2021-01-28,2019-05-25,False,False,False,False,False,0.0,0,0,False,[],颢瑗地产
2019-03-31,季报,2019-04-30,保留意见,False,545603972.5007002,240009914.05594766,305594058.44475263,0.43989766598636637,176235670.66670692,110.84359166571534,97131109.77149771,2029.9217807899977,4279225.249058466,1592208.000276354,13621848.495052952,282583563.865343,40000000,7.639851461118816,103676911.64515767,95098827.65356936,111399599.0072876,24410624.45887755,0.6102656114719387,22674173.99169676,-98847864.00170864,-39319530.89154302,206253713.1784231,68086318.28517145,0.1768932200328936,0.04181597957123712,0.06402631693382824,0.19915451851086313,2021-01-28,2019-06-13,False,False,False,False,False,0.0,0,0,False,[],颢瑗地产
2019-06-30,半年报,2019-08-27,无保留意见,False,586177835.06691,296139270.3696347,290038564.69727534,0.5052038010543873,167363254.86795714,118.38584907370048,99078813.48245662,2149.534381375451,4161083.9472399442,1535830.951083187,13827128.663278894,294403096.3974903,40000000,7.2509641174318835,114457083.50773673,104211979.44071148,38563776.82111224,15400245.517970074,0.38500613794925187,13018788.267345902,-20303296.89537361,-39497335.72137417,221919878.1632269,162119245.5464791,-0.05090247443501748,-0.21758616438772016,0.06530613506802098,-0.016026228956791642,2021-01-28,2019-10-13,False,False,False,False,False,0.0,0,0,False,[],颢瑗地产
2019-09-30,季报,2019-10-27,无保留意见,False,649691285.8992635,325536475.4149903,324154810.4842732,0.5010633241977416,194941396.8262352,125.38053957111238,118125811.93631545,2762.6222371567856,5632139.916334287,1873752.5700629503,15903458.473386675,340970448.31470066,40000000,8.10387026210683,128437797.78935194,115994999.1858747,0.0,19972448.97373601,0.49931122434340025,16832885.35023318,-13800513.270265928,-46439377.70762982,249533044.82060495,189293153.84270918,0.11762658466678826,0.14111632127077764,-0.004140476856645804,-0.03566734363285286,2021-01-28,2019-11-19,False,False,False,False,False,0.0,0,0,False,[],颢瑗地产
2019-12-31,年报,2020-03-30,无保留意见,False,625982480.4297322,300082062.6128582,325900417.816874,0.47937773339415846,184406282.87953758,127.97715883745998,106636825.32517712,2490.4256395715797,5018282.418955617,1680460.403514227,14402206.267244201,321632011.3152794,40000000,8.147510445421851,164669805.80630863,148269437.9414922,115800281.8379796,51760011.45279531,1.2940002863198827,46106341.07945354,-23359949.275508497,-40783748.668498285,237526553.11304638,173382855.1690396,0.005385103895243731,0.8597635093536846,-0.021685590803583083,0.09501612734884604,2021-01-28,2020-05-26,False,False,False,False,False,0.0,0,0,False,[],颢瑗地产
2020-03-31,季报,2020-04-30,无保留意见,False,517453811.03705555,202541745.75622422,314912065.28083134,0.3914199517640038,139740382.8298053,98.67033730272571,88659969.6245991,1999.1857905644076,3630355.8550819457,1369892.7765224066,11588636.667721389,245570282.9616366,40000000,7.872801632020783,194309357.94298846,175363866.32290614,101110593.53562136,42342217.33811405,1.0585554334528513,38706326.259162776,-47945877.16865015,-34437921.174961455,193928734.6041901,111544936.26057851,-0.03371690226619195,-0.13696615104764365,-0.08795778163015462,0.07170432651618423,2021-01-28,2020-05-19,False,False,False,False,False,0.0,0,0,False,[],颢瑗地产
2020-06-30,半年报,2020-08-27,无保留意见,False,569133497.9001558,208842661.0105396,360290836.88961625,0.366948460740888,170138110.61972934,117.896032825217,101186936.08835046,2177.7474805790202,4476295.611610686,1409075.2620565114,13625433.541352378,288057513.4384048,40000000,9.007270922240407,214472931.18450454,194079269.46064398,120751485.05388856,28805104.630737253,0.7201276157684313,26736290.196768347,-35203473.37238363,-38105410.88845684,215597845.52030167,142288961.2594612,0.1440998190028608,-0.22811942853847902,-0.024471491023115816,0.0694945681151506,2021-01-28,2020-10-14,False,False,False,False,False,0.0,0,0,False,[],颢瑗地产
2020-09-30,季报,2020-10-27,无保留意见,False,616203406.1949083,243772745.48815906,372430660.7067492,0.395604345963405,176876007.45231807,114.21746549690435,91628256.12655301,2184.3833890337564,4495978.439885281,1486764.1462637412,14258812.249512022,292265527.88695806,40000000,9.31076651766873,237555483.59981903,213243767.051697,33998656.00939722,32975074.87902078,0.8243768719755195,27377853.701504275,-60867522.77177089,-45746045.02416952,231680137.41057345,125066569.61463305,0.03369451169487381,0.0910372387946753,0.02865588522251699,-0.05552103752280595,2021-01-28,2020-11-09,False,False,False,False,False,0.0,0,0,False,[],颢瑗地产
2020-12-31,年报,2021-03-30,无保留意见,False,571726730.8919921,220665406.46079934,351061324.4311927,0.3859630738561469,175853511.57184204,119.00218066851355,108023090.90644008,2017.1479642305178,4570048.488847645,1547353.7022473488,12909554.317088766,294484098.70943487,40000000,8.776533110779818,277117498.15786105,250229191.09776416,110512765.04821476,56517163.654345706,1.4129290913586428,52836320.06581027,-32130031.39671561,-38463661.04448282,210274369.86592832,139680677.42472988,-0.057378026382158304,0.4710766083355636,-0.009641272107258105,-0.04027675642962023,2021-01-28,2021-05-17,False,False,False,False,False,0.0,0,0,False,[],颢瑗地产
2021-03-31,季报,2021-04-30,无保留意见,False,562081025.4450349,206906712.15427196,355174313.2907629,0.3681083381002782,145321898.2828673,103.89716653127856,85627489.92612866,1984.2700325939495,3738859.5214758655,1357984.3816657627,11613953.990882212,257153941.31281763,40000000,8.879357832269072,313601208.18031263,281354201.84906703,186848402.6832583,52119585.74635948,1.302989643658987,44464301.073289804,-57113388.69000667,-40584521.38170033,211854701.4091878,114156791.33748078,0.01171587005841306,-0.0598170235274885,-0.01785473575586866,0.10754968799326932,2021-01-28,2021-05-21,True,False,True,False,False,45032371.33101758,0,9,True,"['公司为增强投资者回报水平拟采取的措施', '上市公司控股子公司向母公司实施利润分配的情况', '留存未分配利润的预计用途以及收益情况', '是否影响偿债能力、过去十二个月内是否使用过募集资金补充流动资金以及未来十二个月内是否计划使用募集资金补充流动资金等内容']",颢瑗地产
2021-06-30,半年报,2021-08-27,无保留意见,False,446233733.62364984,130171706.89689237,316062026.72675747,0.29171193723932626,130669189.20890051,83.6664191533238,69129916.30873792,1581.867399178327,3630152.148972521,1064325.7673011636,9828698.714639742,212617267.67908016,40000000,7.9015506681689365,367969966.9402996,329094619.9468168,114463676.31525989,77669655.3714099,1.9417413842852473,68200597.28249969,-15548883.522236979,-29589120.231350105,165827850.43469933,120689846.68111224,-0.11012138293904788,0.3696502134548185,-0.076396400860952,0.05259925551435077,2021-01-28,2021-10-18,True,False,False,False,False,74031967.40542278,0,0,True,"['是否影响偿债能力、过去十二个月内是否使用过募集资金补充流动资金以及未来十二个月内是否计划使用募集资金补充流动资金等内容', '结合所处行业特点、发展阶段和自身经营模式、盈利水平、偿债能力、资金需求等因素，未进行现金分红或现金分红水平较低原因的说明']",颢瑗地产
2021-09-30,季报,2021-10-27,无保留意见,False,486853464.0917872,135631032.69573876,351222431.3960484,0.2785869726710377,141108596.23700947,93.89477618462092,81619965.05513218,1589.7722308787233,3826325.3818897484,1291946.5353892674,10746210.883255903,227464749.78852418,40000000,8.78056078490121,394603975.89361346,353525950.93085647,141022145.39039785,38048584.21901981,0.9512146054754952,34901901.405770935,-16249825.966968022,-32559950.85919004,196705058.5828483,147895281.75669026,0.11124526737179972,-0.41851922875337294,-0.01312496456828856,0.00012282729229959704,2021-01-28,2021-11-26,False,False,False,True,False,0.0,0,0,False,[],颢瑗地产
2021-12-31,年报,2022-03-30,无保留意见,True,482217818.65280366,127800214.93392962,354417603.71887404,0.2650259073606437,137900716.6089174,93.108086973158,66484261.687615655,1726.483236262731,3427092.774464004,1194531.5652462256,10309497.079330474,216816481.0614692,40000000,8.860440092971851,428434822.0399062,382430316.62336785,154653246.20515662,48329780.208989605,1.2082445052247401,41291950.98930201,-57878164.96870481,-32931968.435712323,184788188.38875577,93978054.98433864,0.009097290028217592,0.1867658566669831,-0.013561065310393977,0.05543166357477399,2021-01-28,2022-05-09,False,True,True,True,False,0.0,1,5,True,['是否影响偿债能力、过去十二个月内是否使用过募集资金补充流动资金以及未来十二个月内是否计划使用募集资金补充流动资金等内容'],颢瑗地产
2022-03-31,季报,2022-04-30,无保留意见,False,469953942.60498405,125605846.91261247,344348095.6923716,0.2672726740334838,126145685.30287315,101.4427594662534,76943159.79153611,1800.533390532888,3647918.406834745,1336555.5897766862,11729372.44063037,237238976.31523344,40000000,8.60870239230929,445759291.1393859,398736999.5564588,115830672.90214047,24749241.570685275,0.6187310392671319,23295261.332987107,-30422186.95876273,-28325258.04920808,193882577.85082826,135135132.84285745,-0.028411421782789444,-0.3609462417119776,0.002246766672840094,-0.04626204506457991,2021-01-28,2022-06-14,False,False,False,False,False,0.0,0,0,False,[],颢瑗地产
2022-06-30,半年报,2022-08-27,无保留意见,False,482488014.57807,154785273.93017423,327702740.64789575,0.3208064641057086,142960547.157762,90.3674107476228,79914225.32191925,1711.7140656261822,3592819.561460989,1279738.2126468827,10644432.243823087,223786907.88363934,40000000,8.192568516197394,464924697.1011994,415857522.0354471,66875519.514515966,27379151.374019235,0.6844787843504809,24457889.255697627,-17700269.16729086,-35624260.89632117,195447688.0721135,142123158.00850147,-0.04833874574217533,0.06299299590583651,0.05353379007222481,-0.0622989214003408,2021-01-28,2022-09-29,False,False,False,True,False,0.0,0,0,False,[],颢瑗地产
2022-09-30,季报,2022-10-27,无保留意见,False,423625359.0584708,129466533.83457045,294158825.2239003,0.30561563670861563,121248386.58406448,84.8016167682923,81519770.1823944,1517.2000370871913,3211751.0228230376,1121923.2019997283,10330461.327411573,211425296.98369244,40000000,7.353970630597508,473852505.2901169,424120196.410488,19769460.947615374,12754011.698453702,0.31885029246134255,11803820.535772651,-59656604.408234455,-29219956.026320066,170494611.51779875,81618051.08324423,-0.10236080222483439,-0.32954978233602467,-0.01519082739709298,0.07170978492624341,2021-01-28,2022-11-11,True,False,False,True,False,15665617.948747449,0,0,True,"['上市公司控股子公司向母公司实施利润分配的情况', '结合所处行业特点、发展阶段和自身经营模式、盈利水平、偿债能力、资金需求等因素，未进行现金分红或现金分红水平较低原因的说明', '根据公司盈利能力、融资能力及其成本、偿债能力及现金流等情况披露现金分红方案的合理性，是否导致公司营运资金不足或者影响公司正常生产经营', '公司为增强投资者回报水平拟采取的措施']",颢瑗地产
2022-12-31,年报,2023-03-30,无保留意见,False,478648330.6819243,147279134.91682905,331369195.76509523,0.30769800180228835,129730532.84464623,99.04359989845095,82590132.46064466,1747.054673745781,3818863.76676879,1150250.873946047,10969989.157346008,237349567.00373968,40000000,8.28422989412738,484528482.46059805,433971636.8347283,46638155.73974,15251395.957830142,0.38128489894575357,14073486.320343258,-58619776.33786422,-30588507.828389164,199626505.41092795,110418221.24467456,0.1264975494543537,0.08393437109209151,0.0020823650936727103,-0.09155226434236532,2021-01-28,2023-05-09,True,False,False,False,False,4076389.7738947677,0,0,True,"['结合前述财务报表列报项目的具体情况说明现金分红方案确定的依据及未来增强投资者回报的规划', '留存未分配利润的预计用途以及收益情况', '根据公司盈利能力、融资能力及其成本、偿债能力及现金流等情况披露现金分红方案的合理性，是否导致公司营运资金不足或者影响公司正常生产经营', '上市公司控股子公司向母公司实施利润分配的情况']",颢瑗地产
2023-03-31,季报,2023-04-30,无保留意见,False,510281629.36943907,165929519.69042355,344352109.6790155,0.3251724344759669,148542673.3670438,90.0026926763185,79046405.7235837,1591.182312830033,3333325.626423034,1250460.17119836,11170760.502570368,236290559.68990907,40000000,8.608802741975389,506851823.15301055,453780903.04222685,75552766.46106614,31890486.70344639,0.7972621675861598,28298951.724998046,-33626188.79997317,-33375411.302070852,196423629.91719472,129422029.81515071,0.03917960413895489,0.5159184665176185,0.01747443267367854,-0.09488814044238526,2021-01-28,2023-05-27,False,False,False,False,False,0.0,0,0,False,[],颢瑗地产
2023-06-30,半年报,2023-08-27,无保留意见,False,482583642.017136,155143941.39712232,327439700.62001365,0.3214861174088726,152259036.79989308,97.45690859975221,78455001.00571445,1876.1175853079887,3783718.791161893,1213633.760754812,11039372.382243954,242661375.64836815,40000000,8.185992515500342,518904910.5866845,464028049.1556485,53181102.60836143,17218696.33382003,0.43046740834550073,14638780.16203096,-23870313.438480854,-32929989.98008116,178689879.82280123,121889576.40423922,-0.049113708276004364,-0.3000949951392509,-0.0036863170670942565,-0.011367685562660254,2021-01-28,2023-09-15,False,True,False,False,True,0.0,0,0,True,"['留存未分配利润的预计用途以及收益情况', '上市公司控股子公司向母公司实施利润分配的情况', '根据公司盈利能力、融资能力及其成本、偿债能力及现金流等情况披露现金分红方案的合理性，是否导致公司营运资金不足或者影响公司正常生产经营', '是否影响偿债能力、过去十二个月内是否使用过募集资金补充流动资金以及未来十二个月内是否计划使用募集资金补充流动资金等内容']",颢瑗地产
2023-09-30,季报,2023-10-27,保留意见,False,389558691.3748151,121349017.07856059,268209674.2962545,0.31150381127501087,102722273.1304997,73.36534753829964,57257760.40553643,1306.9146055925034,2854224.7451376063,953154.6446219856,9411074.553008994,183215311.3878999,40000000,6.705241857406362,534458183.52905196,477091273.3503347,35389808.526028566,22218961.346239246,0.5554740336559811,18661748.84955165,-16994927.5126884,-26105114.328758106,144065260.95708004,100965219.11563353,-0.18088834741665707,0.14612669529076147,-0.009982306133861734,0.056351193619907695,2021-01-28,2023-12-10,True,True,False,False,False,10153253.550625557,4,0,True,"['充分披露高送转的主要考虑及其合理性且送转股后每股收益不低于0.5元', '是否影响偿债能力、过去十二个月内是否使用过募集资金补充流动资金以及未来十二个月内是否计划使用募集资金补充流动资金等内容']",颢瑗地产
2023-12-31,年报,2024-03-30,无保留意见,False,381609808.46386635,123571130.01324576,258038678.45062062,0.32381539277166244,101578249.13112256,71.98746128103829,63747706.13177843,1236.1521108716286,2784555.4962344845,981063.3794668752,7884067.954106642,180531959.0598599,40000000,6.450966961265515,569804838.4819809,506218693.37800956,198704413.10445386,50495221.361327186,1.2623805340331797,41610600.03953551,-38369462.910173014,-27007203.857430052,140651358.80152163,75274692.03391856,-0.03792180827302815,0.7209844178547931,0.012311581496651566,0.02416315282030631,2021-01-28,2024-05-04,False,True,False,True,False,0.0,3,0,True,"['根据公司盈利能力、融资能力及其成本、偿债能力及现金流等情况披露现金分红方案的合理性，是否导致公司营运资金不足或者影响公司正常生产经营', '充分披露高送转的主要考虑及其合理性且送转股后每股收益不低于0.5元', '上市公司控股子公司向母公司实施利润分配的情况']",颢瑗地产
2024-03-31,季报,2024-04-30,无保留意见,False,468030299.6340503,159426354.56622076,308603945.06782955,0.3406325502662437,147637411.40185505,97.29061325220786,83632899.65161248,1787.3576338327646,3775311.8435572404,1212803.3180900083,11805880.608931275,244956105.286355,40000000,7.715098626695739,589620236.6343212,524905576.7777858,55298029.55421708,28307711.64620041,0.7076927911550103,26695547.71396597,-24048615.71655606,-30701033.70349158,178795273.41565943,124045623.99561179,0.19596002785638716,-0.3287271197519115,0.0168171574945813,-0.039760329741656115,2021-01-28,2024-06-04,False,True,False,False,False,0.0,2,0,True,"['上市公司控股子公司向母公司实施利润分配的情况', '是否影响偿债能力、过去十二个月内是否使用过募集资金补充流动资金以及未来十二个月内是否计划使用募集资金补充流动资金等内容', '结合所处行业特点、发展阶段和自身经营模式、盈利水平、偿债能力、资金需求等因素，未进行现金分红或现金分红水平较低原因的说明']",颢瑗地产
2024-06-30,半年报,2024-08-27,无保留意见,False,484018219.3237098,143547465.3329574,340470753.9907524,0.2965745081528704,130782452.63534014,86.41877587995509,71716717.14640373,1573.0497746413248,3200725.6876661284,1078018.6249428503,10021765.10710928,211664462.53512028,40000000,8.51176884976881,606800746.5944939,540010594.292951,78685838.61736123,24543585.657389358,0.6135896414347339,21578596.450236022,-57379488.54557693,-32314902.87185189,189068530.45010495,99374139.03267613,0.10326118454486607,-0.08307914595652983,-0.04405804211337335,0.09066235868363187,2021-01-28,2024-10-16,False,False,False,False,False,0.0,0,0,False,[],颢瑗地产
2024-09-30,季报,2024-10-27,无保留意见,False,584646437.0806823,228397595.26638836,356248841.81429386,0.3906593468812487,177876011.69706213,120.5969684442886,104160595.19320925,2207.6422688919142,4366387.63439514,1476220.5357822345,15115629.716774514,297315455.6881381,40000000,8.906221045357347,615919610.5557349,547482312.7363505,39642892.558520146,13026948.516058713,0.32567371290146785,10673883.490570668,-88140420.12327695,-43140597.69783001,201573699.51448548,70292681.69337852,0.04634197692049052,-0.2772181784285194,0.09408483872837826,0.11018659852535401,2021-01-28,2024-12-11,False,False,True,True,False,0.0,0,0,True,"['留存未分配利润的预计用途以及收益情况', '是否影响偿债能力、过去十二个月内是否使用过募集资金补充流动资金以及未来十二个月内是否计划使用募集资金补充流动资金等内容', '根据公司盈利能力、融资能力及其成本、偿债能力及现金流等情况披露现金分红方案的合理性，是否导致公司营运资金不足或者影响公司正常生产经营', '充分披露高送转的主要考虑及其合理性且送转股后每股收益不低于0.5元']",颢瑗地产
2024-12-31,年报,2025-03-30,非标准无保留意见,False,633646609.191355,268298062.09686947,365348547.0944856,0.42341907650901056,158491512.98381886,130.66420263032924,110820838.40022548,2455.9289512482974,4967520.987622442,1703949.0584223878,14337504.072522214,310331103.9002714,40000000,9.13371367736214,634262405.0959855,563552934.0034444,79271357.66226065,26203992.200358026,0.6550998050089506,22958030.38156277,-17070994.959302906,-41157371.86244799,221198557.38832837,162970190.5665775,0.025543115407334463,0.4388405860572912,0.032759729627761865,-0.01286069472164373,2021-01-28,2025-04-18,True,True,False,False,False,34208802.46201828,4,0,True,"['根据公司盈利能力、融资能力及其成本、偿债能力及现金流等情况披露现金分红方案的合理性，是否导致公司营运资金不足或者影响公司正常生产经营', '上市公司控股子公司向母公司实施利润分配的情况', '是否影响偿债能力、过去十二个月内是否使用过募集资金补充流动资金以及未来十二个月内是否计划使用募集资金补充流动资金等内容']",颢瑗地产
2017-03-31,季报,2017-04-30,无保留意见,False,281906760.4072559,98877256.79799688,183029503.60925904,0.3507445392765824,609393.2076737804,4.767776670856569e-05,30908153.57503341,104094882.01244476,1543249.9162348649,16541767.974874916,52471242.60274445,198053903.49062443,40000000,4.575737590231476,3072193.8676312296,2717034.896276913,13340677.24113575,4388848.382330328,0.1097212095582582,3881478.4232527334,-31743420.422822814,-22079127.41482877,56438259.2382071,2615711.4005555212,0.016830575606994636,0.18826935457390725,0.05074453927658241,0.05823760627494239,2021-03-25,2017-06-20,False,False,False,False,False,0.0,0,0,False,[],翊祺食品
2017-06-30,半年报,2017-08-27,无保留意见,False,325583205.8544105,140668649.13880122,184914556.7156093,0.4320513055016214,763012.665735142,5.678755463304497e-05,33479214.01920025,120387328.70007268,1792464.8559401985,21520875.907514803,65512786.76574229,248849513.42387804,40000000,4.622863917890233,11217832.83308222,10071623.975318914,40680701.09564301,11636627.093501415,0.29091567733753537,10506555.82720286,-44961125.15172324,-25099110.926384598,58064899.58074131,-11995336.497366525,0.010299176193880752,0.33885782822971416,0.08130676622503898,0.08290817027017713,2021-03-25,2017-09-30,False,False,False,False,False,0.0,0,0,False,[],翊祺食品
2017-09-30,季报,2017-10-27,非标准无保留意见,False,334181253.35379046,133360263.12381133,200820990.22997913,0.3990656620783743,727522.5097156108,5.7938734452058354e-05,31279890.130743265,113014232.7637245,1801410.6687621416,20091078.48646842,55026699.828208424,229597834.7664771,40000000,5.020524755749478,29880297.001433138,26764854.053711988,89064183.96197455,26660663.097644165,0.6665165774411042,23847471.540561534,-55855317.69623078,-25493715.541110557,62487813.211443506,-18861220.025897823,0.08602045072543017,0.5246440495623939,-0.0329856434232471,0.08116263509197764,2021-03-25,2017-12-24,False,False,False,False,False,0.0,0,0,False,[],翊祺食品
2017-12-31,年报,2018-03-30,无保留意见,False,289901672.3216603,101379004.30187804,188522668.01978222,0.3497013435279291,689398.119654461,5.0463981094961106e-05,32556674.310430612,102176774.7512686,1411682.3457930654,17206045.03602887,56446005.57516477,209970350.02424762,40000000,4.713066700494555,53651830.44458536,50319902.397577554,108529923.70545772,33959333.49021747,0.8489833372554367,33650069.0626651,-51011245.71537695,-22771877.35455464,54834234.276370496,-18948888.7935611,-0.06124022292745862,0.16716810682078523,-0.0493643185504452,0.19459911542352307,2021-03-25,2018-04-21,False,False,False,False,False,0.0,0,0,False,[],翊祺食品
2018-03-31,季报,2018-04-30,无保留意见,False,330761959.36944646,119816468.84768717,210945490.52175927,0.3622437993658681,615201.5014732443,4.601323449731754e-05,31670568.124669485,102154639.99011642,1605340.722087146,17378236.652294245,54144133.64041747,210460161.53331172,40000000,5.273637263043982,52984050.807843536,49727170.33272232,3590394.261422601,-953970.9096311796,-0.02384927274077949,-846760.092650327,-61216852.9478368,-28040391.593603533,67074193.80086293,-22183050.740577407,0.11893966246872856,-0.6851208995217896,0.01254245583793902,0.04066156445292395,2021-03-25,2018-05-15,False,False,False,False,False,0.0,0,0,False,[],翊祺食品
2018-06-30,半年报,2018-08-27,非标准无保留意见,False,396162246.4778154,150815150.05018726,245347096.4276281,0.38069036459442823,892956.1903557888,7.143284844205384e-05,41305592.07107827,137899244.60225546,2209154.2957455874,26284457.02321633,76879337.17372777,292575070.8238284,40000000,6.133677410690702,55462066.90836393,51904037.03500329,10554046.317962145,3540023.000743415,0.08850057501858538,3109809.574687095,-40168208.659346946,-29572777.267771315,75616333.98459202,5875348.057473764,0.1630829169221813,0.28006891206946577,0.01844656522856014,0.0755484756202277,2021-03-25,2018-10-19,False,False,False,False,False,0.0,0,0,False,[],翊祺食品
2018-09-30,季报,2018-10-27,无保留意见,False,492860904.26365435,224840804.74341023,268020099.5202441,0.4561952526531347,1205394.1289717336,7.676157685123914e-05,48447717.75691563,184591801.1341386,2403057.5134363477,29303282.8679286,78308767.74736881,335978281.3836456,40000000,6.700502488006102,62448122.28499664,57818033.78226299,16897968.757583287,9980079.10947531,0.24950197773688276,8448566.781799572,-66083628.40879938,-37638125.69120036,91049588.53634661,-12672165.563653126,0.09241194790052905,0.31353694728086756,0.07550488805870648,0.04563091819856017,2021-03-25,2018-12-20,False,False,False,False,False,0.0,0,0,False,[],翊祺食品
2018-12-31,年报,2019-03-30,无保留意见,False,475296464.00089836,211408605.33431858,263887858.66657975,0.44479313722375813,1209207.8015996562,8.881430818925774e-05,54183426.62056566,189588105.1543703,2839516.3944622423,32153791.872411493,95540098.51012866,374366203.91418433,40000000,6.597196466664494,70293448.29213075,64995537.50454741,56025330.989971474,11207608.58162015,0.28019021454050375,10253576.746120602,-69841069.76526041,-38522425.528758205,88276728.58362055,-20086766.710398078,-0.015417652859099285,0.045497623159812525,-0.01140211542937655,0.07736903385902769,2021-03-25,2019-04-15,False,False,False,False,False,0.0,0,0,False,[],翊祺食品
2019-03-31,季报,2019-04-30,无保留意见,False,521886435.2114778,246380388.8609805,275506046.3504973,0.4720957898841397,1386417.4334393458,0.00010243920198205559,62568116.802412786,212745615.8594631,3262777.7079514554,30580477.139465507,111783207.05079274,411195503.7207349,40000000,6.8876511587624325,89857983.1693758,83175516.76478718,35740503.082368724,27949335.53892152,0.698733388473038,25971398.94319967,-50891773.22557661,-40557353.21619245,96495107.38941953,5045980.947650462,0.04402698836780139,0.593518125042693,0.027302652660381576,0.04297286177550031,2021-03-25,2019-06-21,False,False,False,False,False,0.0,0,0,False,[],翊祺食品
2019-06-30,半年报,2019-08-27,无保留意见,False,695915025.3181968,390210940.54487234,305704084.77332443,0.5607163609759025,1753630.6366453161,0.00011589191827769458,73717003.10239875,249470888.09870008,4082016.5390034937,39930386.75421993,144113898.11040208,524280643.8950691,40000000,7.642602119333111,108834054.65084586,101850485.0475774,79548487.82410692,27108673.544957206,0.6777168386239302,26678526.118271753,-74705126.51986772,-53757163.39390838,120546681.405343,-7915608.508433104,0.1096093491335191,-0.018702434282624383,0.08862057109176275,-0.030602725185228385,2021-03-25,2019-09-08,False,False,False,False,False,0.0,0,0,False,[],翊祺食品
2019-09-30,季报,2019-10-27,无保留意见,False,1002694467.7048483,683109630.1444374,319584837.56041086,0.6812739594625116,2489882.7890564376,0.0001613729092991407,99164061.9277149,396618112.5776009,5338350.260527817,67305563.25617154,192504916.26635194,732748597.4384584,40000000,7.989620939010272,145810654.84036443,136803694.50653893,0.0,52823714.556455106,1.3205928639113775,49933156.36994506,-56488858.164177224,-70800506.19160624,192854690.071588,65565325.71580455,0.04540584662903271,0.5829928434662214,0.12055759848660914,-0.03540173447131686,2021-03-25,2019-11-20,False,False,False,False,False,0.0,0,0,False,[],翊祺食品
2019-12-31,年报,2020-03-30,无保留意见,False,1428497719.3954744,1144078768.0065691,284418951.3889053,0.8008964609973137,3406116.2538798302,0.00021764758013676224,154983384.65304923,483549126.0399203,7496028.932504338,88493957.70446989,263370469.4389916,974503739.462632,40000000,7.1104737847226325,138544428.5123626,130477988.5943921,39946782.220001884,-10380323.325716924,-0.2595080831429231,-9036722.731638316,-148844066.40492922,-112950944.77175182,280694351.760921,18899340.58423996,-0.11003615327920005,-0.9051944354961119,0.11962250153480203,0.11439057938594525,2021-03-25,2020-04-27,False,False,False,False,False,0.0,0,0,False,[],翊祺食品
2020-03-31,季报,2020-04-30,无保留意见,False,1596826572.9239354,1280304660.6060884,316521912.3178471,0.8017806581598486,4074965.292113037,0.0002683013134301007,166954245.61764625,572587132.8168458,9798268.085105393,97649504.87764718,301413742.982426,1186921127.6528893,40000000,7.913047807946177,130645883.75075896,123426784.56183442,15010887.851905225,-11283635.37371946,-0.28209088434298646,-10073148.617939554,-187781857.45618683,-118561597.8153353,322286068.2715993,15942613.000077128,0.1128720880664709,-0.13645863573848416,0.0008841971625348144,0.13072407644130674,2021-03-25,2020-05-24,False,False,False,False,False,0.0,0,0,False,[],翊祺食品
2020-06-30,半年报,2020-08-27,无保留意见,False,1281169735.7151852,992199468.970272,288970266.7449131,0.7744481010678872,2802550.0587315094,0.00019788282833650152,130266197.38823856,385641553.85104984,6327536.622418912,72133646.21920921,210879672.55932936,857711087.4991573,40000000,7.224256668622828,122204387.23899245,115910045.9025939,12669654.011781242,-12059280.731095001,-0.30148201827737503,-10738198.084629327,-14945655.629311232,-91085684.29914567,253106739.7373442,147075399.8088873,-0.08704498646294978,-0.13568857273547116,-0.02733255709196124,0.1754353657892332,2021-03-25,2020-10-05,False,False,False,False,False,0.0,0,0,False,[],翊祺食品
2020-09-30,季报,2020-10-27,非标准无保留意见,False,2273188922.028682,1933758890.419801,339430031.60888135,0.8506811165937054,4475456.002606634,0.0003561884735960841,208841245.46400008,803807629.2186426,11217453.969149826,129217694.03902818,384746251.83812207,1522185572.5843935,40000000,8.485750790222033,117682748.38926844,111617281.13056539,29298851.34862588,-6459484.0710343085,-0.1614871017758577,-6132521.102897867,-357630455.21850055,-187118833.6906367,418078666.9882584,-126670621.92087883,0.17461922789624357,1.13339705319905,0.07623301552581806,0.10518112642662612,2021-03-25,2020-12-18,False,False,False,False,False,0.0,0,0,False,[],翊祺食品
2020-12-31,年报,2021-03-30,无保留意见,False,2991738435.341131,2640142050.25299,351596385.08814126,0.8824775652394055,6303588.135793187,0.00045489773825362165,314779731.2844626,1066693892.5143796,16029471.361947615,170153274.6928519,581195794.6832914,2103967759.366697,40000000,8.789909627203532,116991569.0909097,110937072.51558271,1627164.7500530393,-987398.9976553358,-0.024684974941383397,-971726.5928324177,-516427072.9841483,-261462517.90269038,552129509.6219349,-225760081.26490378,0.03584347979344081,0.5191477447836781,0.031796448645700026,0.16049578205102008,2021-03-25,2021-05-11,False,True,False,False,False,0.0,4,0,True,"['公司在相应期间是否按照中国证券监督管理委员会相关规定为中小股东参与现金分红决策提供了便利', '根据公司盈利能力、融资能力及其成本、偿债能力及现金流等情况披露现金分红方案的合理性，是否导致公司营运资金不足或者影响公司正常生产经营', '留存未分配利润的预计用途以及收益情况']",翊祺食品
2021-03-31,季报,2021-04-30,无保留意见,False,3904969164.798518,3514472248.3186665,390496916.4798517,0.9,8424849.790743528,0.0005634622563068519,420225827.03754956,1288488959.2785726,20647712.794614177,250115432.87692648,686073707.720204,2741087390.276248,40000000,9.762422911996293,114829638.23496334,108920330.92844854,4925059.61052911,-3088472.6513519567,-0.07721181628379892,-2881059.4101916472,-588460573.5707257,-293479934.3704952,765098667.8425412,-116841840.09867966,0.11063973647498829,-0.1312137642965667,0.08071509168727148,0.03906954040813164,2021-03-25,2021-05-17,False,True,False,False,False,0.0,4,0,True,"['结合所处行业特点、发展阶段和自身经营模式、盈利水平、偿债能力、资金需求等因素，未进行现金分红或现金分红水平较低原因的说明', '根据公司盈利能力、融资能力及其成本、偿债能力及现金流等情况披露现金分红方案的合理性，是否导致公司营运资金不足或者影响公司正常生产经营', '结合前述财务报表列报项目的具体情况说明现金分红方案确定的依据及未来增强投资者回报的规划']",翊祺食品
2021-06-30,半年报,2021-08-27,无保留意见,False,4218512507.728659,3796661256.9557934,421851250.77286583,0.9,8764751.959369272,0.0006514605588043562,406977384.78010833,1497667210.2521029,23460105.574781366,249026879.16228706,716366290.1313044,2927426298.984953,40000000,10.546281269321646,121441502.53709364,115010865.67892231,39720821.24266019,9445520.431614716,0.2361380107903679,8700763.929248232,-494573717.71196634,-343770601.82189023,800267819.1470089,-38076500.386847734,0.08029342350679453,0.900978934148791,-0.012616879304168068,0.016554025753147128,2021-03-25,2021-10-05,False,False,False,False,False,0.0,0,0,False,[],翊祺食品
2021-09-30,季报,2021-10-27,无保留意见,False,4409651624.22094,3968686461.798846,440965162.42209387,0.9,11328408.182881208,0.0007409813709751855,471445328.51133525,1530943505.9746842,22630356.009659734,258662136.03053418,783772664.0121049,3223443166.0215473,40000000,11.024129060552347,140493589.53654423,132134077.64009726,77641055.18715347,27217267.142072283,0.6804316785518071,24461731.37310707,-392871099.95753837,-312455310.1399185,814456327.3691472,109129917.27169025,0.04530960051489683,0.6720134987100517,-0.03857909507733332,-0.02154791580373865,2021-03-25,2021-11-24,False,True,False,True,False,0.0,2,0,True,"['根据公司盈利能力、融资能力及其成本、偿债能力及现金流等情况披露现金分红方案的合理性，是否导致公司营运资金不足或者影响公司正常生产经营', '公司在相应期间是否按照中国证券监督管理委员会相关规定为中小股东参与现金分红决策提供了便利', '结合所处行业特点、发展阶段和自身经营模式、盈利水平、偿债能力、资金需求等因素，未进行现金分红或现金分红水平较低原因的说明', '上市公司控股子公司向母公司实施利润分配的情况']",翊祺食品
2021-12-31,年报,2022-03-30,保留意见,False,4749835567.053492,4274852010.3481426,474983556.7053491,0.9,10486743.697242878,0.0007866459785013294,484214239.08686054,1720530561.9044862,25693222.768440675,275153748.0867588,842068580.3902614,3418915622.659507,40000000,11.874588917633726,168876349.3517157,158693477.73353004,68851496.24136674,40546799.735959224,1.0136699933989806,37942000.13347538,-661160821.0814493,-386861947.5014112,950384460.8799449,-97638307.70291555,0.07714531029254547,0.30145536925786226,0.05184568175929841,0.04243793210495829,2021-03-25,2022-04-18,False,False,False,False,False,0.0,0,0,False,[],翊祺食品
2022-03-31,季报,2022-04-30,非标准无保留意见,False,4932182781.92117,4438964503.7290535,493218278.1921169,0.9,10389488.644228134,0.000710070380792585,464463801.0941954,1607528702.0076826,24563668.288854335,275696524.6844683,762374925.3016181,3233363098.148797,40000000,12.330456954802923,186058319.81677234,175843559.09099877,38263809.22342661,24545672.09293805,0.6136418023234512,24500116.224955317,-348845915.0510875,-326607632.32194734,999424216.6396086,323970669.2665738,0.03839021631243464,-0.2780541701091774,-0.0538292947473051,0.18184906711780582,2021-03-25,2022-06-13,False,False,True,False,True,0.0,0,7,True,['结合前述财务报表列报项目的具体情况说明现金分红方案确定的依据及未来增强投资者回报的规划'],翊祺食品
2022-06-30,半年报,2022-08-27,无保留意见,False,4587161740.430335,4128445566.3873014,458716174.04303336,0.9,10533211.300195387,0.0007185034701427155,517450243.8109996,1740788580.5189474,25726066.046012945,303277939.157089,921770730.9372822,3297467977.2883015,40000000,11.467904351075834,208368388.48304188,193969281.27779594,121306615.558701,31871526.666099384,0.7967881666524846,25893888.83828167,-313918417.52053463,-352506081.65890414,902939839.2539307,236515340.07449186,-0.0699530120326247,0.17633255653617372,0.08339912899308592,-0.057820948758276355,2021-03-25,2022-10-16,False,False,False,False,False,0.0,0,0,False,[],翊祺食品
2022-09-30,季报,2022-10-27,无保留意见,False,4962554845.834599,4466299361.251139,496255484.58345973,0.9,12264144.746446006,0.0009582145783233004,572295929.7140366,1791491705.7688668,29855986.397243943,332725838.2537394,973144914.9312303,3777271546.8741636,40000000,12.406387114586494,229034964.19518626,213782342.50798622,28290892.665608726,29523679.58877764,0.738091989719441,28304373.18598609,-987046824.5417773,-390443197.436222,959178267.3323029,-418311754.6456963,0.08183559391325232,-0.04804120594314019,0.022913060859094902,0.03695241112632174,2021-03-25,2022-11-29,True,False,False,False,True,36648392.6502916,0,0,True,['充分披露高送转的主要考虑及其合理性且送转股后每股收益不低于0.5元'],翊祺食品
2022-12-31,年报,2023-03-30,非标准无保留意见,False,5101625649.587051,4591463084.628346,510162564.958705,0.9,11472643.636155393,0.0009082002529750813,528113503.39168155,1824744744.5042324,26474993.535952497,311683237.8105179,1015438257.9548184,3606633100.6857905,40000000,12.754064123967625,269984172.1805074,249506464.42637795,61674147.42687179,58498868.55045882,1.4624717137614704,51034459.88341676,-486663920.1381175,-374459306.4327169,997229555.3826686,136106328.81183422,0.028024033602204578,0.6228051869025109,-0.0038779884986116075,0.1925061299584654,2021-03-25,2023-05-16,False,False,False,True,False,0.0,0,0,False,[],翊祺食品
2023-03-31,季报,2023-04-30,非标准无保留意见,False,5559071977.148579,5003164779.433721,555907197.7148577,0.9,12878721.043669924,0.0009823696945010585,565954805.1076083,2041803009.346801,34855936.100690626,326522078.14136565,1121870700.6274047,4191827356.781444,40000000,13.897679942871443,302334960.66383743,279209751.43884766,196606047.51072204,46215412.11904284,1.155385302976071,42433267.16067101,-677599121.6547148,-468145258.9948673,1124963415.6718292,-20780964.977752924,0.08966677662806471,-0.16269722536578768,0.010432481824087654,0.1610595550480723,2021-03-25,2023-05-10,False,True,False,False,True,0.0,0,0,True,['充分披露高送转的主要考虑及其合理性且送转股后每股收益不低于0.5元'],翊祺食品
2023-06-30,半年报,2023-08-27,无保留意见,False,4972709983.144603,4475438984.830143,497270998.31446016,0.9,12059276.486372564,0.0008771621823162402,553661064.3856231,1651225465.8473077,26546393.976961337,314737199.3804539,922659718.6013584,3592738635.4775124,40000000,12.431774957861505,374242660.00934917,344520442.0372337,203705820.56060737,102725284.77930242,2.5681321194825606,93300986.56912297,-226455048.13107333,-353876919.715026,1015477105.6599375,435145137.8138381,-0.1054783957492019,0.8939255597012347,0.0037198393702337898,-0.033382279807314535,2021-03-25,2023-09-12,True,False,False,False,True,66772048.62312911,0,0,True,"['根据公司盈利能力、融资能力及其成本、偿债能力及现金流等情况披露现金分红方案的合理性，是否导致公司营运资金不足或者影响公司正常生产经营', '是否影响偿债能力、过去十二个月内是否使用过募集资金补充流动资金以及未来十二个月内是否计划使用募集资金补充流动资金等内容']",翊祺食品
2023-09-30,季报,2023-10-27,无保留意见,False,5287538571.582048,4758784714.423843,528753857.1582047,0.9,11830675.707959767,0.0009288105913905614,513627175.8559882,1877676553.6853302,26351782.415805206,300056597.17766035,928788587.347742,3752712764.204773,40000000,13.218846428955118,453425027.509629,418774476.93020564,485777655.4045053,113117667.85754272,2.827941696438568,106077192.70424554,-475691153.24838,-403022056.04129916,1013059341.8693596,134346132.57968044,0.06331127081703584,0.08680190736148398,-0.0914132561883955,0.05694227335140564,2021-03-25,2023-11-20,True,False,False,False,False,50932649.474449694,0,0,True,"['留存未分配利润的预计用途以及收益情况', '结合所处行业特点、发展阶段和自身经营模式、盈利水平、偿债能力、资金需求等因素，未进行现金分红或现金分红水平较低原因的说明', '根据公司盈利能力、融资能力及其成本、偿债能力及现金流等情况披露现金分红方案的合理性，是否导致公司营运资金不足或者影响公司正常生产经营', '公司为增强投资者回报水平拟采取的措施']",翊祺食品
2023-12-31,年报,2024-03-30,无保留意见,False,4613550561.370239,4152195505.2332153,461355056.1370238,0.9,12289405.355595753,0.0007960135952564489,552248208.0311918,1854474431.543793,26365560.567327425,307163070.9544661,920601387.3832076,3518199098.077128,40000000,11.533876403425595,506993623.13392985,467803934.9293001,140371776.97619566,76526565.17757264,1.913164129439316,70042082.85584922,-201940627.44718844,-365383547.86955094,849264201.5945449,281940026.27780557,-0.1274672517443499,-0.28121548197460217,0.10092433701744664,-0.09259425597838972,2021-03-25,2024-05-24,True,True,False,False,False,75475405.50373793,1,0,True,"['公司为增强投资者回报水平拟采取的措施', '结合所处行业特点、发展阶段和自身经营模式、盈利水平、偿债能力、资金需求等因素，未进行现金分红或现金分红水平较低原因的说明']",翊祺食品
2024-03-31,季报,2024-04-30,无保留意见,False,5266705864.967751,4740035278.470976,526670586.496775,0.9,12463112.159275427,0.0008887210656188432,508586634.8359894,2041128921.5112598,26353611.73498892,289371581.75776607,973927947.9839938,3751461491.2482343,40000000,13.166764662419375,565477584.1844896,522774179.71409285,394667937.34297216,83548515.78651404,2.088712894662851,78528921.12113245,-525865100.77718586,-399918187.05443686,1043588594.502973,117805306.67135024,0.14157324058967763,0.07507974440854628,-0.03779955430593051,-0.07052800853176518,2021-03-25,2024-06-07,True,False,False,False,False,80468879.08348322,0,0,True,['结合前述财务报表列报项目的具体情况说明现金分红方案确定的依据及未来增强投资者回报的规划'],翊祺食品
2024-06-30,半年报,2024-08-27,无保留意见,False,5599282584.152427,5039354325.737185,559928258.4152426,0.9,13004122.098956015,0.00093335588575421,584357033.2650857,2218634040.0460296,32789050.89208969,345488224.1999166,1037553623.2260581,4007209219.492658,40000000,13.998206460381065,623004769.8260452,575261322.2020937,196319081.8129793,82181693.77365068,2.0545423443412667,74981632.12571564,-240076217.45494202,-403291456.05523515,1107464820.1767414,464097146.6665642,0.06314700834099315,-0.01359365677525688,0.07820909335052267,-0.0040828107797969675,2021-03-25,2024-10-04,False,True,False,True,False,0.0,1,0,True,"['公司为增强投资者回报水平拟采取的措施', '公司在相应期间是否按照中国证券监督管理委员会相关规定为中小股东参与现金分红决策提供了便利']",翊祺食品
2024-09-30,季报,2024-10-27,非标准无保留意见,False,6195583313.123867,5576024981.8114805,619558331.3123866,0.9,14783600.407259723,0.0010939140854435364,714153715.8694084,2354923031.323909,35367586.241198786,422299101.0190955,1282071610.6721814,4669427218.311823,40000000,15.488958282809666,647406936.4289914,598456285.1679133,69627264.32976866,34860238.00420907,0.8715059501052268,33135661.379742227,-575804971.3931223,-432890066.2178883,1194257501.8401136,185562464.2291031,0.1064959162195427,-0.4771188509588991,0.0821477836010177,0.13155869818609647,2021-03-25,2024-11-26,False,True,False,True,False,0.0,3,0,True,"['根据公司盈利能力、融资能力及其成本、偿债能力及现金流等情况披露现金分红方案的合理性，是否导致公司营运资金不足或者影响公司正常生产经营', '公司在相应期间是否按照中国证券监督管理委员会相关规定为中小股东参与现金分红决策提供了便利']",翊祺食品
2024-12-31,年报,2025-03-30,无保留意见,False,6798425021.6037445,6118582519.44337,679842502.1603743,0.9,16343237.443848277,0.0011031493347175428,713022098.4346514,2261668068.7911553,38065500.987988405,440213327.7393203,1268268027.2392535,4823816295.253631,40000000,16.996062554009356,673575213.2249261,622642003.7114955,77151103.51647237,37383252.56562105,0.9345813141405263,34551026.49083159,-318636970.97267467,-475600248.87311983,1292597768.501371,498360548.65557647,0.09730184843175306,0.048650269619032675,-0.04295507979361829,0.0004792424929945787,2021-03-25,2025-05-22,False,False,False,False,False,0.0,0,0,False,[],翊祺食品
2017-03-31,季报,2017-04-30,无保留意见,False,202210060.1159552,60807875.37606221,141402184.739893,0.3007163705959663,66812656.43989135,2.333924015285762e-07,23014026.43482969,154209.167150598,193651.61744262793,62616.394092251656,13650770.476675823,100155685.85032034,40000000,3.5350546184973246,645899.7650411933,629628.6789207247,2250336.1374709224,922713.9500588477,0.023067848751471193,899469.541315321,-30149993.253486145,-24246300.457150318,76875578.57795832,22479284.86732185,-0.21443230700059454,-0.0042936694411751745,0.0007163705959662792,-0.035081901205345586,2021-06-14,2017-05-31,False,False,False,False,False,0.0,0,0,False,[],霖滢股份
2017-06-30,半年报,2017-08-27,无保留意见,False,216262532.9483007,69309955.45470026,146952577.49360043,0.3204898902727148,73030440.72098847,2.615223512052609e-07,26149484.79699212,173380.81157489045,201892.85051793212,70335.26185995089,14549530.48189577,114171810.01635225,40000000,3.6738144373400106,1743233.5646070773,1623476.9496479004,4421814.109570737,1567619.7136655487,0.03919049284163872,1419783.2438959654,-13076355.002554744,-29350782.486710932,95410693.02770635,52983555.538440675,0.03925252473232508,0.035982595348210855,0.01977351967674855,0.20431461186213004,2021-06-14,2017-09-24,False,False,False,False,False,0.0,0,0,False,[],霖滢股份
2017-09-30,季报,2017-10-27,无保留意见,False,212813123.3196512,75501968.44466212,137311154.87498906,0.3547806040666772,78776048.47294685,2.5015885848346586e-07,28678152.906569656,170830.40247857917,252132.89905616854,69998.22593560071,16445101.266178,121905197.35197614,40000000,3.4327788718747265,10453745.947556648,9291151.743015312,7758703.40500367,12443589.118499387,0.3110897279624847,10953821.133382017,-12303333.784851523,-26733375.11551308,85073107.6434989,46036398.7431343,-0.06560907459436185,0.5857492544846369,0.03429071379396242,0.09734124058388337,2021-06-14,2017-11-19,False,False,False,False,False,0.0,0,0,False,[],霖滢股份
2017-12-31,年报,2018-03-30,无保留意见,False,188084917.88684028,58344230.32769548,129740687.55914481,0.31020153547238594,63207577.77173108,2.1590963858495178e-07,22239564.467848696,134139.17118002224,168143.83104200775,56097.741682520216,13332461.376612013,95417753.17368491,40000000,3.24351718897862,12851959.833732402,11492544.37790151,14923121.603702515,3426019.837393936,0.0856504959348484,3144846.621265998,-34350232.386458,-24468825.34851449,78714174.41473876,19895116.679766268,-0.05513366574432046,-0.3062659665848861,-0.044579068594291296,0.03299928911812165,2021-06-14,2018-04-11,False,False,False,False,False,0.0,0,0,False,[],霖滢股份
2018-03-31,季报,2018-04-30,无保留意见,False,193494117.23828232,38698823.44765647,154795293.79062587,0.2,68465607.30813426,2.3422896358706612e-07,25324904.575608235,150440.97141275593,200570.25852720262,63018.10532431955,14666118.208163418,103653567.14681615,40000000,3.8698823447656467,12194711.890623845,10914652.403527038,2872010.5765285795,-938925.6330122259,-0.023473140825305647,-825559.9633921015,-25494873.91199483,-24816883.137491558,84645526.48616074,34333769.43667436,0.19311294477346916,-0.2136953505946985,-0.13606049159253997,-0.028868418022676264,2021-06-14,2018-05-10,False,False,False,False,False,0.0,0,0,False,[],霖滢股份
2018-06-30,半年报,2018-08-27,无保留意见,False,183600402.84030527,36720080.568061054,146880322.27224422,0.2,61318538.52646878,2.1369796556064265e-07,22643834.48872539,143608.94266691525,204101.6476152616,58353.78269009515,13258570.79330326,96402100.18169567,40000000,3.6720080568061055,9498214.22401023,8573974.382099561,14342654.227572434,-3852139.523733739,-0.09630348809334346,-3343825.7448963975,-17298805.847252477,-24851731.21467846,72899545.90859693,30749008.846665993,-0.051131861470461476,-0.1813835005153445,-0.040511980574723806,0.022459110193925186,2021-06-14,2018-10-09,False,False,False,False,False,0.0,0,0,False,[],霖滢股份
2018-09-30,季报,2018-10-27,无保留意见,False,191076869.95919463,38215373.991838925,152861495.9673557,0.2,61824640.30276137,2.1925678094709296e-07,22520608.27659124,146722.9860849082,179462.31814927387,59706.19971916785,13798435.32507504,100218822.48011898,40000000,3.8215373991838923,12081990.474346804,10864133.775400994,8572116.430353055,3691108.9290522486,0.09227772322630622,3271656.276144906,-34020711.20490265,-22935824.996723287,77352088.81584713,20395552.614221193,0.040721409121266344,0.5737244068266935,-0.022898652681168346,-0.045204630141561966,2021-06-14,2018-12-17,False,False,False,False,False,0.0,0,0,False,[],霖滢股份
2018-12-31,年报,2019-03-30,无保留意见,False,210291451.8147712,42058290.36295424,168233161.45181698,0.2,69932204.42719182,2.3409842838482618e-07,25784455.427710347,166640.0476199084,188229.20057172072,62705.96932225188,14090228.369073747,107025609.37656982,40000000,4.205829036295424,9222300.70069739,8422576.578297833,16004580.008193837,-4085271.1052134465,-0.10213177763033617,-3487938.8530045175,-3719393.6821313654,-26913150.296763923,91590455.20443995,60957911.22554466,0.10055943380106626,-0.37583196052614326,-0.038764100183492786,0.08155004910359716,2021-06-14,2019-05-24,False,False,False,False,False,0.0,0,0,False,[],霖滢股份
2019-03-31,季报,2019-04-30,非标准无保留意见,False,250481516.57266092,50096303.314532176,200385213.25812873,0.2,78297607.40252772,2.77045837260049e-07,29237989.288622703,198938.1488868925,245095.59255901925,76747.20665225956,16482492.653652044,127397359.46952833,40000000,5.009630331453218,9425093.438763484,8613357.455482062,572261.4951712184,289703.91152299196,0.007242597788074799,272544.1102631835,-38770129.94791396,-28525495.47394953,98398042.93082811,31102417.508964613,0.19111601737045358,0.33875856414628536,-0.043227257630284524,0.08829675897701093,2021-06-14,2019-06-08,False,False,False,False,False,0.0,0,0,False,[],霖滢股份
2019-06-30,半年报,2019-08-27,保留意见,False,242044854.62252286,48408970.92450457,193635883.69801828,0.2,78761531.33827057,2.792208583294463e-07,27242362.220461752,183384.343496898,239791.27956189233,77416.49239258037,17306556.399950884,128241287.22495224,40000000,4.840897092450457,11426937.88301934,10322233.193186242,7637779.301637271,2859777.777508363,0.07149444443770908,2441251.053863115,-28597410.456652906,-28623989.003889352,99186128.54871026,41964729.088167995,-0.033681774470136205,0.14864765059814036,0.0234759855240274,0.05334972727520533,2021-06-14,2019-09-23,False,False,False,False,False,0.0,0,0,False,[],霖滢股份
2019-09-30,季报,2019-10-27,无保留意见,False,261110752.67222363,52222150.53444473,208888602.1377789,0.2,89209764.24924873,3.464051867372931e-07,32612453.655766908,214065.30367980176,264349.9198561934,85587.39422199572,20202137.608342424,146355950.84216702,40000000,5.222215053444473,12172581.232367089,10988751.761218248,2016663.7998766054,1065204.7847825028,0.02663011961956257,952169.382902867,-23133809.575604793,-32288485.35989836,114243678.94321825,58821384.00771509,0.07877010267140239,-0.09036218898472542,0.041611205481710094,-0.10763013453752314,2021-06-14,2019-11-24,False,False,False,False,False,0.0,0,0,False,[],霖滢股份
2019-12-31,年报,2020-03-30,非标准无保留意见,False,261791557.31403592,52358311.462807186,209433245.85122874,0.2,99584275.53712974,3.5885619738972155e-07,36301955.156377375,222050.14922192311,260017.91388468177,96597.38077721836,20539027.226073906,151485197.14954147,40000000,5.235831146280718,19113309.205912184,17157819.10727066,23348281.217718042,9915325.676492993,0.24788314191232483,8812953.351503447,-13439864.570295157,-28766379.353798445,117035307.60645592,74829063.68236232,0.0026073405053024332,0.48989873057877126,0.06897730189443464,0.10925530778833902,2021-06-14,2020-05-05,False,False,False,False,False,0.0,0,0,False,[],霖滢股份
2020-03-31,季报,2020-04-30,非标准无保留意见,False,262689179.5661667,52537835.91323335,210151343.65293336,0.2,85237975.30229148,3.331582846506379e-07,31605218.460533746,209903.94379622312,259471.67733791246,92226.55707219239,17328606.658814017,144073559.0979253,40000000,5.253783591323334,24007988.368677605,21553248.379626922,19169420.02985568,6992398.803950604,0.1748099700987651,6279184.674794658,-22153591.839849688,-32176290.693564396,118443768.87947407,64113886.34605999,0.0034287669982192093,-0.108597120750992,-0.018811921227742005,-0.08881818212832197,2021-06-14,2020-06-21,False,False,False,False,False,0.0,0,0,False,[],霖滢股份
2020-06-30,半年报,2020-08-27,无保留意见,False,252372464.92578354,50474492.98515671,201897971.94062683,0.2,84494812.29266277,3.0041483140267716e-07,30481161.022061713,196266.53467540984,256618.38374025587,78871.91996243181,18150152.851318236,134406901.1380194,40000000,5.047449298515671,30892032.626959085,27302487.489598077,47944522.105690464,9834348.94040211,0.24585872351005272,8213198.728530224,-25528760.400174417,-30469968.143068466,110181814.3089286,54183085.76568571,-0.03927346629739874,0.11845210475509217,-0.04961909004557204,-0.017154058537687124,2021-06-14,2020-10-07,False,False,False,False,False,0.0,0,0,False,[],霖滢股份
2020-09-30,季报,2020-10-27,无保留意见,False,249588335.03433344,49917667.006866686,199670668.02746674,0.2,91855369.10232304,2.936129901581472e-07,34869277.94194293,205616.01593431178,277490.92867510195,83208.56573952423,18533296.31704613,146576251.40347022,40000000,4.991766700686669,39141167.9921259,34557747.22400485,37837116.10475978,11784479.093095444,0.2946119773273861,10364656.763438249,-30954689.115054213,-30271441.70705915,119246698.86619492,58020568.044081554,-0.01103182905579205,0.07267290728850884,-0.043272334985733275,0.06801545438924068,2021-06-14,2020-12-10,False,False,False,False,False,0.0,0,0,False,[],霖滢股份
2020-12-31,年报,2021-03-30,非标准无保留意见,False,265304365.80245835,53060873.16049167,212243492.64196667,0.2,86808920.45843242,3.149218736957851e-07,31665319.116349608,219359.99668357385,250768.57760833102,84540.44788388538,19414398.697423767,140769910.13456526,40000000,5.306087316049167,53848613.41673112,49581994.993971765,81353888.60608459,21010636.32086461,0.5252659080216152,21463211.099952742,-13048174.477534713,-31356938.4845109,118525073.03731127,74119960.07526566,0.0629678096372693,0.3205254192000387,0.02860745134510052,-0.052787276627585325,2021-06-14,2021-05-20,False,False,False,False,False,0.0,0,0,False,[],霖滢股份
2021-03-31,季报,2021-04-30,无保留意见,False,286675895.0174176,57335179.00348353,229340716.0139341,0.2,94581468.21865825,3.1884894802702307e-07,34434124.68836184,225370.6871257328,270702.14464563405,80793.22286207105,18797413.0478545,140960309.24875557,40000000,5.733517900348352,76910045.27948423,69106947.01114193,0.0,32944902.66107586,0.8236225665268965,27892788.595957376,-37886776.27302194,-33880684.408054784,121295996.60058542,49528535.919508696,0.08055475887220122,0.31397175883794276,0.06364634999852284,0.08499611309405274,2021-06-14,2021-06-16,False,False,False,True,True,0.0,0,0,False,[],霖滢股份
2021-06-30,半年报,2021-08-27,无保留意见,False,271208794.0535338,54241758.81070676,216967035.24282703,0.2,84856310.5320181,3.1584999247136826e-07,33142304.98792973,216550.69049402833,266874.1070677212,90965.63998116642,20607380.480799563,145073565.034181,40000000,5.424175881070676,121407182.53566799,106881348.40676308,313584329.79440683,63567338.93740536,1.589183473435134,53963430.56517309,-26042722.97520783,-34848177.833392866,121843675.62644511,60952774.81784442,-0.05395326650308054,0.6131243559354225,0.025378877039770206,0.09474325581396488,2021-06-14,2021-09-24,False,False,False,False,True,0.0,0,0,False,[],霖滢股份
2021-09-30,季报,2021-10-27,保留意见,False,262400458.2049536,52480091.64099072,209920366.56396288,0.2,86516623.34070185,3.059863753943198e-07,30272944.527571525,204196.76040420512,270121.77855590044,78995.97242883436,18349174.38612315,142734887.41199464,40000000,5.248009164099072,115868332.20265716,102044916.28560515,17743895.712270297,-7912643.332872586,-0.19781608332181466,-6909188.744511351,-22928043.67463782,-30600863.07468881,112349538.02571702,58820631.27639039,-0.03247806133764782,-0.8872079333017615,0.01281905539777946,0.0310918662441055,2021-06-14,2021-12-18,False,False,False,True,True,0.0,0,0,False,[],霖滢股份
2021-12-31,年报,2022-03-30,保留意见,False,308264104.26001227,83762791.21602122,224501313.04399103,0.2717241159722237,104359555.64242479,3.35562591365161e-07,34581469.16014944,211557.05989084256,291075.7672172278,88095.40832347162,22068145.855032094,157134313.85368875,40000000,5.612532826099776,107309582.40766026,95121688.52746211,27183077.192140635,-12226785.42142415,-0.3056696355356038,-9890325.368775742,-16976227.493658714,-35345848.20433408,131705160.36082852,79383084.66283572,0.06945941796259829,-0.47474114273048545,0.09017218273974928,0.03662493046965931,2021-06-14,2022-04-24,False,False,False,False,False,0.0,0,0,False,[],霖滢股份
2022-03-31,季报,2022-04-30,无保留意见,False,307426817.71599025,119180343.13208413,188246474.5839061,0.3876706138310496,102971677.64657414,3.66938902509355e-07,36119007.258652955,232722.89536794458,320427.3395808044,99717.24200342914,23728289.61529003,168766622.9404345,40000000,4.706161864597653,99302310.18976204,87496511.13045505,21973455.553248037,-11438960.311283179,-0.2859740077820795,-10893110.567152955,-14886792.764923073,-37435216.28506644,142173991.57389796,89851982.52390844,-0.1614905408280653,0.1650512662215219,0.11594649785882595,-0.1135728760076775,2021-06-14,2022-06-25,False,False,False,False,False,0.0,0,0,False,[],霖滢股份
2022-06-30,半年报,2022-08-27,无保留意见,True,284858565.3933182,108863196.2945026,175995369.09881556,0.38216578161934456,95107645.17625484,3.304095321028195e-07,39424657.206292234,208440.90458973893,290722.3825992,93882.51439136128,22000153.12746521,155628602.08659708,40000000,4.399884227470389,88484379.6324601,77851250.27749808,14727007.956314335,-15454186.510431333,-0.38635466276078334,-13778944.075652806,-7219636.215190494,-34404862.049854584,119461149.8448876,77836651.57984252,-0.06508013237522764,-0.7220279702903262,-0.005504832211705044,-0.02353542232073471,2021-06-14,2022-10-04,False,False,False,False,False,0.0,0,0,False,[],霖滢股份
2022-09-30,季报,2022-10-27,无保留意见,False,291369630.24234337,105632056.4970844,185737573.745259,0.36253626161802155,90256645.42722033,2.9408798875391286e-07,33603607.878407195,206837.9559744419,240352.6682394654,75840.74875316606,18948533.788821917,140290653.45599258,40000000,4.643439343631474,77375209.9703976,67776790.87464453,69026234.67953028,-15870242.374374999,-0.39675605935937497,-14392084.861219361,-27838056.289533194,-36223772.161161795,123317981.71489218,59256153.264197186,0.055354891985672165,-0.2691501055924667,-0.01962952000132301,-0.11610352627651495,2021-06-14,2022-12-18,False,False,True,False,False,0.0,0,6,True,"['结合前述财务报表列报项目的具体情况说明现金分红方案确定的依据及未来增强投资者回报的规划', '根据公司盈利能力、融资能力及其成本、偿债能力及现金流等情况披露现金分红方案的合理性，是否导致公司营运资金不足或者影响公司正常生产经营', '充分披露高送转的主要考虑及其合理性且送转股后每股收益不低于0.5元', '公司为增强投资者回报水平拟采取的措施']",霖滢股份
2022-12-31,年报,2023-03-30,无保留意见,True,311072324.5107739,120387153.07859696,190685171.43217695,0.38700695495149195,111408556.95056689,3.547694478738878e-07,36931680.792241536,242349.1016761368,329716.6399522708,104945.34944001674,22530954.816850323,166993716.5204405,40000000,4.767129285804423,66082861.1218877,58028194.711767495,42797105.933031656,-16131926.926442722,-0.40329817316106803,-13926565.946967192,-15758250.62261406,-39354388.99162903,129812829.78305015,74700190.16880706,0.026637570348063445,-0.2316289318454076,0.024470693333470375,0.06489200883956307,2021-06-14,2023-05-04,False,True,False,False,False,0.0,0,0,True,"['是否影响偿债能力、过去十二个月内是否使用过募集资金补充流动资金以及未来十二个月内是否计划使用募集资金补充流动资金等内容', '上市公司控股子公司向母公司实施利润分配的情况', '结合所处行业特点、发展阶段和自身经营模式、盈利水平、偿债能力、资金需求等因素，未进行现金分红或现金分红水平较低原因的说明']",霖滢股份
2023-03-31,季报,2023-04-30,无保留意见,False,347378181.88509387,133897211.39453219,213480970.4905617,0.38545083824182963,121923229.4785333,4.3008317925986244e-07,43063638.81921195,260368.6394980113,353087.0997208561,110549.59548795114,24411264.9298799,184230739.60336405,40000000,5.337024262264042,54621435.38339239,46828108.9366289,50384862.49547812,-16373465.34070758,-0.4093366335176895,-16000122.535912285,-11018018.933279827,-42042789.61525731,156904748.0267971,103843939.47825995,0.11954678429986254,-0.27824663801061994,-0.0015561167096623193,0.024945077885933056,2021-06-14,2023-05-17,False,True,False,True,False,0.0,3,0,True,['公司在相应期间是否按照中国证券监督管理委员会相关规定为中小股东参与现金分红决策提供了便利'],霖滢股份
2023-06-30,半年报,2023-08-27,无保留意见,False,357126213.4170438,142480588.06024557,214645625.35679826,0.39896423927262936,127012435.07118843,4.7306507283989834e-07,44325224.98876316,303444.379252804,374232.2414453709,128197.57308884364,27723223.9414719,199874427.15984905,40000000,5.366140633919956,43360242.789307356,35860363.55720566,50513267.04082171,-16087417.99155005,-0.40218544978875126,-15668207.68489034,-56210460.40027775,-43582065.17015144,162971780.82535353,63179255.25492434,0.0054555441806372834,0.4565547091689697,0.013513401030799737,-0.017463478083378264,2021-06-14,2023-10-02,False,False,False,False,False,0.0,0,0,False,[],霖滢股份
2023-09-30,季报,2023-10-27,无保留意见,False,387156940.2820337,156382737.13018975,230774203.15184394,0.40392595575393536,129276144.80141832,4.975292592109601e-07,46747395.54063788,297821.8536647414,407394.9930596119,140638.90280315277,28384585.905631084,213806970.54753304,40000000,5.7693550787960985,32202869.201943774,26714617.705684505,8030213.152487961,-15939105.124805115,-0.3984776281201279,-13065351.216458796,-69563981.39461058,-47702527.68256122,170580481.1236024,53313972.04643059,0.07514049153452651,0.16252004244182736,0.004961716481305998,0.12166188167261441,2021-06-14,2023-11-29,False,False,False,False,False,0.0,0,0,False,[],霖滢股份
2023-12-31,年报,2024-03-30,无保留意见,False,432308508.131571,208950917.11270085,223357591.01887015,0.4833375082433206,149299210.74391642,5.495521897379512e-07,53022154.72725317,356374.117433189,422962.7501708967,137196.724601884,31792012.285958864,232410033.86036393,40000000,5.5839397754717535,21148321.525461495,17626842.13683982,54748660.61279159,-15792210.966403257,-0.39480527416008143,-12982536.52692098,-35847103.43862521,-46629688.009576015,194568585.8268605,112091794.37865926,-0.03213796009987224,0.1384625016450138,0.07941155248938528,0.028286407536197003,2021-06-14,2024-05-08,False,False,False,False,True,0.0,0,0,False,[],霖滢股份
2024-03-31,季报,2024-04-30,无保留意见,False,385635846.89377105,182907597.77047762,202728249.1232934,0.47430133698349414,128911364.56422906,4.7438223156840303e-07,42555812.37056549,277722.7122128399,352457.5236436967,107419.39048964178,25050542.62020609,197081978.82166055,40000000,5.068206228082335,9906558.245921068,7162721.887686862,26993101.368179325,-16059661.827914897,-0.40149154569787243,-14948743.213075656,-27007056.77186597,-47606857.560764484,162139005.6973187,87525091.36468825,-0.0923601557550552,-0.22143839203042226,-0.009036171259826463,-0.03483225240778861,2021-06-14,2024-06-27,False,False,False,True,False,0.0,0,0,False,[],霖滢股份
2024-06-30,半年报,2024-08-27,无保留意见,False,365288212.14645743,161084796.2488151,204203415.89764234,0.4409800012496168,111603266.38639127,4.020455459491927e-07,40533426.2350189,252533.84808063254,333824.377556606,111445.41290752089,23088210.92205278,175552822.23756373,40000000,5.105085397441059,-1177946.0345674306,-2263354.1487127277,27016092.6468022,-15835006.114983572,-0.3958751528745893,-13465822.90914227,-33221124.04832926,-42088338.2574777,163360014.7729122,88050552.46710524,0.007276572360923118,0.23890948979894772,-0.03332133573387735,-0.19001399179026737,2021-06-14,2024-09-10,False,False,False,False,False,0.0,0,0,False,[],霖滢股份
2024-09-30,季报,2024-10-27,无保留意见,False,340067737.25231326,153048734.11939532,187019003.13291794,0.4500536727065079,111120457.21717453,4.013101412775042e-07,41478217.65207333,283524.50159077585,323309.08463589184,102790.05188856547,23074007.215978075,178268369.85600233,40000000,4.675475078322949,-11779777.691573145,-11068528.05562725,58611152.90270904,-15145473.795722451,-0.37863684489306126,-12578819.867020747,-63982083.16218942,-38929421.73371866,139021224.641842,36109719.74593392,-0.08415340502108992,0.5918763421246592,0.009073671456891147,-0.016648222816844947,2021-06-14,2024-12-25,False,True,False,False,False,0.0,0,0,True,"['结合所处行业特点、发展阶段和自身经营模式、盈利水平、偿债能力、资金需求等因素，未进行现金分红或现金分红水平较低原因的说明', '上市公司控股子公司向母公司实施利润分配的情况']",霖滢股份
2024-12-31,年报,2025-03-30,无保留意见,False,393250166.9743081,193857728.98849624,199392437.98581183,0.4929628650384309,124562082.48685837,4.437391931004555e-07,45593506.41373831,297338.3382191309,398926.66992086393,125357.09660632654,26574798.614723023,207128330.23779142,40000000,4.984810949645296,-21787867.13801405,-18926075.215148166,69817382.32162113,-14297270.63777272,-0.357431765944318,-11225067.370744167,-26731374.48966198,-45030657.81127152,153742646.8687036,81980614.56777011,0.06616137743018473,0.45736919542755033,0.042909192331922974,0.0930498664330365,2021-06-14,2025-05-07,False,False,True,False,False,0.0,0,1,True,"['公司在相应期间是否按照中国证券监督管理委员会相关规定为中小股东参与现金分红决策提供了便利', '充分披露高送转的主要考虑及其合理性且送转股后每股收益不低于0.5元', '结合所处行业特点、发展阶段和自身经营模式、盈利水平、偿债能力、资金需求等因素，未进行现金分红或现金分红水平较低原因的说明']",霖滢股份
2017-03-31,季报,2017-04-30,无保留意见,False,248944918.7353691,67480945.54627131,181463973.1890978,0.27106777631402157,5550632.598754954,2.5766323599227806e-10,28.37982483432876,1061.1376941959406,14468324.457583271,2790.365979523662,61256877.51888243,79762024.44653876,40000000,4.536599329727445,2652197.717025413,2384597.070009641,14522423.342686867,3788853.8814648762,0.09472134703662191,3406567.2428709157,3807576.9928542376,-23964198.49319061,39665822.33100188,19509200.830665506,0.00813318438387657,0.15493632674804858,-0.028932223685978392,0.08704855527662989,2021-03-12,2017-06-19,False,False,False,False,False,0.0,0,0,False,[],鸾琮建筑
2017-06-30,半年报,2017-08-27,无保留意见,False,237736261.12849393,69597706.50572681,168138554.62276712,0.2927517500921325,5502844.696460088,2.869556468247883e-10,31.349995657751084,1096.6063529273663,15252941.17957821,2857.0640367366623,63093063.71742978,87563102.86184938,40000000,4.203463865569178,2487823.1469385964,2224030.6420233576,290345.07802290126,-234820.8144097384,-0.00587052036024346,-229380.61140897596,36603929.20389981,-25394567.92245466,39701481.69071154,50910842.97215669,-0.07343286015480696,-0.19354961648280566,0.021683973778110904,-0.1070988744052897,2021-03-12,2017-10-04,False,False,False,False,False,0.0,0,0,False,[],鸾琮建筑
2017-09-30,季报,2017-10-27,无保留意见,False,200625977.44618613,52904118.62737877,147721858.81880736,0.26369525672002886,4555262.76958552,1.981189350740761e-10,26.542268828066543,911.4950915984836,12298523.708287694,2148.316241871794,52968606.32538363,68129870.35307278,40000000,3.693046470470184,5983960.289616861,5488765.2294085985,13584757.944913242,4994481.632397521,0.12486204080993803,4663906.553407487,11636347.93642418,-19415718.77172515,35709547.13359521,27930176.298294242,-0.12142780607199996,0.3119144978361977,-0.029056493372103625,0.1830027447334731,2021-03-12,2017-12-07,False,False,False,False,False,0.0,0,0,False,[],鸾琮建筑
2017-12-31,年报,2018-03-30,非标准无保留意见,False,188387526.79675084,39152004.554568745,149235522.2421821,0.20782694703991417,4610798.765360606,2.0462414453415855e-10,24.370573674849332,822.1295397410606,11764403.82655905,1872.3720616490255,52861011.324578986,65298484.226981334,40000000,3.7308880560545528,20183117.11212436,18676237.85710167,84893170.08286603,20284509.746439286,0.5071127436609821,18839246.610990103,3694821.5599639826,-18931537.280474633,28837431.318443306,13600715.597932655,0.010246712541245293,0.6951756522199546,-0.055868309680114706,0.04725956562261861,2021-03-12,2018-04-23,False,False,False,False,False,0.0,0,0,False,[],鸾琮建筑
2018-03-31,季报,2018-04-30,无保留意见,False,215163606.39002997,59691259.88275387,155472346.5072761,0.27742265936252586,4972091.0142788105,2.138309527870573e-10,28.66758634812264,958.0472368572587,12639362.588884294,2110.076157842368,53243937.9432024,72494949.69901094,40000000,3.886808662681902,24020889.441115018,21959773.988751773,17541104.05692209,5482531.8985580765,0.1370632974639519,4690765.902357289,12041337.750042066,-20334482.39116249,35526936.93212946,27233792.291009035,0.041791821219164825,-0.39700073699627536,0.06959571232261166,-0.016063105469408517,2021-03-12,2018-06-13,False,False,False,False,False,0.0,0,0,False,[],鸾琮建筑
2018-06-30,半年报,2018-08-27,无保留意见,False,207937149.0933372,70351292.48395401,137585856.6093832,0.33832960002916684,5007431.358094936,2.1908192243461614e-10,26.417777839095805,893.4141019441596,12718981.660103789,2238.7724728443286,51933910.993104026,69446499.62182753,40000000,3.43964641523458,19828785.973637465,18025073.1603027,17824620.29997328,-5988719.239253644,-0.1497179809813411,-5621001.183498674,11805569.828754297,-20645761.84531774,34431103.50217694,25590911.485613495,-0.11504611784485926,-0.5102295057144979,0.06090694066664103,0.22304386298524434,2021-03-12,2018-09-13,False,False,False,False,False,0.0,0,0,False,[],鸾琮建筑
2018-09-30,季报,2018-10-27,无保留意见,True,213729556.43851784,77104700.16634333,136624856.2721745,0.360758247250298,5256385.142075528,2.3251011967247812e-10,26.536984900282103,922.8731600406487,12385251.395942539,2374.415086159756,53650977.42116804,71482583.1164532,40000000,3.415621406804363,13024165.763553977,12103367.740968183,29967154.832172647,-9720886.014404988,-0.2430221503601247,-8459579.170477882,39216716.835378096,-21542648.83088276,36977033.62248526,54651101.62698059,-0.006984732013095123,-0.33894029734088565,0.02242864722113112,-0.000138621026493106,2021-03-12,2018-11-07,False,False,False,False,False,0.0,0,0,False,[],鸾琮建筑
2018-12-31,年报,2019-03-30,无保留意见,False,199035185.13374272,63957338.107968666,135077847.02577406,0.3213368433575812,5045132.1932784505,2.109026453888437e-10,24.666577583700008,866.3530247877779,12880886.804240646,2221.681477893435,52876956.69495717,71127156.6409039,40000000,3.3769461756443517,5234069.2068285225,5054624.660173466,51611918.36506803,-11128709.36675065,-0.2782177341687663,-10069632.972563881,37988562.73785938,-21277179.6408353,31591315.5312343,48302698.628258385,-0.01132304390731509,-0.19340586713323502,-0.03942140389271676,0.056779083404627,2021-03-12,2019-05-10,False,False,False,False,False,0.0,0,0,False,[],鸾琮建筑
2019-03-31,季报,2019-04-30,保留意见,False,170385838.70109954,59211275.55412502,111174563.14697453,0.34751289194870694,3993151.813100621,1.529796689891915e-10,21.36662885121023,682.8052480277692,9516775.814344676,1752.3560103362965,44357100.627744466,55454267.73834025,40000000,2.779364078674363,-4817051.2428747825,-3128287.265030217,8467823.961232558,-14358743.499576151,-0.3589685874894038,-11689874.178862406,25628514.20052149,-16329359.70589316,28996482.919383936,38295637.41401227,-0.17695931942295878,-0.5501403923923798,0.026176048591125736,0.10896701358540069,2021-03-12,2019-05-15,False,False,False,False,False,0.0,0,0,False,[],鸾琮建筑
2019-06-30,半年报,2019-08-27,保留意见,False,171470142.48737985,56450731.010913186,115019411.47646666,0.32921609670364593,3808967.5209549787,1.8720010618401696e-10,22.466897675489154,861.1745509517923,10522483.301839199,1966.1496695585,45070785.29665753,61733110.75619784,40000000,2.8754852869116663,-14872404.979867313,-12434421.799607435,21683382.021880515,-14364791.052846473,-0.3591197763211618,-13294477.906538883,2071233.6159742426,-17721958.18680287,32469919.410964377,16819194.840135746,0.03458388520411078,-0.0022896501227168023,-0.018296795245061035,-0.051996314378650155,2021-03-12,2019-09-26,False,False,False,False,False,0.0,0,0,False,[],鸾琮建筑
2019-09-30,季报,2019-10-27,无保留意见,False,179236306.95637697,55143548.95310547,124092758.00327149,0.30765836391912754,4068422.5304458323,1.822319422539146e-10,23.03103293200987,762.6236041657681,11313264.16421172,1896.490658280873,46820778.25365253,60069916.58157314,40000000,3.1023189500817874,-24072145.11901527,-21043298.805771813,65209657.63257822,-13142485.913068503,-0.32856214782671256,-12298395.72309197,3640022.517930966,-18132910.171496335,29936669.92039547,15443782.266830102,0.07888534996252598,0.46383613758531994,-0.021557732784518384,-0.09842482489089088,2021-03-12,2019-11-24,False,False,False,False,False,0.0,0,0,False,[],鸾琮建筑
2019-12-31,年报,2020-03-30,非标准无保留意见,False,201962690.88718837,54858719.60049188,147103971.2866965,0.27162798910782326,5059840.987059403,2.1344762917059183e-10,25.04907520459875,908.2235133270775,12688477.234342465,2320.7157067724106,58110963.627251,71475238.24391505,40000000,3.6775992821674124,-32859979.302515145,-28892901.921775628,11149043.837107725,-12554048.833571259,-0.31385122083928146,-11213718.737148305,24602465.601810485,-22442527.221172724,37446488.03170766,39606426.412345424,0.18543558587696427,0.15254307987902269,-0.03603037481130429,0.13997276280557192,2021-03-12,2020-04-25,False,False,False,False,False,0.0,0,0,False,[],鸾琮建筑
2020-03-31,季报,2020-04-30,无保留意见,False,226818281.38065565,55900874.50243591,170917406.87821972,0.24645665315054915,5766759.459634633,2.3900780660900973e-10,30.1880631971109,1068.069443444062,13324447.73651055,2603.639480346313,60688146.81087493,82676815.37281862,40000000,4.272935171955493,-39775902.36596696,-35106736.31748351,30297925.044317592,-9879890.090645455,-0.24699725226613636,-8876906.279582683,40261798.189631775,-20720610.27675223,37909309.78644907,57450497.699328616,0.16188166358277534,0.6014818073392947,-0.025171335957274072,0.012132186216940542,2021-03-12,2020-06-05,False,False,False,False,False,0.0,0,0,False,[],鸾琮建筑
2020-06-30,半年报,2020-08-27,无保留意见,True,209234858.91923147,41846971.7838463,167387887.1353852,0.2,4781432.094524937,1.9818879208812699e-10,26.368298939181447,938.7459176700487,13212870.192684446,2336.6141510580587,55041414.44667489,72451740.27187644,40000000,4.18469717838463,-45453396.736758746,-39986607.82388974,9004056.942278676,-8110706.2439882625,-0.20276765609970657,-6971245.0091517735,17133289.096878685,-20561906.466751143,38064759.48823533,34636142.118362874,-0.020650440509838518,0.24847704167218004,-0.04822637667435847,0.019635032636222162,2021-03-12,2020-10-08,False,False,False,False,False,0.0,0,0,False,[],鸾琮建筑
2020-09-30,季报,2020-10-27,无保留意见,False,209250486.72310162,48667809.46848338,160582677.25461823,0.23258158310945698,4401266.449977297,1.780511035971295e-10,23.62600362669978,808.3011452804809,11222415.48503264,1992.5385935732418,49659731.52782648,63261704.5027258,40000000,4.014566931365455,-49197738.65987302,-43366714.389702074,18888213.380201742,-5349059.890163256,-0.1337264972540814,-4828723.665446192,14384863.530701332,-18806186.067756977,37319271.56569456,32897949.028638918,-0.040655330545290934,0.310671064499059,0.03435130663326628,-0.006117380483243317,2021-03-12,2020-12-16,False,False,False,False,False,0.0,0,0,False,[],鸾琮建筑
2020-12-31,年报,2021-03-30,无保留意见,False,233469268.96457824,56226560.6374901,177242708.32708815,0.2408306707210393,6129715.038310768,2.629893825192895e-10,32.61905256455275,1129.9167664948282,14916088.411263341,2525.644205495371,66684411.80133625,84529261.50028114,40000000,4.431067708177204,-48591992.36854013,-42842592.47997296,2230475.7120338897,865351.844761271,0.021633796119031774,748745.5853273124,30495329.678091146,-21524233.012262635,41498924.90728546,50470021.57311397,0.10374737398389464,0.5333828580646274,0.00824908761158232,0.11574936418247844,2021-03-12,2021-05-12,False,False,False,False,False,0.0,0,0,False,[],鸾琮建筑
2021-03-31,季报,2021-04-30,无保留意见,False,205300048.29296142,41060009.658592284,164240038.63436913,0.2,5650410.901169045,2.3121352035448268e-10,28.96975885444977,1001.7459479771364,13101136.76246716,2765.1871696579656,56714688.70529368,75794786.34077302,40000000,4.106000965859228,-44304775.15605743,-38790597.867221996,17911155.69419663,6124596.017832428,0.1531149004458107,5788563.732501377,23966795.386971302,-20372492.28471191,34015562.97215515,37609866.07441454,-0.07336081588599717,0.29438234515450334,-0.12658084984339937,-0.07405122456962296,2021-03-12,2021-06-23,False,False,False,False,False,0.0,0,0,False,[],鸾琮建筑
2021-06-30,半年报,2021-08-27,无保留意见,False,186947219.72068042,37389443.94413608,149557775.77654433,0.2,4336797.802857113,1.6379283116811828e-10,22.48332957198941,852.1810195519672,11633301.287972804,2065.581716292952,43319608.56064607,60786592.24008276,40000000,3.7389443944136085,-43636395.820923164,-38226438.4486096,1425704.5304619123,954827.6216203906,0.023870690540509765,805942.0265891438,34366734.39660542,-18544837.925949626,31385440.11052221,47207336.581178,-0.08939514980576949,-0.22356145777532255,0.037851273445025084,0.06373507360130999,2021-03-12,2021-10-19,False,True,False,False,False,0.0,1,0,True,"['上市公司控股子公司向母公司实施利润分配的情况', '结合前述财务报表列报项目的具体情况说明现金分红方案确定的依据及未来增强投资者回报的规划', '是否影响偿债能力、过去十二个月内是否使用过募集资金补充流动资金以及未来十二个月内是否计划使用募集资金补充流动资金等内容']",鸾琮建筑
2021-09-30,季报,2021-10-27,无保留意见,False,215656362.36129835,47071666.55438603,168584695.80691233,0.21827163381122439,4569880.723792654,2.065366842689013e-10,28.098832565284066,883.7962792878315,12542126.93289058,2519.751451299926,53745172.14990468,71286285.32719272,40000000,4.214617395172809,-39591560.547192484,-34466038.0650292,16241517.129167221,5778336.105329547,0.14445840263323867,5372000.547971993,29146162.40194319,-21641606.997750178,38772586.397618234,46277141.80181125,0.12722120218474148,0.26864688346553145,0.06617053948855936,-0.05998618684752593,2021-03-12,2021-11-18,False,False,False,False,False,0.0,0,0,False,[],鸾琮建筑
2021-12-31,年报,2022-03-30,无保留意见,False,203182906.8955824,40636581.37911648,162546325.51646593,0.2,4810645.81494549,2.1793796391511122e-10,27.25434732228366,899.5582093476411,12131757.961243978,2276.554467513279,51840930.06053429,68984918.67708243,40000000,4.0636581379116485,-37319865.68208518,-32307495.0798704,14790428.458115073,3245278.3787247203,0.081131959468118,3083632.835941146,11441900.203002198,-20535654.28933847,35426873.94371137,26333119.8573751,-0.035818021686632694,-0.1112046865447805,-0.06853220876855408,-0.08740362676217311,2021-03-12,2022-04-19,True,False,False,False,False,3434456.700912585,0,0,True,"['公司在相应期间是否按照中国证券监督管理委员会相关规定为中小股东参与现金分红决策提供了便利', '根据公司盈利能力、融资能力及其成本、偿债能力及现金流等情况披露现金分红方案的合理性，是否导致公司营运资金不足或者影响公司正常生产经营', '结合所处行业特点、发展阶段和自身经营模式、盈利水平、偿债能力、资金需求等因素，未进行现金分红或现金分红水平较低原因的说明']",鸾琮建筑
2022-03-31,季报,2022-04-30,无保留意见,False,191948537.3077223,38389707.46154446,153558829.84617785,0.2,4394703.507345675,1.8727151889796215e-10,25.49045584492333,876.5800928094874,11451155.724670345,2190.7645411434237,54546648.099702895,66731706.906134345,40000000,3.838970746154446,-35005656.07453541,-30268764.07021183,14068988.55031017,3306013.7250711024,0.08265034312677756,2912472.870940809,31644850.493968945,-18750704.279814478,34152397.62805359,47046543.84220806,-0.05529190304198947,0.0029999758566030214,0.015854627565937997,0.10598134791551661,2021-03-12,2022-05-12,False,False,False,True,False,0.0,0,0,False,[],鸾琮建筑
2022-06-30,半年报,2022-08-27,无保留意见,False,214360606.35897934,42964022.771896616,171396583.5870827,0.20042872382972665,5584130.73748367,2.3470364036847056e-10,29.499847693975852,950.5163803371869,13943933.7258352,2623.4656513651107,55067986.0201749,77667225.02204432,40000000,4.284914589677068,-31168337.43476987,-27073644.08479048,19691580.79193703,5481883.771093626,0.13704709427734063,4564457.122030506,8567132.227355946,-20495035.094145767,37261258.31149309,25333355.44470327,0.11616234480800124,0.10715397297974136,0.03483467122111835,0.009829277740882325,2021-03-12,2022-10-25,False,False,False,False,False,0.0,0,0,False,[],鸾琮建筑
2022-09-30,季报,2022-10-27,保留意见,False,239731591.27918786,58353524.82231565,181378066.4568722,0.24341191125852915,6310287.168440616,2.708789119037289e-10,36.58872153480754,1156.1819593552552,16552157.916906621,2774.185352132041,67120756.34501067,90477914.61415361,40000000,4.534451661421805,-31968504.59287002,-27828442.382015526,5446655.741827889,-1143095.940143071,-0.028577398503576778,-1078283.28175007,7733941.012500946,-25379038.23356422,41859697.2221684,24214600.001105126,0.05823618336428571,-0.2946808096105741,0.0429831874288025,0.0015176300226643251,2021-03-12,2022-11-14,False,False,False,True,True,0.0,0,0,False,[],鸾琮建筑
2022-12-31,年报,2023-03-30,无保留意见,False,257484904.32084483,93346214.46542232,164138689.8554225,0.36253082374532597,6204754.907943284,2.685511455788697e-10,34.29041201394124,1070.6684362514052,16179363.569620278,2956.0759383616128,69094342.00967006,91239252.10514967,40000000,4.103467246385563,-35844613.79622774,-31160329.795890827,16395523.864375824,-5537298.861939594,-0.13843247154848987,-4759839.162679001,38472368.23805049,-26244385.62717406,41660225.03445522,53888207.64533165,-0.09504664449352744,-0.2771160691399283,0.11911891248679685,0.12540043108938237,2021-03-12,2023-05-13,False,False,False,False,False,0.0,0,0,False,[],鸾琮建筑
2023-03-31,季报,2023-04-30,无保留意见,False,256714153.46741185,102327268.29366207,154386885.17374977,0.3986039215662172,6184080.733212288,2.558178735444206e-10,33.3457229507748,1145.0530544780875,14802698.66039573,2961.1349272435477,67456674.77177808,87598327.12547319,40000000,3.8596721293437444,-35655505.866511755,-31000278.995596796,1221492.0936954033,270154.1853085384,0.00675385463271346,228644.00042004,6893027.60340404,-25500109.043624736,44830475.59684039,26223394.156619694,-0.059411980747880754,0.506639140050964,0.0360730978208912,-0.08560070885160545,2021-03-12,2023-05-28,False,False,True,False,False,0.0,0,2,True,"['根据公司盈利能力、融资能力及其成本、偿债能力及现金流等情况披露现金分红方案的合理性，是否导致公司营运资金不足或者影响公司正常生产经营', '上市公司控股子公司向母公司实施利润分配的情况', '公司在相应期间是否按照中国证券监督管理委员会相关规定为中小股东参与现金分红决策提供了便利']",鸾琮建筑
2023-06-30,半年报,2023-08-27,保留意见,False,263891431.63499925,95675882.11627278,168215549.51872647,0.36255774400665886,6237469.834729314,2.4832239807913914e-10,33.262008761991225,1249.2916785107338,16499131.473578313,2666.1850503748315,70968668.99189115,92949537.9246764,40000000,4.205388737968161,-31871169.588473473,-27698261.27598828,10826051.940855749,5406194.682911836,0.1351548670727959,4717168.170869309,34963328.110097475,-26669209.686524447,44452444.50660213,52746562.930175155,0.08957149649993706,0.29739401527592924,-0.03604617755955835,-0.06841689576067561,2021-03-12,2023-09-27,False,True,False,False,False,0.0,2,0,True,"['结合所处行业特点、发展阶段和自身经营模式、盈利水平、偿债能力、资金需求等因素，未进行现金分红或现金分红水平较低原因的说明', '充分披露高送转的主要考虑及其合理性且送转股后每股收益不低于0.5元', '上市公司控股子公司向母公司实施利润分配的情况', '留存未分配利润的预计用途以及收益情况']",鸾琮建筑
2023-09-30,季报,2023-10-27,无保留意见,False,304231726.72208214,132638145.90949476,171593580.8125874,0.43597736284309574,6907833.073470622,2.848923183421573e-10,38.46325914369142,1355.8097862207521,17449127.644901082,3129.5618363862495,78717896.65422447,104017417.98105773,40000000,4.289839520314685,-31774802.439525064,-27613148.17705972,520277.51168180665,137667.35564058647,0.0034416838910146614,121590.14132650736,39427882.59818883,-28685180.789639305,51641430.64548014,62384132.454029664,0.02008156382406777,-0.2351370860527831,0.07341961883643687,0.0374799144700185,2021-03-12,2023-11-23,False,False,False,True,False,0.0,0,0,False,[],鸾琮建筑
2023-12-31,年报,2024-03-30,无保留意见,False,325005768.02515835,154433010.37522632,170572757.64993203,0.47517006025342856,8275950.995604525,3.3055182948796656e-10,41.36809148434815,1487.3445814423687,18623960.29111515,3898.7822847939146,86817438.6156849,112912064.23240238,40000000,4.264318941248301,-37358072.785581835,-32361421.255262397,4238587.531513138,-7976100.494366806,-0.19940251235917014,-6783247.254575253,38548933.41233233,-34256791.29205376,55355778.141261466,59647920.26154004,-0.005949075471362127,-0.47344645462130974,0.0391926974103328,0.001172195898918365,2021-03-12,2024-04-30,False,False,False,True,False,0.0,0,0,False,[],鸾琮建筑
2024-03-31,季报,2024-04-30,无保留意见,False,358517676.0003378,197903438.1034027,160614237.89693508,0.5520046886146173,8660036.535211116,4.021044964861874e-10,50.36099022091115,1715.4864136866297,19119256.671257436,3927.9357837110974,88913848.43490915,128023905.9302408,40000000,4.015355947423377,-47491266.21483449,-41684231.14302205,63313843.53403903,-14475990.613218088,-0.3618997653304522,-13318299.839656651,71403766.33176121,-35259217.36864542,65864064.48734684,102008613.45046264,-0.05838282671981501,-0.7202972633719722,0.07683462836118868,0.12339664539077591,2021-03-12,2024-06-15,False,False,False,True,False,0.0,0,0,False,[],鸾琮建筑
2024-06-30,半年报,2024-08-27,无保留意见,False,426982840.88870585,252696259.62013784,174286581.26856804,0.5918183013963405,10354470.872572577,4.5026737410773943e-10,58.890129445275726,1833.8166057563694,27048290.7552994,4934.544206907252,104512042.73979448,144514672.34346116,40000000,4.357164531714201,-57709836.54814987,-50898326.73416098,33017587.479171403,-14597957.619021967,-0.36494894047554916,-13162993.701627031,69700628.95542571,-39504545.62391537,71659194.03665408,101855277.36816442,0.08512535096923604,-0.048322722745253066,0.039813612781723344,0.08193321804244368,2021-03-12,2024-10-13,False,True,False,False,False,0.0,2,0,True,"['根据公司盈利能力、融资能力及其成本、偿债能力及现金流等情况披露现金分红方案的合理性，是否导致公司营运资金不足或者影响公司正常生产经营', '留存未分配利润的预计用途以及收益情况', '公司为增强投资者回报水平拟采取的措施', '公司在相应期间是否按照中国证券监督管理委员会相关规定为中小股东参与现金分红决策提供了便利']",鸾琮建筑
2024-09-30,季报,2024-10-27,无保留意见,False,608857203.1403363,397932549.0418311,210924654.09850526,0.6535728689574377,13297247.480244739,5.673312140572647e-10,70.18876982257872,2446.0308458510062,32834412.97588087,6485.61299277579,152763238.32725063,202336731.01395556,40000000,5.273116352462631,-68813043.40387233,-60570512.2257891,73299275.73893094,-15861724.079603523,-0.3965431019900881,-13817407.845183032,13488264.062043095,-65516530.250294484,102986891.1406004,50958624.95234901,0.21021740493882066,-0.5261216332357098,0.061754567561097144,0.06914486717366175,2021-03-12,2024-11-29,False,False,False,False,False,0.0,0,0,False,[],鸾琮建筑
2024-12-31,年报,2025-03-30,无保留意见,False,613134128.3884037,416070309.5319205,197063818.8564831,0.6785959062914068,15457145.921485972,7.252169696145921e-10,85.95407015808551,3058.1486739243633,41141752.88397046,7351.0832879271275,188532553.80244,222482553.12528613,40000000,4.926595471412077,-80085698.4133205,-70487578.82696652,26816150.81279334,-16103792.87064023,-0.40259482176600575,-14167238.001682045,46045271.20451317,-59102140.28459105,93955497.46922235,80898628.38914448,-0.06571462829351814,-0.2126626652634363,0.025023037333969027,-0.06166716219634795,2021-03-12,2025-04-27,False,False,False,True,False,0.0,0,0,False,[],鸾琮建筑
2017-03-31,季报,2017-04-30,无保留意见,False,295192366.08797646,99295510.9450004,195896855.14297605,0.33637560571402875,5426921.606479669,116043.15038147973,992828.8116270216,88095107.8278512,8036.920464728103,246082.1962788818,102481.95524034866,97032378.6115736,40000000,4.897421378574401,-1457595.6303103517,-1252460.3067582801,6319135.728338597,-2082279.471871931,-0.05205698679679828,-1789229.009654686,57859584.37281564,-37062656.286894925,-42879104.85086754,-22082176.764946826,0.08831586190542247,-0.1712377484373295,0.036375605714028765,0.05614564209631454,2021-05-12,2017-06-11,False,False,False,False,False,0.0,0,0,False,[],暄珺能源
2017-06-30,半年报,2017-08-27,无保留意见,False,334942298.936453,112552189.49487841,222390109.4415746,0.3360345643182929,5694237.812360961,135800.79196299548,1021033.6152659834,95649219.3339686,8638.89222933034,262175.9131311159,105126.10614184786,100882491.93322289,40000000,5.559752736039365,-3276014.523415711,-2841176.4690610534,2862665.259605877,-2597741.2758647986,-0.06494353189661996,-2269594.5175753906,25607838.1648222,-46715044.77874197,-48561895.7815183,-69669102.39543808,0.1352408351796273,-0.03455365737821255,-0.00034104139573583835,0.09801869105569633,2021-05-12,2017-10-03,False,False,False,False,False,0.0,0,0,False,[],暄珺能源
2017-09-30,季报,2017-10-27,无保留意见,False,356197333.4097975,105935619.06567149,250261714.344126,0.2974071087269899,6252716.765117767,122437.07458009191,1081054.7555873587,96620338.92204325,8847.894506681383,261933.9554139395,109367.41160906835,103706691.1778198,40000000,6.25654285860315,-6201476.226946657,-5544679.572110039,10785756.749385487,-4179231.005044209,-0.10448077512610522,-3862147.290069981,22613225.002694663,-47117643.39167864,-47894999.94718625,-72399418.33617023,0.12532753804806102,-0.10980845154025468,-0.038627455591303025,-0.13724630644803423,2021-05-12,2017-11-12,False,False,False,False,False,0.0,0,0,False,[],暄珺能源
2017-12-31,年报,2018-03-30,无保留意见,False,365779594.2524967,102390596.0700764,263388998.18242028,0.27992429779829775,6575225.021081846,144599.22589908162,1118417.4178873356,112516868.87994735,9188.059749738752,277876.18719455076,117433.35714057737,111572331.8208088,40000000,6.584724954560507,-10053913.863397235,-8975902.59819228,21150395.704629652,-5503482.33778654,-0.1375870584446635,-4901747.180117487,44759958.00076749,-46395148.39331633,-48631103.51472521,-50266293.907274045,0.052454223262626026,-0.10328954006295128,-0.017482810928692128,-0.00838863089599047,2021-05-12,2018-04-23,False,False,False,False,False,0.0,0,0,False,[],暄珺能源
2018-03-31,季报,2018-04-30,无保留意见,False,386738469.1799891,132905080.69597322,253833388.48401588,0.3436562206438244,7222957.072172101,148883.7461309367,1112922.6524575457,112471158.5647899,9202.980163396924,285729.3664190665,115277.98377859332,115794046.9153088,40000000,6.345834712100397,-14405412.809566144,-12780765.56379948,29079895.97186513,-6216427.065955583,-0.15541067664888958,-5435518.522296002,65177370.8612835,-57129980.409103595,-50931225.81396307,-42883835.36178316,-0.03627945648582593,-0.06201397232766717,0.06373192284552663,0.1389326652173067,2021-05-12,2018-05-27,False,False,False,False,False,0.0,0,0,False,[],暄珺能源
2018-06-30,半年报,2018-08-27,无保留意见,False,311363075.9763098,75765408.50416182,235597667.47214794,0.2433345966492394,5388765.576138709,117444.30097739055,901840.3532009976,84002893.66156188,7762.8079075839905,215451.2288691934,91168.23095990469,88708754.23414847,40000000,5.889941686803699,-18723837.05082408,-16784147.704965714,27378294.367835734,-6169177.487511335,-0.15422943718778337,-5719117.34452319,48243382.35047553,-42411857.65054731,-46337260.01820966,-40505735.31828144,-0.07184130157493544,0.00438162552738699,-0.10032162399458498,0.08126413766306585,2021-05-12,2018-10-11,False,False,False,False,False,0.0,0,0,False,[],暄珺能源
2018-09-30,季报,2018-10-27,无保留意见,False,396615231.0184444,121947199.09581372,274668031.9226307,0.3074697832019028,7686128.116072087,171902.89956254084,1336018.6288847963,117861510.23283206,11369.701616736704,351972.08443453856,152059.5423556191,138648138.97451052,40000000,6.866700798065768,-23271029.37629151,-20905822.81611889,23771876.93829872,-6495989.03638204,-0.162399725909551,-5888107.301647392,75782737.7414711,-60209912.94548017,-52628938.26305472,-37056113.46706379,0.16583510723891853,-0.03017421331518171,0.06413518655266343,-0.04836325086143145,2021-05-12,2018-12-16,False,False,False,False,False,0.0,0,0,False,[],暄珺能源
2018-12-31,年报,2019-03-30,保留意见,False,419111013.1968866,117673937.68253623,301437075.51435035,0.28077033047866085,7651608.149029987,169482.37428831146,1414318.7925726988,113275471.3163583,11433.71691801924,360891.42613724334,158843.7468764938,133937464.35967453,40000000,7.535926887858759,-23170622.90778702,-20811422.864022564,500701.9466924823,143437.81214926764,0.003585945303731691,134857.07442331826,43344634.69672873,-62009363.14289285,-59959542.21110673,-78624270.65727085,0.09745962573198191,0.6320849122804466,-0.026699452723241972,0.08621896842641769,2021-05-12,2019-05-07,False,False,False,False,False,0.0,0,0,False,[],暄珺能源
2019-03-31,季报,2019-04-30,无保留意见,False,464917110.19790256,155664080.93374977,309253029.26415277,0.3348211488011009,9272611.57774362,173667.0433621426,1398269.1608817417,120552815.88105868,12730.466617188513,362758.3637603387,166929.23685772243,143780084.83448958,40000000,7.731325731603819,-27007440.27830686,-24335927.600848764,16691382.698363341,-5481167.6721712,-0.13702919180428,-5035006.766894572,31784725.124968108,-63044837.03429301,-65377302.56464229,-96637414.4739672,0.025928972859313424,-0.3280908733681412,0.05405081832244007,0.022922333315209542,2021-05-12,2019-05-23,False,False,False,False,False,0.0,0,0,False,[],暄珺能源
2019-06-30,半年报,2019-08-27,无保留意见,False,472488329.8199078,150789794.9875655,321698534.83234227,0.31913972360976633,8304925.805870214,175378.5815080833,1390453.1089013994,136187090.88574696,12207.310375099547,351539.9420594804,155052.17418120467,143736550.37089682,40000000,8.042463370808557,-27855859.14889733,-25147636.796963703,2724209.566588055,-1212026.9579863865,-0.030300673949659664,-1159584.5658784802,89233823.0422282,-66480943.61578464,-64720067.18404703,-41967187.75760346,0.04024376284301165,0.3706226979162488,-0.015681425191334614,-0.014724386120535967,2021-05-12,2019-09-25,False,False,False,False,False,0.0,0,0,False,[],暄珺能源
2019-09-30,季报,2019-10-27,无保留意见,False,460217537.80774206,117278874.83125092,342938662.97649115,0.25483356281881786,8221439.275489293,180309.57913431438,1440965.1656902523,133676568.99912578,11880.833111629976,336340.21453696716,143296.8324246888,133775631.46079423,40000000,8.57346657441228,-21968631.48589353,-20268528.269597605,10989601.478087246,8410325.232862577,0.21025813082156442,6970155.039094427,17000321.92586677,-61245569.71956067,-66664511.13869983,-110909758.93239373,0.06602494523395475,0.6094735635310992,-0.06430616079094847,-0.14584023180225864,2021-05-12,2019-11-30,False,False,False,False,False,0.0,0,0,False,[],暄珺能源
2019-12-31,年报,2020-03-30,无保留意见,False,404455081.90608346,80891016.38121669,323564065.52486676,0.2,7263124.7289882945,168104.9323845071,1319322.6439864116,113839057.70498095,9440.068954488841,320081.1171642209,135552.38780259312,126048976.32142712,40000000,8.089101638121669,-1304323.7573066896,-1447842.3104754428,81777606.42657256,29520439.612266913,0.7380109903066728,26886694.227317374,18613239.331320453,-59417481.92866124,-61550323.701575205,-102354566.298916,-0.05649580972721223,0.8307691533244574,-0.058667659459053736,0.133720785003965,2021-05-12,2020-05-03,False,False,False,False,False,0.0,0,0,False,[],暄珺能源
2020-03-31,季报,2020-04-30,无保留意见,False,374300564.82535905,88215612.4479417,286084952.3774173,0.23568121648200369,7403985.786019865,145704.4569399574,1243176.657526554,115796703.86457485,9420.957669138897,294084.85416756483,115051.28441789349,120090633.671812,40000000,7.152123809435433,21403401.985227358,18313351.261052154,126923237.4704292,32439608.20362007,0.8109902050905017,28230276.530753713,39771501.04768204,-61699721.93390093,-51509192.14792825,-73437413.03414714,-0.11583212457988193,0.062750236577373,0.03951531312223956,0.0695630099913056,2021-05-12,2020-06-26,False,False,False,False,False,0.0,0,0,False,[],暄珺能源
2020-06-30,半年报,2020-08-27,无保留意见,False,353542455.3439727,70708491.06879453,282833964.27517813,0.2,5787966.854244158,115158.49844221116,944778.3843465628,88223465.38981096,8225.38398632217,254787.43406400507,103211.7637672481,96274941.49040066,40000000,7.070849106879454,43801732.78045944,37451612.90994622,77015716.50560935,31997615.421760127,0.7999403855440032,27340373.784134384,48535425.85218486,-47525795.33266021,-49200791.331770495,-48191160.812245846,-0.011363715830640272,-0.00894005429896536,-0.03738546385255526,0.022918183896726223,2021-05-12,2020-09-10,False,False,False,False,False,0.0,0,0,False,[],暄珺能源
2020-09-30,季报,2020-10-27,无保留意见,False,365265986.7406579,87842996.71005881,277422990.0305991,0.24049049158368013,6862915.844175733,166862.1889673763,1212484.4332753222,115336460.25146738,10058.465532136304,317150.79325280385,130366.05641546218,121797834.250896,40000000,6.935574750764978,51181003.25687459,44176782.53666157,9057394.255082292,10541814.966307357,0.2635453741576839,9607385.181021938,4772642.267562421,-51288891.29525681,-50024215.64875042,-96540464.6764448,-0.019131274627662745,-0.4378947887721924,0.04219473895423173,0.14076436684972582,2021-05-12,2020-12-06,False,False,False,False,False,0.0,0,0,False,[],暄珺能源
2020-12-31,年报,2021-03-30,无保留意见,False,345939949.09777397,81768195.26220262,264171753.83557135,0.2363652867367806,6032535.160986919,147482.88294871923,1060419.0061656164,101154969.12115763,8246.133868051204,265377.9200689009,118681.24626007544,108305578.49103022,40000000,6.604293845889284,54243960.93230514,46785099.9267787,9452090.688207917,4375653.822043646,0.10939134555109116,3726167.7001673207,50328486.07058186,-47068212.0307931,-45870362.641023405,-42610088.601234645,-0.04776545805942825,-0.22388361666821682,-0.004125204846899528,0.047493947837963735,2021-05-12,2021-05-13,True,False,False,False,False,695632.408325253,0,0,True,"['上市公司控股子公司向母公司实施利润分配的情况', '根据公司盈利能力、融资能力及其成本、偿债能力及现金流等情况披露现金分红方案的合理性，是否导致公司营运资金不足或者影响公司正常生产经营']",暄珺能源
2021-03-31,季报,2021-04-30,无保留意见,False,356262631.3164765,71252526.26329531,285010105.05318123,0.2,5843804.847722968,137677.68044755544,1151141.9027238737,97983700.168959,8529.495007390531,255707.77582449498,112859.52036658625,105080129.45513348,40000000,7.125252626329531,54964012.45953683,47441863.99072494,2000102.0932459685,1028645.0389024019,0.02571612597256005,938234.3770660559,13073678.340975422,-55131408.658249274,-48045937.96570361,-90103668.28297746,0.07888182939717445,-0.15658041672108466,-0.03789892034090687,0.05318378447438488,2021-05-12,2021-06-28,False,False,True,False,False,0.0,0,7,True,"['结合所处行业特点、发展阶段和自身经营模式、盈利水平、偿债能力、资金需求等因素，未进行现金分红或现金分红水平较低原因的说明', '上市公司控股子公司向母公司实施利润分配的情况', '公司为增强投资者回报水平拟采取的措施']",暄珺能源
2021-06-30,半年报,2021-08-27,无保留意见,False,386042196.6427358,88920707.89170128,297121488.7510345,0.2303393480428081,6832408.763679099,155524.0905622764,1249681.8611550564,117961294.0453443,9855.930994371118,299234.4808203401,133958.10439941383,120287032.56819561,40000000,7.428037218775862,61665764.43524274,53726109.27031492,45281196.28898061,9573931.393865608,0.2393482848466402,8977493.256557114,70020780.77457967,-52895031.29207895,-54727452.53809506,-37601703.05559433,0.042494576448766024,0.4739838371948696,0.03187298164693437,-0.09903904368514457,2021-05-12,2021-10-02,True,False,False,True,False,6702782.92837461,0,0,True,"['公司在相应期间是否按照中国证券监督管理委员会相关规定为中小股东参与现金分红决策提供了便利', '留存未分配利润的预计用途以及收益情况']",暄珺能源
2021-09-30,季报,2021-10-27,非标准无保留意见,False,338736729.12565917,67747345.82513183,270989383.30052733,0.2,5853426.946991122,141478.27999167482,1245305.578953197,104243744.19227956,9632.894649888178,266878.53615212603,120328.87464803952,115918567.25648475,40000000,6.774734582513183,66083343.41275703,57529410.830406375,20606783.58983102,6310827.110734697,0.15777067776836742,5433287.9429878015,56603804.324655175,-46274761.81832797,-47789957.40543842,-37460914.89911122,-0.08795091045199999,-0.12279343371392058,-0.033509746581123274,0.03858790129978252,2021-05-12,2021-12-21,True,True,False,False,False,6359056.562570342,2,0,True,"['结合前述财务报表列报项目的具体情况说明现金分红方案确定的依据及未来增强投资者回报的规划', '上市公司控股子公司向母公司实施利润分配的情况', '公司在相应期间是否按照中国证券监督管理委员会相关规定为中小股东参与现金分红决策提供了便利']",暄珺能源
2021-12-31,年报,2022-03-30,无保留意见,False,362766409.8522229,83234238.23572874,279532171.6164942,0.22944306852896101,6781327.1973443,137202.36405496055,1155717.374130939,106774719.9772336,10024.654289639022,289769.482770338,115387.43182564153,113300325.48844959,40000000,6.988304290412355,70675387.39628017,61589791.24566218,5677952.349461424,6560062.8336044885,0.16400157084011222,5800543.450365446,57169447.35751703,-49071827.20798095,-55731906.98374802,-47634286.834211946,0.031524439119789416,0.01069184382372327,0.03261346706727618,0.11000799905976506,2021-05-12,2022-05-02,False,False,False,False,False,0.0,0,0,False,[],暄珺能源
2022-03-31,季报,2022-04-30,无保留意见,False,356207706.6963126,90444911.23269148,265762795.46362114,0.2539105963527087,6498000.348557334,133237.71463113345,1048163.040130425,94853132.82960089,9364.900719344882,267942.66468156304,111469.65525504266,106464126.33737999,40000000,6.644069886590528,77279054.35461402,67627583.59379128,11538453.946146198,9433809.940476928,0.2358452485119232,8625417.64018441,58130533.21346812,-46453772.74291232,-48337585.966604434,-36660825.49604864,-0.04925864551921415,0.12197535834978845,0.02446752782374767,0.03448750689493945,2021-05-12,2022-06-02,False,True,False,True,False,0.0,3,0,True,['结合前述财务报表列报项目的具体情况说明现金分红方案确定的依据及未来增强投资者回报的规划'],暄珺能源
2022-06-30,半年报,2022-08-27,无保留意见,False,396973632.10190475,96747681.75654617,300225950.34535855,0.24371311828517278,7307973.903617501,168743.26128282593,1263172.492318411,106692269.80777967,10844.946832070376,326011.2225058398,123049.6178917689,126684293.38162875,40000000,7.5056487586339635,94847011.93681112,83074511.4585485,20157817.775003448,25097082.260281578,0.6274270565070394,22067039.806796025,59787678.855426535,-57235962.951039724,-57825629.89137558,-55273913.98698877,0.12967637107224383,0.5925469069753796,-0.010197478067535883,0.04849597877170858,2021-05-12,2022-09-14,False,False,False,False,False,0.0,0,0,False,[],暄珺能源
2022-09-30,季报,2022-10-27,无保留意见,False,486389663.5271009,189447336.40945742,296942327.1176435,0.3894970444800616,9170944.940016022,202409.79507706998,1674777.2862824672,146390503.99686423,13945.95910374235,355376.9980703544,163146.70802104942,156608101.12091583,40000000,7.423558177941087,109234457.77111463,95795300.15522443,56109194.64223584,20553494.049005046,0.5138373512251262,18172555.28096561,49571994.53302461,-65485933.27064136,-73863464.27501592,-89777403.01263267,-0.010937173232153383,-0.10793119065079211,0.14578392619488886,-0.012543462736021926,2021-05-12,2022-11-08,False,True,False,True,False,0.0,4,0,True,"['公司为增强投资者回报水平拟采取的措施', '根据公司盈利能力、融资能力及其成本、偿债能力及现金流等情况披露现金分红方案的合理性，是否导致公司营运资金不足或者影响公司正常生产经营']",暄珺能源
2022-12-31,年报,2023-03-30,无保留意见,False,491673698.32589054,202056554.92531767,289617143.40057284,0.41095660722406757,9434712.74418862,205180.95917780307,1680332.686837336,148656221.02652442,13795.44519895786,416811.9274079414,163964.85107947493,161344265.86877918,40000000,7.240428585014321,117879482.2028859,103803475.95260121,39833666.78929194,12350034.902530361,0.308750872563259,11440251.13910969,58125925.97975526,-71761450.81059335,-72153930.5108415,-85789455.3416796,-0.024668708527257232,-0.21844729376631822,0.021459562744005938,0.07852842016573809,2021-05-12,2023-04-28,False,False,False,True,False,0.0,0,0,False,[],暄珺能源
2023-03-31,季报,2023-04-30,无保留意见,False,493086496.4221312,222207922.05945075,270878574.36268044,0.4506469426192086,9007355.729903499,175389.6758035657,1707484.0792937619,153864590.1574764,12410.552541858164,365157.2303901399,178117.94002526256,150460200.50576296,40000000,6.77196435906701,141853227.83292013,125840785.92759798,28506170.08726623,34248208.042906046,0.8562052010726512,31481871.39285255,12465805.885846706,-71666140.54368703,-66765676.21018369,-125966010.86802402,-0.06470117347982703,0.7461038194025373,0.03969033539514104,0.11898281895281083,2021-05-12,2023-06-22,False,False,False,True,False,0.0,0,0,False,[],暄珺能源
2023-06-30,半年报,2023-08-27,无保留意见,False,459860031.14716935,187389172.45945916,272470858.68771017,0.40749175785509584,8993013.075876534,183408.84015665302,1468946.5962924997,130144193.24797538,12287.589403343565,413860.4389402018,162096.14143363538,146689655.6021226,40000000,6.811771467192754,165479734.93809125,146909588.73893416,114771157.52160636,33752153.007387355,0.8438038251846839,30098289.730480228,52592393.1145505,-61862646.368618265,-63483658.54602084,-72753911.80008861,0.005878221741147549,-0.009679461086783393,-0.043155184764112786,0.04668829926018675,2021-05-12,2023-10-09,False,False,False,False,False,0.0,0,0,False,[],暄珺能源
2023-09-30,季报,2023-10-27,无保留意见,False,523491404.56414163,242307041.44851547,281184363.11562616,0.46286727792648297,10124139.707894469,210907.94567124697,1631958.2390334106,151440316.76128328,13125.273243701206,450081.4927424365,185720.6866534975,162429971.08827838,40000000,7.029609077890654,188506020.51055813,170994632.984221,159406057.47146273,32894693.674952656,0.8223673418738164,34407206.06469551,39613592.88345989,-75017652.19279991,-75480950.46979085,-110885009.77913088,0.03197958295387072,-0.016895033641427738,0.05537552007138714,0.012368446299938367,2021-05-12,2023-12-23,False,False,True,True,False,0.0,0,2,True,"['公司为增强投资者回报水平拟采取的措施', '充分披露高送转的主要考虑及其合理性且送转股后每股收益不低于0.5元', '是否影响偿债能力、过去十二个月内是否使用过募集资金补充流动资金以及未来十二个月内是否计划使用募集资金补充流动资金等内容', '上市公司控股子公司向母公司实施利润分配的情况']",暄珺能源
2023-12-31,年报,2024-03-30,非标准无保留意见,False,507800753.3656979,249858976.02120668,257941777.34449124,0.49204136536849163,11125407.326161513,202933.9992516091,1740966.9619673574,161371660.91299063,15320.309744276075,416839.3541822387,185183.04813211414,168326607.35907146,40000000,6.448544433612281,214029600.26873404,194651658.49740255,57098896.953214824,36462256.79739416,0.9115564199348539,33795750.73311649,25189774.672189966,-73640580.99081746,-75212534.97549677,-123663341.29412426,-0.08265959569585787,0.07150185439924718,0.029174087442008695,0.04620073355575676,2021-05-12,2024-05-25,True,False,False,False,True,5578407.664836829,0,0,True,"['上市公司控股子公司向母公司实施利润分配的情况', '结合前述财务报表列报项目的具体情况说明现金分红方案确定的依据及未来增强投资者回报的规划']",暄珺能源
2024-03-31,季报,2024-04-30,无保留意见,False,569333426.9872493,286775863.8076321,282557563.17961717,0.5037045959608739,10817810.509632986,214570.81869361713,1767750.729767318,167490904.41519633,14278.882392990134,474503.0510598972,182966.5151816357,177649889.6185945,40000000,7.063939079490429,252739665.26017395,229006018.4035811,118008920.82395174,55300092.84491414,1.3825023211228535,49077657.00882647,51398485.07216929,-80012750.35357061,-83599165.79395236,-112213431.07535368,0.09543155858095309,0.3523576664357755,0.011663230592382182,0.1610235971956944,2021-05-12,2024-05-26,True,False,False,False,False,37555902.49920515,0,0,True,"['结合所处行业特点、发展阶段和自身经营模式、盈利水平、偿债能力、资金需求等因素，未进行现金分红或现金分红水平较低原因的说明', '是否影响偿债能力、过去十二个月内是否使用过募集资金补充流动资金以及未来十二个月内是否计划使用募集资金补充流动资金等内容', '根据公司盈利能力、融资能力及其成本、偿债能力及现金流等情况披露现金分红方案的合理性，是否导致公司营运资金不足或者影响公司正常生产经营']",暄珺能源
2024-06-30,半年报,2024-08-27,无保留意见,False,642939640.1877418,328678842.4508973,314260797.7368444,0.511212595874352,12233027.804603774,252022.21200166465,2068881.0705244183,184503965.58576903,18650.781585996232,514277.55360376486,214479.12303648007,204774824.30920476,40000000,7.856519943421111,289047287.16497815,259505212.4453256,234641676.77793428,51868031.29257743,1.2967007823144359,43570277.202492185,41123910.18848262,-90216933.92480226,-92496069.89903685,-141589093.6353565,0.11220097668054275,-0.047469670055591544,0.007507999913478136,-0.07271865026633975,2021-05-12,2024-10-24,False,True,False,True,False,0.0,2,0,True,"['充分披露高送转的主要考虑及其合理性且送转股后每股收益不低于0.5元', '公司为增强投资者回报水平拟采取的措施', '留存未分配利润的预计用途以及收益情况']",暄珺能源
2024-09-30,季报,2024-10-27,无保留意见,False,860803655.7519636,488930679.87579,371872975.8761736,0.5679932660702744,14372788.466771657,326046.6284366665,2691507.697789563,244697929.48915136,21968.936624068156,652540.6272555206,272574.51656541694,259356075.14233863,40000000,9.29682439690434,309174153.2710518,277233418.0583301,76659742.04529867,28752665.865819536,0.7188166466454884,25326008.018577784,139726676.5199858,-124203032.91703674,-127138621.32715881,-111614977.72420976,0.18332600997077736,-0.3356472516043777,0.0567806701959225,0.030871353069120255,2021-05-12,2024-11-22,False,False,False,False,False,0.0,0,0,False,[],暄珺能源
2024-12-31,年报,2025-03-30,保留意见,False,866592212.4137175,492176147.75593925,374416064.65777826,0.5679443464938163,14254101.930248963,364323.38415306923,2632498.197287416,229167530.1692131,22190.20900428481,637086.2108616593,259310.57301780695,255882465.60026252,40000000,9.360401616444456,320230431.55970764,286857282.09624285,57852871.01262142,15794683.269508325,0.3948670817377081,13748377.197018182,103579823.47600667,-119627730.52167413,-128434682.24023205,-144482589.28589952,0.006838595290805579,-0.2832180890685921,-4.8919576458118304e-05,-0.0203721964824034,2021-05-12,2025-04-30,False,False,False,False,False,0.0,0,0,False,[],暄珺能源
2017-03-31,季报,2017-04-30,无保留意见,False,277651693.57853234,77574785.33210294,200076908.2464294,0.2793960459317757,183740538.35371822,8.167788582037366e-09,9862277.785606492,116498.3465212295,24425440.47172296,414509.49328294396,2888988.8478126964,214578064.225653,40000000,5.001922706160736,4167722.8327795034,3766096.2034394047,24558387.684958037,5953889.761113577,0.14884724402783941,5380137.433484864,-43173440.02611164,-10743510.31704513,-29146680.44758865,-83063630.79074542,0.11153837914683004,0.27521609783964324,-0.020603954068224323,0.0062045433758198005,2021-01-05,2017-06-10,False,False,False,False,False,0.0,0,0,False,[],玥瑄传媒
2017-06-30,半年报,2017-08-27,无保留意见,False,292300678.55659807,89539985.54078782,202760693.01581028,0.30632835333445935,198345739.89645922,8.520420725632044e-09,9026559.625138614,111861.11740472847,26119384.990944576,452512.4207983098,2843950.3069690657,218520996.89892277,40000000,5.069017325395257,11623368.158982169,11128475.275854126,41755734.913155906,10650921.894575238,0.26627304736438095,10517684.389163889,-7118968.800719452,-9884516.462158564,-35526422.39699182,-52529907.659869835,0.013413765700913826,0.2046290272517973,0.026932307402683694,-0.008152947211086274,2021-01-05,2017-09-28,False,False,False,False,False,0.0,0,0,False,[],玥瑄传媒
2017-09-30,季报,2017-10-27,无保留意见,False,296304685.64416814,91623274.39659478,204681411.24757335,0.3092197958240358,187575114.1207987,8.737161770413509e-09,9388220.109975249,119378.87416729098,26247179.91511487,495689.5248898444,3268644.124195264,227773592.7528065,40000000,5.117035281189334,25670741.40848718,24520868.086009156,60756177.74092569,20067676.07072144,0.501691901768036,19131989.7287929,-57792493.490631565,-10148167.523386782,-36063774.22462467,-104004435.23864302,0.009472833236041847,0.34055841653488067,0.0028914424895764546,0.14068820905742804,2021-01-05,2017-12-03,False,False,False,False,False,0.0,0,0,False,[],玥瑄传媒
2017-12-31,年报,2018-03-30,无保留意见,False,250858961.9143945,81566119.59377049,169292842.32062402,0.32514732171141203,141200976.57164705,6.578949229408679e-09,7871966.432065976,87956.32893979846,19348644.87831669,340710.4166546163,2328941.680273044,175461270.47453955,40000000,4.232321058015601,20624407.123292457,19664041.147847857,3913824.0448507993,-7209048.978849599,-0.18022622447123998,-6938324.197373288,-44950866.93132632,-9298574.397721758,-29446506.35191021,-83695947.6809583,-0.1728958614817488,-0.7358628309346872,0.01592752588737623,0.1529658848629086,2021-01-05,2018-04-10,False,False,False,False,False,0.0,0,0,False,[],玥瑄传媒
2018-03-31,季报,2018-04-30,保留意见,False,286042103.6853719,98462994.09277856,187579109.59259328,0.3442255277253925,175334333.7527977,8.29751804834876e-09,10168623.07384556,122029.52057517724,25365690.590813376,482078.75426916627,3000100.452387969,222149159.2621,40000000,4.689477739814832,15443058.805144394,15222909.22291342,5886858.908646437,-7401926.168782951,-0.1850481542195738,-6344474.178477768,-5624506.219839548,-9723580.977396514,-35164556.012644045,-50512643.209880106,0.10801559606009148,-0.01969953577713737,0.019078206013980466,0.03728581723744416,2021-01-05,2018-06-06,False,False,False,False,False,0.0,0,0,False,[],玥瑄传媒
2018-06-30,半年报,2018-08-27,无保留意见,False,311717999.19550216,103122030.47743064,208595968.7180715,0.3308183381889185,191044584.45140925,8.059263343537344e-09,9173162.885215614,128809.18035375279,25995135.41938608,484604.7102187151,2952964.348825047,232154610.30649596,40000000,5.214899217951787,10934970.647703862,10835856.846892849,21156934.945373442,-6440125.939200763,-0.16100314848001906,-6267217.680029388,-41003672.2766375,-11207132.899788504,-34537182.46549931,-86747987.64192532,0.1120426425475902,0.10020762983235264,-0.013407189536474016,0.06458636338709225,2021-01-05,2018-10-16,False,False,False,False,False,0.0,0,0,False,[],玥瑄传媒
2018-09-30,季报,2018-10-27,无保留意见,False,333983943.21711826,119699913.43414316,214284029.78297508,0.35840020415690443,205062159.9612803,9.2448930795841e-09,11077706.052497236,122744.53326142709,25430112.541291773,477300.8129252015,3396792.120065488,239663605.22734642,40000000,5.357100744574377,6524851.386959142,7243540.816044251,25731175.912050955,-6300170.372492457,-0.1575042593123114,-5131880.044069424,-50128118.60150594,-12163560.495831305,-38972353.3084983,-101264032.40583554,0.027268317311497512,0.013253526121855402,0.02758186596798595,-0.13846252593755426,2021-01-05,2018-12-05,False,False,False,False,False,0.0,0,0,False,[],玥瑄传媒
2018-12-31,年报,2019-03-30,无保留意见,False,358559558.6963666,121348368.55554521,237211190.1408214,0.33843294820179304,221701728.22692123,9.887884056790237e-09,11353873.546837939,142732.53101454236,30696157.63084513,567981.5146475787,3340634.4551039697,268806510.104024,40000000,5.9302797535205345,5693457.286865183,6548899.705162416,3213362.934648226,-1187705.8572770841,-0.029692646431927105,-992344.4441169074,-52521719.74221551,-12893253.09230079,-41332706.9629473,-106747679.7974636,0.10699425608649754,0.4778080299589113,-0.019967255955111417,-0.04313508666065796,2021-01-05,2019-04-22,False,False,False,False,False,0.0,0,0,False,[],玥瑄传媒
2019-03-31,季报,2019-04-30,无保留意见,False,350264873.59660536,126010136.01679695,224254737.5798084,0.35975670275724214,255617628.14490148,1.0111717386444709e-08,11552946.374832543,154920.58355580823,32357678.242805976,570887.8811185204,3441519.6565569937,277833271.50980115,40000000,5.606368439495211,8610158.131724346,9304107.751210632,9821379.242174301,4166715.492655948,0.1041678873163987,3936011.4943545945,-20055874.10693587,-13279753.108839884,-36000090.67671139,-69335717.89248714,-0.05461990453874175,0.33862394043543836,0.02132375455544912,0.06837040472850321,2021-01-05,2019-06-28,False,False,False,False,False,0.0,0,0,False,[],玥瑄传媒
2019-06-30,半年报,2019-08-27,无保留意见,False,385167167.71737146,172640032.03302243,212527135.68434906,0.4482210492035045,213742017.09982094,1.0898492011522392e-08,11531351.26847123,149546.94472431508,30822355.249226302,562384.2606634379,3365479.960106722,273478781.1806714,40000000,5.3131783921087266,15784346.980584605,16043337.826201182,19323328.58200427,10248841.212657511,0.2562210303164378,9627471.535700785,-53417886.1883425,-12914892.187970862,-44588233.594412185,-110921011.97072554,-0.052295893598616604,0.28734385937732426,0.08846434644626232,0.02105004625969483,2021-01-05,2019-09-26,False,False,False,False,False,0.0,0,0,False,[],玥瑄传媒
2019-09-30,季报,2019-10-27,无保留意见,False,379738293.8588808,170153902.42786708,209584391.43101373,0.4480820216965004,243060853.3526043,1.1376504784860286e-08,11854541.363075037,149490.47694486642,31769635.180432644,660361.6489972008,3764938.81229949,281928072.844541,40000000,5.239609785775343,22449666.948964864,22062326.51322562,4775222.564559534,9521885.669114657,0.23804714172786642,8598555.267177768,-9570613.749035222,-13470325.091036672,-46421851.73387415,-69462790.57394604,-0.01384644009744707,-0.026678402133488613,-0.00013902750700405344,0.13374848892120542,2021-01-05,2019-12-01,False,False,False,False,False,0.0,0,0,False,[],玥瑄传媒
2019-12-31,年报,2020-03-30,无保留意见,False,354013659.683347,167304121.5534963,186709538.12985072,0.47259227709785,230509772.1153664,1.0396770425457315e-08,11487105.290280638,140491.22816305826,30269273.000006396,518353.51685293514,3918101.9749193657,275630630.7811337,40000000,4.667738453246268,29558268.387992147,28497517.350421797,20479078.371457227,10155144.912896119,0.253878622822403,9193129.767423116,-42755648.001621194,-12423134.950096963,-42062703.10918234,-97241486.06090051,-0.10914387824864553,0.023876855955189936,0.024510255401349566,-0.1419570827808892,2021-01-05,2020-05-18,False,False,False,False,False,0.0,0,0,False,[],玥瑄传媒
2020-03-31,季报,2020-04-30,无保留意见,False,342742620.1229346,144313582.33465543,198429037.78827918,0.42105525797431664,191690342.05105495,8.849438213119388e-09,10836314.461014537,125602.66933812536,25638830.73240313,493956.9325038171,3146508.3470625505,241624779.26633695,40000000,4.960725944706979,44022890.70938856,40632590.840982005,89473248.78071633,20663746.173423454,0.5165936543355863,17335819.272228874,-60438805.802695625,-12264762.558255935,-39636323.047976956,-112339891.40892851,0.06276861790680414,0.3869838034094508,-0.05153701912353333,0.041708456580482986,2021-01-05,2020-06-23,False,False,False,False,False,0.0,0,0,False,[],玥瑄传媒
2020-06-30,半年报,2020-08-27,无保留意见,False,312422339.4251631,122355607.40916057,190066732.01600254,0.39163527049405933,169742737.65831572,7.844704157555354e-09,9737681.03490709,112379.59526751818,24979195.60460044,444655.2759511532,2799811.3965003365,220501690.23288321,40000000,4.7516683004000635,66147943.842125125,59869804.817140914,70525683.9439155,31607218.76105222,0.7901804690263056,27481734.251655582,-26210475.73991453,-11144838.378098069,-36400720.441572435,-73756034.55958503,-0.042142550634142004,0.2905571988840229,-0.029419987480257304,0.08773612675512094,2021-01-05,2020-09-12,False,False,False,False,False,0.0,0,0,False,[],玥瑄传媒
2020-09-30,季报,2020-10-27,无保留意见,False,301023060.71884155,120923329.39603855,180099731.322803,0.40170785954828264,183686864.90335095,7.921322054998879e-09,9344464.87431175,111401.5000789789,24950315.80163391,484747.12146966084,2884760.4377523577,219406605.77639568,40000000,4.502493283070074,80388001.74703662,72583096.07216753,39550063.787210345,20342939.86415928,0.508573496603982,18161844.650038023,-18671334.821764957,-11321011.550453449,-34214244.36868222,-64206590.74090063,-0.052439480531292444,-0.23174086450547404,0.01007258905422331,0.08322235360950585,2021-01-05,2020-11-26,False,False,False,False,False,0.0,0,0,False,[],玥瑄传媒
2020-12-31,年报,2021-03-30,非标准无保留意见,False,311980824.3127913,118087759.3166122,193893064.99617907,0.3785096714733264,198856972.75036922,8.85363514351615e-09,11658403.492420984,121407.83110415221,26989716.79369554,479189.37610422296,3277878.308917746,239260614.14919305,40000000,4.847326624904476,81073940.25924487,73186292.72164431,705123.1454075205,979912.1602975205,0.02449780400743801,861709.4992525555,-5908419.600758,-11537053.498368392,-35134800.11642141,-52580273.2155478,0.07658719739372355,-0.5185191035922123,-0.023198188074956216,-0.054578851506056306,2021-01-05,2021-04-11,False,False,False,False,False,0.0,0,0,False,[],玥瑄传媒
2021-03-31,季报,2021-04-30,无保留意见,False,390416541.20848405,188586296.5028558,201830244.70562822,0.48303869482351147,221673574.75104794,1.0181292594323864e-08,12216463.940381136,149117.77650443203,32931670.97687495,619762.1493978512,3863355.5612334944,282689669.7133749,40000000,5.045756117640705,79460849.29194154,71880839.97695641,11032249.25321336,-2304415.667576194,-0.05761039168940484,-1864932.4924112924,-28624882.947342604,-14222120.890309425,-46562922.57938533,-89409926.41703737,0.04093586178342973,-0.1826665113039889,0.104529023350185,-0.002506382671101754,2021-01-05,2021-05-12,False,True,False,False,False,0.0,2,0,True,"['公司在相应期间是否按照中国证券监督管理委员会相关规定为中小股东参与现金分红决策提供了便利', '充分披露高送转的主要考虑及其合理性且送转股后每股收益不低于0.5元', '结合所处行业特点、发展阶段和自身经营模式、盈利水平、偿债能力、资金需求等因素，未进行现金分红或现金分红水平较低原因的说明', '根据公司盈利能力、融资能力及其成本、偿债能力及现金流等情况披露现金分红方案的合理性，是否导致公司营运资金不足或者影响公司正常生产经营']",玥瑄传媒
2021-06-30,半年报,2021-08-27,无保留意见,False,518503298.72725075,285657764.81058204,232845533.9166687,0.5509275746398812,333093877.17638475,1.5020396973041604e-08,16970552.87901721,211367.48060949883,41550188.826325245,822891.4725482113,5541363.80687103,380980101.19790393,40000000,5.821138347916718,77748193.31285729,70323516.91045673,6767287.135647008,-2446651.3986917976,-0.06116628496729494,-2224747.2378566954,-55010548.85085869,-17109944.519682314,-61219261.86031914,-133339755.23086014,0.15367017592569776,-0.009678807449784887,0.06788887981636976,-0.005367290779045534,2021-01-05,2021-10-05,False,False,False,False,True,0.0,0,0,False,[],玥瑄传媒
2021-09-30,季报,2021-10-27,无保留意见,False,594892654.6573341,357438033.9650519,237454620.69228214,0.6008445913169678,348978428.6393646,1.5224612137031406e-08,16621477.815482259,217263.01011705387,48126726.6871507,856898.3567616793,5758768.173943704,419698513.6403553,40000000,5.9363655173070535,78040142.29191512,70588551.04141103,1811179.5997702158,417069.970082622,0.01042674925206555,378620.1870775735,-39932590.36366243,-20646801.199796617,-65830417.567663595,-126409809.13112265,0.019794611037130504,0.19677405161015668,0.04991701667708658,0.06367125333452106,2021-01-05,2021-12-21,False,False,True,True,False,0.0,0,2,True,"['结合所处行业特点、发展阶段和自身经营模式、盈利水平、偿债能力、资金需求等因素，未进行现金分红或现金分红水平较低原因的说明', '是否影响偿债能力、过去十二个月内是否使用过募集资金补充流动资金以及未来十二个月内是否计划使用募集资金补充流动资金等内容', '留存未分配利润的预计用途以及收益情况']",玥瑄传媒
2021-12-31,年报,2022-03-30,无保留意见,False,538486577.1063759,321680870.835481,216805706.27089494,0.5973795531990284,333564118.58378017,1.4598594466397573e-08,16743051.463740075,201032.99179779345,42202757.480553254,771267.9837331489,5424409.187815698,399619486.4350895,40000000,5.420142656772374,77743084.8213216,70310693.61132534,879671.8631701302,-424367.81513358466,-0.010609195378339617,-396939.18583669857,-11391871.880576752,-19530233.533735093,-57283352.483538225,-88205457.89785007,-0.08695941296567211,-0.048311098632637245,-0.0034650381179394574,0.17753196458435114,2021-01-05,2022-05-24,False,False,False,True,False,0.0,0,0,False,[],玥瑄传媒
2022-03-31,季报,2022-04-30,非标准无保留意见,False,494643311.8423245,264870398.3709433,229772913.47138116,0.5354775694518539,287812045.04539484,1.3240995132114861e-08,16928137.82657925,188523.79538923354,42894704.01661178,747963.5393780207,5474540.015094701,377402783.32753414,40000000,5.744322836784529,78317208.69206062,70878363.96396427,3626806.499313455,820176.9581985958,0.020504423954964896,810957.6466270502,-90055808.36229765,-17808408.628835727,-60077587.18120749,-167941804.17234087,0.059810267098246286,0.07508279379343681,-0.061901983747174504,-0.01247461604028411,2021-01-05,2022-06-17,False,False,False,True,True,0.0,0,0,False,[],玥瑄传媒
2022-06-30,半年报,2022-08-27,非标准无保留意见,True,634557150.7270825,408301315.79415345,226255834.932929,0.6434429354807796,368613204.1658087,1.777882741839119e-08,20406628.525148768,240814.56017259147,55138372.31400659,1055911.6013758865,5603329.921980943,464765488.852753,40000000,5.656395873323225,84677562.61982478,77060707.27265914,25499708.75458748,9086219.896805946,0.22715549742014865,8831919.01242123,-110982892.84209856,-20902198.48538943,-78099597.61173113,-209984688.93921912,-0.015306758683243096,0.4638586338394561,0.10796536602892576,0.051765083619604774,2021-01-05,2022-09-11,False,False,False,False,False,0.0,0,0,False,[],玥瑄传媒
2022-09-30,季报,2022-10-27,保留意见,False,702912345.9963182,461990171.59829706,240922174.39802116,0.6572514684508286,411398583.0694975,1.9887609061597004e-08,23459567.89606678,278308.26968827687,60359811.09438645,1069049.3117064384,7123913.998626216,533454768.4434456,40000000,6.023054359950529,83291750.79809482,75840526.47062713,1350605.2684977003,-1979731.17389993,-0.04949327934749825,-1743115.4314743057,-115678996.25491938,-24956312.11523816,-81688626.89584468,-222323935.26600224,0.06482192810382037,-0.4242067694929159,0.013808532970049043,0.0371661624447241,2021-01-05,2022-12-05,False,False,False,True,True,0.0,0,0,False,[],玥瑄传媒
2022-12-31,年报,2023-03-30,无保留意见,False,673268153.986211,418563449.1824944,254704704.80371657,0.621689065054259,437261615.8809183,2.0136644556102672e-08,22416592.92418137,284366.13981600973,57860794.68542189,1044325.4256563991,6848831.6920051435,501988322.62181616,40000000,6.367617620092914,86477675.1932697,78845917.49930787,11266994.94591988,4551320.564535536,0.1137830141133884,4293415.755258195,-100798994.7020327,-24026643.520511508,-69923723.29194123,-194749361.51448542,0.057207396704487996,0.4348159020354377,-0.03556240339656967,-0.13262222940825802,2021-01-05,2023-05-07,False,False,False,False,False,0.0,0,0,False,[],玥瑄传媒
2023-03-31,季报,2023-04-30,无保留意见,False,560593399.4233837,337320530.7593138,223272868.66406983,0.6017204824499819,348041964.90739477,1.6457183026924076e-08,17290019.33749036,204735.7305778897,50022928.938066304,795244.8942832915,6093828.934189652,413272949.35532194,40000000,5.581821716601746,81557425.47620763,74384025.15735301,29707492.355940033,-7028928.167231534,-0.17572320418078835,-6374131.917078357,-66708316.41515059,-20034843.20476246,-66374214.07042282,-153117373.69033587,-0.12340500802240427,-0.5373336031585608,-0.019968582604277096,0.03292507918717768,2021-01-05,2023-06-09,False,False,False,False,False,0.0,0,0,False,[],玥瑄传媒
2023-06-30,半年报,2023-08-27,无保留意见,False,633805380.3937867,392029255.99258405,241776124.40120265,0.6185325466139372,341547818.2854861,1.770926181857746e-08,21336157.777905572,243649.01393500788,52988327.479152195,1033863.6475504121,6431323.770212761,460485914.8684604,40000000,6.044403110030066,76455940.85109217,69876964.85965061,30664874.031581655,-7287835.17873637,-0.18219587946840926,-6438657.568146298,-42796489.54584529,-22538210.279773366,-74322730.92974593,-139657430.7553646,0.08287283559281142,-0.02596581549578002,0.016812064163955316,0.01939980199931183,2021-01-05,2023-10-20,False,False,False,False,False,0.0,0,0,False,[],玥瑄传媒
2023-09-30,季报,2023-10-27,非标准无保留意见,False,576900432.2958198,350086888.107722,226813544.18809783,0.6068410916499476,376054242.33809996,1.6953284668487025e-08,18606228.879881725,231469.51841013998,48874232.12466954,924225.9756979076,5967466.679408065,449413453.46685255,40000000,5.6703386047024456,72047419.87329283,65799129.08819903,13617225.85728585,-6297887.111141907,-0.15744717777854766,-5825479.673502247,-96351305.45334135,-22812383.145472918,-71378887.64249434,-190542576.2413086,-0.061886095040037746,0.10192867252696203,-0.011691454963989632,0.006403559536084516,2021-01-05,2023-12-02,False,False,False,False,False,0.0,0,0,False,[],玥瑄传媒
2023-12-31,年报,2024-03-30,无保留意见,False,640664875.7409375,397426599.5163441,243238276.22459346,0.6203346157485454,431272899.52536446,1.8547140823871753e-08,19148303.85875208,280656.5311575685,58509490.40014461,1019798.8240550781,6617028.341826255,496211127.64419764,40000000,6.080956905614837,69500380.3117563,63475669.579006225,7875518.165877269,-3638627.945052203,-0.09096569862630507,-3319227.870275432,-86647368.43716575,-21961076.47649177,-72415112.72535722,-181023557.63901472,0.07241512889051513,0.2484798276477015,0.013493524098597939,-0.0015132228398829835,2021-01-05,2024-04-19,False,False,False,True,False,0.0,0,0,False,[],玥瑄传媒
2024-03-31,季报,2024-04-30,无保留意见,False,700745339.609812,496861020.7833593,203884318.8264527,0.7090464862171195,487903481.54293525,1.9035631030277375e-08,24513081.17909264,286002.84702580376,61651980.09395273,1211506.446111872,7421237.258853179,549995957.3256465,40000000,5.097107970661318,70264453.48290701,64143526.52284232,4246319.853197022,1091533.1016438976,0.02728832754109744,954081.348337282,-84040048.83634181,-23165877.12143372,-85453152.36400452,-192659078.32178006,-0.16179179530857793,0.3540176134040436,0.08871187046857412,0.13607938964604788,2021-01-05,2024-06-03,False,False,False,True,False,0.0,0,0,False,[],玥瑄传媒
2024-06-30,半年报,2024-08-27,无保留意见,False,627564570.1031688,451147390.1497114,176417179.95345747,0.718886010527243,384053861.78316534,1.7302860517511585e-08,20418486.66321957,224757.56297431156,53254800.43102859,985672.5692992414,6205126.15537081,466077584.1552828,40000000,4.410429498836437,62410252.10957718,57470914.50009265,48504829.6407642,-11220287.67618547,-0.28050719190463674,-9532302.889642386,-83169969.37084049,-21999899.074958183,-81223923.45997545,-186393791.90577412,-0.1347192321169898,-0.6805294337775413,0.009839524310123374,-0.06482751295590815,2021-01-05,2024-10-24,False,False,False,False,False,0.0,0,0,False,[],玥瑄传媒
2024-09-30,季报,2024-10-27,无保留意见,False,556455518.5437468,383620446.8570219,172835071.68672493,0.6894000222353134,343037251.4335226,1.4981892111403285e-08,17511705.243283845,222735.5656179486,47601477.02975067,906023.7558528169,5426559.289817764,418623322.2664947,40000000,4.320876792168123,55330610.072274916,51616774.34631555,50279314.33726038,-10113774.339003239,-0.25284435847508097,-8363057.362538707,-56539539.166214705,-19097914.83126528,-68617997.05170713,-144255451.04918712,-0.02030475868437303,0.1914478221732576,-0.02948598829192959,0.043002366229986995,2021-01-05,2024-11-23,False,False,True,False,False,0.0,0,3,True,"['公司为增强投资者回报水平拟采取的措施', '留存未分配利润的预计用途以及收益情况']",玥瑄传媒
2024-12-31,年报,2025-03-30,无保留意见,False,539772415.7326326,374665103.70261186,165107312.0300208,0.6941168032717626,328735715.42360955,1.507632786372093e-08,17613439.033562507,217101.99699394792,44981516.98801157,872577.2152912475,5048797.697118549,399315333.9843034,40000000,4.12768280075052,49421277.03383503,46194197.80161186,28115783.72980232,-8441904.340628415,-0.2110476085157104,-7746537.9210052695,-95019592.05508299,-18815266.078946862,-56992375.15483102,-170827233.28886086,-0.044711756597128706,0.24278466618429478,0.0047167810364492635,0.12343457133812023,2021-01-05,2025-05-28,False,False,False,False,False,0.0,0,0,False,[],玥瑄传媒
2017-03-31,季报,2017-04-30,无保留意见,False,257040090.1239321,65152130.82011801,191887959.30381408,0.2534706970757163,61747569.46556588,522490.3134808113,895712.9594393964,51550.21839197809,8724653.66428332,2759016.713690696,18645644.294814087,87057489.5074341,40000000,4.7971989825953525,2525123.4445049083,2070577.2846878634,2271825.874694764,3607319.2064355835,0.09018298016088959,2957967.549554091,-13737004.254440954,15018250.65253827,4795426.318814006,6076672.7169113215,0.06604421835452264,0.1448510670241991,-0.04652930292428372,0.007475626797010906,2021-10-26,2017-06-25,False,False,False,False,False,0.0,0,0,False,[],霖珺能源
2017-06-30,半年报,2017-08-27,保留意见,False,299494159.73602533,83038377.6986422,216455782.03738314,0.2772620934305776,69706820.50665826,585383.4347735896,1000944.0334020063,57770.58383886861,9001548.950775288,2934705.5305670598,21730126.009891383,100808757.38076952,40000000,5.411394550934578,2059550.2737414823,1652028.7458650686,1856617.8399865637,-665104.5296620373,-0.01662761324155093,-597926.4840325642,-24797079.274437048,17174509.938165493,5702821.6086906465,-1919747.7275809078,0.12803212261312916,-0.20732554745710738,0.02379139635486132,0.06201552048278032,2021-10-26,2017-09-26,False,False,False,False,False,0.0,0,0,False,[],霖珺能源
2017-09-30,季报,2017-10-27,无保留意见,False,319287769.117452,78060543.42501968,241227225.69243237,0.2444833500537398,78325433.44183847,663302.0176691785,1130641.8093729315,64881.460272391174,10215152.832359532,3354578.0627603764,23710641.049188398,110394481.23812923,40000000,6.030680642310809,5040444.385165758,4522775.274507294,12348782.850689555,4258420.159177538,0.10646050397943845,4101066.4694888955,-17350560.760898925,16983072.70661065,5648635.34219663,5281147.287908355,0.11444112706017291,0.30141145976599926,-0.03277874337683778,-0.0323589412334662,2021-10-26,2017-12-25,False,False,False,False,False,0.0,0,0,False,[],霖珺能源
2017-12-31,年报,2018-03-30,无保留意见,False,331899577.47847193,75686329.9314553,256213247.54701662,0.2280398502054874,78192256.21437743,578674.0206531519,1187181.1339596026,61378.53766755748,10357818.056890573,3487338.6498104115,21496963.822857216,112015407.98905523,40000000,6.405331188675415,8096352.9901207555,7046753.38673741,15285768.543408675,4365583.721364282,0.10913959303410706,3605683.017471593,-45062796.723287925,17650657.30494857,6295638.776299504,-21116500.642039854,0.0621240898972639,0.005040993704345476,-0.016443499848252413,0.009685288928379875,2021-10-26,2018-05-14,False,False,False,False,False,0.0,0,0,False,[],霖珺能源
2018-03-31,季报,2018-04-30,无保留意见,False,480729062.1342824,186414152.57748657,294314909.55679584,0.38777383616016,94632196.00313786,853603.1344890776,1597818.8338014258,91980.82126319718,16004659.21697887,4314291.689005793,30872386.051985305,152643093.6011714,40000000,7.3578727389198955,12163403.194166524,10808351.532506848,17223124.58259032,5810071.720065381,0.14525179300163454,5373711.636813483,-52347510.590806305,27412425.034595177,9091393.189909436,-15843692.366301693,0.14871074144121835,0.06760816917240121,0.15973398595467259,0.04485500355555284,2021-10-26,2018-05-31,False,False,False,False,False,0.0,0,0,False,[],霖珺能源
2018-06-30,半年报,2018-08-27,无保留意见,False,594232555.2946765,258734649.20569098,335497906.08898556,0.4354097514522508,127167308.82766931,1221813.8609506912,2087886.3904405572,113264.93283655705,19830988.941507064,6348767.851622797,41610718.233289614,201446000.09588158,40000000,8.387447652224639,31227205.08651126,29582352.37627173,20369177.07382886,27234002.703349628,0.6808500675837407,26820001.205378402,-100829518.07558553,30517395.286204744,10805008.59841535,-59507114.19096544,0.13992833932268836,0.9392311977887474,0.04763591529209083,0.031484745849185855,2021-10-26,2018-09-25,False,False,False,False,False,0.0,0,0,False,[],霖珺能源
2018-09-30,季报,2018-10-27,无保留意见,False,691793473.5346997,312166374.5540845,379627098.9806152,0.45124215028956405,153334106.71868762,1494218.3742917413,2369805.804102829,124912.18342981917,25115792.930813003,7083239.311325019,47109045.24783054,229401001.72192127,40000000,9.49067747451538,65200482.05865651,59729258.37562145,120195015.46888012,48533252.81735036,1.213331320433759,43067008.570499614,-127837668.97557695,36956201.8594686,12819107.608713219,-78062359.50739513,0.13153343758850497,0.4815130626283532,0.01583239883731322,0.10043684738717835,2021-10-26,2018-11-17,False,False,False,False,False,0.0,0,0,False,[],霖珺能源
2018-12-31,年报,2019-03-30,无保留意见,False,662294338.565594,265773242.06243566,396521096.50315833,0.40129173176695265,138895507.82665518,1170959.795930313,2505596.7316184975,119039.97604810708,20618502.180066623,6975348.537901056,44148889.694223106,213302969.77845025,40000000,9.913027412578959,76483843.95553657,70228026.2909222,33454180.91605963,16119088.424114365,0.4029772106028591,14998239.879001046,-92886557.2526936,34945358.790053986,12199492.154048111,-45741706.3085915,0.04450155841853056,-0.49462163099973777,-0.04995041852261136,0.04379758273054459,2021-10-26,2019-05-01,False,False,False,False,False,0.0,0,0,False,[],霖珺能源
2019-03-31,季报,2019-04-30,非标准无保留意见,False,654344708.9975255,237715684.33657134,416629024.66095406,0.3632881584704161,145028795.61568972,1291457.7248267583,2328503.7225001235,121954.18540449014,20710907.624326788,6343301.546663936,44793977.733247146,211409109.15279707,40000000,10.41572561652385,90287934.93868499,82968987.39682554,39516694.99154381,19720129.97592631,0.49300324939815776,18201373.008433357,-47676596.9385288,36865031.97080042,12967363.712185754,2155798.744457377,0.050710865916400436,0.10873009261903438,-0.038003573296536516,0.04696552009898713,2021-10-26,2019-06-24,False,False,False,False,False,0.0,0,0,False,[],霖珺能源
2019-06-30,半年报,2019-08-27,无保留意见,False,723828695.8703773,302864378.02945113,420964317.84092623,0.4184199656042482,157462698.2106219,1402612.8115761615,2479931.3071685643,150202.75977225258,26374772.487874825,7705743.325057569,50192872.94212068,242360904.85998645,40000000,10.524107946023156,107124065.51580851,99724280.63480423,72942189.92808373,24051615.11017645,0.6012903777544113,23936133.19711243,-52420075.351149276,41165794.12671379,14361881.386125078,3107600.1616895925,0.010405643686251034,0.1179594172757521,0.05513180713383206,0.06270099304769633,2021-10-26,2019-09-16,False,False,False,False,False,0.0,0,0,False,[],霖珺能源
2019-09-30,季报,2019-10-27,非标准无保留意见,False,756929807.4597216,284726648.53785914,472203158.9218624,0.37615991037981455,172801258.07190058,1805136.613839344,2952531.186482969,156624.16083401235,27514772.800160605,7434546.0931723835,56420483.17260424,264412424.94168314,40000000,11.80507897304656,128991847.03161933,118813236.62419622,37476832.68384925,31239687.879729748,0.7809921969932437,27269937.12770283,-17427411.025244694,39409120.33680759,14832268.60488004,36813977.91644294,0.12171777727797435,0.17509841574470514,-0.04226005522443364,-0.009681188769510657,2021-10-26,2019-12-10,False,False,False,False,False,0.0,0,0,False,[],霖珺能源
2019-12-31,年报,2020-03-30,无保留意见,False,615770928.6302699,229965096.5388315,385805832.09143835,0.3734588397188047,126722065.301851,1170825.8507873614,2014381.3170955426,117547.69291416116,18919396.388406146,5709248.296917234,41601989.654317856,193977054.44377625,40000000,9.645145802285958,148947396.04599664,138809574.015073,35519816.67000156,28507927.163396142,0.7126981790849035,28566196.272681106,-94908320.29377699,30549616.684964962,12302088.649815416,-52056614.95899661,-0.18296643128709053,-0.0566289052935911,-0.002701070661009817,0.09220373670731616,2021-10-26,2020-05-14,False,False,False,False,False,0.0,0,0,False,[],霖珺能源
2020-03-31,季报,2020-04-30,无保留意见,False,640956283.2494782,231119814.47408596,409836468.77539223,0.3605859253026897,129614253.4434085,1121056.4091303959,1949219.095890648,120791.8263927518,19579800.08819946,6194059.0284257,40431491.29342838,193572109.84791732,40000000,10.245911719384805,154004122.35923973,143263876.5669274,11404454.217414096,7223894.733204421,0.1805973683301105,6363289.359792013,-120215410.2038797,35482513.53502189,11326758.518281063,-73406138.15057676,0.06228686734382598,-0.4676994483570178,-0.012872914416115041,-0.011910419315217597,2021-10-26,2020-06-27,False,False,False,False,False,0.0,0,0,False,[],霖珺能源
2020-06-30,半年报,2020-08-27,无保留意见,False,707275163.2231231,305104568.8305072,402170594.3926158,0.43138029538619094,161332014.16157737,1506235.69229379,2736940.0655693603,157667.3930279474,25037509.114444513,7807660.736467347,53506498.070924364,245295539.19908264,40000000,10.054264859815396,151661508.65743178,141251036.14819327,15365256.223782202,-3346591.0025827885,-0.08366477506456971,-2875486.3124773577,-23626790.926758412,39376252.19698545,13170219.716419071,28919680.986646112,-0.018704715092052106,-0.4363660696270252,0.07079437008350126,-0.009234326135249177,2021-10-26,2020-09-13,False,False,False,False,False,0.0,0,0,False,[],霖珺能源
2020-09-30,季报,2020-10-27,非标准无保留意见,False,647870426.01628,248971732.9891484,398898693.0271317,0.3842924803962144,126938859.38362676,1236208.205516881,2097949.1637687334,121658.90412123271,20159058.159972414,5595300.287045024,39923838.12109561,197334921.0815904,40000000,9.972467325678291,143651828.03447703,133882195.99098812,23749419.65479206,-11442400.889935346,-0.28606002224838367,-10526914.510293065,-32786551.099362355,33719497.52473983,12032106.638993412,12965053.06437089,-0.008135605663625287,-0.5929515397131974,-0.047087814989976544,0.1290869557424486,2021-10-26,2020-11-12,False,False,False,False,False,0.0,0,0,False,[],霖珺能源
2020-12-31,年报,2021-03-30,无保留意见,True,560310882.8882424,163614155.56656453,396696727.3216778,0.2920060283733565,121870646.1553762,1099657.7078611872,2000676.9378113546,103691.0808981311,18761773.95102441,5290369.333221921,38231664.8323655,181288002.0378803,40000000,9.917418183041946,140151370.2300288,130651299.0180137,17649753.338343926,-5000654.006354636,-0.1250163501588659,-4615567.104249169,-65400667.65954195,30459898.069976095,10786834.452926856,-24153935.136639003,-0.0055201126099054506,1.1590880803033978,-0.09228645202285789,-0.05679250303967377,2021-10-26,2021-05-04,False,False,False,False,False,0.0,0,0,False,[],霖珺能源
2021-03-31,季报,2021-04-30,无保留意见,False,543466665.6976703,138132812.147787,405333853.54988337,0.2541697970941056,127859776.28443278,1147552.6127972524,2146455.7471390404,115718.48905951848,19300023.7030879,6228724.313857336,41540302.91347584,196215336.08919424,40000000,10.133346338747085,134157586.82609576,125230434.25375527,16297584.029662875,-8562547.719904324,-0.2140636929976081,-7744092.52036917,-20982188.13869479,29163361.430542376,9449754.671940811,17630927.963788398,0.02177261780433544,-0.2968406541019821,-0.03783623127925091,0.04421359858368494,2021-10-26,2021-06-23,False,False,False,False,False,0.0,0,0,False,[],霖珺能源
2021-06-30,半年报,2021-08-27,非标准无保留意见,False,707217975.2476075,236548593.825571,470669381.4220365,0.3344776322218787,137497342.18587148,1321424.8650452155,2464118.45552001,130951.29107589932,24014923.2211142,7109999.428860631,45497080.614815064,225267296.77688944,40000000,11.766734535550913,124827451.84255654,116404330.3423562,54543111.45536686,-13328764.262198888,-0.33321910655497217,-12608719.873427235,-51182194.7307382,36630685.12238292,13717702.864849206,-833806.7435060777,0.1611894178094168,-0.5648881183646253,0.08030783512777312,0.017802365363649385,2021-10-26,2021-10-09,False,False,False,False,False,0.0,0,0,False,[],霖珺能源
2021-09-30,季报,2021-10-27,保留意见,False,622258227.8124644,205886412.47768438,416371815.33478,0.33086973104634343,121523303.50440793,1216481.8834830064,2189449.0978059764,119282.40095074283,20905767.552503996,6424589.047703424,39011850.07609825,198615062.47067484,40000000,10.4092953833695,116390107.48493445,108749615.12948185,7331893.42483627,-12053349.08231726,-0.3013337270579315,-10935307.446963381,-27750174.539738093,32455624.617552068,11732381.231063133,16437831.308877109,-0.11536243535368047,0.3474075954178681,-0.0036079011755352926,0.03815147403108129,2021-10-26,2021-12-11,False,False,False,False,False,0.0,0,0,False,[],霖珺能源
2021-12-31,年报,2022-03-30,无保留意见,False,640867050.0484022,210944426.1296589,429922623.91874325,0.3291547382779737,144242288.89670554,1381701.8407473206,2335880.2204213655,129097.18972001478,20078847.675703213,7150821.489214149,50685131.22238298,224165550.81210512,40000000,10.748065597968582,109864238.21447964,103247357.17106985,23190058.640328515,-9322670.38636402,-0.2330667596591005,-7860368.512017152,-21418300.738375835,32261278.225138057,12050893.637567898,22893871.12433012,0.032544970828699976,0.552025752654571,-0.001714992768369684,0.058840583363165874,2021-10-26,2022-05-18,False,False,False,True,False,0.0,0,0,False,[],霖珺能源
2022-03-31,季报,2022-04-30,无保留意见,False,753120441.5723704,278095533.1982983,475024908.37407213,0.36925771476563346,196437082.29712713,1626289.6855797684,2898655.2756804344,156068.60446621935,27944563.128575467,8462790.05265528,55607993.827010445,277266996.7732966,40000000,11.875622709351804,105488059.39427026,99538856.50243862,21684656.365986995,-6251684.028870553,-0.15629210072176383,-5297858.0980445985,-141028188.11937407,38023799.10474715,15195229.371106366,-87809159.64352055,0.10490791120556008,0.40000710039060694,0.04010297648765973,0.053429863649939555,2021-10-26,2022-05-11,False,False,False,False,False,0.0,0,0,False,[],霖珺能源
2022-06-30,半年报,2022-08-27,无保留意见,False,755172668.4397628,256792050.9378498,498380617.5019131,0.3400441537011652,176678343.4396198,1538635.8898672701,2609834.5968433144,149670.37949697312,23025437.8385298,8267587.976752349,51925134.72518054,257678203.44028944,40000000,12.459515437547827,104625308.62108098,98747309.6049236,3067333.873141151,-1232501.1045561284,-0.03081252761390321,-1130781.2821643117,-62419765.58619293,41348558.0933626,15631020.602887774,-5440186.889942555,0.04916733568305596,0.46697389040257264,-0.029213561064468256,0.079885883577527,2021-10-26,2022-09-14,False,False,False,True,False,0.0,0,0,False,[],霖珺能源
2022-09-30,季报,2022-10-27,无保留意见,False,871807352.5240746,338140236.87307537,533667115.65099925,0.3878611896241581,172095698.02919757,1852962.133090732,3021851.201569807,171429.2035531125,29657817.125504978,9131050.891879713,57798626.95991172,291438727.0442056,40000000,13.341677891274982,104124870.73948194,98286425.38593656,3285994.13189137,-714911.2594271787,-0.017872781485679466,-658406.0271243426,-126558752.30298656,42686940.19446791,18470023.651213154,-65401788.457305506,0.07080230833605967,0.03282637586094975,0.0478170359229929,0.06753915679804279,2021-10-26,2022-12-17,False,False,True,False,False,0.0,0,1,True,['公司为增强投资者回报水平拟采取的措施'],霖珺能源
2022-12-31,年报,2023-03-30,无保留意见,False,1087654239.437138,531141980.4483629,556512258.9887751,0.48833715825281876,190443908.73403096,1873474.7016253094,3231018.1767237694,186592.97062874353,28840786.70846766,9073536.98432266,63590035.63868465,310072333.69562554,40000000,13.912806474719378,108269617.95464486,101913996.84364326,28906187.83445512,5921067.4502327405,0.14802668625581852,5182244.939581013,-161669804.3303873,58733614.74454862,20003007.16239753,-82933182.42344114,0.04280785281271833,0.407488028795752,0.10047596862866064,0.24971270756864755,2021-10-26,2023-04-26,False,False,False,False,False,0.0,0,0,False,[],霖珺能源
2023-03-31,季报,2023-04-30,无保留意见,False,1015736971.0710703,430004103.2751951,585732867.7958752,0.4233419827396517,212262570.7632032,1914602.4449960308,3652649.01903743,195876.6240871931,33001525.973415583,9924368.249167968,61730913.223394185,325311473.84984165,40000000,14.64332169489688,113491260.81834222,106776538.33550446,18806839.32622886,7459489.805281937,0.18648724513204842,6946487.845516001,-78019443.65710379,52585513.81803147,18776561.89254848,-6657367.946523845,0.052506675882030264,0.06711826830881636,-0.06499517551316708,0.016159120472567397,2021-10-26,2023-05-14,False,False,False,False,False,0.0,0,0,False,[],霖珺能源
2023-06-30,半年报,2023-08-27,无保留意见,False,1069328435.9774494,499479690.95989007,569848745.0175594,0.4670966133088256,218494764.6045046,1988918.883085542,3622762.4359435593,223444.0881210494,32769956.1433673,10278878.089903155,74403869.68593167,351721720.6348472,40000000,14.246218625438985,118751548.5883339,111229807.80435759,18473005.44386264,7514696.814273823,0.1878674203568456,6361813.526933037,-129591636.93194355,54708065.44772774,19327430.968944017,-55556140.5152718,-0.027118373667654988,0.002257079335316581,0.043754630569173954,0.035387239874034956,2021-10-26,2023-09-23,False,False,False,False,False,0.0,0,0,False,[],霖珺能源
2023-09-30,季报,2023-10-27,无保留意见,False,1159463802.9712782,595773153.3599112,563690649.6113671,0.5138350605108708,250908830.38908535,2330935.459809056,4037437.274761554,216994.36988356756,36542361.30584933,10647494.519735597,78908707.28440239,367673297.8667452,40000000,14.092266240284177,125001552.7737096,116388521.91887672,23751575.703273907,8928577.407679565,0.22321443519198914,7369591.592170169,-122862412.69335516,62614552.83653932,21172250.742899995,-39075609.113915846,-0.010806543771545218,0.057674814586428126,0.04673844720204524,-0.09942643851126466,2021-10-26,2023-12-04,False,True,False,False,True,0.0,2,0,True,"['公司在相应期间是否按照中国证券监督管理委员会相关规定为中小股东参与现金分红决策提供了便利', '结合前述财务报表列报项目的具体情况说明现金分红方案确定的依据及未来增强投资者回报的规划', '留存未分配利润的预计用途以及收益情况', '结合所处行业特点、发展阶段和自身经营模式、盈利水平、偿债能力、资金需求等因素，未进行现金分红或现金分红水平较低原因的说明']",霖珺能源
2023-12-31,年报,2024-03-30,无保留意见,False,1426382307.1673777,851260455.7606689,575121851.4067088,0.5967968415502636,313084500.74923897,2871927.3565794444,5267226.110103652,256079.32096605562,46325559.4751017,13874184.446513401,93934082.64686427,468412061.1012295,40000000,14.378046285167722,123618979.44272403,115205834.77485189,1800069.4884724284,-1975104.7585508004,-0.049377618963770006,-1689553.0628926218,-224477655.1315847,76162896.49333595,25423822.51049927,-122890936.12774947,0.02027921130716468,-0.42052758987852895,0.08296178103939272,0.07828050824502533,2021-10-26,2024-05-12,False,False,False,True,True,0.0,0,0,False,[],霖珺能源
2024-03-31,季报,2024-04-30,无保留意见,False,1482400649.048131,964149246.6020669,518251402.44606405,0.6503972102421568,354428369.72265667,3188223.9774081707,5396817.371284477,296962.52600113983,47991346.71154873,16599673.869347673,115254928.20031479,528727239.3644317,40000000,12.9562850611516,123524729.62038565,115120640.09546815,86092.59497674696,-134642.60334055498,-0.0033660650835138748,-121706.68483390099,-16954753.08235611,76335633.30853738,28461443.24221239,87842323.46839365,-0.09888417353912675,0.12249417554226649,0.053600368691893226,0.08459504071764677,2021-10-26,2024-06-22,False,False,False,False,False,0.0,0,0,False,[],霖珺能源
2024-06-30,半年报,2024-08-27,无保留意见,False,1665870031.0384471,1121207630.6331866,544662400.4052606,0.673046281968506,340724700.06472087,3487771.1715024714,6146674.759570315,343324.93487225607,56616582.17536342,17200473.93395015,115056644.69832636,560661676.998347,40000000,13.616560010131515,116862396.63907549,109739488.9129189,29233739.260384627,-9517618.544728778,-0.23794046361821947,-7687358.832213214,-259523527.69249997,86245357.72439018,33116030.31335358,-140162139.65475622,0.05096174913283567,-0.5563461076280974,0.022649071726349244,0.02162166121010461,2021-10-26,2024-10-17,False,False,False,False,False,0.0,0,0,False,[],霖珺能源
2024-09-30,季报,2024-10-27,无保留意见,False,1571435755.8205218,1022614702.1805313,548821053.6399907,0.6507518353154533,313344083.22513497,3140983.957739363,4892735.595859575,247716.16277166648,48755927.1719575,14649718.734230675,105068410.36855958,494736321.87739706,40000000,13.720526340999767,112260907.50652722,105523397.52474165,3884959.44546528,-6573555.90364038,-0.1643388975910095,-6022987.697396085,-236155073.22833338,87643552.55166672,30128575.1162695,-118382945.56039718,0.007635286062771728,0.39346599190213083,-0.02229444665305269,0.04988493220899521,2021-10-26,2024-11-09,False,False,False,False,False,0.0,0,0,False,[],霖珺能源
2024-12-31,年报,2025-03-30,无保留意见,False,1266218100.3248549,704779504.8022451,561438595.5226098,0.5566019824084257,256827082.4268269,2823723.9007168994,4519181.321503687,237250.70114786454,41809447.42625989,11448981.510006156,88882782.27473718,439376165.9647171,40000000,14.035964888065246,106237163.99290772,100073940.49927427,6804455.252267505,-8605347.87659929,-0.21513369691498224,-7784938.60781053,-243772020.4227431,65600629.854693264,25468418.091956526,-152702972.47609332,0.022990265768659594,-0.19486911876967788,-0.09414985290702758,0.08776055986309714,2021-10-26,2025-04-15,False,False,False,False,False,0.0,0,0,False,[],霖珺能源
2017-03-31,季报,2017-04-30,无保留意见,False,278986285.8613984,93240826.703518,185745459.1578804,0.3342129395917348,15898638.786783671,49.940764697237164,769182.4966149051,4013.4896874064616,23251826.844604112,0.016355566014522205,18004271.90813585,57811422.282273695,40000000,4.64363647894701,-1358320.3927517207,-1232257.926644862,4806512.265345373,-1940457.70393103,-0.04851144259827575,-1760368.4666355173,-39181332.72240981,-41833464.94980143,-35380211.14817801,-116395008.82038924,0.03191921754377992,-0.16335876132950167,0.03421293959173484,0.06381986068605873,2021-05-31,2017-05-17,False,False,False,False,False,0.0,0,0,False,[],颢煜化工
2017-06-30,半年报,2017-08-27,保留意见,False,311670450.9777688,94234525.44812943,217435925.52963933,0.3023530949196435,14291810.921178002,53.79934158431624,743412.7959053975,4220.940926960467,25148076.18365242,0.01600743065236926,18434799.44107452,60161203.55874585,40000000,5.435898138240983,2904681.6465539164,2496396.9740712466,0.0,6090002.913293768,0.15225007283234418,5326649.8581658695,-44893207.596765965,-43551303.00892975,-41838281.46554707,-130282792.0712428,0.17061233429573414,0.5332473231487924,-0.03185984467209131,0.0017765377370352314,2021-05-31,2017-10-07,False,False,False,False,False,0.0,0,0,False,[],颢煜化工
2017-09-30,季报,2017-10-27,无保留意见,False,349683047.54827774,123649596.56730792,226033450.9809698,0.35360477848225313,18251692.906007387,63.247284595260396,935066.5827143319,4878.387503489358,31635004.876254264,0.019499864835870663,20516265.91374353,71204386.15224458,40000000,5.650836274524245,2935262.7296938826,2525385.6912447833,164566.58475319349,43687.26162852347,0.0010921815407130867,41412.45310505305,-58867701.606623314,-48763977.152158774,-47232208.4148693,-154863887.1736514,0.03954050109423387,-0.26185859197896216,0.05125168356260964,0.16994731825005277,2021-05-31,2017-12-01,False,False,False,False,False,0.0,0,0,False,[],颢煜化工
2017-12-31,年报,2018-03-30,保留意见,False,377807297.45829153,135755154.80782238,242052142.65046912,0.3593238026928509,19341751.7578137,66.46675297080533,967366.936691547,5772.951352157997,35856489.35041829,0.022745412678163802,25079638.476041008,78503917.16725911,40000000,6.051303566261728,4718707.137696013,4132288.3802911527,7793461.649536692,2547777.7257173285,0.06369444314293321,2295575.2700662427,-29915746.69511421,-53152377.38399213,-46726810.19950094,-129794934.27860728,0.07086867718021074,0.1469218735153875,0.0057190242105977784,0.1798983281355112,2021-05-31,2018-05-09,False,False,False,False,False,0.0,0,0,False,[],颢煜化工
2018-03-31,季报,2018-04-30,无保留意见,False,397150355.8422084,150848805.77073348,246301550.0714749,0.37982795067837516,19137179.16202009,70.72586141283435,987058.0392047035,5771.754035338677,29789874.217703044,0.021186127928397674,24905684.14814092,77447821.73047312,40000000,6.1575387517868725,12291110.197765762,10747227.23437372,28682987.45778333,10817718.6572425,0.27044296643106247,9449912.648689384,-9661375.462704957,-57671620.194063574,-51023034.3346758,-118356029.99144432,0.017555752138670642,0.4230629715338497,0.020504147985524204,-0.0816640270587867,2021-05-31,2018-05-21,False,False,False,False,False,0.0,0,0,False,[],颢煜化工
2018-06-30,半年报,2018-08-27,非标准无保留意见,False,414339337.0493834,158824573.822301,255514763.2270824,0.38332004620495724,20954810.955292635,75.90059957377503,1064333.784820666,6326.887581247841,39324587.55987889,0.022295655282072772,29216332.886945706,90752475.28170657,40000000,6.38786908067706,21864809.310075697,19345507.823091462,11011645.857262593,13676713.01758562,0.3419178254396405,12283257.983882489,-30638274.368855488,-60676955.73771993,-47805955.22978732,-139121185.33636272,0.037406232940612454,0.10277601824831044,0.0034920955265821236,0.11227187811342222,2021-05-31,2018-09-28,False,False,False,False,False,0.0,0,0,False,[],颢煜化工
2018-09-30,季报,2018-10-27,无保留意见,False,523128000.61324006,215842410.70696938,307285589.9062707,0.412599613199727,22890783.18280725,94.74616265671426,1307561.0856699746,7311.115974385821,47254214.46864779,0.030192670565984642,34627581.44199054,104786358.11929862,40000000,7.682139747656767,40638820.805847466,36895092.1209622,72949812.80638635,26820016.422531106,0.6705004105632777,25070834.71124392,-41681295.65737466,-66358407.11517297,-68576405.08736348,-176616107.8599111,0.20261383735850225,0.42844562249583257,0.029279566994769735,0.002070750972777316,2021-05-31,2018-12-15,False,False,False,False,False,0.0,0,0,False,[],颢煜化工
2018-12-31,年报,2019-03-30,无保留意见,False,470887308.6357136,193909920.73091564,276977387.904798,0.41179687193677933,20947159.89930533,80.6409450126362,1075491.3532293057,6411.693716535343,40361755.195730954,0.025581534385916406,28498752.525019884,93051515.24120851,40000000,6.924434697619949,47984800.0623321,42805566.47122747,12338022.951264983,10494256.08069234,0.2623564020173085,8443534.786093231,-22258206.61984204,-64436962.794217974,-62797896.99381551,-149493066.40787554,-0.09863203155968822,-0.3725639941441119,-0.0008027412629476659,-0.01735993375768283,2021-05-31,2019-05-27,False,False,False,False,False,0.0,0,0,False,[],颢煜化工
2019-03-31,季报,2019-04-30,无保留意见,False,528414792.6115044,206805780.13451058,321609012.4769938,0.39137015660073726,26071005.151327636,96.8736078011104,1270132.622196363,7374.41632106131,44378275.19976824,0.02842156484622832,34807252.78959071,104736804.24251051,40000000,8.040225311924845,74466130.4199917,65274000.05119736,90119036.96964683,37830471.939513706,0.9457617984878426,32097762.257099856,-79987387.47487932,-82927709.90185706,-68656891.43660048,-231571988.81333688,0.16113815250339683,0.9942518822328875,-0.020426715336042095,0.08367959070168147,2021-05-31,2019-05-14,False,False,False,False,False,0.0,0,0,False,[],颢煜化工
2019-06-30,半年报,2019-08-27,无保留意见,False,580423985.5760369,253474617.16572672,326949368.41031015,0.43670596575048154,26947561.12245992,99.98059686280341,1524413.8152226678,8207.26005380812,46410381.85028838,0.03185754489185955,37540186.40675256,114427218.93372639,40000000,8.173734210257754,97065416.21166155,85863329.80855933,127397072.44320975,32284693.98809977,0.8071173497024943,29413328.22480281,-78100095.30427124,-76521200.04340602,-68469203.06237203,-223090498.4100493,0.016605119030046824,-0.10114408567432656,0.04533580914974432,0.09636957051237674,2021-05-31,2019-10-04,False,False,False,False,False,0.0,0,0,False,[],颢煜化工
2019-09-30,季报,2019-10-27,无保留意见,False,541096760.8705465,262824423.03443167,278272337.8361148,0.4857253675139085,27799956.798432782,97.45724978645838,1198238.877216527,7209.426451428792,42313189.446055956,0.028477574975235353,31749745.368219137,103185534.61544839,40000000,6.956808445902871,115213782.04129641,103008690.93166909,70936730.13171515,25926236.899478383,0.6481559224869596,24493373.033013925,-60110702.402769804,-74871662.11541146,-74299871.78890555,-209282236.30708683,-0.14888247318192493,-0.12901484363800042,0.04901940176342696,-0.012908142676957574,2021-05-31,2019-12-20,False,False,False,False,False,0.0,0,0,False,[],颢煜化工
2019-12-31,年报,2020-03-30,无保留意见,False,576743677.2488922,293367472.33361703,283376204.91527516,0.5086617918951456,27216236.837891467,106.50982382960824,1446660.9533883214,7908.586229574929,47400828.47411252,0.03338668783313879,37807453.96223894,116468412.63637727,40000000,7.084405122881879,143898103.02992392,129661812.7088235,109518230.60169227,40977601.41232504,1.024440035308126,38075888.253077745,-104841544.7752941,-80801060.20979322,-68298490.44282135,-253941095.4279087,0.018341266396971846,0.35063321641943324,0.022936424381237105,0.07846378406863966,2021-05-31,2020-05-08,False,False,False,False,False,0.0,0,0,False,[],颢煜化工
2020-03-31,季报,2020-04-30,无保留意见,False,641123698.4172406,332251504.2730627,308872194.1441779,0.5182330727959378,29848651.875475246,111.38238840406527,1426106.8792764244,8505.844300819554,48916792.86323199,0.03475579294007892,42735470.84937929,121304537.04379018,40000000,7.721804853604448,156830248.07448298,140848091.91876894,85407494.8783513,18474492.92079866,0.4618623230199665,15980398.871350622,-121374612.59981343,-89462623.46872471,-82921987.65648063,-293759223.72501874,0.0899722305072356,-0.388134519941396,0.009571280900792197,-0.03739681003524456,2021-05-31,2020-06-02,False,False,False,False,False,0.0,0,0,False,[],颢煜化工
2020-06-30,半年报,2020-08-27,无保留意见,False,621883331.2482256,314289751.1130951,307593580.13513047,0.5053837839362283,28680038.785697825,106.19310376721225,1453501.5418138155,8434.212360776804,50944461.94825084,0.03698092169425419,36928897.345118925,121354952.39868978,40000000,7.689839503378262,182037451.6353492,162783585.87388846,41749836.59691796,36010290.80123745,0.9002572700309363,31336419.935885027,-58908316.51036377,-87055663.33277301,-78590783.12490329,-224554762.96804008,-0.004139621608187373,0.4943213119237447,-0.012849288859709486,-0.11350643255027133,2021-05-31,2020-09-23,False,False,False,False,False,0.0,0,0,False,[],颢煜化工
2020-09-30,季报,2020-10-27,无保留意见,True,729481940.7841957,405250063.4695121,324231877.3146836,0.5555313172439428,38146149.78587916,137.5997044400764,1884451.5743704613,10114.758141141669,69874031.10499908,0.043531273007876466,46167574.327561505,156201495.67230818,40000000,8.10579693286709,201712129.49932492,180314217.53261107,100195455.30920397,28106682.66282244,0.702667066570561,25043759.512460884,-22174924.495151684,-96544439.86635353,-98703104.07822198,-217422468.4397272,0.05409182198225248,-0.149095732525778,0.050147533307714445,0.040943639229647576,2021-05-31,2020-11-14,False,False,False,False,False,0.0,0,0,False,[],颢煜化工
2020-12-31,年报,2021-03-30,无保留意见,False,720006597.4562835,363082279.2217479,356924318.2345356,0.5042763226121593,33799870.4274546,130.01179561688187,1926171.8040247592,9321.011197665512,63363325.773841225,0.04061216984927366,45224473.6937642,141975263.19165626,40000000,8.92310795586339,206694560.21866918,184888878.8837136,12400909.975548266,7117758.1704918295,0.17794395426229573,6535230.50157506,-82825931.89023925,-106569925.4987555,-93666228.80305676,-283062086.19205153,0.10083043404187647,-0.46531740427965396,-0.05125499463178349,0.13381308498015107,2021-05-31,2021-05-18,False,False,False,False,False,0.0,0,0,False,[],颢煜化工
2021-03-31,季报,2021-04-30,无保留意见,False,837221318.237472,446378254.94057816,390843063.2968939,0.5331663745499204,43430746.01155807,164.39657045291736,2400479.1919362466,11903.434804997387,76947026.49469666,0.048859326748723036,51337797.74300675,179158945.86600137,40000000,9.771076582422348,216113534.18202752,194209013.7359116,32729742.32043866,13455677.09051193,0.3363919272627982,13314478.36028284,-19501826.00681741,-112996980.73564413,-108194264.28115259,-240693071.02361414,0.09503063627082486,0.2627905494041551,0.02889005193776118,0.06377217274214031,2021-05-31,2021-06-04,True,False,False,True,False,14435479.28384486,0,0,True,"['结合所处行业特点、发展阶段和自身经营模式、盈利水平、偿债能力、资金需求等因素，未进行现金分红或现金分红水平较低原因的说明', '充分披露高送转的主要考虑及其合理性且送转股后每股收益不低于0.5元', '上市公司控股子公司向母公司实施利润分配的情况', '结合前述财务报表列报项目的具体情况说明现金分红方案确定的依据及未来增强投资者回报的规划']",颢煜化工
2021-06-30,半年报,2021-08-27,无保留意见,False,731729964.5010543,391122848.6620874,340607115.8389669,0.5345180157119612,35935783.80160551,121.07148686975928,1761367.1402710262,9917.198090511898,56945012.81994599,0.03615005956118416,43220719.208133,137461680.4209336,40000000,8.515177895974173,227925761.0992242,205429710.68105853,51818582.60868566,16874609.88170956,0.42186524704273903,16029567.064495623,-109115215.68798606,-90259653.61446546,-87589353.8586973,-286964223.1611488,-0.12853227337379286,0.11225929343277519,0.001351641162040725,0.0980254382107051,2021-05-31,2021-09-19,True,False,False,False,False,16104382.226809978,0,0,True,"['结合所处行业特点、发展阶段和自身经营模式、盈利水平、偿债能力、资金需求等因素，未进行现金分红或现金分红水平较低原因的说明', '上市公司控股子公司向母公司实施利润分配的情况', '留存未分配利润的预计用途以及收益情况']",颢煜化工
2021-09-30,季报,2021-10-27,无保留意见,False,940844100.6302985,599637775.8741897,341206324.75610876,0.6373402091509902,46857440.83605153,168.9929577788628,2650937.325611651,14139.623064536152,84918153.38548735,0.047799832870630395,65252921.80917969,200598114.04193023,40000000,8.530158118902719,232078784.05719444,209230005.5726553,5778760.980146952,5932889.939957455,0.14832224849893638,5428992.702281055,-29545664.80690225,-134944584.09030363,-130095807.04371881,-294586055.9409247,0.0017592378117702006,-0.32300652258315865,0.102822193439029,-0.027809759940015104,2021-05-31,2021-12-19,False,False,False,False,False,0.0,0,0,False,[],颢煜化工
2021-12-31,年报,2022-03-30,无保留意见,False,994730789.7474134,646325798.4020001,348404991.3454134,0.6497494649442972,52084802.836690515,183.89104274278176,2570780.26308733,14273.258059151074,90603947.79558928,0.053758331256192955,60775807.03444825,203956111.86214134,40000000,8.710124783635335,234471621.70418006,211356082.9656555,12794934.178419672,3418339.4956937544,0.08545848739234387,3037253.4185717483,-68139836.00006771,-147654969.03283226,-144409455.4644458,-360204260.4973458,0.021097693879063233,-0.10964821489342412,0.012409255793306914,0.009732354992179365,2021-05-31,2022-04-20,False,False,True,False,False,0.0,0,2,True,"['留存未分配利润的预计用途以及收益情况', '结合所处行业特点、发展阶段和自身经营模式、盈利水平、偿债能力、资金需求等因素，未进行现金分红或现金分红水平较低原因的说明', '根据公司盈利能力、融资能力及其成本、偿债能力及现金流等情况披露现金分红方案的合理性，是否导致公司营运资金不足或者影响公司正常生产经营', '结合前述财务报表列报项目的具体情况说明现金分红方案确定的依据及未来增强投资者回报的规划']",颢煜化工
2022-03-31,季报,2022-04-30,无保留意见,False,906578711.5408243,597999132.932169,308579578.60865533,0.6596218566789502,43529491.879978776,172.35866213128267,2603639.4691030527,13459.734657594468,83875883.76607698,0.05264630298772126,55537416.216336414,193972769.53603035,40000000,7.714489465216383,240648130.27019313,216564775.50076503,37316700.922824934,8823583.665732987,0.22058959164332467,7440989.335870716,-145452065.82033595,-131369006.71134238,-113348331.538664,-390169404.0703423,-0.11430781339545915,0.2647249631234315,0.009872391734653077,0.05762604271606495,2021-05-31,2022-06-11,False,True,False,False,False,0.0,3,0,True,"['公司为增强投资者回报水平拟采取的措施', '留存未分配利润的预计用途以及收益情况', '结合前述财务报表列报项目的具体情况说明现金分红方案确定的依据及未来增强投资者回报的规划']",颢煜化工
2022-06-30,半年报,2022-08-27,无保留意见,True,799913650.2723079,495162809.78394437,304750840.48836344,0.6190203275258277,39675432.69310487,153.59024772001342,2153432.635481284,10848.041988055355,76150732.51347029,0.048818766725979845,52160837.57560189,165379335.15356395,40000000,7.618771012209086,244424461.76879427,219787143.49902064,13585371.886875886,5394759.283715915,0.13486898209289788,4603382.85465083,-20139434.542654976,-121026123.23580202,-109532209.95959562,-250697767.7380526,-0.01240761990004394,-0.13277879733505032,-0.040601529153122616,-0.10385673676451875,2021-05-31,2022-09-08,False,False,False,False,False,0.0,0,0,False,[],颢煜化工
2022-09-30,季报,2022-10-27,非标准无保留意见,False,806013273.0539675,483885018.27844995,322128254.77551746,0.6003437343469789,41482320.29722864,138.00566432037124,2029328.9813833993,12183.677749211842,69631470.49426202,0.04956677205496994,52022663.85817441,163964920.12840083,40000000,8.053206369387937,255191169.414581,229441096.350065,8978386.984937066,15381010.922552448,0.3845252730638112,13791361.215777645,-86960863.50080365,-104323869.81830512,-108104971.33027513,-299389704.6493839,0.057021710782837354,0.4459191327900505,-0.018676593178848788,0.10919420677045981,2021-05-31,2022-11-16,True,False,False,False,False,10393645.09687757,0,0,True,['充分披露高送转的主要考虑及其合理性且送转股后每股收益不低于0.5元'],颢煜化工
2022-12-31,年报,2023-03-30,保留意见,False,665870867.9577353,353821178.8303255,312049689.1274099,0.5313660588809292,34830395.25762812,133.33340156678733,1923920.7902852013,10369.30734869872,54052130.198949024,0.03916600491928768,45475717.3222314,146544434.13061938,40000000,7.801242228185247,249403073.27993453,224009468.06524068,16851557.935002685,-8268708.76378068,-0.206717719094517,-7759468.978320401,-22901322.7778314,-90126999.01859015,-87008223.57038724,-200036545.3668088,-0.03128743132182263,-0.7303576698978775,-0.06897767546604955,0.10869150726312946,2021-05-31,2023-04-17,False,False,False,False,False,0.0,0,0,False,[],颢煜化工
2023-03-31,季报,2023-04-30,无保留意见,False,698757389.8492022,378315153.2529657,320442236.59623647,0.5414113092021958,34127494.61110831,138.94934355437562,1660761.6321575926,8894.483402343505,53927257.677826166,0.04174048851496202,46208629.00868839,146507176.58459753,40000000,8.011055914905912,248480922.6396162,223232278.14879832,6422192.825889372,-1317358.0575976241,-0.0329339514399406,-1110271.3092033875,-131285475.62762012,-93203704.39592205,-90365432.08094758,-314854612.10448974,0.026894907321634656,0.7961423480352277,0.010045250321266543,-0.005170441542004484,2021-05-31,2023-06-04,False,False,False,False,False,0.0,0,0,False,[],颢煜化工
2023-06-30,半年报,2023-08-27,保留意见,True,1000530384.3831902,629761865.2085351,370768519.1746551,0.6294280264129835,46467882.31407426,172.41711441130877,2447674.3005985715,13234.896666701396,88657236.51077056,0.04862087502269369,62995730.45299484,192028433.27317247,40000000,9.269212979366378,252207580.93424797,226559719.53959206,8703385.125167446,5323797.563759711,0.13309493909399275,4753487.701133916,-137144595.243981,-151235131.07797736,-119479470.82073517,-407859197.1426935,0.15705258805140204,0.42347173682523004,0.08801671721078762,0.10441907363310875,2021-05-31,2023-09-22,False,False,False,True,False,0.0,0,0,False,[],颢煜化工
2023-09-30,季报,2023-10-27,无保留意见,False,1015233346.396974,604265507.5801455,410967838.8168285,0.5951986405141849,56617809.37102732,189.27572791020438,2524319.598681837,15363.536669510313,93170604.99328534,0.057526579725468326,66690631.15819813,213365815.39628357,40000000,10.274195970420712,263731294.06059098,236753698.32268,54749555.64835226,16462447.323347155,0.4115611830836789,14562826.832982762,-19831862.454135034,-136141533.44638014,-139470372.08900586,-295443767.989521,0.10842160961145955,0.49895855433082076,-0.03422938589879855,0.004720434827757452,2021-05-31,2023-12-23,False,False,False,False,False,0.0,0,0,False,[],颢煜化工
2023-12-31,年报,2024-03-30,保留意见,False,1187532014.7172327,770909398.6153587,416622616.10187405,0.6491693605405009,55564076.57794288,195.5641586660478,2485427.8441477506,15288.044037565554,95118631.5459867,0.06253559569408898,59926408.96887847,215880515.71306306,40000000,10.415565402546852,264758282.43081382,237701839.99656197,3668721.4865625277,1467126.2431754842,0.036678156079387104,1354488.1055457033,-66676211.85880147,-175350059.77837643,-155332274.2463877,-397358545.88356555,0.013759658909869053,-0.4481238606152174,0.05397072002631603,0.05463297959039966,2021-05-31,2024-05-14,False,False,False,False,False,0.0,0,0,False,[],颢煜化工
2024-03-31,季报,2024-04-30,无保留意见,False,1026259809.2927976,682156127.6306617,344103681.6621359,0.6647012008594003,52066708.34876072,191.46351470731628,2708067.0082763312,14886.999252890355,87255232.02893619,0.05783197106335675,68171702.23369873,216292547.84519994,40000000,8.602592041553397,268986525.97875595,241275109.582411,9216891.664257053,6040347.925631553,0.15100869814078882,5104670.836927175,-143541151.2662384,-145229796.12163454,-126690150.02477503,-415461097.41264796,-0.1740638449210006,0.24764122052537016,0.015531840318899363,-0.10689046996266612,2021-05-31,2024-06-09,True,False,True,True,False,4556022.129740068,0,5,True,"['公司为增强投资者回报水平拟采取的措施', '留存未分配利润的预计用途以及收益情况']",颢煜化工
2024-06-30,半年报,2024-08-27,无保留意见,False,1678617065.998782,1282579104.5481703,396037961.45061153,0.7640689056053604,92546404.0636884,307.5322896412679,4385053.286658156,25050.394651073217,142442219.92870665,0.09410715445994276,108882098.55550799,346002751.5774037,40000000,9.900949036265288,268754561.30107445,241071005.5156123,888542.3972551591,-331378.1109735705,-0.008284452774339262,-291577.23828390194,-288267232.43095046,-247243357.61810076,-229974820.71317205,-765485410.7622232,0.15092625437082152,-0.2765464331168719,0.09936770474596009,0.02019092522044463,2021-05-31,2024-10-11,False,False,False,False,False,0.0,0,0,False,[],颢煜化工
2024-09-30,季报,2024-10-27,非标准无保留意见,False,1642876974.6665082,1265980412.0703099,376896562.59619826,0.7705874703900422,81401435.73760974,331.2442432408309,4346400.723959197,24006.53486576077,163184532.99231797,0.10171277429383317,102936417.22028609,355602209.77763873,40000000,9.422414064904956,269279484.983595,241564003.84819564,2433578.5072916704,749890.9750294127,0.018747274375735316,704283.332261941,-320864420.0757361,-243041835.1212335,-209120657.30180535,-773026912.498775,-0.04833223255746002,0.06486853521554917,0.006518564784681802,-0.09103294964657384,2021-05-31,2024-12-25,False,False,False,False,True,0.0,0,0,False,[],颢煜化工
2024-12-31,年报,2025-03-30,无保留意见,False,1287029718.4555943,896064301.3715609,390965417.08403337,0.6962265816571953,69145125.14152734,236.1423366428912,3439270.6373720947,16885.237012079022,115315890.74889146,0.07257435456714044,82729395.06267402,266568595.1527977,40000000,9.774135427100834,266258552.62629232,239030401.77205026,0.0,-4315617.65328957,-0.10789044133223924,-3619431.53735054,-224771973.866509,-191095888.20542678,-172039594.9581871,-587907457.0301229,0.03732815813156753,-0.2853825206839384,-0.07436088873284695,0.09065586262257667,2021-05-31,2025-05-12,False,False,False,False,False,0.0,0,0,False,[],颢煜化工
2017-03-31,季报,2017-04-30,无保留意见,False,331827378.56135404,132001918.78713104,199825459.774223,0.3978029762324878,5867561.482017525,0.005658690799839628,40801931.80151049,14297230.209874181,773594.2764144293,7.327613904281764e-07,38344175.89900774,98868667.76267843,40000000,4.995636494355575,2129666.498482725,1908741.0022839934,0.0,3042380.7121181786,0.07605951780295446,2726772.860405705,39921817.3770423,-47573082.14127303,105604290.89978975,97953026.13555902,0.11014144319012786,0.11346559511767662,0.09780297623248778,0.02865241673305831,2021-01-15,2017-05-29,False,False,False,False,False,0.0,0,0,False,[],曦琨能源
2017-06-30,半年报,2017-08-27,保留意见,False,353133417.17357886,150128507.9881046,203004909.18547422,0.4251325439254892,6921412.5888310205,0.005819781702353629,42346205.22626264,14870663.01840879,986030.3753648011,7.51100401489213e-07,42438651.63314371,108183687.95778129,40000000,5.075122729636855,11086657.386672437,9645318.19386119,60474820.97867051,12795701.268842448,0.3198925317210612,11052253.130824566,13767138.466528246,-47036126.848376326,115237122.62743905,81968134.24559097,0.0159111327197425,0.4866348313016097,0.02732956769300146,-0.04287634997226286,2021-01-15,2017-10-03,False,False,False,False,False,0.0,0,0,False,[],曦琨能源
2017-09-30,季报,2017-10-27,非标准无保留意见,False,352452412.1452143,135554992.95324183,216897419.1919725,0.3846050935732897,6615266.653013426,0.006033135469151613,41383349.44927777,14132005.138407398,950641.8224224896,8.203253622471571e-07,43970560.614980705,109384601.0318569,40000000,5.422435479799312,15723454.416827152,13728408.30041284,32766583.636217915,6623995.757363878,0.16559989393409696,5832985.866502357,41750525.19282879,-46213772.63220984,124207302.20364437,119744054.76426332,0.06843435492392681,-0.20713409145138534,-0.0405274503521995,0.05335052215235773,2021-01-15,2017-11-16,False,False,False,False,False,0.0,0,0,False,[],曦琨能源
2017-12-31,年报,2018-03-30,非标准无保留意见,False,322017838.61273074,135778806.30478957,186239032.30794114,0.42164995234342173,6315572.234137317,0.005115227737134171,43521573.518458776,14948525.876928052,925607.0768202827,8.031607426204847e-07,39015896.54848333,102942967.23209469,40000000,4.655975807698528,24573022.68465733,21121999.569320783,50165728.71292303,12642240.382614546,0.3160560095653636,10562273.241297064,63787916.77367753,-38755270.545508444,114647836.7591337,139680482.98730278,-0.1413497080705053,0.2547513421125935,0.03704485877013201,0.08563981552723235,2021-01-15,2018-04-22,False,False,False,False,False,0.0,0,0,False,[],曦琨能源
2018-03-31,季报,2018-04-30,无保留意见,False,277601612.1461182,117220591.22940384,160381020.91671437,0.4222619253655619,5386757.406513905,0.004310304598034218,37062382.166839816,11412850.881403143,813096.7231899492,6.285214661359511e-07,32019085.642309874,86886728.64047757,40000000,4.009525522917859,29124313.415023286,25493232.969626654,0.0,6501843.900522791,0.16254609751306978,6244619.143294104,18713657.930277307,-37888458.781672396,88935897.13971108,69761096.288316,-0.13884313653687408,-0.20715021546391463,0.0006119730221401711,0.06255131086020829,2021-01-15,2018-06-26,False,False,False,False,False,0.0,0,0,False,[],曦琨能源
2018-06-30,半年报,2018-08-27,无保留意见,False,292730750.849663,115300606.02347319,177430144.82618985,0.39387937785425153,5272415.0844475385,0.004840126903174269,34953762.13595138,11748129.265823744,701421.1741174285,6.727221711803695e-07,32486279.225515492,90629877.7707949,40000000,4.435753620654746,30190875.43573645,26398599.949062616,7432695.641111846,1523660.029590238,0.038091500739755944,1293381.3991942345,28408768.96422689,-39813548.69291995,110465590.52591716,99060810.7972241,0.10630387443617186,-0.21182099123813064,-0.028382547511310398,-0.07745190017209494,2021-01-15,2018-09-22,False,False,False,False,False,0.0,0,0,False,[],曦琨能源
2018-09-30,季报,2018-10-27,无保留意见,False,332304490.5077119,139360380.30687043,192944110.2008415,0.4193755555152098,6947753.952760307,0.005903796782705953,46559954.54278311,15488028.028921954,942341.2019374197,8.711252385548124e-07,40181913.33623742,109462254.67413664,40000000,4.823602755021037,37675849.57009659,32691535.606754795,5773244.437357765,10692820.19194305,0.2673205047985762,8989908.082417399,37915506.76172177,-46632528.43321187,109518394.68920453,100801373.01771443,0.08743703269728527,0.49499721694879534,0.025496177660958266,0.03840515572648786,2021-01-15,2018-11-07,False,False,False,False,False,0.0,0,0,False,[],曦琨能源
2018-12-31,年报,2019-03-30,非标准无保留意见,False,330786068.2324158,128574503.18270066,202211565.04971513,0.3886938282187933,7407207.535998647,0.005803588158462506,43265924.16518815,16158010.404352026,967091.0712132935,7.914918327003594e-07,44269940.657624334,116771874.44822483,40000000,5.0552891262428785,46975596.051617675,41987765.14401703,53100696.448228784,13285352.116458695,0.3321338029114674,13280327.91037463,59249700.96155693,-44709082.607119285,102239546.1480906,116780164.50252825,0.04803181003673468,0.09361747581309598,-0.030681727296416494,0.07830461810076132,2021-01-15,2019-04-19,False,False,False,False,False,0.0,0,0,False,[],曦琨能源
2019-03-31,季报,2019-04-30,无保留意见,True,397274086.1214294,185564293.23896152,211709792.88246787,0.46709387730425134,7936844.742509379,0.007145649180061673,50652285.43864189,18727414.04176977,1161085.7265562972,8.806316616978879e-07,50418621.65827358,129928255.22860092,40000000,5.292744822061697,59375809.6510167,52920120.47671908,65700499.48721617,17714590.85628432,0.442864771407108,15617650.475288644,50536811.124561824,-56403459.87150664,132597168.28401192,126730519.5370671,0.04697173393825179,0.14625019787762478,0.07840004908545806,0.008367449424771672,2021-01-15,2019-05-19,False,False,False,False,False,0.0,0,0,False,[],曦琨能源
2019-06-30,半年报,2019-08-27,无保留意见,False,363995516.98947656,149783514.7627398,214212002.22673675,0.4114982404222033,6713910.076151465,0.006146247327811024,48330294.34853459,15652157.071177961,960920.5305801036,8.941384188544575e-07,41320560.40119606,113357218.55300358,40000000,5.355300055668419,86730672.69025092,78424080.20658338,102433160.6899507,39078375.77033461,0.9769593942583652,36434228.185520425,17623974.76345691,-49752871.919553116,114960515.54685166,82831618.39075546,0.011819053385300829,0.6154122628866542,-0.055595636882048084,0.03953492695944613,2021-01-15,2019-09-12,False,False,False,False,False,0.0,0,0,False,[],曦琨能源
2019-09-30,季报,2019-10-27,保留意见,False,411308912.53167105,176324431.39746356,234984481.1342075,0.4286910057750973,8195712.742880721,0.007165555848968742,53190517.2529583,18725963.101664595,1254829.4935947696,9.560125342213816e-07,48514722.26317571,137469799.11565107,40000000,5.8746120283551875,126995231.34600458,114578479.85494359,145306061.87859327,57520798.07964808,1.438019951991202,51649142.35480029,14316414.983702248,-57217370.53824769,144994794.26577142,102093838.71122599,0.09697159212154573,0.3288686959273433,0.01719276535289402,0.09353797938771337,2021-01-15,2019-12-21,False,False,False,False,False,0.0,0,0,False,[],曦琨能源
2019-12-31,年报,2020-03-30,非标准无保留意见,False,528515165.126603,296470699.8871813,232044465.2394217,0.5609502232848197,10356531.46687302,0.009448064209090378,73121454.338897,23200686.251522087,1456930.599610866,1.2824955646289321e-06,64538413.361709096,173488075.5669917,40000000,5.801111630985543,160371981.5473882,142562950.89911693,84654484.89639395,47681071.71626235,1.1920267929065587,39977815.77739047,59030994.84679302,-72422901.91675146,188771531.9149077,175379624.84494925,-0.012511532168401566,-0.13204000248184397,0.13225921750972242,-0.008752566413499972,2021-01-15,2020-04-20,False,False,False,False,False,0.0,0,0,False,[],曦琨能源
2020-03-31,季报,2020-04-30,保留意见,False,569181179.8963705,327873988.0841421,241307191.8122284,0.5760450268995847,11597463.654793805,0.010433678675364958,83204087.68541545,24707865.052101977,1518334.9254442444,1.4519134826956025e-06,69554281.80284546,188182966.64216417,40000000,6.03267979530571,191353609.10013244,170991866.7079976,105788736.80801207,44259467.93249173,1.1064866983122932,40612736.86982953,47308572.400753796,-82305902.38029912,203103616.76839647,168106286.78885114,0.0399178948881608,-0.052899614879299554,0.015094803614765059,-0.003772683592150125,2021-01-15,2020-06-07,False,False,False,False,False,0.0,0,0,False,[],曦琨能源
2020-06-30,半年报,2020-08-27,非标准无保留意见,False,589207651.5466306,322006968.57878286,267200682.96784782,0.5465084639236033,12128937.823430894,0.010193865110210228,78894019.36607459,25146505.062723253,1651606.6213750958,1.4805150553647545e-06,78787600.58658819,192340880.9718382,40000000,6.680017074196195,233815074.0553785,209058193.24409354,291280554.2167257,60659235.650351495,1.5164808912587873,54380466.480137065,87365713.13947779,-91558715.45796837,212156022.11119285,207963019.79270226,0.10730509505812108,0.2677099274830855,-0.029536562975981506,0.10464195720936827,2021-01-15,2020-10-14,False,False,False,False,False,0.0,0,0,False,[],曦琨能源
2020-09-30,季报,2020-10-27,无保留意见,False,652978801.0139016,388096575.42379296,264882225.5901086,0.594347894328549,11595642.463087685,0.010556268577916634,84026895.36210452,27217441.509231634,1601213.6637066777,1.4251645329136665e-06,74297069.01480125,196353864.29048726,40000000,6.622055639752715,274725079.464006,242787014.9800295,34588101.78142305,58442864.869467854,1.4610716217366964,48184031.05133704,12089683.931947643,-91779012.35629444,229454097.25124884,149764768.82690203,-0.008676839265482803,-0.02853969347396731,0.04783943040494573,0.035815498523001796,2021-01-15,2020-12-09,False,False,False,False,False,0.0,0,0,False,[],曦琨能源
2020-12-31,年报,2021-03-30,无保留意见,False,544188594.041394,327943073.07034457,216245520.97104943,0.6026276123041995,11833022.522850549,0.01118055484798964,77551766.86256798,24774518.707517322,1641581.700662366,1.3485767434178883e-06,74171908.41146816,193921802.43151623,40000000,5.406138024276236,289491949.03001344,257262367.8402453,94428752.05460452,21095527.951439284,0.5273881987859821,20679075.51459402,72518811.5569957,-72934162.09223996,163810968.45693234,163395617.92168808,-0.183616339339892,-0.4950413399948077,0.008279717975650448,-0.048451204541389105,2021-01-15,2021-05-02,False,False,False,False,False,0.0,0,0,False,[],曦琨能源
2021-03-31,季报,2021-04-30,无保留意见,False,536459404.1597905,309195824.9010611,227263579.25872943,0.5763638823432082,11188139.007863134,0.009232243373827076,73508097.27638295,26619920.624297507,1473246.596091976,1.3105664798542101e-06,69296343.46643849,178049177.4566632,40000000,5.681589481468236,291336903.2223799,258897348.50336075,0.0,2635648.846237786,0.06589122115594466,2335686.661593478,78389494.9807904,-67244029.95870027,175362533.54554248,186507998.56763262,0.050951613879461864,-0.48456813956568534,-0.026263729960991217,0.12140823607996927,2021-01-15,2021-06-11,True,True,False,False,False,1024226.1270543148,1,0,True,"['结合所处行业特点、发展阶段和自身经营模式、盈利水平、偿债能力、资金需求等因素，未进行现金分红或现金分红水平较低原因的说明', '根据公司盈利能力、融资能力及其成本、偿债能力及现金流等情况披露现金分红方案的合理性，是否导致公司营运资金不足或者影响公司正常生产经营', '留存未分配利润的预计用途以及收益情况']",曦琨能源
2021-06-30,半年报,2021-08-27,无保留意见,False,608395807.9601723,366099496.7056586,242296311.2545137,0.6017455937658676,12748086.40742971,0.011124745159161257,84794474.87200694,27470211.00581986,1671935.7121426126,1.4211552258145415e-06,80000884.04643404,203333670.27231765,40000000,6.057407781362842,294870691.4970101,262044764.46405408,11509020.9646069,5048268.963757481,0.12620672409393704,4496308.515276175,16966209.21240585,-76184169.22382055,218359904.0512959,159141944.0398812,0.0661466832689025,0.12286938600360833,0.025381711422659346,0.11217369200957909,2021-01-15,2021-09-12,False,False,False,False,True,0.0,0,0,False,[],曦琨能源
2021-09-30,季报,2021-10-27,非标准无保留意见,False,671771882.5337567,405625530.3433525,266146352.19040427,0.6038143912981795,13346908.167704264,0.012097494264515521,95394511.63095899,29676775.893794518,1811464.2653337833,1.7005232037926279e-06,80890008.17199646,221050592.7154252,40000000,6.653658804760107,304925067.5400781,270420649.98544055,52406117.31227003,14363394.34723999,0.35908485868099976,11965550.744837796,87940840.55572927,-94598659.79548174,231021473.50687423,224363654.26712176,0.0984333637289175,0.4224878333439476,0.002068797532311949,0.18477976858814177,2021-01-15,2021-12-17,True,False,False,True,False,10480016.062268423,0,0,True,"['留存未分配利润的预计用途以及收益情况', '上市公司控股子公司向母公司实施利润分配的情况', '充分披露高送转的主要考虑及其合理性且送转股后每股收益不低于0.5元', '公司为增强投资者回报水平拟采取的措施']",曦琨能源
2021-12-31,年报,2022-03-30,无保留意见,False,704456845.4051838,435769726.7941152,268687118.61106855,0.6185896689576105,15653622.028405458,0.012932563076980319,99632869.9289958,32735475.24129997,2150441.103560057,1.7284375746828968e-06,88343820.84269911,234942011.36733782,40000000,6.717177965276714,333808759.6501736,296497682.7960731,89896081.24713373,41262417.300136395,1.0315604325034098,37252904.015189365,125916600.59465858,-97537599.05246177,246782660.0068006,275161661.5489974,0.009546501012520305,0.8576566252709681,0.014775277659430857,0.08005651067244783,2021-01-15,2022-04-27,False,False,True,True,False,0.0,0,3,True,['充分披露高送转的主要考虑及其合理性且送转股后每股收益不低于0.5元'],曦琨能源
2022-03-31,季报,2022-04-30,无保留意见,False,786261578.4869325,530789955.67784876,255471622.80908376,0.6750806222775012,14172612.592112914,0.01323403830738646,102740724.54612882,33288637.742459532,2070620.467521512,1.934573774802401e-06,97729413.26207179,251682631.081414,40000000,6.386790570227094,348247614.1955183,309542508.3314547,20461951.727548264,20626935.064778127,0.5156733766194531,18635465.050545182,81277464.55961747,-98476469.52028853,250790337.65625218,233591332.69558114,-0.04918544614382697,-0.3541817039457092,0.056490953319890735,-0.11504654834381609,2021-01-15,2022-05-20,False,False,True,True,False,0.0,0,6,True,"['是否影响偿债能力、过去十二个月内是否使用过募集资金补充流动资金以及未来十二个月内是否计划使用募集资金补充流动资金等内容', '公司为增强投资者回报水平拟采取的措施', '上市公司控股子公司向母公司实施利润分配的情况', '结合前述财务报表列报项目的具体情况说明现金分红方案确定的依据及未来增强投资者回报的规划']",曦琨能源
2022-06-30,半年报,2022-08-27,无保留意见,False,849369017.8533698,595302159.9964888,254066857.85688102,0.7008757648130489,17661492.88446854,0.013754987609116098,105708463.30387768,33729220.90898192,2162783.427243657,2.0287139714459795e-06,104067845.71832278,263143202.71912196,40000000,6.351671446422025,359264330.45751345,319344784.3904217,24038166.66187766,15738166.088564541,0.3934541522141135,14003251.512809929,160462158.0791027,-111699254.3945952,271782433.54132694,320545337.2258344,-0.005498712290454874,-0.12992737696538734,0.025795142535547752,-0.0006776266815641003,2021-01-15,2022-10-06,False,False,False,False,False,0.0,0,0,False,[],曦琨能源
2022-09-30,季报,2022-10-27,无保留意见,False,748323127.7864189,491208647.0577548,257114480.72866416,0.6564124892287868,16143962.26726084,0.01399021472780952,96357450.12875448,36131190.755120516,2033510.6418196654,1.7344610070552128e-06,90465857.03929287,249428507.8997246,40000000,6.427862018216604,362719071.8229318,322740707.92900956,5510321.91818062,4935344.807740495,0.12338362019351236,4851319.340839842,94685095.12384558,-98445386.86521491,258327798.45237884,254567506.7110095,0.01199535782624561,-0.32997637227448345,-0.04446327558426203,0.057660835066330615,2021-01-15,2022-12-22,True,True,False,False,False,5376280.418426109,3,0,True,['上市公司控股子公司向母公司实施利润分配的情况'],曦琨能源
2022-12-31,年报,2023-03-30,无保留意见,True,837659549.3619385,534140224.3797258,303519324.9822127,0.6376578942920077,16942753.200720496,0.014758774513679176,114897919.6389347,39877408.94718535,2369827.508554984,1.944110657979536e-06,102851712.16069554,278008696.4782841,40000000,7.587983124555318,365327807.78282726,325010580.8491968,6942422.5228819195,3726765.6569935232,0.09316914142483808,3242675.600267485,124980821.26367116,-115752179.21438628,280787189.11737853,290015831.1666634,0.18048320002061705,-0.05509733999351096,-0.018754594936779233,-0.014473356856788524,2021-01-15,2023-04-11,True,True,False,False,False,1416355.7944192374,3,0,True,"['结合前述财务报表列报项目的具体情况说明现金分红方案确定的依据及未来增强投资者回报的规划', '公司为增强投资者回报水平拟采取的措施', '上市公司控股子公司向母公司实施利润分配的情况', '充分披露高送转的主要考虑及其合理性且送转股后每股收益不低于0.5元']",曦琨能源
2023-03-31,季报,2023-04-30,无保留意见,False,831889170.2703311,551204983.879789,280684186.3905421,0.6625942536319702,16695938.324375601,0.01481597418252612,117284624.44575162,40678002.81913667,2329323.7026103446,1.978495729496292e-06,110508563.44133475,281218085.5141764,40000000,7.017104659763552,371068456.26773316,330501470.84825844,33371461.335784562,8200926.407008406,0.20502316017521013,7844128.570088104,95112879.15756041,-106061719.99482575,273320467.13852036,262371626.30125502,-0.07523454591568056,0.2158639135530164,0.024936359339962518,-0.0841525011703887,2021-01-15,2023-06-22,False,True,False,False,True,0.0,4,0,True,"['是否影响偿债能力、过去十二个月内是否使用过募集资金补充流动资金以及未来十二个月内是否计划使用募集资金补充流动资金等内容', '留存未分配利润的预计用途以及收益情况', '充分披露高送转的主要考虑及其合理性且送转股后每股收益不低于0.5元', '结合所处行业特点、发展阶段和自身经营模式、盈利水平、偿债能力、资金需求等因素，未进行现金分红或现金分红水平较低原因的说明']",曦琨能源
2023-06-30,半年报,2023-08-27,非标准无保留意见,False,878813260.0705814,584365653.9839313,294447606.08665013,0.6649486080091671,15707015.6308358,0.01236161368376774,103878104.8720178,35431216.737182125,2224512.1005755183,1.944445687273835e-06,91385377.09772472,252153471.65599585,40000000,7.3611901521662535,369538234.4775616,329140612.41420126,10076596.845951976,-2186031.1288165636,-0.054650778220414094,-1944083.4772245728,97439485.53273623,-122375286.42801425,283126956.6004691,258191155.70519108,0.049035251586841085,-0.41216570248530005,0.00235435437719698,0.13835993361685897,2021-01-15,2023-10-20,False,False,False,False,False,0.0,0,0,False,[],曦琨能源
2023-09-30,季报,2023-10-27,无保留意见,False,933296387.737725,610587999.9318967,322708387.80582833,0.6542273258036911,18371518.326936718,0.01632609240049324,120576101.6535051,40616694.04149833,2759795.720561961,2.339348346200123e-06,116685029.41775219,298418592.52447194,40000000,8.067709695145709,369429552.3730922,329047090.5988164,683737.3600681261,-155260.14924198017,-0.003881503731049504,-133602.593406918,109777612.24612463,-122614678.89646171,330844380.41425556,318007313.76391846,0.09597898279689737,0.13708486883112722,-0.010721282205476041,0.1074508279619805,2021-01-15,2023-12-24,False,False,False,False,True,0.0,0,0,False,[],曦琨能源
2023-12-31,年报,2024-03-30,无保留意见,True,838340826.9702303,494684842.2504206,343655984.71980983,0.5900760482323342,14623485.032426715,0.013794757689114565,100569958.36911733,32374499.7552654,2017395.6031379402,1.906859255710449e-06,100352497.99276708,252633672.906492,40000000,8.591399617995245,375942922.0947274,334543116.51988417,37940034.90693719,9304813.8880503,0.2326203472012575,7851465.601525361,157777327.58357206,-117122190.45872286,270496512.2297322,311151649.3545814,0.06491184519996292,0.5616040450079478,-0.0641512775713569,0.125552721268083,2021-01-15,2024-05-15,False,True,False,False,False,0.0,2,0,True,"['结合前述财务报表列报项目的具体情况说明现金分红方案确定的依据及未来增强投资者回报的规划', '公司在相应期间是否按照中国证券监督管理委员会相关规定为中小股东参与现金分红决策提供了便利', '结合所处行业特点、发展阶段和自身经营模式、盈利水平、偿债能力、资金需求等因素，未进行现金分红或现金分红水平较低原因的说明']",曦琨能源
2024-03-31,季报,2024-04-30,非标准无保留意见,False,820154571.0505803,505667722.6677009,314486848.38287944,0.6165517336810837,16742428.868633976,0.012812085474204949,109232286.13036278,37262924.51832168,2375373.2931937813,1.8626282447789397e-06,106618959.00884545,266348021.34508702,40000000,7.862171209571986,379832164.75120765,337803568.67297906,15648869.098955486,5556060.937828861,0.13890152344572154,4657788.790135578,126408898.12215541,-112005215.9991375,260635003.79023874,275038685.91325665,-0.08487888363333067,-0.14251204993031386,0.026475685448749585,0.118369863467959,2021-01-15,2024-06-14,False,False,False,True,False,0.0,0,0,False,[],曦琨能源
2024-06-30,半年报,2024-08-27,无保留意见,False,1026318084.2336924,658399253.9840266,367918830.2496658,0.6415157874526054,19354329.05393988,0.01668787122289576,132048062.99370718,42749550.3293876,2804654.4297931874,2.199434740084176e-06,119469365.28403069,319913474.54749084,40000000,9.197970756241645,386502626.7261132,344090326.1796227,7085335.047784597,9529231.3927222,0.238230784818055,8981082.152348034,47749815.868468694,-135381857.8414018,346536588.51587087,258904546.5429378,0.16990211877392855,0.1761464674991153,0.024964053771521694,-0.03680043610233222,2021-01-15,2024-09-13,False,False,False,True,True,0.0,0,0,False,[],曦琨能源
2024-09-30,季报,2024-10-27,无保留意见,False,1277740448.8368587,860869220.7213576,416871228.11550105,0.6737434206649844,26282752.95172905,0.02347572090522758,165369842.28360057,63855289.213725194,3716954.655586232,3.1138594167910704e-06,152079448.38064802,431369591.9314594,40000000,10.421780702887526,388106797.1855416,345566622.6503016,4545470.477799965,2291672.084897727,0.05729180212244317,2108994.9581127283,135005024.38188702,-184879219.39627135,385252836.2033259,335378641.1889416,0.13305216760070865,-0.2728145116865301,0.032227633212379,-0.006208540660837538,2021-01-15,2024-11-21,False,False,False,False,False,0.0,0,0,False,[],曦琨能源
2024-12-31,年报,2025-03-30,无保留意见,False,1329094303.5384698,903838254.2889245,425256049.2495453,0.6800407253891774,26312458.22622285,0.022871552656504396,193576663.17132065,60586158.7727187,3896391.02935532,3.222332194416916e-06,160526721.4774104,444264959.01150054,40000000,10.631401231238632,387846385.34019357,345322385.49976915,245929.81525267748,-372016.9219257515,-0.009300423048143788,-348910.2150463238,163203854.8459171,-173972364.30455756,424945736.65028095,414177227.1916405,0.020113695953420444,-0.1380745533669276,0.006297304724192913,-0.019101378466591917,2021-01-15,2025-05-13,False,False,False,True,True,0.0,0,0,False,[],曦琨能源
2017-03-31,季报,2017-04-30,无保留意见,False,187590548.4647733,45706093.86304119,141884454.6017321,0.2436481701082297,12938006.22792791,151414.31311028352,26103038.84831338,9.186071446127974,532330.0198978421,1330518.2942975522,4275372.525188739,46844352.53986854,40000000,3.547111365043303,11632872.211031262,11078816.498063007,70682941.36269556,16618388.872901805,0.4154597218225451,15826880.711518582,-13582373.453366645,-30621716.740737878,85460178.15792097,41256087.96381645,-0.21175302999037726,0.8676882707167668,-0.05635182989177028,-0.021667011094724922,2021-05-14,2017-06-12,False,False,False,False,False,0.0,0,0,False,[],钧珺信息
2017-06-30,半年报,2017-08-27,无保留意见,False,210597469.43688065,60581291.70969898,150016177.72718167,0.2876639110227112,15928305.109134132,194957.87082201583,31457847.52944307,11.373122765593967,658602.877087132,1466987.121212006,4933208.890077985,55146891.19313622,40000000,3.750404443179542,19690081.89857863,18402197.89741376,22572872.449925475,11510299.553639095,0.2877574888409774,10461973.427643932,-15398409.294937426,-35206836.86829459,101203406.93559395,50598160.772361934,0.05731229082336915,-0.15194331110198145,0.0440157409144815,0.08745084954695591,2021-05-14,2017-09-22,False,False,False,False,False,0.0,0,0,False,[],钧珺信息
2017-09-30,季报,2017-10-27,无保留意见,False,217055103.19703096,65977447.42651202,151077655.77051896,0.30396634981035775,13267059.095915116,161907.24566240626,33825178.93666996,10.684085652565823,525912.250110492,1367444.9325115413,4855967.993455981,52394572.10316647,40000000,3.776941394262974,35202745.700895905,32499701.02672026,49874341.73637889,22160948.28902468,0.554023707225617,20139290.184723575,-10590189.76458381,-32606842.65614851,109516141.94359715,66319109.52286483,0.007075757157789145,0.3735719688019245,0.016302438787646555,0.016081456364682414,2021-05-14,2017-12-02,False,False,False,False,False,0.0,0,0,False,[],钧珺信息
2017-12-31,年报,2018-03-30,无保留意见,False,233997587.12924144,79943391.10839954,154054196.0208419,0.34164194635154616,16223052.810261717,188247.29422509586,32835745.87420192,11.194076714162613,599769.3552933647,1489442.59472966,5089582.6818408575,56967534.370859645,40000000,3.8513549005210472,43505465.111575894,40264379.17269549,20610221.711144798,11861027.729542855,0.29652569323857136,11092397.351393182,-11880708.085003141,-36601753.15934141,118965844.39519404,70483383.15084949,0.019702054781973746,-0.2630150956372142,0.03767559654118839,-0.04115377901871845,2021-05-14,2018-05-15,False,False,False,False,False,0.0,0,0,False,[],钧珺信息
2018-03-31,季报,2018-04-30,无保留意见,False,244979639.72990847,77723854.22546603,167255785.50444242,0.31726658717906947,17364325.915329374,212491.195567234,38309662.22264827,12.988217725789934,678015.123478016,1504643.7734225905,5645642.32562674,62800895.16557526,40000000,4.181394637611061,51921960.268628284,47485319.41926937,42748510.21079326,12023564.510074846,0.30058911275187117,10315628.923676971,-37125880.58410713,-40653606.879776746,118963796.22773394,41184308.76385006,0.08569444925612099,0.00563170452747292,-0.02437535917247666,-0.003183004443508068,2021-05-14,2018-05-12,False,False,False,False,False,0.0,0,0,False,[],钧珺信息
2018-06-30,半年报,2018-08-27,无保留意见,False,212037016.20902073,66743921.83105606,145293094.37796468,0.3147748587692895,14040760.505756916,162799.80498857156,30815071.01397997,9.629528216169422,542913.7198245401,1404309.349107055,4676476.36389111,50386998.98392138,40000000,3.6323273594491168,57363105.91267695,52096679.96624193,16689310.056553187,7773065.205783818,0.19432663014459545,6587657.924246518,-15802459.91677922,-35732847.516762644,107445709.77418384,55910402.340641975,-0.1313119965341612,-0.14644994079950335,-0.0024917284097799707,0.15770170241466278,2021-05-14,2018-09-11,False,False,False,False,False,0.0,0,0,False,[],钧珺信息
2018-09-30,季报,2018-10-27,无保留意见,False,243715480.3325193,84255452.44313367,159460027.88938564,0.3457123541277626,15893201.330699628,200852.3368711966,31648443.061604537,10.729159545891346,621951.7269495993,1359942.6849024587,5477650.569104438,56161871.08870746,40000000,3.986500697234641,55589313.24195772,50704597.03987584,2747156.5680767563,-2533989.529598905,-0.06334973823997261,-1988689.8948086991,-23425982.065295093,-43345225.92476885,118720293.14120273,51949085.15113879,0.09750589711144265,-0.41605891922394467,0.030937495358473028,-0.12645236960437803,2021-05-14,2018-11-27,False,False,False,False,False,0.0,0,0,False,[],钧珺信息
2018-12-31,年报,2019-03-30,无保留意见,False,262419488.54646248,94858901.8763643,167560586.6700982,0.36147811430388155,15859503.543977037,192468.32552761518,35053967.045370795,12.718073376181268,696215.3122732693,1663993.388010859,5867409.6526359,60895414.02493117,40000000,4.189014666752454,53450604.123501375,48725473.967818625,5465619.7684285315,-3055298.7406519223,-0.07638246851629805,-2827318.674367462,-25911921.070290327,-41527483.261869326,129181902.70932391,61742498.37716426,0.05079993329947082,-0.0360368335222533,0.01576576017611897,0.1821230996687849,2021-05-14,2019-04-19,False,False,False,False,False,0.0,0,0,False,[],钧珺信息
2019-03-31,季报,2019-04-30,无保留意见,False,257481104.07025903,88805903.63752885,168675200.43273017,0.3449026054094297,17765877.484754644,207286.52691199622,37095622.705443375,11.630366674833853,659637.9529352338,1554954.3992135641,5485900.761483503,61084603.90192337,40000000,4.2168800108182545,54212060.56663708,49434354.1015819,1265390.818429278,1087794.9187652916,0.02719487296913229,1012685.9053761062,-31066903.383743312,-40135888.2770115,123716201.67071399,52513410.009959176,0.006652004416924606,0.2971088144781743,-0.016575508894451835,-0.012213237535047779,2021-05-14,2019-06-09,False,False,False,False,False,0.0,0,0,False,[],钧珺信息
2019-06-30,半年报,2019-08-27,无保留意见,False,261394802.60106593,84925777.36277185,176469025.2382941,0.32489466706185205,17218096.330021016,203249.48404731302,36990415.4727846,12.994049860104566,648809.3202140369,1640146.071010211,5258552.183740677,61524731.707514256,40000000,4.411725630957353,61956196.15846312,56196503.01220922,7710974.916919968,11063050.845465776,0.2765762711366444,9660212.729467597,-9681515.985315105,-42135515.616311625,125962488.8660959,74145457.26446918,0.0462061096448628,0.5514909900018601,-0.020007938347577636,-0.10468413440727578,2021-05-14,2019-09-07,False,False,False,False,False,0.0,0,0,False,[],钧珺信息
2019-09-30,季报,2019-10-27,无保留意见,False,276679236.8897424,97974864.46513905,178704372.42460334,0.3541099273169615,18443669.948659267,236935.61800434414,42936319.567796275,15.248580535183962,812620.5138889037,1888160.7073806766,6919061.268391239,71559099.38366273,40000000,4.467609310615083,63402638.51480654,57605676.44336159,8920445.130390454,2066346.223347731,0.05165865558369327,2013104.9016462446,-28398681.634852286,-49607583.09561922,131383657.697908,53377392.96743649,0.01266707958119421,-0.32058897201377035,0.029215260255109454,-0.04716648272281556,2021-05-14,2019-12-14,False,False,False,False,False,0.0,0,0,False,[],钧珺信息
2019-12-31,年报,2020-03-30,无保留意见,False,358841529.6327716,150779629.6356019,208061899.9971697,0.42018444685013345,20398373.888265096,259472.40654187353,44695422.57032808,15.092473673382726,831408.1767583999,2122041.729642547,6564158.970529439,79175129.11387597,40000000,5.201547499929243,61444792.77515983,55915734.24931265,13005962.915958311,-2796922.485209586,-0.06992306213023965,-2414203.134355629,-61973487.5526373,-64240880.25806549,188764698.7966633,62550330.98596051,0.16427985042700907,-0.2550708274982436,0.06607451953317195,-0.09303818875148297,2021-05-14,2020-05-21,False,False,False,False,False,0.0,0,0,False,[],钧珺信息
2020-03-31,季报,2020-04-30,无保留意见,False,389474535.6514337,154781905.95987847,234692629.69155523,0.3974121329934724,25152296.232479535,314769.67268371006,51199840.12524701,17.417057938944136,940717.0103295718,2406834.7425516965,7832824.667858934,88247818.886437,40000000,5.867315742288881,60035842.47392432,54586895.89369573,1134647.0615796966,-2012786.1446221564,-0.05031965361555391,-1898340.5080241766,-23456664.36317002,-66931039.464835,184896409.26650316,94508705.43849814,0.12799426370108055,0.0552089038288263,-0.022772313856661064,-0.043803757752201,2021-05-14,2020-06-07,False,False,False,False,False,0.0,0,0,False,[],钧珺信息
2020-06-30,半年报,2020-08-27,无保留意见,False,392335288.5122955,152198804.8323017,240136483.67999375,0.3879304495127818,26404638.901771665,293896.5186848443,55487637.993341304,18.393541036646784,956898.1314072382,2304712.831738332,8505716.626187297,92739729.51716077,40000000,6.003412091999844,62347523.31234055,56787963.43663382,10144374.39836155,3302401.197737474,0.08256002994343685,3144382.2041972703,-45298353.452808455,-66705655.23514001,171679113.68945402,59675105.00150555,0.02319567510745036,0.3546481283078766,-0.009481683480690565,-0.034035233908023016,2021-05-14,2020-09-25,False,False,False,False,False,0.0,0,0,False,[],钧珺信息
2020-09-30,季报,2020-10-27,无保留意见,False,423593635.0273938,177707406.5594998,245886228.467894,0.4195233163690183,30694571.482184216,324588.27093907807,60319477.00588951,20.488618731506914,1093199.9828099655,2735579.2341650347,9579843.756513761,105368377.0745272,40000000,6.14715571169735,65776602.71989823,60124428.54606626,13518043.019805957,4898684.867939547,0.12246712169848867,4766378.727760636,-6321436.985207616,-71168306.03612934,211919626.4570826,134429883.43574566,0.023943653624754285,0.07862536330825576,0.03159286685623648,0.14584473858689173,2021-05-14,2020-11-18,False,False,False,False,False,0.0,0,0,False,[],钧珺信息
2020-12-31,年报,2021-03-30,非标准无保留意见,False,426100713.23375565,167774533.59032106,258326179.64343458,0.3937438459491177,25391974.891758487,332810.0758036162,58040823.98780287,21.200905916316927,1085590.7871917894,2827969.530245732,8683302.97162178,98467813.18257639,40000000,6.458154491085865,67901182.0024134,61893939.04873591,2562302.74029168,3035113.2607359625,0.07587783151839907,2527872.1466709184,-58798831.983567804,-66627146.72366473,217889283.6494482,92463304.94221565,0.05059230544570714,-0.08509970431749155,-0.02577947041990058,0.16425870584962501,2021-05-14,2021-04-20,False,False,False,False,False,0.0,0,0,False,[],钧珺信息
2021-03-31,季报,2021-04-30,无保留意见,False,394536480.03641605,150023393.71720132,244513086.31921476,0.3802522740187524,29439139.70973492,304668.9133058076,51322825.82341107,17.75801686718801,1157428.4906840147,2634350.6665753876,8480541.472415742,96773606.4637173,40000000,6.1128271579803695,83083393.62587547,75205013.22501904,59050286.2049854,21688873.747802965,0.5422218436950741,19015820.251833055,-15260981.274258705,-64307225.670188084,203993383.98037094,124425177.03592415,-0.05347151939182452,0.9310534082991142,-0.013491571930365378,-0.04427227469808467,2021-05-14,2021-05-11,False,False,False,False,False,0.0,0,0,False,[],钧珺信息
2021-06-30,半年报,2021-08-27,无保留意见,False,501863706.46040046,232609946.35413033,269253760.10627013,0.4634922656485908,30747850.137279686,367049.12979752925,66727814.38074287,22.610836850955653,1284116.8881592592,3070464.6977083427,11349202.738871116,113481765.2792419,40000000,6.731344002656753,121394112.87486865,109913351.94287622,134225069.61869317,54729598.92713311,1.368239973178328,49583341.02551027,-25431669.1698756,-87717398.88043693,229532404.92586318,116383336.87555066,0.10118343422632244,0.8540110367313661,0.08323999162983847,0.07806588799275015,2021-05-14,2021-09-29,True,False,False,True,False,23585193.40882142,0,0,True,"['公司为增强投资者回报水平拟采取的措施', '留存未分配利润的预计用途以及收益情况', '上市公司控股子公司向母公司实施利润分配的情况']",钧珺信息
2021-09-30,季报,2021-10-27,无保留意见,False,518705061.352734,223006038.1544419,295699023.19829214,0.4299284020342179,35199722.7475867,431984.6920503587,77165984.88199818,26.16775855641118,1533303.3708871235,3351406.8365127407,12344531.320564767,134001103.32409662,40000000,7.392475579957304,164572027.87048167,147245445.81575224,232459701.45004427,61682735.7080186,1.542068392700465,53331562.675537184,-60107517.60629532,-88375656.5943156,278953619.96612376,130470445.76551282,0.0982168757145098,0.09693539187287052,-0.03356386361437297,-0.15130671059673464,2021-05-14,2021-12-19,False,True,False,False,False,0.0,1,0,True,"['是否影响偿债能力、过去十二个月内是否使用过募集资金补充流动资金以及未来十二个月内是否计划使用募集资金补充流动资金等内容', '结合所处行业特点、发展阶段和自身经营模式、盈利水平、偿债能力、资金需求等因素，未进行现金分红或现金分红水平较低原因的说明', '根据公司盈利能力、融资能力及其成本、偿债能力及现金流等情况披露现金分红方案的合理性，是否导致公司营运资金不足或者影响公司正常生产经营', '公司在相应期间是否按照中国证券监督管理委员会相关规定为中小股东参与现金分红决策提供了便利']",钧珺信息
2021-12-31,年报,2022-03-30,无保留意见,False,476589040.6565287,179595437.05504605,296993603.6014827,0.376835012420015,32672903.729381252,373308.5590075589,66148239.35122959,22.10287135213345,1297534.2746066945,2657526.5865352517,10767221.224454394,111283922.02212848,40000000,7.424840090037067,187776958.26083568,166852708.9245041,41738487.7186655,33149900.55764857,0.8287475139412143,28010375.8696455,-42463370.80701899,-83698218.99852718,228173112.84967217,102011523.044126,0.004378034087459291,-0.36263145776033606,-0.05309338961420288,-0.07560469124702537,2021-05-14,2022-04-27,False,False,False,False,False,0.0,0,0,False,[],钧珺信息
2022-03-31,季报,2022-04-30,无保留意见,False,432509982.6492262,166502201.94913593,266007780.7000903,0.38496730394353085,26140051.510093838,330757.8194138548,60815380.939285584,21.948889175461982,1107024.69605759,2780803.4430381297,9364115.234876772,101929901.98584847,40000000,6.650194517502257,228519376.14614943,205535381.92044166,212438051.833034,58203454.121876806,1.4550863530469202,55260961.422767974,-59379989.37068412,-76443692.66732404,215046387.49662974,79222705.45862159,-0.10433161699660835,0.49957334482505183,0.008132291523515824,0.15558724079356165,2021-05-14,2022-05-31,False,False,False,False,False,0.0,0,0,False,[],钧珺信息
2022-06-30,半年报,2022-08-27,无保留意见,False,488555598.31169164,224022027.08908764,264533571.22260398,0.45853947403989165,32288654.783393588,435444.5689201,69694786.11874777,25.894278033341855,1386422.3516722226,3506514.6714524194,11485638.549553823,124002679.70650381,40000000,6.613339280565099,230914099.52724195,207708687.9226993,5993372.519807861,3421033.40156075,0.08552583503901874,3104722.860368065,-51913469.39675857,-84135813.48468575,210125379.73747012,74076096.85602579,-0.005541978785757381,-0.7284561774454421,0.07357217009636083,-0.05542936467721193,2021-05-14,2022-09-21,False,False,False,False,False,0.0,0,0,False,[],钧珺信息
2022-09-30,季报,2022-10-27,无保留意见,False,494731468.8419067,234292246.19836935,260439222.64353737,0.4735745772283556,34037262.25278864,394901.812791648,72891281.5420969,24.930006597587408,1412699.9553578722,2854219.371573809,11012791.107761675,123307706.23925826,40000000,6.510980566088434,224814956.4718713,201989501.22396052,43237418.66505354,-8713061.507672392,-0.2178265376918098,-8170266.712484031,-87182670.0079236,-76135458.20278478,247783665.53657508,84465537.3258667,-0.015477614278382956,-0.5941959288067052,0.015035103188463982,0.09370385566120208,2021-05-14,2022-12-25,False,False,False,True,False,0.0,0,0,False,[],钧珺信息
2022-12-31,年报,2023-03-30,非标准无保留意见,False,454612644.08428603,208305248.703929,246307395.38035703,0.45820381684172606,31082758.76231296,375076.3580338792,66584327.83407732,23.144576362748204,1204571.7305393682,2803924.3429728546,9995929.251804253,110450402.79875688,40000000,6.157684884508925,213628598.91862947,192117868.7918089,27792814.15212203,-15980510.790345442,-0.39951276975863603,-14102332.045930859,-47085593.31482571,-79151281.97512837,226275641.00927275,100038765.71931867,-0.05426151683198093,-0.876976375461403,-0.015370760386629538,-0.061766274633462806,2021-05-14,2023-04-09,False,False,False,True,False,0.0,0,0,False,[],钧珺信息
2023-03-31,季报,2023-04-30,无保留意见,False,540740848.5608827,276265433.9545798,264475414.60630292,0.5109017280455643,35432765.889921665,391890.7234251131,71355297.972036,26.590461473675308,1428366.2107016263,3281098.2220405876,10904934.939683389,126188514.33943917,40000000,6.611885365157573,202403047.43881115,181963032.0349766,15738706.683901891,-16036502.11402618,-0.40091255285065447,-14506909.652617594,-108026794.21027939,-79757147.95094822,280634065.8784398,92850123.71721217,0.07376156610275604,-0.054920957623190825,0.052697911203838196,0.14695613121913229,2021-05-14,2023-06-26,False,False,False,False,False,0.0,0,0,False,[],钧珺信息
2023-06-30,半年报,2023-08-27,非标准无保留意见,False,525656097.1282889,263877050.31133932,261779046.8169496,0.5019956046413723,35292844.859421745,397553.6574460253,70427277.48455256,25.94176613705141,1256144.0492422632,3203138.6880647726,11568088.454664217,120618497.91031036,40000000,6.54447617042374,191103992.70623156,172631167.29924482,26916702.509293918,-16141506.760827938,-0.40353766902069843,-13331235.336759679,-71548032.21283552,-90012872.78704204,234137377.03662348,72576472.0367459,-0.010195154787325402,-0.108982747477053,-0.008906123404192067,-0.05449639718219412,2021-05-14,2023-09-11,False,True,False,False,True,0.0,1,0,True,"['公司在相应期间是否按照中国证券监督管理委员会相关规定为中小股东参与现金分红决策提供了便利', '是否影响偿债能力、过去十二个月内是否使用过募集资金补充流动资金以及未来十二个月内是否计划使用募集资金补充流动资金等内容']",钧珺信息
2023-09-30,季报,2023-10-27,无保留意见,False,583803941.1973972,307482504.25565535,276321436.94174194,0.5266879555917362,39912695.82932622,454476.1668227192,92672842.35678431,29.117053303408508,1507376.1232616974,4009971.762398881,12604706.482018955,145426112.24104208,40000000,6.908035923543548,179845141.22790134,163181806.21841493,59261841.0172592,-16084073.540471759,-0.402101838511794,-13499087.258328408,-98456743.57195236,-97309938.00152041,277871841.9780277,82105160.40455493,0.05555215477181102,0.06690002638992146,0.024692350950363984,-0.004372964695624654,2021-05-14,2023-12-20,False,False,False,True,False,0.0,0,0,False,[],钧珺信息
2023-12-31,年报,2024-03-30,无保留意见,False,781454675.9438298,475590595.35448056,305864080.58934927,0.6085965187681154,58815023.247560516,644495.7531643027,118843379.14578459,38.92806724241932,2201677.3870416167,5138813.989511674,17738527.9176136,202685417.07455721,40000000,7.646602014733732,168625833.9999283,153270045.18596628,72512917.7879118,-16027581.754247231,-0.4006895438561808,-14159658.617783787,-47796051.71491451,-128201013.69120577,333221952.68323654,157224887.27711627,0.10691404899517769,0.06167720741862212,0.08190856317637919,0.05208641143831857,2021-05-14,2024-04-21,False,False,False,False,True,0.0,0,0,False,[],钧珺信息
2024-03-31,季报,2024-04-30,无保留意见,False,995732402.2413819,671722294.9451859,324010107.296196,0.6746012216064747,68707631.62228009,726801.6616485706,149335799.16544834,52.30249316855233,2995517.3243965665,6097187.78405287,24857253.03079343,254876270.2156836,40000000,8.1002526824049,157667713.60893366,144181662.25288707,42362217.86248278,-15654457.7014209,-0.39136144253552246,-12983404.190113124,-129106445.85797726,-151289589.17568025,489743056.6159616,209347021.58230412,0.05932709284425406,0.3837073753562579,0.06600470283835942,-0.01880668836588507,2021-05-14,2024-06-14,False,False,False,False,False,0.0,0,0,False,[],钧珺信息
2024-06-30,半年报,2024-08-27,无保留意见,False,1559184868.713432,1189106378.3116784,370078490.4017536,0.7626461763272976,101866964.22079657,1288482.5150442424,242088587.31562057,74.58361106825535,4421444.116991822,9965408.889394026,35507823.25991571,388340109.15344834,40000000,9.25196226004384,146630516.03621605,134091034.01114953,78789034.32572758,-15767425.103882296,-0.3941856275970574,-14415183.202482237,-279723153.66581124,-269566704.60013604,744576189.3910973,195286331.12514997,0.14218193219338032,-0.08395678276386412,0.08804495472082277,0.0673172516460117,2021-05-14,2024-10-06,False,True,False,False,True,0.0,1,0,True,"['结合前述财务报表列报项目的具体情况说明现金分红方案确定的依据及未来增强投资者回报的规划', '结合所处行业特点、发展阶段和自身经营模式、盈利水平、偿债能力、资金需求等因素，未进行现金分红或现金分红水平较低原因的说明', '根据公司盈利能力、融资能力及其成本、偿债能力及现金流等情况披露现金分红方案的合理性，是否导致公司营运资金不足或者影响公司正常生产经营', '充分披露高送转的主要考虑及其合理性且送转股后每股收益不低于0.5元']",钧珺信息
2024-09-30,季报,2024-10-27,无保留意见,False,1948135761.5126112,1532612207.0607073,415523554.4519039,0.7867070854809037,115446460.65845546,1658366.483386594,277533292.91643643,98.42567129895338,5012014.695854572,11239700.164236374,42950354.434992224,466192739.00747937,40000000,10.388088861297597,135604020.45822874,124074180.30368888,47785879.29587816,-15752136.539981896,-0.3938034134995474,-14309791.010658052,-87193374.46050355,-326059371.3447438,973217698.564328,559964952.7590806,0.12279844743426069,0.012403760573539603,0.024060909153606144,-0.03332482781629201,2021-05-14,2024-11-26,False,True,True,False,True,0.0,1,4,True,"['根据公司盈利能力、融资能力及其成本、偿债能力及现金流等情况披露现金分红方案的合理性，是否导致公司营运资金不足或者影响公司正常生产经营', '上市公司控股子公司向母公司实施利润分配的情况', '公司为增强投资者回报水平拟采取的措施', '是否影响偿债能力、过去十二个月内是否使用过募集资金补充流动资金以及未来十二个月内是否计划使用募集资金补充流动资金等内容']",钧珺信息
2024-12-31,年报,2025-03-30,无保留意见,False,2088976734.3584826,1695918635.1644511,393058099.1940314,0.8118418014288042,156077943.37755433,1789142.9797554484,322523047.6792424,110.22485326891925,5931889.301645854,14478551.488488805,48840441.53555796,536124637.4317196,40000000,9.826452479850785,125160906.24942791,115330888.79384063,34349356.57725657,-14918734.584001144,-0.37296836460002863,-12490416.442640351,-277519825.9234197,-322397335.2837232,1046057613.5816547,446140452.37451184,-0.05406541943814819,0.6678630977532264,0.025134715947900604,0.10884846846760031,2021-05-14,2025-04-25,False,False,False,False,False,0.0,0,0,False,[],钧珺信息
2017-03-31,季报,2017-04-30,无保留意见,False,229594438.42685828,52482156.30224075,177112282.12461752,0.22858635715150372,117739514.36810634,4.677654716339638e-16,3512598.3408302683,14423328.76120339,99.74681061063629,731.7396678665874,2026568.306629452,134724952.8502113,40000000,4.427807053115438,-3059284.9077088567,-2631628.248254672,11313903.666605065,-4370407.011012653,-0.10926017527531633,-3759468.9260781035,-37974142.29407486,-16744332.018417863,101767802.97216104,47049328.65966831,-0.016042877085458283,-0.29835594505625856,-0.07141364284849626,-0.15969981231076882,2021-06-23,2017-05-14,False,False,False,False,False,0.0,0,0,False,[],泓琯电力
2017-06-30,半年报,2017-08-27,无保留意见,False,232797367.8422794,52648383.270455234,180148984.57182416,0.2261554061303846,106862546.16638461,4.3358277462100463e-16,3190454.960101489,15019908.429548977,89.20831119648561,700.1451926957952,2149393.445601944,132064344.4094722,40000000,4.503724614295604,-7495840.481273111,-6865201.425328971,26482232.466942318,-6337936.533663221,-0.15844841334158052,-6047961.681534713,-19892261.53189887,-18571548.637610897,96881899.01964417,58418088.8501344,0.0171456344572986,-0.15578724701312222,-0.0024309510211191526,-0.030156864300046007,2021-06-23,2017-10-23,False,False,False,False,False,0.0,0,0,False,[],泓琯电力
2017-09-30,季报,2017-10-27,无保留意见,False,292605061.23471576,85419632.34141773,207185428.89329803,0.2919280752730986,142025192.73524594,5.2962185525512775e-16,4224908.195300096,20737199.216927122,133.8291459536781,862.1400474917696,2682359.9045953597,170648844.92596295,40000000,5.179635722332451,-12680738.422650225,-11543380.866554629,28643020.321731046,-7406997.059110165,-0.1851749264777541,-6683113.487465227,-51065913.218973756,-24756849.05580203,126969273.91992009,51146511.6451443,0.15007824987597762,-0.10026769478743743,0.06577266914271403,0.11803297593462032,2021-06-23,2017-12-22,False,False,False,False,False,0.0,0,0,False,[],泓琯电力
2017-12-31,年报,2018-03-30,无保留意见,False,355499529.19973534,124445057.84791137,231054471.35182396,0.3500568851048819,150730586.33251688,5.674911922403368e-16,4327735.180929401,20707671.690236706,124.48256162474024,860.0912307193397,2917402.110306298,178974509.3286065,40000000,5.776361783795599,-16429342.943838933,-15039786.161384825,26247758.342752736,-5355149.315983869,-0.13387873289959673,-4994864.706900281,-11726496.828651147,-26661736.333399527,142804030.79551607,104415797.63346541,0.11520618310865209,0.21389003586982827,0.05812880983178331,-0.006330103289050035,2021-06-23,2018-04-11,False,False,False,False,False,0.0,0,0,False,[],泓琯电力
2018-03-31,季报,2018-04-30,无保留意见,False,376668125.3268303,125870449.85956171,250797675.46726862,0.3341680418281888,181639000.039557,7.042339670658188e-16,5300010.773973871,25528288.007241488,156.3174358510851,1143.8213651061728,3300615.09858241,212150509.42083654,40000000,6.269941886681716,-15618947.127170814,-14308804.101485513,1561627.1949516127,1157708.3095258847,0.028942707738147118,1044260.0855704484,-61888903.81920609,-29600121.41864661,159718333.03026447,68229307.79241177,0.08544826680883366,0.559290780297371,-0.01588884327669307,0.034165338924547706,2021-06-23,2018-06-07,False,False,False,False,False,0.0,0,0,False,[],泓琯电力
2018-06-30,半年报,2018-08-27,无保留意见,False,436997585.2305653,174793711.51457036,262203873.71599495,0.3999878201211273,203718364.73276895,7.524819083801635e-16,5449396.51444951,24051484.042469267,166.87339967774616,1074.0702266637122,3777487.4348899885,229800046.12568873,40000000,6.555096842899874,-9826282.804208321,-9756266.408025168,36292262.069117814,8275234.747089274,0.20688086867723185,6503625.2763719205,-22872596.36366249,-35805114.15579794,208931091.04476503,150253380.5253046,0.04547968089207817,0.3919837413529435,0.06581977829293849,-0.004893782399652047,2021-06-23,2018-10-01,False,False,False,False,False,0.0,0,0,False,[],泓琯电力
2018-09-30,季报,2018-10-27,无保留意见,False,430667913.45345473,179148172.9222251,251519740.53122967,0.4159775254340764,204833211.57540855,7.530247261327212e-16,5840368.112210428,26092544.857393954,175.8503308611727,1288.826029566763,3814838.585989318,231600480.2021721,40000000,6.287993513280742,-6664876.828061076,-7060518.126858167,4025868.983665795,4516294.251638923,0.11290735629097307,3851068.973095718,-59763171.6413192,-33381574.540716104,180712793.11349365,87568046.93145835,-0.04074742692908397,-0.14872030005114922,0.015989705312949045,0.033345491550914805,2021-06-23,2018-11-13,False,False,False,False,False,0.0,0,0,False,[],泓琯电力
2018-12-31,年报,2019-03-30,无保留意见,False,491029770.4987235,211777738.0589387,279252032.4397848,0.43129307179041854,238044791.1449416,1.0054302721594675e-15,6778092.88767586,31960572.09793681,214.2376434024864,1471.7302722133634,4587949.445643645,277716422.89096814,40000000,6.981300810994621,-6505689.820921639,-6911844.952538692,522071.04447086336,227410.01019919664,0.005685250254979916,212390.24902782016,-65240006.667535946,-33222667.662070476,204351937.40454704,105889263.07494062,0.11025890790910609,-0.19933191985943566,0.01531554635634218,0.032410990873093806,2021-06-23,2019-04-12,False,False,False,False,False,0.0,0,0,False,[],泓琯电力
2019-03-31,季报,2019-04-30,无保留意见,False,542930526.4386848,268526156.8386079,274404369.6000769,0.4945865884535663,267114614.0885804,1.0104992639700215e-15,7292994.558260302,30521776.69000969,217.01474077943885,1554.3712592792876,4723915.874239949,297704954.1036658,40000000,6.860109240001923,-5992690.865783136,-6421114.711098593,3481158.530771406,732855.6501978599,0.018321391254946497,701043.2020572862,-36785827.717674434,-41545609.16531204,237295162.77309963,158963725.89011317,-0.017359454100851348,0.029339618648387574,0.0632935166631477,0.2583432184698345,2021-06-23,2019-06-18,False,False,False,False,False,0.0,0,0,False,[],泓琯电力
2019-06-30,半年报,2019-08-27,无保留意见,False,617585235.3629353,304292012.1706961,313293223.1922393,0.492712575927877,304158366.30858797,1.1099282498175404e-15,8616231.222029656,41392810.09107446,271.6415091913279,1939.2293970475262,5996607.615018535,350408831.3407223,40000000,7.832330579805982,71561.6045078747,-1339917.2598910057,13244716.375191232,8663217.814701445,0.21658044536753612,7258853.501725125,-27991428.742631778,-46856612.40073068,263018070.6820209,188170029.53865844,0.1417209705838136,0.44721292052107264,-0.0018740125256892764,0.15694927813905044,2021-06-23,2019-10-21,False,False,False,False,False,0.0,0,0,False,[],泓琯电力
2019-09-30,季报,2019-10-27,无保留意见,False,626580996.1594752,297896408.56306326,328684587.59641194,0.4754316048347622,316472297.9312078,1.3489193768330039e-15,9541441.7865515,42654680.94074579,256.66440982368204,1957.8424839316024,5756451.789312223,374026632.61463267,40000000,8.217114689910298,4597365.8687653085,2598847.184726509,29499416.211001646,6465434.663224906,0.16163586658062265,5626806.349453593,-9682446.532219384,-49942430.49267689,307599752.23413074,247974875.20923448,0.04912766464382912,-0.08563942243507422,-0.017280971093114793,-0.1159035474626758,2021-06-23,2019-12-02,False,False,False,False,False,0.0,0,0,False,[],泓琯电力
2019-12-31,年报,2020-03-30,无保留意见,False,622914797.7968519,288601074.52715904,334313723.2696929,0.4633074628310227,279592606.5657458,1.2104181120087195e-15,8831971.362492345,36210420.049269296,261.16117129306076,1654.5064779023226,5486733.5978675,336214359.6685764,40000000,8.357843081742322,19638621.968052745,15667531.36656471,81262557.61245137,21487508.713267766,0.5371877178316942,18669548.831197433,-85165870.58709145,-46915204.02774232,260886676.30920926,128805601.69437549,0.017126253818122113,0.6401788104775872,-0.012124142003739492,-0.06307631804340864,2021-06-23,2020-04-29,False,False,False,False,False,0.0,0,0,False,[],泓琯电力
2020-03-31,季报,2020-04-30,无保留意见,False,631862438.5289359,288955038.0733929,342907400.455543,0.4573068763924639,283254949.1687109,1.1895165570007071e-15,9069657.892140519,37305426.1875163,268.35142594539303,1750.3663013722316,6251915.406102392,351130093.68687814,40000000,8.572685011388575,38129710.40835964,32501659.91477613,78977697.793702,26415840.629009858,0.6603960157252464,24048755.068873458,-125606400.87222704,-46134687.47326124,268396013.5344503,96654925.18896201,0.02570542753016908,0.12805016693749127,-0.00600058643855874,0.054826980416974674,2021-06-23,2020-06-06,False,False,False,False,False,0.0,0,0,False,[],泓琯电力
2020-06-30,半年报,2020-08-27,无保留意见,False,723461683.7169994,348082686.1673933,375378997.5496061,0.4811349294671904,350947245.6503776,1.3426495516008292e-15,9160599.926802447,47895718.357888475,306.5458172801829,2115.5956565537144,6539521.45211532,398747161.54724735,40000000,9.384474938740151,50421977.05770842,43784962.23195886,11328474.750197968,17560380.92764111,0.4390095231910277,16119003.310261039,-80509243.18294705,-54054797.72746093,296749296.3840057,162185255.47359774,0.09469494403131999,-0.20396840353821594,0.023828053074726473,-0.06828671367628177,2021-06-23,2020-09-12,False,False,False,False,False,0.0,0,0,False,[],泓琯电力
2020-09-30,季报,2020-10-27,无保留意见,False,660051971.670203,309847425.4984303,350204546.17177266,0.46942883105763455,282294318.911102,1.111868659191568e-15,9341289.608022561,40794857.24188381,270.45926778828226,1802.759841562566,5604983.564362106,347918495.63883823,40000000,8.755113654294316,79680303.26084453,68053322.06028852,39029447.83401684,41797608.86162302,1.0449402215405754,34669085.46904236,-105772072.29432166,-50819462.98108649,306204417.19783425,149612881.9224261,-0.06706409133746648,0.7013009487576909,-0.011706098409555898,0.07426200382801673,2021-06-23,2020-12-12,False,False,False,False,False,0.0,0,0,False,[],泓琯电力
2020-12-31,年报,2021-03-30,无保留意见,False,719161870.8326077,356146610.640802,363015260.1918058,0.4952245455233523,357677561.05351204,1.4247258483946203e-15,10429705.645089949,46296126.108041056,297.51995531307716,2222.7281061632248,6336817.624760936,412758669.18527013,40000000,9.075381504795144,132283073.06263587,116527745.53987554,48772423.97049107,75146814.00255907,1.8786703500639765,69249176.39941005,-88680687.84930064,-55370913.55561989,321097092.2799697,177045490.87504917,0.03658066167350531,0.5671864177235776,0.025795714465717788,0.04812765580155283,2021-06-23,2021-05-16,False,False,False,False,False,0.0,0,0,False,[],泓琯电力
2021-03-31,季报,2021-04-30,非标准无保留意见,False,715236493.4734502,323750428.20102656,391486065.27242357,0.45264808375307586,344325249.68266726,1.1980075510887116e-15,10113250.102604577,40264231.59842763,271.652833085274,2086.8375703485644,6308875.320792261,386810718.0273136,40000000,9.78715163181059,160926975.47288987,141181736.27978855,0.0,40919860.58607712,1.022996514651928,35219986.77130431,-140186255.2675442,-52674771.78234844,317488966.83174044,124627939.78184777,0.07842867284855949,-0.3714393578006007,-0.042576461770276484,0.06610467252528582,2021-06-23,2021-05-29,False,False,False,False,False,0.0,0,0,False,[],泓琯电力
2021-06-30,半年报,2021-08-27,非标准无保留意见,False,622997998.4669653,227128524.60965037,395869473.85731494,0.364573441918841,310377869.29233515,1.2123838261810959e-15,8800640.614183344,39485344.94717907,264.0885796113912,1912.7167580299285,5337585.684751259,352516489.39403886,40000000,9.896736846432873,182174020.31270096,159750868.6305048,89314561.84921983,30352921.19973015,0.7588230299932538,26527331.929594617,-11762822.199151332,-52538866.21288388,253846306.77776632,189544618.36573112,0.011196844469651883,-0.18244069097236518,-0.08807464183423484,0.04864148319372631,2021-06-23,2021-10-09,False,False,False,False,False,0.0,0,0,False,[],泓琯电力
2021-09-30,季报,2021-10-27,无保留意见,False,660759704.6631876,239729085.6309093,421030619.03227836,0.36280827044849473,284007670.94050086,1.1791962651970586e-15,8422703.648648879,41097857.9811079,262.48216518398885,1989.2101187618814,5552111.454573605,358347144.5720034,40000000,10.525765475806958,188567006.22018752,165223550.78478014,28514176.662475053,9132837.010695089,0.2283209252673772,7818117.363250523,-10873872.01538094,-49062869.10067848,303816315.45401,243879574.3379506,0.0635591952311847,-0.4481261905581443,-0.0017651714703462243,0.09088301599710741,2021-06-23,2021-12-01,True,False,True,False,False,3975308.7545015863,0,3,True,['是否影响偿债能力、过去十二个月内是否使用过募集资金补充流动资金以及未来十二个月内是否计划使用募集资金补充流动资金等内容'],泓琯电力
2021-12-31,年报,2022-03-30,无保留意见,True,681244710.2432863,264873926.30212864,416370783.94115764,0.3888087823941221,315636437.41589224,1.1119965694371272e-15,9639262.97587304,37204470.22886618,245.7522813479802,1876.317731575141,5810825.679673796,355637011.9376287,40000000,10.40926959852894,176533660.43745643,154095616.27706072,33772664.64353237,-17190493.975330107,-0.4297623493832527,-15897049.296742057,-23601105.236603882,-49269260.68810085,285139302.15612113,212268936.2314164,-0.01106768695785383,-1.0072894487212447,0.026000511945627327,0.058774521075615496,2021-06-23,2022-05-23,False,False,False,False,False,0.0,0,0,False,[],泓琯电力
2022-03-31,季报,2022-04-30,无保留意见,False,859838351.9412186,379137507.11041147,480700844.83080715,0.44094044683451217,364945609.2824659,1.3676446587987753e-15,10731524.592228077,49880402.87197034,325.0799130262166,2313.5861960290836,6584870.465245619,440856323.4488935,40000000,12.017521120770178,164534397.04727158,143905207.1762173,60815298.410706796,-17141804.843121227,-0.42854512107803067,-14557727.286919137,-60221733.090543106,-69401171.9121451,394015597.9963887,264392692.99370047,0.15450186077114572,-0.25559407915399274,0.052131664440390094,0.03365067590514377,2021-06-23,2022-06-17,False,False,True,False,False,0.0,0,0,True,['公司在相应期间是否按照中国证券监督管理委员会相关规定为中小股东参与现金分红决策提供了便利'],泓琯电力
2022-06-30,半年报,2022-08-27,无保留意见,False,968951457.51886,442677338.2380279,526274119.2808321,0.4568622450618601,398922057.55948937,1.5377729713124375e-15,11128352.913651919,55056135.76217242,323.0660208049634,2317.2520509986125,7546523.599826468,464389950.29657483,40000000,13.156852982020803,152562476.04251894,133288926.92657444,43451487.84690103,-17102744.292503785,-0.4275686073125946,-15166114.64234695,-101509623.95456763,-73516462.60866097,405586124.7350223,230560038.1717937,0.09480589630764094,-0.2754528671778147,0.015921798227347912,0.15614396040282721,2021-06-23,2022-09-21,False,False,True,False,False,0.0,0,5,True,"['根据公司盈利能力、融资能力及其成本、偿债能力及现金流等情况披露现金分红方案的合理性，是否导致公司营运资金不足或者影响公司正常生产经营', '是否影响偿债能力、过去十二个月内是否使用过募集资金补充流动资金以及未来十二个月内是否计划使用募集资金补充流动资金等内容', '留存未分配利润的预计用途以及收益情况']",泓琯电力
2022-09-30,季报,2022-10-27,无保留意见,False,974074424.1994226,446793528.20210063,527280895.99732196,0.45868520628627907,471312843.4649789,1.683400582337161e-15,13429600.332078986,65773874.22580507,441.60664568890684,3040.3308921388857,8870018.375749806,557059046.7264508,40000000,13.182022399933048,140578082.81833234,122874140.12083559,62180973.01699445,-17120561.74883799,-0.4280140437209497,-14878266.865341201,-45638895.80711205,-66832492.03131073,426072827.11094785,313601439.2725251,0.0019130272221359894,0.17341553384629999,0.0018229612244189625,0.038288295735692486,2021-06-23,2022-12-06,False,False,False,False,False,0.0,0,0,False,[],泓琯电力
2022-12-31,年报,2023-03-30,无保留意见,True,1289395339.6717525,654263357.6146926,635131982.0570598,0.5074187392217903,548576881.2889278,2.388452700537967e-15,15587384.635511504,75449614.4129413,504.36970077743536,3474.1660841232538,10938506.056555716,675215453.1723977,40000000,15.878299551426494,128637767.37838517,112130535.88259302,56402809.94557299,-17057593.48563883,-0.4264398371409708,-15348006.05463226,-113933776.1320522,-99129440.0631366,596065697.2718734,383002481.07668453,0.20454199436856793,-0.5222905590377033,0.048733532935511206,0.010136032656654826,2021-06-23,2023-04-21,False,False,False,False,False,0.0,0,0,False,[],泓琯电力
2023-03-31,季报,2023-04-30,无保留意见,False,1091833536.6073103,554105234.3578646,537728302.2494457,0.5074997385404132,532641183.43512523,2.133415712689019e-15,16204015.42769896,73147106.2558223,431.631952375935,3297.169597508399,9310852.663355919,630568494.7910185,40000000,13.443207556236143,116682785.89675418,101186755.98579451,46121576.69579838,-17078544.97375857,-0.4269636243439643,-15633971.281140726,-28862993.81417477,-81320379.02121244,476362619.3959981,366179246.5606109,-0.153359746571325,0.3637822557072486,8.09993186229726e-05,-0.06645348493854976,2021-06-23,2023-06-20,False,False,False,False,False,0.0,0,0,False,[],泓琯电力
2023-06-30,半年报,2023-08-27,非标准无保留意见,False,912373009.8162212,435000819.5204285,477372190.2957928,0.47677957901017964,414289802.2752608,1.633954058019793e-15,12422100.234263444,55818521.35291844,336.57610453291375,2713.2423962549874,7611424.114337936,496868215.10330886,40000000,11.93430475739482,104735760.20901069,90071234.6891433,76571583.65073429,-17067179.553919252,-0.4266794888479813,-15879316.138073184,-140520890.35808286,-69908200.7483099,365414970.5130617,154985879.40666896,-0.11224276591202072,-0.14469951793798733,-0.03072015953023356,0.14524752771145105,2021-06-23,2023-09-06,False,False,False,False,False,0.0,0,0,False,[],泓琯电力
2023-09-30,季报,2023-10-27,无保留意见,False,839870387.3426566,347211726.07388055,492658661.268776,0.41341108259865644,408164948.95615566,1.6365642721103372e-15,11980844.744746746,61368077.8051047,345.9865491337463,2689.3491717615443,8294063.054270426,515063210.3393688,40000000,12.3164665317194,92761721.34163639,79593851.82730345,70448657.05491138,-17105769.810534712,-0.4276442452633678,-14967689.802628335,-115985932.41374117,-67133432.17433815,391130690.48639673,208011325.8983174,0.03202212295507032,0.5744345468837773,-0.06336849641152323,-0.027309014245706333,2021-06-23,2023-11-19,False,True,True,False,False,0.0,2,8,True,"['上市公司控股子公司向母公司实施利润分配的情况', '充分披露高送转的主要考虑及其合理性且送转股后每股收益不低于0.5元', '留存未分配利润的预计用途以及收益情况']",泓琯电力
2023-12-31,年报,2024-03-30,无保留意见,False,971323946.9094367,503006943.7763607,468317003.1330761,0.5178570397413043,480849073.38603604,1.81012043393215e-15,13194608.603531802,62205189.870202996,380.4791035741254,2715.0916349387194,8458262.773764886,529319354.9322904,40000000,11.707925078326902,80733867.36698087,68266410.03108694,40100737.59057039,-17182648.53522217,-0.42956621338055423,-16182059.70888074,-12931265.970169503,-78259354.84162004,440877056.0261505,349686435.21436095,-0.04940876929477154,0.7268494128788046,0.10444595714264783,0.04081318962848684,2021-06-23,2024-04-20,False,False,False,True,False,0.0,0,0,False,[],泓琯电力
2024-03-31,季报,2024-04-30,无保留意见,False,1114691671.8676772,643531762.8052479,471159909.06242925,0.5773181760001884,545785691.9038165,2.127313889263155e-15,17379662.616764165,72903221.27281275,479.3235318558387,3503.0272914268608,10613872.720903523,642145012.7634155,40000000,11.778997726560732,68752379.60676958,57769831.175767764,26271780.99454503,-17116411.08601613,-0.42791027715040325,-14995112.65045597,-218504917.54836926,-83979902.3813898,467930096.8269612,165445276.8972022,0.0060704734407119485,-0.3626497695449377,0.05946113625888412,-0.07137129945120396,2021-06-23,2024-06-04,False,False,False,False,False,0.0,0,0,False,[],泓琯电力
2024-06-30,半年报,2024-08-27,保留意见,False,1108122625.7755458,613782532.3966426,494340093.3789033,0.553894052986304,492633599.1357986,2.007783239639642e-15,14814161.719636584,63190805.723771006,465.9160803599829,3268.638278672758,9638897.94604847,609245104.3321242,40000000,12.358502334472583,56770356.31907214,48252182.35972924,73823847.5031002,-17117176.12528205,-0.42792940313205124,-13596641.165769324,-102156003.42757748,-82682212.45528851,493258190.5961603,308419974.71329427,0.04919812545723757,0.006571876374503816,-0.023424123013884378,0.16234765028937315,2021-06-23,2024-10-18,False,True,False,False,True,0.0,2,0,True,"['根据公司盈利能力、融资能力及其成本、偿债能力及现金流等情况披露现金分红方案的合理性，是否导致公司营运资金不足或者影响公司正常生产经营', '上市公司控股子公司向母公司实施利润分配的情况', '留存未分配利润的预计用途以及收益情况', '充分披露高送转的主要考虑及其合理性且送转股后每股收益不低于0.5元']",泓琯电力
2024-09-30,季报,2024-10-27,无保留意见,False,1072262756.4255719,531715028.582386,540547727.8431859,0.49588128040078344,499730976.43137896,1.9584049410423913e-15,15268610.800704587,68715331.22078161,393.25671958980337,3298.7425566875477,9138572.56852372,598578380.9731737,40000000,13.513693196079647,44795319.563654006,37259581.12267705,53702437.11592219,-17107195.36488305,-0.42767988412207625,-15703716.052931702,-41136154.95287881,-82702568.46103074,498286453.1839234,374447729.77001387,0.09347337002031332,-0.08517742308832339,-0.05801277258552058,0.05369547428752052,2021-06-23,2024-11-14,False,True,False,False,True,0.0,2,0,True,"['公司在相应期间是否按照中国证券监督管理委员会相关规定为中小股东参与现金分红决策提供了便利', '根据公司盈利能力、融资能力及其成本、偿债能力及现金流等情况披露现金分红方案的合理性，是否导致公司营运资金不足或者影响公司正常生产经营', '公司为增强投资者回报水平拟采取的措施', '充分披露高送转的主要考虑及其合理性且送转股后每股收益不低于0.5元']",泓琯电力
2024-12-31,年报,2025-03-30,无保留意见,False,919875323.5030954,413994471.7606705,505880851.74242496,0.450054981564333,488436206.27307314,1.94086382324228e-15,12887810.049690384,59099141.087911524,373.1176865835206,2594.61832797689,8990546.895362586,535041694.7070459,40000000,12.647021293560623,32792541.294067156,26270784.60795764,60314302.301276885,-17146826.09940979,-0.4286706524852447,-15698280.735313447,-147228120.7396133,-74807815.6685887,399053746.6544223,177017810.2462203,-0.06413286804309319,0.369705673094876,-0.04582629883645045,0.09599036933796028,2021-06-23,2025-04-15,False,False,False,True,True,0.0,0,0,False,[],泓琯电力
2017-03-31,季报,2017-04-30,无保留意见,False,260326615.13124382,82583060.97007017,177743554.16117367,0.31722865112518694,41967952.04436064,28313344.188379884,150541.59377821072,2148650.1034123353,720.5748075049688,15120847.485148162,632514.9585036001,81970865.23645228,40000000,4.443588854029342,-2897848.673993998,-2481518.3705255813,3742856.2151485584,-4139783.8199914265,-0.10349459549978567,-3545026.2436079737,-44315588.280759096,-27804492.001194887,32482577.034419145,-39637503.24753484,-0.012535810215701798,-0.28554354555507916,0.017228651125186976,0.09045382882939217,2021-12-17,2017-06-08,False,False,False,False,False,0.0,0,0,False,[],蔚琛集团
2017-06-30,半年报,2017-08-27,无保留意见,False,295278993.4091398,94519770.65889256,200759222.75024724,0.3201032676507589,40766454.07278545,29238862.388849095,162022.6407266511,2297835.2020793534,815.3010402101406,17049703.921663772,655153.5231378131,93801689.86533086,40000000,5.018980568756181,-3707215.034502773,-3227191.8038011757,4479991.787770423,-1156237.657869678,-0.02890594144674195,-1065247.761822278,-46437362.7081092,-28149023.163967654,36311965.42189554,-38274420.45018131,0.12948806328134696,0.2319981344294757,0.0028746165255719666,0.050323350082940005,2021-12-17,2017-09-18,False,False,False,False,False,0.0,0,0,False,[],蔚琛集团
2017-09-30,季报,2017-10-27,非标准无保留意见,False,325033809.3221243,125533376.51023015,199500432.81189415,0.3862163655283641,46867528.827467375,36977603.44775572,191523.23432637058,2543229.187223134,983.1396867925428,18315233.142768048,777715.3416234392,102865277.0922908,40000000,4.987510820297354,1131397.2955414476,1230618.6076630126,23597212.6468241,6912303.328634601,0.17280758321586503,6368300.587805984,-61101841.297813155,-32465246.894367676,40280600.10137165,-53286488.090809174,-0.006270147498623797,0.5092566280831625,0.06611309787760514,0.06974292238264451,2021-12-17,2017-12-17,False,False,False,False,False,0.0,0,0,False,[],蔚琛集团
2017-12-31,年报,2018-03-30,无保留意见,False,343802178.946307,149245258.99062833,194556919.95567867,0.4341021323600645,47744290.16653137,37856594.39310655,185635.88552553407,2423871.9005391854,1008.324502630522,19975033.965214238,782568.1996321231,105351149.0782046,40000000,4.863922998891967,1269830.8322559157,1351297.1488292636,875601.4485416502,197762.19530638307,0.004944054882659577,172397.9159517876,-43113672.19091379,-35759000.16506629,41692726.29351063,-37179946.06246944,-0.024779459305116505,-0.2807985931362646,0.047885766831700434,-0.09720328637386817,2021-12-17,2018-04-09,False,False,False,False,False,0.0,0,0,False,[],蔚琛集团
2018-03-31,季报,2018-04-30,无保留意见,False,347992114.2457583,153518084.67274848,194474029.57300982,0.4411539181153147,46707958.449318595,32822035.835348263,203765.86082742317,2741339.0660091466,993.8026940733806,20198235.646343447,812291.5725555996,105043974.61778307,40000000,4.861850739325245,5295075.020024206,4785708.586162377,27336772.798028674,5750348.839668985,0.14375872099172463,4906302.05333302,-7523665.959692864,-35020926.89279209,42282803.20093332,-261789.65155163407,-0.000426046951646622,0.3228668114667856,0.007051785755250192,0.16960426860414973,2021-12-17,2018-05-22,False,False,False,False,False,0.0,0,0,False,[],蔚琛集团
2018-06-30,半年报,2018-08-27,无保留意见,False,360420334.76441324,153997656.6533812,206422678.11103207,0.4272723867093706,46209527.65075634,38335962.59770779,185273.31644907236,2651124.379584591,1009.1020961878712,19703579.70365815,821367.7810743129,107709871.01565713,40000000,5.160566952775802,12040945.847607208,10870835.013631698,11712591.331608415,9636958.325118575,0.24092395812796438,8693037.753527602,-4471804.435036418,-36470353.17400569,44409403.93571851,3467246.3266763985,0.061440844128426174,0.17083735782866943,-0.013881531405944126,-0.01947682262362637,2021-12-17,2018-10-07,False,False,False,False,False,0.0,0,0,False,[],蔚琛集团
2018-09-30,季报,2018-10-27,无保留意见,False,444389635.75685036,220859471.2973138,223530164.45953658,0.49699509962954663,59139207.777540475,39640236.22549184,231361.57149893077,3307669.470734537,1240.594854640552,23271149.27805893,1004870.7735640325,130289014.28202191,40000000,5.588254111488415,21502119.974237286,18943466.40505611,15224415.169772638,13515963.038042966,0.33789907595107416,11532330.559177732,-69515912.71806853,-44252555.87289403,58177399.73764778,-55591068.85331478,0.0828760023126073,0.14562491203308672,0.06972271292017602,0.05789468888871636,2021-12-17,2018-11-13,False,False,False,False,False,0.0,0,0,False,[],蔚琛集团
2018-12-31,年报,2019-03-30,非标准无保留意见,False,483254167.4263183,254156122.761932,229098044.66438627,0.5259263962802414,62198400.785366714,47312583.388565965,267408.64855187293,4005026.3657816565,1231.3746372473815,27760995.837243102,957675.806673764,143347820.9498232,40000000,5.7274511166096564,35077456.01344284,30402878.76855305,38252963.984963045,19393337.19886507,0.48483342997162676,16370589.090709912,-30115422.25768978,-48994271.945243955,61736929.741187006,-17372764.461746722,0.02490885388248165,0.19259998950369125,0.02893129665069475,-0.03169222300746375,2021-12-17,2019-04-27,False,False,False,False,False,0.0,0,0,False,[],蔚琛集团
2019-03-31,季报,2019-04-30,无保留意见,False,497909887.06398374,257274314.90037453,240635572.1636092,0.5167085884103233,69340031.77302344,48232364.87304884,253982.55488119725,4317726.29536817,1208.3627209579752,28975683.870264895,1112212.0959161958,146035881.71688303,40000000,6.01588930409023,34703410.49102815,30044151.67440418,1879632.1992995434,-534350.746306695,-0.013358768657667375,-512467.27735552547,-56430267.7886151,-48897138.314811945,62510214.16258213,-42817191.94084492,0.05036065461023326,-0.5475641828689789,-0.009217807869918025,0.09996593731033084,2021-12-17,2019-06-01,False,False,False,False,False,0.0,0,0,False,[],蔚琛集团
2019-06-30,半年报,2019-08-27,无保留意见,False,476218967.1038648,235846961.13705036,240372005.96681443,0.49524898718620636,63807439.05478794,46099740.593032606,233137.23754718163,3498716.5579885547,1159.3096730519817,25559804.899335597,971669.1864623997,132898027.97259593,40000000,6.009300149170361,29353703.449585486,25591131.295716632,17453593.21696821,-7642438.63063238,-0.1910609657658095,-6361457.683839359,-86122745.55536312,-51561108.10394934,57718911.25530621,-79964942.40400624,-0.0010952919155924712,-0.43169192874258,-0.021459601224117,0.05470889540215107,2021-12-17,2019-09-09,False,False,False,False,False,0.0,0,0,False,[],蔚琛集团
2019-09-30,季报,2019-10-27,无保留意见,False,656206501.692723,365899565.57848823,290306936.11423486,0.5575982021431194,87335627.83124639,61781200.95869799,359511.49191865267,4960339.005211837,1605.117460527836,37012115.57489056,1501604.11380671,194118417.30517462,40000000,7.257673402855872,22929427.28374499,19588088.44470792,7388190.897535395,-9177537.379772134,-0.22943843449430334,-8575775.501441019,-58602556.957178146,-67024138.165255025,82819854.42615712,-42806840.696276054,0.2077402064627875,-0.16404901753195725,0.062349214956913104,0.07477694011612457,2021-12-17,2019-11-25,False,False,False,False,False,0.0,0,0,False,[],蔚琛集团
2019-12-31,年报,2020-03-30,非标准无保留意见,False,660475971.2989299,361161382.0702302,299314589.2286997,0.5468198659217678,87302252.08823381,65246707.2585808,349488.02306086355,4738768.565515106,1700.1330112327496,34832386.08581749,1399862.5732663847,190119360.80595756,40000000,7.482864730717492,18882571.021632046,15983649.674858402,24601697.514006093,-5781223.231589925,-0.14453058078974812,-5149198.242642169,-72340080.46868733,-63872499.27006627,86807835.27835612,-49404744.46039747,0.031028032726439326,0.4341745449060744,-0.01077833622135163,0.16340731012995383,2021-12-17,2020-04-26,False,False,False,False,False,0.0,0,0,False,[],蔚琛集团
2020-03-31,季报,2020-04-30,无保留意见,False,768654958.4032216,481049588.5491256,287605369.85409606,0.625832934908066,110725990.3749431,79083084.91503228,458414.6901465824,6884810.004459242,2299.689938616703,47169545.89323701,1781964.134176309,246525151.0586829,40000000,7.190134246352401,18746565.667389072,15871255.612335725,811378.7356255383,-194293.36320424452,-0.004857334080106113,-160562.94646096975,-17150764.18440925,-78710321.76563382,88176215.47351585,-7684870.476527214,-0.03912010906243162,0.4979981315001653,0.07901306898629817,0.06700634672310539,2021-12-17,2020-05-25,False,False,False,False,False,0.0,0,0,False,[],蔚琛集团
2020-06-30,半年报,2020-08-27,无保留意见,False,585074267.3877624,331757860.2373082,253316407.15045425,0.5670354666571469,79879454.46377979,47502207.57873129,289767.2411593188,4261151.007681367,1406.9152475366777,28785327.92479279,1133974.7965062642,155889857.0756339,40000000,6.332910178761356,17625581.52299281,14867343.319730721,3263210.7354143686,-1601405.9205660932,-0.04003514801415233,-1434160.418007145,-52589308.470981546,-55942280.65854837,70322667.52425744,-38208921.60527249,-0.11922226181325055,-0.08372825896419041,-0.058797468250919076,0.041529381943243744,2021-12-17,2020-09-16,False,False,False,False,False,0.0,0,0,False,[],蔚琛集团
2020-09-30,季报,2020-10-27,无保留意见,False,819513192.4239318,532215800.87347716,287297391.5504547,0.649429204793281,110036210.60653625,80685049.6130861,410426.1740150655,6030974.033742009,1949.0985900236687,47387713.036828324,1774500.987678584,237848292.36889467,40000000,7.182434788761367,18181696.809976757,15416826.831661778,657935.7770300569,794450.4099770673,0.019861260249426683,784976.4456157963,-77179122.15733784,-85694274.92895193,101992123.91245897,-60881273.17383079,0.1341444274464931,0.15558929069654634,0.08239373813613421,0.1271961873965559,2021-12-17,2020-11-15,False,False,False,False,False,0.0,0,0,False,[],蔚琛集团
2020-12-31,年报,2021-03-30,无保留意见,False,868178033.3960547,546263177.8429259,321914855.5531288,0.6292064033296334,113601160.66875301,81401718.13138595,444969.9828902894,6541763.334038709,2074.465910157697,46857061.24851139,1886906.800701015,238841550.34647825,40000000,8.04787138882822,20915922.386137523,17871536.029694658,14523158.96627004,3906036.537372526,0.09765091343431315,3506727.4257612578,-57972115.15783048,-87155135.52769709,104812422.74495147,-40314827.94057609,0.12049348522050418,0.17486272718211301,-0.020222801463647754,0.028345265377469963,2021-12-17,2021-04-16,False,False,False,False,False,0.0,0,0,False,[],蔚琛集团
2021-03-31,季报,2021-04-30,无保留意见,False,1032065601.3488111,662247562.4479359,369818038.9008753,0.6416719650208684,136446739.99121368,96413084.44991328,591909.3275365774,8205365.850393999,2614.644969284999,56465679.94043312,2577702.5035118046,312537562.1738172,40000000,9.245450972521882,36016811.50489382,31160241.543453414,96697844.2574188,21572698.74108042,0.5393174685270105,18983865.01965537,-150684833.29464206,-109791841.47113633,134075240.33745486,-126401434.42832354,0.14880699825249474,0.8450507666590084,0.012465561691235081,0.1787689542280073,2021-12-17,2021-05-25,False,False,False,False,False,0.0,0,0,False,[],蔚琛集团
2021-06-30,半年报,2021-08-27,非标准无保留意见,False,1013666137.5839167,606276307.6906996,407389829.8932171,0.598102555872849,126573081.53485742,94899474.95793262,555478.3484258191,7624365.749518428,2514.063115501411,57396873.424106896,2209307.631746835,297600433.38773894,40000000,10.184745747330426,33910413.99731897,29367412.40637897,0.0,-3009139.2965354994,-0.07522848241338749,-2561184.481534923,-73532785.42698932,-97213270.20771274,128119401.79443361,-42626653.84026845,0.1015953443050201,-0.6372859260541173,-0.04356940914801936,-0.00572471530685265,2021-12-17,2021-10-16,False,False,False,False,False,0.0,0,0,False,[],蔚琛集团
2021-09-30,季报,2021-10-27,无保留意见,False,1158411405.178423,676837107.431392,481574297.7470309,0.5842804243861385,150183472.99290073,117684575.45342718,591507.8429811302,9476026.637853151,3150.9595628947072,62465165.07275989,2579425.705500506,337105616.975392,40000000,12.039357443675772,29171992.967534997,24704577.57589907,16769362.562531838,-6769172.89969139,-0.16922932249228476,-6661192.614971285,-154718918.7582203,-119200340.36951862,142017269.12264505,-131901990.00509384,0.18209700490868594,-0.2687492701735503,-0.013822131486710581,0.030337455494183877,2021-12-17,2021-11-17,False,False,False,False,False,0.0,0,0,False,[],蔚琛集团
2021-12-31,年报,2022-03-30,无保留意见,False,967333364.6484239,552881406.515152,414451958.1332719,0.5715520902311646,126899610.94479868,90719663.96121454,522085.005564075,7067553.156246047,2458.6557229620907,56701169.18765077,2264695.8251028536,286388714.5587703,40000000,10.361298953331797,27554291.076610748,23203212.390940793,7552925.186000175,-2311002.7013203613,-0.05777506753300903,-2144807.407083252,-101495040.71655889,-99929893.76273258,122752744.34595208,-78672190.13333939,-0.13938106731978908,0.435758531999485,-0.01272833415497383,-0.03267216973690721,2021-12-17,2022-04-14,False,True,False,True,True,0.0,2,0,True,"['公司为增强投资者回报水平拟采取的措施', '公司在相应期间是否按照中国证券监督管理委员会相关规定为中小股东参与现金分红决策提供了便利', '是否影响偿债能力、过去十二个月内是否使用过募集资金补充流动资金以及未来十二个月内是否计划使用募集资金补充流动资金等内容', '根据公司盈利能力、融资能力及其成本、偿债能力及现金流等情况披露现金分红方案的合理性，是否导致公司营运资金不足或者影响公司正常生产经营']",蔚琛集团
2022-03-31,季报,2022-04-30,无保留意见,False,1229059766.937284,758714482.1318394,470345284.8054446,0.6173129269559393,172216042.6380859,112429847.59773272,598003.6809905985,9993244.112857763,3312.5177966290944,74505480.89572333,2904656.0313029783,377336163.78116465,40000000,11.758632120136115,27190897.068625186,22905527.363266394,341433.18884617864,-519134.29712223075,-0.012978357428055769,-425264.3252491419,-222756033.77942845,-124589263.20667735,158276317.49167007,-189068979.49443573,0.13486080973997852,0.12198711510139629,0.04576083672477464,0.04714391783522884,2021-12-17,2022-06-01,False,False,False,True,False,0.0,0,0,False,[],蔚琛集团
2022-06-30,半年报,2022-08-27,非标准无保留意见,False,1892086367.3280191,1338304753.569292,553781613.7587272,0.7073169474072314,274732427.7677409,169385776.52426362,1173774.8346415854,15927520.87179901,5369.778841935732,109008595.22687571,4658569.572277085,591393300.1495245,40000000,13.84454034396818,28585839.588951215,24198250.65581888,9319388.277058793,1992775.0290371813,0.04981937572592953,1846747.5607892622,-81245571.02547078,-174273599.37568378,243870968.9853648,-11648201.415789783,0.17739378207606676,0.152413676043777,0.09000402045129202,-0.21829478965118776,2021-12-17,2022-10-15,True,False,False,False,False,2588865.965901691,0,0,True,['是否影响偿债能力、过去十二个月内是否使用过募集资金补充流动资金以及未来十二个月内是否计划使用募集资金补充流动资金等内容'],蔚琛集团
2022-09-30,季报,2022-10-27,无保留意见,False,2300236131.9488497,1668820778.0945365,631415353.8543134,0.7254997671394051,320612322.4515458,233681708.4510095,1352133.5727197204,16053738.24537061,7254.234870618676,136395334.547658,5370087.250421971,728847838.1159867,40000000,15.785383846357835,32982195.224505667,28009498.377020724,21616256.954296324,6280508.050792076,0.15701270126980188,5444639.601716919,-354202370.2243933,-230287642.76339838,283422445.5034488,-301067567.4843429,0.14018836697855744,0.22575600538623639,0.018182819732173783,0.05971409795898374,2021-12-17,2022-11-16,True,False,True,True,True,4983434.245837349,0,6,True,"['公司在相应期间是否按照中国证券监督管理委员会相关规定为中小股东参与现金分红决策提供了便利', '公司为增强投资者回报水平拟采取的措施']",蔚琛集团
2022-12-31,年报,2023-03-30,无保留意见,True,2735447599.219094,2114021236.7987142,621426362.4203798,0.7728246146635079,373394681.73785686,242484944.42100307,1433388.1241111276,20529604.317986496,7230.617137106558,145541415.97153237,5625191.609279657,784819367.5894698,40000000,15.535659060509493,33675089.72779601,28657659.21689745,2989038.346869845,989849.2904147767,0.024746232260369417,925944.0569667548,-489848035.1956622,-276246217.9833255,364860951.5556322,-401233301.62335557,-0.01582000084882048,-0.22725701470236137,0.04732484752410281,-0.06714391556408406,2021-12-17,2023-04-11,False,False,True,True,False,0.0,0,2,True,"['充分披露高送转的主要考虑及其合理性且送转股后每股收益不低于0.5元', '结合所处行业特点、发展阶段和自身经营模式、盈利水平、偿债能力、资金需求等因素，未进行现金分红或现金分红水平较低原因的说明', '公司为增强投资者回报水平拟采取的措施']",蔚琛集团
2023-03-31,季报,2023-04-30,无保留意见,False,4605572912.894508,3997867854.1280837,607705058.7664249,0.8680500623353513,585533556.0483366,401858201.17645127,2588798.9807334314,31554308.217133448,10599.885223451067,255712685.77693,9769523.55102007,1336252185.669952,40000000,15.192626469160622,34675816.34019783,29572144.07267093,3269023.7966697346,1429609.4462883212,0.035740236157208026,1306406.936819252,-342983764.45497656,-453857126.6851079,602496977.176912,-194343913.96317255,-0.022080337243035746,0.02444490494469319,0.09522544767184334,0.10030956347109668,2021-12-17,2023-06-09,False,False,True,True,True,0.0,0,5,True,"['结合前述财务报表列报项目的具体情况说明现金分红方案确定的依据及未来增强投资者回报的规划', '结合所处行业特点、发展阶段和自身经营模式、盈利水平、偿债能力、资金需求等因素，未进行现金分红或现金分红水平较低原因的说明', '根据公司盈利能力、融资能力及其成本、偿债能力及现金流等情况披露现金分红方案的合理性，是否导致公司营运资金不足或者影响公司正常生产经营', '是否影响偿债能力、过去十二个月内是否使用过募集资金补充流动资金以及未来十二个月内是否计划使用募集资金补充流动资金等内容']",蔚琛集团
2023-06-30,半年报,2023-08-27,无保留意见,False,3566614995.1283364,2893654140.75028,672960854.3780564,0.8113166531018183,513435756.5499398,372507681.8775133,2155287.9096941785,31488477.85253962,10870.531287271548,233349707.26813683,8613659.308886157,1166544566.4888802,40000000,16.82402135945141,33543343.569111954,28671662.757959515,6289552.884098775,-1617818.2444083896,-0.04044545611020974,-1286401.878159162,-409928922.5854917,-355239307.1545767,467083642.9864087,-298084586.7536597,0.10738070165829068,-0.16535497941929822,-0.05673340923353304,0.08302067750496914,2021-12-17,2023-09-23,False,False,False,True,False,0.0,0,0,False,[],蔚琛集团
2023-09-30,季报,2023-10-27,无保留意见,False,3001155106.188113,2334581436.0253315,666573670.1627817,0.7778942951704274,424713367.848325,270917590.35270566,1433304.4685062428,23287116.352743223,7351.865967236878,162839181.47657397,6371448.575373405,859038361.2517312,40000000,16.664341754069543,30100489.836402122,25813902.0885301,18577955.048174854,-4918362.475299763,-0.12295906188249406,-4082515.242042019,-46302372.54418507,-300187068.11216706,346519104.4630996,29663.806747436523,-0.009491167537787368,-0.21456931684554995,-0.03342235793139085,0.03507677147885547,2021-12-17,2023-11-19,False,False,False,False,False,0.0,0,0,False,[],蔚琛集团
2023-12-31,年报,2024-03-30,无保留意见,True,2909909198.04776,2174365300.947436,735543897.1003244,0.7472278868379136,445705242.68542194,299192647.8999696,1623209.9032180523,25982634.56119336,7689.928827424234,158765049.63571432,6332587.146724422,917157443.9695455,40000000,18.38859742750811,27558177.529413473,23645580.113691077,15580644.094867049,-3631874.7242695,-0.0907968681067375,-3097602.8211986055,-50954656.85305265,-302687835.6166508,323141801.60309446,-30500690.866609037,0.10346977389715936,0.1064828959154013,-0.030666408332513717,-0.11271185977486525,2021-12-17,2024-05-18,False,False,False,False,True,0.0,0,0,False,[],蔚琛集团
2024-03-31,季报,2024-04-30,无保留意见,False,3610657099.855564,2911146043.7741656,699511056.0813985,0.8062648884300365,567364186.0368698,375143473.2139517,2188432.526042478,29503803.74421987,10171.73436254183,231511582.93117872,8717158.35482352,1143931252.9472048,40000000,17.487776402034964,25861523.82816061,22096760.259708352,9833167.004557248,-2423791.0017898027,-0.060594775044745065,-2212599.7914038897,-120454190.00548588,-365784572.44967014,453102922.651092,-33135839.804064035,-0.04898802255171345,0.09037046688011999,0.05903700159212278,-0.05462206264561058,2021-12-17,2024-06-08,False,False,True,False,True,0.0,0,7,True,['是否影响偿债能力、过去十二个月内是否使用过募集资金补充流动资金以及未来十二个月内是否计划使用募集资金补充流动资金等内容'],蔚琛集团
2024-06-30,半年报,2024-08-27,无保留意见,False,4517942642.689907,3775558837.1244392,742383805.5654676,0.8356810025539712,541243624.5443429,396667528.21352893,2575379.570100372,30518569.67640037,11029.619489388924,242875478.16705903,9911707.3890609,1277000602.0021029,40000000,18.55959513913669,21717877.07698073,18285396.47292269,24375446.515962526,-5919495.358828405,-0.14798738397071012,-5444805.409693803,-610531079.8361145,-465370307.8098494,578320377.5429049,-497581010.10305905,0.06128959522704138,-0.23982260116247214,0.029416114123934706,0.10832837188930347,2021-12-17,2024-10-16,False,True,True,True,False,0.0,3,2,True,"['是否影响偿债能力、过去十二个月内是否使用过募集资金补充流动资金以及未来十二个月内是否计划使用募集资金补充流动资金等内容', '公司为增强投资者回报水平拟采取的措施', '上市公司控股子公司向母公司实施利润分配的情况', '公司在相应期间是否按照中国证券监督管理委员会相关规定为中小股东参与现金分红决策提供了便利']",蔚琛集团
2024-09-30,季报,2024-10-27,无保留意见,False,6995971591.753303,6294221098.519201,701750493.2341017,0.89969220371602,845532620.5390748,706896808.4764657,3404413.4852114986,52924157.74258286,18704.70557879755,385967703.3304572,17440688.046265483,2022106611.9703438,40000000,17.54376233085254,14879238.356948141,12177094.290042205,21904384.030439544,-9769483.88576084,-0.244237097144021,-8726145.975543551,-542489311.8534693,-694050637.8327792,926497294.6329792,-310042655.05326915,-0.054733565073413565,-0.34745606374524807,0.06401120116204868,0.019546210227710477,2021-12-17,2024-12-14,False,False,True,True,False,0.0,0,6,True,['根据公司盈利能力、融资能力及其成本、偿债能力及现金流等情况披露现金分红方案的合理性，是否导致公司营运资金不足或者影响公司正常生产经营'],蔚琛集团
2024-12-31,年报,2025-03-30,保留意见,False,5449371704.731047,4745914423.927973,703457280.8030738,0.8709103876705007,846962380.1957436,600074331.7796104,2887924.6109755877,44016842.53169952,14372.578806694295,316300838.4603198,12338736.04201276,1639685604.0096881,40000000,17.586432020076845,9876549.237543352,7716923.191535846,14057015.108261023,-7146698.742006844,-0.1786674685501711,-6371672.997866227,-89007915.50433312,-548342749.4263641,755486080.5958428,118135415.66514564,0.0024321857774637344,0.36273830281477515,-0.028781816045519243,-0.07218544596641924,2021-12-17,2025-05-16,False,False,True,False,False,0.0,0,3,True,"['公司为增强投资者回报水平拟采取的措施', '公司在相应期间是否按照中国证券监督管理委员会相关规定为中小股东参与现金分红决策提供了便利', '是否影响偿债能力、过去十二个月内是否使用过募集资金补充流动资金以及未来十二个月内是否计划使用募集资金补充流动资金等内容']",蔚琛集团
2017-03-31,季报,2017-04-30,无保留意见,False,211033504.26720697,55595351.11833356,155438153.14887342,0.2634432447652468,61447359.95931388,1079.9351998821426,3.729921779108123e-05,45337460.597553514,17959271.534211595,662841.882150473,18212541.93178882,142109735.94414794,40000000,3.8859538287218354,3056171.114517505,2629995.2298237216,20803944.289988104,4365958.735025007,0.10914896837562518,3757136.0426053167,-39887279.39444953,-37939198.89258935,4201.476875991164,-77822276.8101629,-0.13645470472848098,0.18699770750138922,-0.0365567552347532,-0.006935149009092536,2021-10-05,2017-06-04,False,False,False,False,False,0.0,0,0,False,[],翰璱股份
2017-06-30,半年报,2017-08-27,无保留意见,False,220694661.15684474,50396452.2325063,170298208.92433843,0.2283537443467661,55884739.73476504,937.7487067895471,3.665372859317055e-05,40141194.882427305,18721297.542215947,644665.9036354007,17355625.713900995,134658511.98917598,40000000,4.257455223108461,6245942.77147077,5350902.414416431,20019196.508356795,4556816.652790379,0.11392041631975947,3887010.2637038715,-42831258.64710769,-42030769.86742394,4040.965457626355,-84857987.549074,0.09560108296727218,0.008932803818089396,-0.03508950041848068,-0.07117876155322486,2021-10-05,2017-09-26,False,False,False,False,False,0.0,0,0,False,[],翰璱股份
2017-09-30,季报,2017-10-27,无保留意见,False,245643793.0933683,58235697.362938926,187408095.73042938,0.23707375883421467,65410928.648423254,1116.5411052818918,4.695052456330029e-05,53576931.18459829,21437586.456356578,753420.0431988506,20173763.372564267,159949146.89606792,40000000,4.6852023932607345,21024895.249334414,18838457.148841035,19528252.261727,21112789.25409092,0.527819731352273,19267935.334892295,-14895972.725915829,-46508128.52276615,5168.430289825584,-61398932.81839215,0.10047015123742553,0.7680156522163252,0.008720014487448571,0.18187636625862635,2021-10-05,2017-11-12,False,False,False,False,False,0.0,0,0,False,[],翰璱股份
2017-12-31,年报,2018-03-30,无保留意见,False,235138901.12570745,62348670.46777478,172790230.65793267,0.2651567655087518,63115816.881407775,1028.2982743831055,4.060218699441808e-05,44271989.050381064,18904781.55413695,630152.5940672572,18649499.98154079,141753176.4764328,40000000,4.319755766448317,34768004.84384201,30900809.10648323,20759745.40786435,19633013.70643942,0.49082534266098554,17231931.368060272,-16333437.968766565,-41725214.486257106,4537.813445631032,-58054114.64157804,-0.07800017931735079,-0.03882622019044866,0.028083006674537125,0.10998382777118387,2021-10-05,2018-05-11,False,False,False,False,False,0.0,0,0,False,[],翰璱股份
2018-03-31,季报,2018-04-30,无保留意见,False,218922210.2769122,43784442.055382445,175137768.22152978,0.2,60541610.728564784,1076.9500686482486,3.805235771100087e-05,50348122.12973675,21208633.073297404,617913.101562253,17313789.728809424,146086042.59182703,40000000,4.378444205538244,32891448.32369629,29125497.81240901,8212954.706978029,-2680795.0287795924,-0.06701987571948981,-2536158.9915345963,-12537071.82431188,-43320427.85426167,4655.580817535648,-55852844.09775601,0.013586054921383189,-0.6091174729448112,-0.10787976251203399,0.05399981831040275,2021-10-05,2018-05-14,False,False,False,False,False,0.0,0,0,False,[],翰璱股份
2018-06-30,半年报,2018-08-27,无保留意见,False,241776180.99588785,48355236.19917756,193420944.79671028,0.2,72693962.93004622,1280.0881684233764,4.6720012050117936e-05,55148172.76926173,21847928.235636182,719257.6598227585,20452960.813520174,169228819.9494582,40000000,4.835523619917757,28955564.42242794,25477458.66831227,17105428.66143136,-5622691.2875262145,-0.14056728218815537,-5211484.491566773,-24196040.35009578,-43426798.9024755,4915.952087058327,-67617923.30048423,0.10439311155349607,-0.20545108926504108,-0.016315386420007977,-0.034944348832376924,2021-10-05,2018-10-17,False,False,False,False,False,0.0,0,0,False,[],翰璱股份
2018-09-30,季报,2018-10-27,无保留意见,False,225201981.90889028,45040396.381778054,180161585.52711222,0.2,69697134.82363023,1127.970030908537,4.4368883726289236e-05,55899522.754733026,22340820.075446606,735731.8013975145,21585034.838076726,162291534.7517091,40000000,4.504039638177805,29413130.924546655,25850107.41366625,2076033.3774923985,653666.4315981641,0.016341660789954103,532355.3505056765,-23298020.539721303,-39459811.58268772,4564.878560177895,-62753267.243848845,-0.06855182763962797,0.5516557454614149,0.012787262550444543,0.030774440475430424,2021-10-05,2018-12-19,False,False,False,False,False,0.0,0,0,False,[],翰璱股份
2018-12-31,年报,2019-03-30,无保留意见,False,251018568.67080933,50203713.73416187,200814854.93664747,0.2,69143079.10708478,1200.851549579345,4.903407277988213e-05,57518679.52651876,24364534.971034475,746880.680845164,22888263.74325432,176800274.43499154,40000000,5.020371373416187,24844995.40091268,21933821.543029144,26641204.158173993,-6525907.890905675,-0.16314769727264186,-5594694.100910147,-19814929.323345702,-49100449.64347446,5310.156326323857,-68910068.81049384,0.11463747584763122,-0.406690267447966,-0.04705532040927492,-0.030457532047040374,2021-10-05,2019-05-16,False,False,False,False,False,0.0,0,0,False,[],翰璱股份
2019-03-31,季报,2019-04-30,无保留意见,False,246002840.53501102,49200568.107002206,196802272.42800882,0.2,70351840.22447456,1208.1082295451365,4.6385116083989945e-05,55169158.85767558,23893453.63086634,770018.2857153001,20087427.444353875,165943115.63484856,40000000,4.9200568107002205,21501895.120701015,18689157.17984122,21209999.092291776,-4775857.543159526,-0.11939643857898814,-4635234.8045541765,-15184202.095139006,-45680474.26298577,5060.202496219648,-60859616.155628555,-0.0199815024137757,0.16708372711622757,-0.0025878726290514695,0.08336150337782616,2021-10-05,2019-06-13,False,False,False,False,False,0.0,0,0,False,[],翰璱股份
2019-06-30,半年报,2019-08-27,无保留意见,False,241940745.34499234,48388149.06899847,193552596.27599388,0.2,62149566.0684871,1102.8166421957583,3.935915409836613e-05,53232653.9486651,20087355.06828481,661389.9683216113,19623788.09189583,155361015.820149,40000000,4.838814906899847,21414580.099778686,18602147.030744556,115271.78204531701,-124735.74417475238,-0.0031183936043688095,-124300.21299523799,-9914555.336995812,-47066963.084214345,4791.688394035099,-56976726.73281612,-0.016512391406474904,0.38048655072586013,-0.040852342147611465,-0.107072219078627,2021-10-05,2019-10-03,False,False,False,False,False,0.0,0,0,False,[],翰璱股份
2019-09-30,季报,2019-10-27,无保留意见,True,227810604.4100043,45562120.882000856,182248483.52800342,0.2,70209269.68341373,1310.4092830453942,4.452816540987969e-05,48333850.80809574,23119558.721485723,748977.4360155332,20212460.353674013,163948755.18808728,40000000,4.556212088200086,26422566.3477112,23161274.348785784,8114503.933480041,7154266.068475019,0.17885665171187548,6513039.025773184,-42621665.921603784,-44437623.1698709,4190.7513914292695,-87055098.34008326,-0.05840331240957114,0.4313415009271397,-0.008313930292630304,0.09231305707088881,2021-10-05,2019-11-07,False,False,False,False,False,0.0,0,0,False,[],翰璱股份
2019-12-31,年报,2020-03-30,无保留意见,False,240029844.54910102,48005968.90982021,192023875.63928083,0.2,61847058.7016206,1042.8236756427239,3.896368464100743e-05,52667495.414548285,18490198.608047348,678635.3633632818,18974949.092001338,149476256.39856583,40000000,4.80059689098202,29413398.977084637,25778866.241108365,0.0,4272618.04196205,0.10681545104905124,3739416.9890322634,-38089204.09335369,-49722215.35963546,4752.952506309521,-87806666.50048284,0.05363771441080543,-0.11930182512454637,-0.03286510592141243,-0.010437216380291601,2021-10-05,2020-05-16,False,False,False,False,False,0.0,0,0,False,[],翰璱股份
2020-03-31,季报,2020-04-30,无保留意见,False,227539057.90175554,45507811.58035111,182031246.32140443,0.2,58860064.56276215,1079.7278745561146,4.161090314572289e-05,52844180.55069572,22210093.027033243,614973.7616520058,17671796.961135417,149019563.07806227,40000000,4.550781158035111,29296620.25706718,25671052.296030615,322958.3257732158,-166826.74288208038,-0.00417066857205201,-154019.92153964314,-31355713.41573423,-39902560.58741869,4452.631442451296,-71253821.37171046,-0.05203847326072974,-0.20869292045233667,-0.010904673074000672,-0.00972707955656147,2021-10-05,2020-05-26,False,False,False,False,False,0.0,0,0,False,[],翰璱股份
2020-06-30,半年报,2020-08-27,无保留意见,False,198407491.85873926,39681498.37174785,158725993.4869914,0.2,52479571.7693866,877.1745440049941,3.54924354963808e-05,41414396.74538406,17915976.08962006,591080.8545534872,17367082.395840846,132726963.48238835,40000000,3.968149837174785,33751512.88712132,29798230.468513586,20129503.60893063,6364132.328648768,0.1591033082162192,5895968.817832811,-2217552.8452650025,-35320066.85597535,4182.870162697142,-37533436.83107766,-0.12802885936002423,0.38798145612677193,-0.08373922868560907,0.007693541953005039,2021-10-05,2020-09-22,False,False,False,False,False,0.0,0,0,False,[],翰璱股份
2020-09-30,季报,2020-10-27,无保留意见,False,198113041.6936135,39622608.3387227,158490433.3548908,0.2,49633778.86030992,866.1636803640245,3.1290932337074095e-05,40812219.507596456,15981609.619859817,521940.87358177087,15085988.687488196,120408361.15944356,40000000,3.96226083387227,38419747.34036544,34105575.94596849,15932562.011135677,6668906.361777309,0.16672265904443273,6153350.682078435,-25891963.33547548,-36198029.828372695,3843.89889465555,-62086149.264953524,-0.0014840677757037323,0.013044526064202595,0.05859292648137955,0.08168655638179144,2021-10-05,2020-12-23,False,False,False,False,False,0.0,0,0,False,[],翰璱股份
2020-12-31,年报,2021-03-30,无保留意见,False,182195178.12011427,36439035.62402286,145756142.49609143,0.2,52936316.904864945,875.893116086492,3.590288082223224e-05,36565381.989302605,18012972.95769137,553982.0044856995,15269592.169330198,123157551.57530299,40000000,3.6439035624022855,42457600.94058923,37712684.40793118,10965011.78851256,5768362.286033988,0.1442090571508497,5153012.088518131,-11046092.671296015,-34308701.64488714,3620.5770302084866,-45351173.739152946,-0.08034737863505513,-0.03804755749921747,0.05681676830462758,-0.023349198032702755,2021-10-05,2021-05-26,False,False,False,False,False,0.0,0,0,False,[],翰璱股份
2021-03-31,季报,2021-04-30,无保留意见,False,171635045.1169686,34327009.02339372,137308036.09357488,0.2,42368363.4504972,796.054849781021,2.9231429664033636e-05,34646319.194688536,12709273.215989953,498429.25224019535,12411326.507928697,105322822.71883635,40000000,3.432700902339372,51744667.655750066,46019887.51446691,61442745.570107326,13267238.16451548,0.331680954112887,11867433.009336758,-13404035.091442952,-33427215.671229783,3603.833383039287,-46827646.9292897,-0.05796055149266244,0.329355084229368,0.033622435026968024,0.058839484994555415,2021-10-05,2021-06-08,False,False,False,False,False,0.0,0,0,False,[],翰璱股份
2021-06-30,半年报,2021-08-27,非标准无保留意见,False,160988747.7942073,32197749.55884146,128790998.23536584,0.2,48494702.33530238,850.158711082034,3.311622421627084e-05,39644664.61620105,17773134.671959728,507204.8441926911,14934018.886546504,119159313.30118996,40000000,3.2197749558841458,70321408.18095353,63496256.49650666,72408496.91669059,26538200.75029067,0.6634550187572668,24966241.40291393,-11493543.406881103,-30823849.356310602,3253.596633777513,-42314139.16655793,-0.062028691841493566,0.43845964780935065,-0.058100508086730264,0.10967638009881821,2021-10-05,2021-10-19,True,False,False,True,True,22087390.181072872,0,0,True,"['公司在相应期间是否按照中国证券监督管理委员会相关规定为中小股东参与现金分红决策提供了便利', '充分披露高送转的主要考虑及其合理性且送转股后每股收益不低于0.5元', '根据公司盈利能力、融资能力及其成本、偿债能力及现金流等情况披露现金分红方案的合理性，是否导致公司营运资金不足或者影响公司正常生产经营']",翰璱股份
2021-09-30,季报,2021-10-27,非标准无保留意见,False,146631313.57941017,29326262.715882033,117305050.86352813,0.2,43121978.32368225,772.6233804783938,2.6836784935585895e-05,33045867.158533134,13419876.479722315,413071.6222161286,12562695.990050927,100561038.35273641,40000000,2.9326262715882034,74676313.81309168,67241709.67652713,3816740.1289407853,6221293.760197338,0.15553234400493343,5350647.400029247,-13651414.634311615,-28611864.157640006,2930.530157331099,-42260348.26179429,-0.08918284297204611,-0.46664553518458596,-0.08208567505474801,0.17818369745619014,2021-10-05,2021-12-10,False,False,False,False,False,0.0,0,0,False,[],翰璱股份
2021-12-31,年报,2022-03-30,无保留意见,False,178022247.0647968,35604449.41295936,142417797.65183744,0.2,47670632.259835795,833.2937581518722,3.319783958807487e-05,40707988.94587411,17153141.262394167,550688.9240589713,16170780.276041625,123125610.2292821,40000000,3.560444941295936,77299862.29770131,69582510.04203612,4390530.409284223,3747926.406585198,0.09369816016462995,3344000.5221556895,-3648500.480804934,-37263112.098058574,3713.1033051079667,-40907899.4755584,0.21408069476501307,-0.10651290057971011,0.025458852116821983,-0.03954403977069697,2021-10-05,2022-05-05,True,False,False,False,False,946451.9902928657,0,0,True,"['公司在相应期间是否按照中国证券监督管理委员会相关规定为中小股东参与现金分红决策提供了便利', '充分披露高送转的主要考虑及其合理性且送转股后每股收益不低于0.5元']",翰璱股份
2022-03-31,季报,2022-04-30,无保留意见,False,217896251.63800913,43579250.32760183,174317001.3104073,0.2,63467906.30462119,1002.6960400004931,4.286124483766901e-05,50625953.90910583,21265851.223650943,686107.1012889425,18475449.21648828,149898492.22687683,40000000,4.357925032760183,74670410.8683196,67276028.17206673,2405587.299633153,-3756359.184831025,-0.09390897962077563,-3294974.099956252,-38386621.987807974,-46749753.736907996,4614.566724347847,-85131761.15799163,0.22398326743229427,-0.36168846198694987,0.024954643437235576,-0.028252408077779817,2021-10-05,2022-06-18,False,True,False,True,False,0.0,1,0,True,"['结合所处行业特点、发展阶段和自身经营模式、盈利水平、偿债能力、资金需求等因素，未进行现金分红或现金分红水平较低原因的说明', '结合前述财务报表列报项目的具体情况说明现金分红方案确定的依据及未来增强投资者回报的规划']",翰璱股份
2022-06-30,半年报,2022-08-27,无保留意见,False,205376831.3202378,41075366.264047556,164301465.05619022,0.2,59738618.33483668,1024.7187159745367,3.56275520411324e-05,42374636.34153104,18987275.498489697,666959.0102506076,18226896.380482912,138781525.85196525,40000000,4.107536626404755,73590068.5517272,66273107.16506948,2081913.072932676,-1543346.1665605642,-0.0385836541640141,-1432744.2957103606,-7791051.021327645,-38276499.46148495,4213.206864776498,-46063337.27594782,-0.0574558773896205,0.16710004817827168,0.02379704021445022,-0.027545792159799555,2021-10-05,2022-10-16,False,False,False,False,False,0.0,0,0,False,[],翰璱股份
2022-09-30,季报,2022-10-27,无保留意见,False,192572970.27819332,38514594.05563866,154058376.22255465,0.2,57830711.785017096,1026.0079040117655,3.5983360424391054e-05,42396688.06057514,17635753.86024523,631055.0436630689,17564474.78173246,137808483.54384103,40000000,3.8514594055638662,71119909.97983006,63962172.49509509,10719053.516292501,-3528797.959853066,-0.08821994899632665,-3301335.242820559,-15577514.646522379,-36614271.534470856,3866.773048643024,-52187919.40794459,-0.06234325926511062,-0.12845288603132907,0.015561704567612793,-0.07304290618907093,2021-10-05,2022-11-26,False,False,True,False,False,0.0,0,4,True,"['结合所处行业特点、发展阶段和自身经营模式、盈利水平、偿债能力、资金需求等因素，未进行现金分红或现金分红水平较低原因的说明', '留存未分配利润的预计用途以及收益情况', '结合前述财务报表列报项目的具体情况说明现金分红方案确定的依据及未来增强投资者回报的规划', '充分披露高送转的主要考虑及其合理性且送转股后每股收益不低于0.5元']",翰璱股份
2022-12-31,年报,2023-03-30,无保留意见,False,192538272.11033675,38507654.42206735,154030617.6882694,0.2,56299181.601351105,909.4980044445357,3.7031306938550895e-05,42132672.96321596,18534112.246592004,619771.8110306223,16497943.207332248,134595964.320753,40000000,3.8507654422067352,71126874.84218188,63968668.85946607,8079.987790401588,9949.803359750658,0.00024874508399376646,9280.520529970197,-13811250.929301593,-34787006.976471126,3918.068376405899,-48594339.83739631,-0.00018018192172265468,0.2626898292124656,-0.040998147879321545,-0.001260765779720467,2021-10-05,2023-05-11,False,False,False,True,False,0.0,0,0,False,[],翰璱股份
2023-03-31,季报,2023-04-30,非标准无保留意见,False,211683658.72567242,42336731.74513449,169346926.98053795,0.2,58281842.48453116,988.0339874889561,3.573278793858502e-05,42981065.327926524,17835261.417627085,565800.2824553421,17293655.54895865,134439302.1251468,40000000,4.233673174513449,68926715.81308722,62096828.18069045,7344527.533230001,-3143084.327278085,-0.07857710818195213,-2674058.1125365943,-35657816.65653268,-38777516.23888415,3895.9344763286626,-74431436.9609405,0.09943678420654022,-0.18536410554339558,-0.04219546287279592,0.061685209475246465,2021-10-05,2023-05-27,False,True,False,False,False,0.0,3,0,True,"['留存未分配利润的预计用途以及收益情况', '公司在相应期间是否按照中国证券监督管理委员会相关规定为中小股东参与现金分红决策提供了便利', '结合前述财务报表列报项目的具体情况说明现金分红方案确定的依据及未来增强投资者回报的规划']",翰璱股份
2023-06-30,半年报,2023-08-27,无保留意见,False,195640844.33500257,39128168.86700051,156512675.46800205,0.2,55831568.80920383,971.4677978735261,3.2867982411211885e-05,39832990.88627498,18185401.38163043,599878.2759157551,17245153.684063707,134917189.53473654,40000000,3.9128168867000515,71273735.7380524,64353332.585073784,10232995.253881136,3352885.6070930995,0.08382214017732749,3223577.7205476095,-31056511.009734407,-38521417.43867771,3611.0601604629705,-69574317.38825166,-0.07578673992714881,0.46878902114984017,0.05828673175496352,0.04669315335226564,2021-10-05,2023-10-15,False,False,False,False,False,0.0,0,0,False,[],翰璱股份
2023-09-30,季报,2023-10-27,无保留意见,False,187950674.91372886,37590134.982745774,150360539.9309831,0.2,46753935.99833983,866.647755289233,3.26196866057935e-05,42722583.56321964,16141129.395672224,570372.0873798007,14006463.335681181,117242901.31250948,40000000,3.7590134982745775,67389275.09804665,60866015.31301752,5050755.204732736,-5549229.485722514,-0.13873073714306286,-4981881.8172232425,-2461140.0085483976,-37192023.60041204,3413.7735642143753,-39649749.83539622,-0.03930758654928688,-0.4373883519353724,0.025980328972020957,0.02869131797085887,2021-10-05,2023-11-11,False,False,False,True,True,0.0,0,0,False,[],翰璱股份
2023-12-31,年报,2024-03-30,无保留意见,False,195975888.65567183,39195177.73113437,156780710.92453748,0.2,52957735.951059066,972.7182246400185,3.684870050818944e-05,41593496.45269582,16439456.918015711,547640.5947734499,15839768.19784192,130657124.81976247,40000000,3.919517773113437,54993932.34295257,49886969.70133637,53066600.27497206,-17707632.50727724,-0.442690812681931,-15684350.87383021,-32084787.121495362,-38627546.513262354,3904.91753180222,-70708428.71722591,0.04269850983842752,-1.0617978070903544,-0.027459505664784056,0.1174054993395936,2021-10-05,2024-05-02,False,False,False,False,False,0.0,0,0,False,[],翰璱股份
2024-03-31,季报,2024-04-30,保留意见,False,221530958.99034277,44306191.79806855,177224767.1922742,0.2,63835367.33834697,1043.718472024975,4.2310149857509756e-05,46677762.11565376,19563393.800706685,628084.8646789432,18479685.118500628,150419479.32778838,40000000,4.430619179806856,42402170.28897057,38652935.036611035,45652378.71825412,-17988231.505688585,-0.44970578764221464,-16048620.949607616,-40665646.865681626,-43538644.41779531,4527.342150866001,-84199763.94132607,0.13039905322011835,0.3965320919060205,0.029817334647097193,-0.165675496152745,2021-10-05,2024-06-02,False,False,False,False,False,0.0,0,0,False,[],翰璱股份
2024-06-30,半年报,2024-08-27,无保留意见,False,220290300.2180508,44058060.04361016,176232240.17444065,0.2,67737221.54238442,1103.4905937079122,4.254859262139869e-05,48300990.37880649,19236668.751807153,675186.2051393848,20917886.037917286,153473008.8491699,40000000,4.4058060043610165,29734595.036843613,27190545.888897926,63206539.4155392,-18096536.074467078,-0.45241340186167694,-16374841.639590157,-21348258.32763788,-42888584.158246145,4140.067193470543,-64232702.418690555,-0.005600385507950746,0.10959432901608113,-0.01634723025414181,0.18578980847483378,2021-10-05,2024-09-28,False,False,False,False,False,0.0,0,0,False,[],翰璱股份
2024-09-30,季报,2024-10-27,保留意见,False,188736726.6248347,37747345.32496694,150989381.29986775,0.2,46864422.93358995,921.4693010142705,3.063934088764678e-05,39096892.61305139,16252229.247941071,590023.6171577887,13290889.2372951,116647719.44319862,40000000,3.774734532496694,16260021.28490022,14325271.380147703,46864087.7608535,-19249391.074204847,-0.48123477685512117,-18378963.58392889,-6768267.4663258465,-34023959.48287853,4023.84873628103,-40788203.1004681,-0.14323632752773652,1.051360759196241,0.006916659353341529,-0.042005276172823285,2021-10-05,2024-12-25,False,False,False,False,False,0.0,0,0,False,[],翰璱股份
2024-12-31,年报,2025-03-30,无保留意见,False,199380538.9113493,39876107.78226986,159504431.12907943,0.2,56216284.23576764,1025.4497026828237,3.685826636635666e-05,40282574.841045685,17856990.423194095,586728.7944029768,16209799.963540027,131421088.94160287,40000000,3.9876107782269856,2300678.4095842196,1866456.8637340246,37518209.879468605,-19941918.393308572,-0.4985479598327143,-17798306.452019542,-10844322.725244448,-39817632.605634056,3811.4477965001424,-50658143.883082,0.05639502431168082,0.3078732404717722,0.05286023953010404,0.06301330460741712,2021-10-05,2025-05-27,False,True,False,False,False,0.0,4,0,True,['充分披露高送转的主要考虑及其合理性且送转股后每股收益不低于0.5元'],翰璱股份
2017-03-31,季报,2017-04-30,无保留意见,False,298964114.32056314,104465311.34394684,194498802.9766163,0.3494242497343153,5754971.606323684,0.15450533785093423,387067.22762632725,26015887.521529853,33757182.079186775,730384.0388985913,2210611.2045005145,69137978.93965349,40000000,4.862470074415407,5458209.3473724965,4865454.128505757,0.0,7797441.924817853,0.19493604812044632,6950648.755008225,24083798.178344205,-36282750.853268266,-17120842.364874385,-29319795.039798446,0.08054890542564598,0.3776356624898806,0.04942424973431533,0.09497162875800459,2021-08-09,2017-05-14,False,False,False,False,False,0.0,0,0,False,[],淼琰集团
2017-06-30,半年报,2017-08-27,无保留意见,False,286541133.9108554,100042969.75826989,186498164.15258554,0.349139993943745,5064439.790559259,0.13281697720918204,409267.9771469183,23388556.976312205,31829564.91874908,672771.3604749104,2279268.664096853,64898104.50481319,40000000,4.662454103814638,17311202.771196995,15536000.618736656,47658378.85567529,16932847.748320714,0.42332119370801785,15243637.843186999,19254675.08940529,-35872376.02034205,-16641077.995981645,-33258778.926918406,-0.041134642998253555,0.36840113795608653,-0.00028425579057032255,0.09105158001076864,2021-08-09,2017-10-18,False,False,False,False,False,0.0,0,0,False,[],淼琰集团
2017-09-30,季报,2017-10-27,非标准无保留意见,False,267181038.80405945,97892408.15741032,169288630.64664912,0.36638980294256934,4950825.89286237,0.1378908660975624,331981.591653069,20771706.634620015,29498095.370507073,621179.9942030837,2046410.3171855197,58873735.29033254,40000000,4.232215766166228,15271612.978146559,13714178.658319468,11360258.520354668,-2913699.7043577656,-0.07284249260894414,-2602602.800595983,48317938.829737656,-30835272.882054303,-16272495.838118162,1210170.109565191,-0.0922772274147226,-0.5848771550174611,0.017249808998824345,0.057869681627390805,2021-08-09,2017-12-05,False,False,False,False,False,0.0,0,0,False,[],淼琰集团
2017-12-31,年报,2018-03-30,无保留意见,False,285993843.17501634,108615581.80841024,177378261.3666061,0.3797829372919123,5885109.316563105,0.15727071553792382,403660.01909472974,25463933.239662897,36436144.21108542,685343.745905401,2364172.1088260235,67836002.94539759,40000000,4.434456534165152,14740673.556320885,13222011.348549329,766365.2705099509,-758484.8883223888,-0.01896212220805972,-703096.1568144856,52856207.48617379,-33632552.36869776,-15610903.443295756,3612751.674180275,0.04778602490348104,0.15300077172869297,0.013393134349342967,-0.06224908648239396,2021-08-09,2018-05-18,False,False,False,False,False,0.0,0,0,False,[],淼琰集团
2018-03-31,季报,2018-04-30,非标准无保留意见,False,285176747.5878109,98226855.87168974,186949891.7161211,0.34444202307007515,5563329.1126534175,0.14607561842149824,397758.1901836517,26488638.653102275,29950627.347954307,659112.9030208677,2295867.020377132,67374484.47138983,40000000,4.673747292903028,10471419.343168681,9349963.639202818,27478723.036142033,-6098934.590217436,-0.15247336475543588,-5531496.727637871,28629788.344648954,-36709459.451693036,-14855837.881372245,-22935508.98841633,0.053961687727518914,-0.3288147482038345,-0.03534091422183717,0.03562731003470128,2021-08-09,2018-05-10,False,False,False,False,False,0.0,0,0,False,[],淼琰集团
2018-06-30,半年报,2018-08-27,无保留意见,False,344987971.37750745,131972543.1781676,213015428.19933984,0.3825424482227961,6940173.209150404,0.2144281430073147,482898.56454423576,34612152.08697795,40971816.53924449,891467.4861875529,3063488.710637576,87197451.34636289,40000000,5.325385704983496,5936197.309937249,5041889.277992537,27183053.583201684,-6478888.618902046,-0.16197221547255117,-6154391.944586115,32592883.608866155,-39981333.856154084,-19442704.079606,-26831154.32689393,0.1394252558476935,-0.03485476092489487,0.03810042515272095,0.1455109175238689,2021-08-09,2018-09-12,False,False,False,False,False,0.0,0,0,False,[],淼琰集团
2018-09-30,季报,2018-10-27,无保留意见,False,379433214.2191545,138862337.901647,240570876.31750745,0.36597306903512766,7124712.157554375,0.2090174008030937,515098.13141104695,31178555.41270605,46792775.36046796,790055.3274549101,2793529.5665613273,85827770.40042947,40000000,6.014271907937686,5465872.203372983,4609336.300475854,1081785.1375969306,-671893.0093775224,-0.01679732523443806,-617932.825023833,41584571.754100665,-43529349.40338639,-21096183.789182536,-23040961.438468263,0.1293589311868114,0.5519374711646217,-0.01656937918766842,0.17515857911373975,2021-08-09,2018-11-11,False,False,False,False,False,0.0,0,0,False,[],淼琰集团
2018-12-31,年报,2019-03-30,无保留意见,False,464505724.8869587,221324834.39452213,243180890.4924366,0.4764738571271287,9858155.56640853,0.24349199847531736,619698.0892356695,39698935.73936071,53876683.64893625,1151267.770752409,4168199.8821423184,112774167.95835184,40000000,6.079522262310915,10942291.017652096,9522830.481803386,6061682.77688929,7823455.448970161,0.19558638622425403,7019277.401896473,18808693.45989874,-56734762.352172606,-26067767.893758863,-63993836.78603273,0.010849252473455787,0.5202898574358139,0.11050078809200103,0.310689040350995,2021-08-09,2019-04-22,False,False,False,False,False,0.0,0,0,False,[],淼琰集团
2019-03-31,季报,2019-04-30,无保留意见,False,502125179.58901966,243938734.86914346,258186444.7198762,0.4858125917302193,9948594.270787103,0.24551586379724022,659307.876004388,44437672.9859962,52983204.45663042,1137117.1100029983,3791077.047367124,112453211.65916373,40000000,6.454661117996905,21090468.098524954,18911950.207770247,31128069.139733456,14497395.829818372,0.3624348957454593,13413028.179952659,57748447.10090134,-63133782.38965813,-28780691.72858715,-34166027.01734394,0.061705318197715374,0.2688562192547247,0.009338734603090584,0.1125505949800285,2021-08-09,2019-05-13,False,False,False,False,False,0.0,0,0,False,[],淼琰集团
2019-06-30,半年报,2019-08-27,无保留意见,False,442676688.93945456,217544023.45758456,225132665.48186997,0.4914286857497896,9774643.164878175,0.25749510119472807,669638.3774669719,37542774.642281555,51358365.82439712,1211206.1108160352,3987702.3249617377,112320716.36362237,40000000,5.6283166370467494,39791977.16755605,34627816.99237164,122489128.79342178,26716441.52718728,0.667911038179682,22451238.263716284,9730666.791721378,-56937691.259428136,-23258493.1389085,-70465517.60661526,-0.12802290714320222,0.3879382842755917,0.005616094019570326,-0.00437261114843859,2021-08-09,2019-09-27,False,False,False,False,False,0.0,0,0,False,[],淼琰集团
2019-09-30,季报,2019-10-27,无保留意见,False,473116581.43557215,226159337.79033914,246957243.64523304,0.4780203160584786,9325295.082473382,0.25637935792030675,721141.8984552297,46211136.00084717,57376643.5532423,1273751.057985139,4130962.6529957037,119371666.11360025,40000000,6.173931091130826,75608358.08753239,66557932.07441889,85890884.63197887,51166258.45710905,1.2791564614277262,45614450.11721036,80560310.68962815,-59454579.8171022,-26167629.462070305,-5061898.589544352,0.09694096641484755,0.5592819560740417,-0.013408369691311008,-0.15327899314679083,2021-08-09,2019-12-18,False,False,False,False,False,0.0,0,0,False,[],淼琰集团
2019-12-31,年报,2020-03-30,无保留意见,False,502335997.31946445,250143124.78791693,252192872.53154755,0.4979597841339578,10851269.873504568,0.2821501924874555,668869.2317119539,43184088.271973126,60157271.73369624,1318906.9274506664,4153020.9583000294,121026717.84451221,40000000,6.304821813288688,109595564.60527271,97259759.52792284,56853400.503129326,48553152.16820046,1.2138288042050116,43859753.50500563,80154244.13365737,-61285039.63094209,-29141515.89182477,-10272311.389109496,0.02120054795329571,-0.03833430714922947,0.01993946807547918,0.0811225889930656,2021-08-09,2020-05-25,False,False,False,False,False,0.0,0,0,False,[],淼琰集团
2020-03-31,季报,2020-04-30,无保留意见,False,418262189.096118,159321804.92596337,258940384.1701546,0.38091371651419037,7840128.599941133,0.2336449265889421,601083.7462549609,37894619.56109808,49947829.67092636,1055743.3291708496,3558811.024914132,101722196.64175005,40000000,6.473509604253865,144699082.323452,126815178.93347892,144747834.54306263,50147882.45454183,1.2536970613635459,42222027.72222298,38824650.08389955,-50016661.61954912,-21643855.092002243,-32835866.62765181,0.026755362159424215,0.024327286081522154,-0.11704606761976744,-0.02015707279373974,2021-08-09,2020-05-26,False,False,False,False,False,0.0,0,0,False,[],淼琰集团
2020-06-30,半年报,2020-08-27,无保留意见,False,474326032.65224767,186212778.40466765,288113254.24758,0.39258393085329485,9827613.668035444,0.2715633833015774,648518.1273106571,39818168.621659845,60409510.93356793,1199872.3268609634,3852608.7315431414,117543928.38504459,40000000,7.2028313561895,166635895.0076219,145315713.40384975,139139543.3960173,31338303.834528476,0.783457595863212,26429334.957672615,36206129.35617851,-56068529.24851365,-26060831.563964806,-45923231.456299946,0.11266249631519565,-0.28012169457089253,0.011670214339104498,-0.10163187677093696,2021-08-09,2020-09-20,False,False,False,False,False,0.0,0,0,False,[],淼琰集团
2020-09-30,季报,2020-10-27,无保留意见,False,558494777.8918755,262532972.9365119,295961804.95536363,0.4700723862226304,11188668.267143149,0.32240987134846927,814436.0822401332,49461550.69968459,61740581.738882475,1291914.1242699425,4683068.306384513,138087084.90206784,40000000,7.399045123884091,182748451.89427117,160522028.20068738,61462706.71955628,23017938.409498908,0.5754484602374726,21723306.852625154,105192408.5803097,-72370596.37664528,-34662219.108901866,-1840406.9052374437,0.027241199743762046,-0.1721277902822536,0.07748845536933555,-0.015098092242332576,2021-08-09,2020-12-17,False,False,False,False,False,0.0,0,0,False,[],淼琰集团
2020-12-31,年报,2021-03-30,无保留意见,False,502515019.7968229,239511054.8736711,263003964.92315182,0.47662466879201004,9507651.463490915,0.26565154531662444,647842.6249155622,45689815.86720149,60039833.771005765,1241457.0776139675,4091309.1473366474,120309788.27930975,40000000,6.575099123078796,194941744.4549147,171798120.476639,14405101.524930531,17418989.37234792,0.43547473430869804,16108703.251359468,87332957.32553011,-59237912.33696551,-27491707.906233706,603337.0823308975,-0.11135842355462876,-0.13991098141682345,0.006552282569379599,0.0009918641557586244,2021-08-09,2021-05-20,False,False,False,False,False,0.0,0,0,False,[],淼琰集团
2021-03-31,季报,2021-04-30,无保留意见,False,568665711.8578222,265951410.0758133,302714301.78200895,0.4676761839692323,9535632.020016013,0.259118706951521,622265.9457953724,39425680.669285744,61038613.51931633,1175692.7759908917,3896317.0930150026,117827050.18165876,40000000,7.567857544550224,206231087.348565,181773138.46641734,40739505.978656575,16127632.705214746,0.4031908176303687,14250025.699683359,68537248.27352026,-65661903.364160344,-34173602.0537593,-31298257.144399382,0.15098759773625553,-0.037518727036495836,-0.008948484822777745,0.023976474532218697,2021-08-09,2021-06-20,False,False,False,False,False,0.0,0,0,False,[],淼琰集团
2021-06-30,半年报,2021-08-27,无保留意见,False,565469167.6737592,267587020.51914382,297882147.15461534,0.47321239745033283,10775523.901546378,0.30839487651462116,758107.5730642981,47763496.01685736,71627966.76954608,1322754.4601024888,4823885.554832495,134624569.8049639,40000000,7.447053678865384,233473164.64485234,206783461.92584217,85782421.45911177,38917253.280410446,0.9729313320102612,35729033.513464004,107331690.48315996,-72187436.3633224,-33166583.080830164,1977671.039007388,-0.015962756298423406,0.6879338701315746,0.005536213481100547,0.1954784404010941,2021-08-09,2021-09-08,True,False,True,False,False,49400483.911512636,0,7,True,"['留存未分配利润的预计用途以及收益情况', '上市公司控股子公司向母公司实施利润分配的情况']",淼琰集团
2021-09-30,季报,2021-10-27,无保留意见,False,599625253.0006113,273679705.7341127,325945547.2664986,0.45641791162827106,11845010.687820362,0.3155922899678708,823148.0123076466,49164755.401654646,73099040.93676385,1461133.8900992963,4809368.010897799,140611043.3235674,40000000,8.148638681662465,251855868.33460715,223890805.97824946,116003468.57177596,26261005.271078266,0.6565251317769567,24439062.932010416,116314718.49483216,-74430268.46997523,-32104883.26625982,9779566.758597106,0.09420974160400761,-0.22633887157983948,-0.01679448582206181,-0.0021553986773494376,2021-08-09,2021-11-19,False,False,False,False,False,0.0,0,0,False,[],淼琰集团
2021-12-31,年报,2022-03-30,无保留意见,False,593484832.1819689,283761580.59347606,309723251.58849293,0.47812777211207924,11346990.177493762,0.2921083778167517,821527.0090659701,48729350.500346,74145942.013184,1292740.1814024858,4922453.488553064,137765123.75843263,40000000,7.743081289712324,280851405.9670295,248959334.68194753,158120776.36268684,41422196.61774626,1.0355549154436563,35812183.86242581,104806113.90916854,-76365805.1657413,-32263498.01451295,-3823189.271085702,-0.049769956405454514,0.3504586001103368,0.021709860483808224,-0.00910165739566642,2021-08-09,2022-05-06,False,True,True,False,True,0.0,0,2,True,"['公司在相应期间是否按照中国证券监督管理委员会相关规定为中小股东参与现金分红决策提供了便利', '充分披露高送转的主要考虑及其合理性且送转股后每股收益不低于0.5元', '结合所处行业特点、发展阶段和自身经营模式、盈利水平、偿债能力、资金需求等因素，未进行现金分红或现金分红水平较低原因的说明', '根据公司盈利能力、融资能力及其成本、偿债能力及现金流等情况披露现金分红方案的合理性，是否导致公司营运资金不足或者影响公司正常生产经营']",淼琰集团
2022-03-31,季报,2022-04-30,无保留意见,False,683044926.7634931,355147792.6860477,327897134.07744545,0.5199479254883902,14121670.190757027,0.3630474300431538,927165.3158401006,62820831.258623436,85869335.5820442,1778413.1658106132,6024580.078716817,173100382.65859735,40000000,8.197428351936136,298917027.12151325,265201310.35035136,83724811.99832883,25808030.22069104,0.645200755517276,23202822.383434083,74026691.15146841,-81492854.78831853,-34569462.475179374,-42035626.11202949,0.0586778112258063,-0.2672642814034876,0.04182015337631094,0.1204776165469413,2021-08-09,2022-06-13,False,False,False,False,False,0.0,0,0,False,[],淼琰集团
2022-06-30,半年报,2022-08-27,无保留意见,False,751679486.1299036,425942296.4687975,325737189.661106,0.5666541449225969,15758634.779622318,0.4035523986396301,1036204.3908658426,60948598.42316801,84598731.13109301,1707873.5394592287,5915666.705809601,178927594.50102833,40000000,8.14342974152765,322040471.0416514,285504974.0524401,133795307.5968825,33033491.31448316,0.8258372828620789,29005233.860126812,28731689.299319357,-94015960.53612936,-43253924.48585407,-108538195.72266406,-0.006587262259600252,0.16878751618661783,0.046706219434206706,0.10938133854476241,2021-08-09,2022-09-14,False,False,False,False,False,0.0,0,0,False,[],淼琰集团
2022-09-30,季报,2022-10-27,无保留意见,False,753504061.9739873,424043031.7215959,329461030.25239146,0.5627614410076462,15706281.370154407,0.42771420746776906,1065294.9774486637,67564721.82180662,98234763.19608441,1806087.8581871074,6379993.006856902,185705115.0078147,40000000,8.236525756309787,361047875.9573575,319891107.1399501,271940121.7599008,55724864.16529441,1.3931216041323602,49123047.26787142,141957361.99314722,-92836770.28625475,-42398318.45942291,6722273.247469567,0.01143204002944742,0.4535236749357684,-0.003892703914950733,-0.03241591823627662,2021-08-09,2022-11-15,True,False,False,True,False,17742256.043741852,0,0,True,['充分披露高送转的主要考虑及其合理性且送转股后每股收益不低于0.5元'],淼琰集团
2022-12-31,年报,2023-03-30,无保留意见,False,732139542.0066581,383138602.9201633,349000939.0864948,0.5233136320844681,16315958.05548439,0.4176247638597147,933725.1215305742,66709554.525403365,89763132.51208332,1832097.0145220235,6225638.2529095765,179162988.67018542,40000000,8.72502347716237,390294007.94090617,345490585.9088851,78032986.03566962,41780188.547926545,1.0445047136981636,36570683.955621414,145604961.668384,-97524765.66332132,-39947046.919905655,8133149.085157014,0.059308710408433815,-0.19174563991860305,-0.03944780892317809,0.11727701437738368,2021-08-09,2023-05-17,False,False,False,False,False,0.0,0,0,False,[],淼琰集团
2023-03-31,季报,2023-04-30,无保留意见,False,896882617.7882793,471893083.68768275,424989534.1005965,0.5261480982331617,17964669.891377773,0.4264523115117014,1303829.6370038516,77220313.20846051,99338862.32106863,2092948.1214075366,8044926.490787096,216129433.39517432,40000000,10.624738352514912,415063006.66638285,368436509.8423265,59631212.565367036,35384283.893538065,0.8846070973384517,32779891.333487738,147997434.74487576,-107029023.71344222,-48730081.590763755,-7761670.559330218,0.21773177806627342,-0.10881055015966079,0.0028344661486935587,0.02762048907843852,2021-08-09,2023-06-20,False,False,True,False,False,0.0,0,3,True,"['留存未分配利润的预计用途以及收益情况', '公司在相应期间是否按照中国证券监督管理委员会相关规定为中小股东参与现金分红决策提供了便利']",淼琰集团
2023-06-30,半年报,2023-08-27,非标准无保留意见,False,915216187.0797073,443988069.7848495,471228117.29485774,0.4851182442495219,16799731.389334016,0.4598975770789611,1181419.710793769,71128887.45256306,104158586.4649341,1967237.6137431404,7593074.003828116,204138945.21033582,40000000,11.780702932371444,436859972.77413374,389652713.71373034,116580047.43675558,31138523.011072777,0.7784630752768195,30308862.67343395,105696192.20222989,-108665998.52628726,-45713791.41970129,-48683597.74375866,0.10879934559357032,-0.08105028010107107,-0.04102985398363975,-0.02396967761773592,2021-08-09,2023-09-10,True,False,False,False,False,26570403.216027826,0,0,True,"['留存未分配利润的预计用途以及收益情况', '结合所处行业特点、发展阶段和自身经营模式、盈利水平、偿债能力、资金需求等因素，未进行现金分红或现金分红水平较低原因的说明']",淼琰集团
2023-09-30,季报,2023-10-27,非标准无保留意见,False,932543392.0831432,392262442.5219303,540280949.561213,0.4206372012842027,15667433.492028816,0.49010569368101237,1096724.037032733,73362565.85828468,98060637.56334089,2221989.506030351,7459167.657153125,204884164.7803111,40000000,13.507023739030325,452348143.9186748,404372608.3874426,54513698.798856325,22125958.777915888,0.5531489694478972,21028420.96244607,110258382.0251617,-114334449.78938623,-53615712.69853705,-57691780.46276158,0.14653801361166974,-0.1872214532025386,-0.06448104296531926,0.12857999238925902,2021-08-09,2023-11-06,False,False,False,True,False,0.0,0,0,False,[],淼琰集团
2023-12-31,年报,2024-03-30,无保留意见,False,1040074041.9912417,489068685.7823009,551005356.2089407,0.470224874419488,17978023.376143612,0.5242484107357791,1221057.0040577115,81517880.2097705,119321873.94387184,2219653.7215519114,7822703.343859904,223167078.32773957,40000000,13.775133905223518,454113963.29471207,406049615.7624805,10539661.395158248,2522599.108624637,0.06306497771561592,2395724.8214827734,86336357.65833554,-113815994.99025005,-60651742.22911858,-88131379.5610331,0.019849684976746936,-0.501032058551268,0.049587673135285365,0.16499505924933788,2021-08-09,2024-05-09,False,False,True,False,False,0.0,0,6,True,"['结合前述财务报表列报项目的具体情况说明现金分红方案确定的依据及未来增强投资者回报的规划', '充分披露高送转的主要考虑及其合理性且送转股后每股收益不低于0.5元', '公司为增强投资者回报水平拟采取的措施']",淼琰集团
2024-03-31,季报,2024-04-30,无保留意见,False,1177531493.533813,605824475.3001934,571707018.2336197,0.514486855448845,24761604.94212706,0.6805245447017069,1772525.4167868663,116077339.62879685,139654956.51159263,3180215.8116127052,9446963.899182381,300836353.4903172,40000000,14.292675455840492,464404338.4563303,415197424.6332076,72526786.09056693,14700535.94516899,0.3675133986292248,13068298.386752991,170743589.15767545,-146043166.7336834,-64128074.886509694,-39427652.46251766,0.03757070923431987,0.6237866571344192,0.04426198102935697,0.024026859614684575,2021-08-09,2024-06-13,True,False,True,False,False,15173968.8676504,0,0,True,"['是否影响偿债能力、过去十二个月内是否使用过募集资金补充流动资金以及未来十二个月内是否计划使用募集资金补充流动资金等内容', '根据公司盈利能力、融资能力及其成本、偿债能力及现金流等情况披露现金分红方案的合理性，是否导致公司营运资金不足或者影响公司正常生产经营', '留存未分配利润的预计用途以及收益情况']",淼琰集团
2024-06-30,半年报,2024-08-27,非标准无保留意见,False,1412821319.6871338,739245431.4889625,673575888.1981713,0.5232405691985642,27030576.472162597,0.819966918716021,1894139.9556094084,117432949.73594096,170101252.2493203,3438912.3905425053,10832376.379752154,332778276.1594553,40000000,16.83939720495428,470465584.6456667,420269719.8030565,27746073.85239554,8658923.12762339,0.21647307819058476,7246135.956926942,92496737.22616763,-163639162.27617568,-80747251.26781635,-151889676.3178244,0.17818369674609175,-0.19058393296553447,0.008753713749719203,-0.004524405762773284,2021-08-09,2024-10-05,True,False,True,False,False,2327478.299234507,0,6,True,"['根据公司盈利能力、融资能力及其成本、偿债能力及现金流等情况披露现金分红方案的合理性，是否导致公司营运资金不足或者影响公司正常生产经营', '公司为增强投资者回报水平拟采取的措施']",淼琰集团
2024-09-30,季报,2024-10-27,无保留意见,False,1672537430.575284,1021375795.8560477,651161634.7192363,0.6106744023688226,30447962.653362278,0.8511760590591219,2180689.3280070676,133391324.07394908,197236229.9048312,3904944.890069001,14553196.083133774,378349993.05299234,40000000,16.279040867980907,479582447.3399876,428583919.13166773,23844074.67890896,13024089.563315473,0.3256022390828868,11877427.612301858,175063739.2655437,-211546787.9871232,-94323595.41724229,-130806644.13882178,-0.03327650806933354,0.17012274497960955,0.08743383317025855,0.10572940913394638,2021-08-09,2024-11-18,True,False,False,False,False,1486677.879467328,0,0,True,['根据公司盈利能力、融资能力及其成本、偿债能力及现金流等情况披露现金分红方案的合理性，是否导致公司营运资金不足或者影响公司正常生产经营'],淼琰集团
2024-12-31,年报,2025-03-30,无保留意见,False,2051572562.3206635,1344164045.1142333,707408517.2064302,0.6551871816777294,42060788.90708268,1.1360664852797422,3216668.2256206563,194050813.87727526,241391952.41404077,5352602.357866164,18567410.72705932,514746474.0954213,40000000,17.685212930160755,500041484.9906153,445726292.10472536,90422478.37221685,29227196.643753834,0.7306799160938459,24489104.247225154,74922803.76569444,-258742711.06207398,-104034931.96344122,-287854839.25982076,0.08637929430754328,0.5396702220151883,0.04451277930890669,-0.08585007670840755,2021-08-09,2025-05-11,False,True,True,True,False,0.0,2,9,True,"['充分披露高送转的主要考虑及其合理性且送转股后每股收益不低于0.5元', '公司在相应期间是否按照中国证券监督管理委员会相关规定为中小股东参与现金分红决策提供了便利']",淼琰集团
2017-03-31,季报,2017-04-30,非标准无保留意见,False,245125029.99354035,72547180.92702492,172577849.06651542,0.295959906374868,1952066.1387070431,8.660770561465093e-12,89436513.07729268,423744.63483450643,1107728.0796453224,3284611.149154284,59080642.0938421,160076876.16528487,40000000,4.314446226662885,-1816999.0861086645,-1651520.0483142382,4314362.953874822,-2595712.980155235,-0.06489282450388088,-2359314.354734626,6008811.26130433,4913496.455348861,-46304975.37632172,-35382667.65966853,-0.04123417185269209,-0.19976183223084643,-0.004040093625131972,0.10827600803557569,2021-04-19,2017-06-17,False,False,False,False,False,0.0,0,0,False,[],翊颉实业
2017-06-30,半年报,2017-08-27,保留意见,False,280222842.301548,101466147.80983314,178756694.4917149,0.3620909236965248,2169418.6779341507,9.556710888004143e-12,99646619.23179184,541184.0020152937,1177878.9698284003,3755687.3837090638,81636020.67306899,186489822.03337836,40000000,4.468917362292872,-9814265.77804245,-9235746.985450132,35426949.84119746,-11424666.702762552,-0.2856166675690638,-10834609.910194134,34485121.57964408,5691655.991704152,-51712447.835886076,-11535670.264537849,0.03580323580703571,-0.612939308307567,0.06613101732165676,-0.02120110144491606,2021-04-19,2017-09-18,False,False,False,False,False,0.0,0,0,False,[],翊颉实业
2017-09-30,季报,2017-10-27,无保留意见,False,319787735.64349604,139276841.95144582,180510893.6920502,0.4355290288765597,2512276.6687328666,1.06355455854701e-11,106697938.91103785,602578.4698475357,1428089.0752746065,4431547.396034751,92311383.5978743,207682918.91755557,40000000,4.512772342301255,-18418219.62793343,-16272194.214972705,41090041.552568994,-12291362.642701402,-0.30728406606753506,-10052067.470746534,20251053.03070034,6999168.885937601,-53848815.990545906,-26598594.073907964,0.009813334293987104,-0.15545186157180868,0.07343810518003493,-0.06203230423358795,2021-04-19,2017-12-16,False,False,False,False,False,0.0,0,0,False,[],翊颉实业
2017-12-31,年报,2018-03-30,无保留意见,False,373974728.8062954,197345106.4491094,176629622.35718602,0.5276963688937565,3433496.0850682114,1.5037843544615508e-11,154569971.3333053,793460.5743979263,1867795.7021014306,5511409.272497406,116355150.36227916,265400633.3482762,40000000,4.415740558929651,-28483523.33961981,-25817936.038854506,25414746.4808178,-14379005.302409116,-0.3594751325602279,-13636774.034116857,32219205.293401547,8082285.25474142,-66103697.675880514,-25802207.127737544,-0.0215015905992111,-0.44336450257138077,0.09216734001719677,-0.0020475602750596273,2021-04-19,2018-04-28,False,False,False,False,False,0.0,0,0,False,[],翊颉实业
2018-03-31,季报,2018-04-30,无保留意见,False,506105746.93441385,288195681.52354306,217910065.4108708,0.5694376783294861,4079936.847908403,1.7398518417119686e-11,161669570.7161805,941868.6961082101,2203020.1983919377,6869407.814391048,148135776.4658515,329473886.3101419,40000000,5.44775163527177,-37894836.991551384,-34036070.27319191,40737151.20873362,-13444733.788473679,-0.336118344711842,-11740191.763339147,72189612.82074185,10726269.868337609,-90251504.48452152,-7335621.79544206,0.23371189103380496,0.3564568500631394,0.041741309435729596,-0.023876655321858852,2021-04-19,2018-06-12,False,False,False,False,False,0.0,0,0,False,[],翊颉实业
2018-06-30,半年报,2018-08-27,无保留意见,False,486938152.2431563,266100746.093147,220837406.15000933,0.5464775041087098,4065978.759094032,1.6190832445659342e-11,175595188.93389052,992386.102681953,2089005.6547982732,5915650.711128025,146455568.6965371,323228383.6420703,40000000,5.520935153750234,-47997883.817580394,-43412205.056441985,52068844.021695495,-14432924.037184302,-0.36082310092960757,-13394478.261785826,92331568.93211938,10742293.506606048,-87829223.5977882,15244638.840937227,0.013433710524656297,-0.2779511265589249,-0.02296017422077626,-0.003782776674078445,2021-04-19,2018-09-09,False,False,False,False,False,0.0,0,0,False,[],翊颉实业
2018-09-30,季报,2018-10-27,无保留意见,False,544380125.1356982,350394699.2058897,193985425.92980847,0.6436581407496214,4406302.687315976,2.0933777310490277e-11,190882128.78964135,1165363.2139518543,2752110.169015755,7678846.327841155,150839877.48036036,384599723.12245804,40000000,4.849635648245211,-57726564.17385592,-52011170.00597274,27397393.455989465,-13898114.794679333,-0.3474528698669833,-12284235.642186796,83282466.25261348,11006801.85993424,-100263246.3190378,-5973978.20649007,-0.12159163018769101,0.2083340151408542,0.09718063664091155,0.08708544436347071,2021-04-19,2018-11-26,False,False,False,False,False,0.0,0,0,False,[],翊颉实业
2018-12-31,年报,2019-03-30,无保留意见,False,612527234.5322195,427270228.9280996,185257005.60411993,0.6975530308532343,5268110.14026381,2.2651172769962037e-11,219695522.38171986,1171598.8303597874,2699354.002364825,7750492.123654316,162879779.93325588,402827113.1558026,40000000,4.631425140102998,-67476087.04495946,-60539416.94269014,17245568.48894427,-13927889.815862197,-0.34819724539655494,-12183209.909596277,88121106.64954221,13319691.652092787,-110211477.2401311,-8770678.938496098,-0.04499523757442916,-0.009599008090883277,0.053894890103612945,0.15365961821575563,2021-04-19,2019-04-29,False,False,False,False,False,0.0,0,0,False,[],翊颉实业
2019-03-31,季报,2019-04-30,无保留意见,False,698935272.9654403,534073050.2293092,164862222.73613107,0.7641237620807801,5459355.024049386,2.4754247011833075e-11,235915797.4003849,1318450.1544188163,3035613.26482848,9422117.427749693,177519631.1482404,447915345.51595765,40000000,4.121555568403277,-75452418.71310923,-66838906.86359855,52033284.93015582,-11394759.525928251,-0.28486898814820627,-8999271.315583436,12570058.298607465,15122556.434902051,-123565061.74787821,-95872447.01436868,-0.11008913159036454,0.8245571083398097,0.06657073122754592,-0.066437939835501,2021-04-19,2019-06-07,False,False,False,False,False,0.0,0,0,False,[],翊颉实业
2019-06-30,半年报,2019-08-27,保留意见,False,714971653.6709445,563698803.175087,151272850.49585742,0.7884211916386288,6525159.427396409,3.010084247016383e-11,314598359.586976,1699271.743034004,3818144.498849669,11397077.469270708,228073034.9108232,540669093.1339436,40000000,3.7818212623964356,-82960203.15867533,-73839893.12942985,40835740.60910865,-10725406.350808714,-0.2681351587702178,-10001408.951187568,88633584.6341291,16048252.808545263,-140627852.89942375,-35946015.45674938,-0.08242866082197628,0.11941560370438581,0.024297429557848565,0.18277197431442574,2021-04-19,2019-09-28,False,False,False,False,False,0.0,0,0,False,[],翊颉实业
2019-09-30,季报,2019-10-27,无保留意见,False,1005328176.5263046,816061650.223875,189266526.30242956,0.8117365744622822,7606310.812085106,3.654659081524739e-11,353364311.39933157,1942558.4825214876,4639365.855101333,12919864.751518277,271796027.0686385,666412571.8864702,40000000,4.731663157560739,-88352696.69951233,-79174216.33910874,8872609.336405,-7703562.201195719,-0.19258905502989296,-7620461.728112715,160313807.67863175,19387116.17969549,-177944426.7645855,1756497.0937417448,0.25115991192096027,0.4815999758012175,0.02331538282365343,-0.09790604015468925,2021-04-19,2019-12-21,False,False,False,False,False,0.0,0,0,False,[],翊颉实业
2019-12-31,年报,2020-03-30,保留意见,False,1601330863.4194102,1379035097.263576,222295766.15583408,0.8611806146787468,13935094.27049805,6.289768793789614e-11,622915001.842744,3209221.2877622396,7450169.992190178,24298625.679841775,496489937.39962906,1141446197.9752972,40000000,5.557394153895852,-92256225.71256159,-82955129.0291253,21251277.368349217,-5576470.018641816,-0.1394117504660454,-5401303.842880802,309378272.25629497,31726974.763552547,-285766512.16195005,55338734.85789746,0.174511787682028,0.2288072301013504,0.0494440402164646,0.05752217169366682,2021-04-19,2020-04-13,False,False,False,False,False,0.0,0,0,False,[],翊颉实业
2020-03-31,季报,2020-04-30,无保留意见,False,1065001395.92877,814981679.0000943,250019716.92867562,0.7652400101216416,8708891.19593302,3.980217215408651e-11,394093588.1620654,2037602.2047763213,5093312.48957653,14802205.150905963,297082992.5434119,724037144.2152647,40000000,6.250492923216891,-91661446.35403648,-82440454.64295906,2531953.744106783,849684.7978930399,0.021242119947325996,735249.1230946322,153680837.40652144,23444570.16260833,-197412809.94933164,-20287402.380201876,0.12471650383753345,0.5625366963645705,-0.09594060455710533,-0.004076140388742362,2021-04-19,2020-05-23,False,False,False,False,False,0.0,0,0,False,[],翊颉实业
2020-06-30,半年报,2020-08-27,无保留意见,False,1159015047.098342,891494391.3604798,267520655.737862,0.7691827587505315,9324221.553991932,4.262348630094896e-11,399681048.8245581,2465093.902257428,4731897.369157584,15429554.175163858,339043636.4920335,761524843.4034673,40000000,6.68801639344655,-82824400.57184012,-74418268.68073645,44827669.538561635,12624351.117423352,0.3156087779355838,11460265.660318008,143585317.26314852,25931053.49970046,-218635465.45415998,-49119094.691311,0.06999823463594639,0.6596568204341726,0.00394274862888994,-0.015240899498721395,2021-04-19,2020-10-11,False,False,False,False,False,0.0,0,0,False,[],翊颉实业
2020-09-30,季报,2020-10-27,无保留意见,False,1036654323.5990174,764685486.2296276,271968837.3693897,0.7376475154946747,8072354.067895845,3.875718110150332e-11,382477184.26179045,2109891.7567488137,5405687.040193812,14683996.938120736,305873140.9349452,740037639.7625552,40000000,6.799220934234743,-61210195.29312524,-55259882.24509925,109877135.74702206,30877436.11244984,0.771935902811246,27369123.479481734,184381984.45708406,22585150.026179206,-191402770.09008056,15564364.393182695,0.016627432447258828,0.6161513858202641,-0.0315352432558569,0.0698938021879054,2021-04-19,2020-11-18,False,False,False,False,False,0.0,0,0,False,[],翊颉实业
2020-12-31,年报,2021-03-30,无保留意见,False,809367717.110233,572286861.8605204,237080855.24971262,0.7070789330513623,7038176.819386902,3.112391531594363e-11,308585695.9889836,1488094.373748322,3820705.4277057233,10807591.733433677,222599450.93518144,544023138.1352328,40000000,5.927021381242815,-41126178.11109185,-37095672.88452899,14704163.798060637,28691453.117190555,0.7172863279297639,25948870.51510037,12102792.176033705,16518856.129542002,-135267772.89140093,-106646124.58582523,-0.12827933691642773,-0.04565789592669631,-0.030568582443312377,0.00614301739301234,2021-04-19,2021-04-26,False,False,False,False,True,0.0,0,0,False,[],翊颉实业
2021-03-31,季报,2021-04-30,无保留意见,False,782386472.9713413,523068083.3972108,259318389.57413045,0.6685546101157742,6069911.66236675,2.646385635474935e-11,257275717.05479857,1445335.1542947628,3183724.536015419,10964544.20140773,229424429.68827415,514801867.9274763,40000000,6.482959739353261,-24891951.975492023,-22992488.279357813,100757048.62818053,23191751.62228547,0.5797937905571368,20147406.578815963,112509862.67088029,16415851.327979919,-140817971.25510806,-11892257.256247848,0.09379725874953283,-0.12036608861616434,-0.038524322935587975,0.013422039817632772,2021-04-19,2021-05-23,False,False,False,False,False,0.0,0,0,False,[],翊颉实业
2021-06-30,半年报,2021-08-27,无保留意见,False,657377597.1181856,393048027.99152255,264329569.1266631,0.5979029856121778,5636100.290880285,2.5751560912360086e-11,238532984.9394478,1304467.8336763456,2867290.3062727107,9787107.20917754,191132745.99937788,457766540.3143222,40000000,6.608239228166577,-19950524.114505444,-18098110.05337922,15383555.07063404,7059182.658552259,0.17647956646380647,6991968.894255135,23045520.47428206,14967559.910173891,-115091135.74866986,-77078055.36421391,0.01932442801593183,-0.4013900442892876,-0.0706516245035964,-0.0023608521628858065,2021-04-19,2021-10-01,False,False,False,True,False,0.0,0,0,False,[],翊颉实业
2021-09-30,季报,2021-10-27,保留意见,False,574736993.2597034,315685604.30660474,259051388.95309865,0.5492696798863572,5139372.222909727,2.3931929499234067e-11,215195342.61429587,1245077.3388410439,2478638.3623497547,9069189.614263952,183247962.13339785,429028535.023606,40000000,6.476284723827466,-1343450.1489774308,-1718325.5560865186,104574312.24006099,26581534.23646859,0.6645383559117147,23399692.138989575,48943677.523543455,12488889.157594223,-107590528.3183639,-46157961.637226224,-0.01996817908417643,0.8114303737985367,-0.048633305725820565,4.456020468280468e-05,2021-04-19,2021-11-27,False,False,False,False,False,0.0,0,0,False,[],翊颉实业
2021-12-31,年报,2022-03-30,无保留意见,False,526079813.8532413,290456904.8442435,235622909.00899777,0.5521156622923975,4362682.35141114,1.978055205623113e-11,205627095.30925733,1134130.0346818091,2548117.821343313,7715792.80374009,167772880.44809794,374495346.66438466,40000000,5.890572725224944,10617189.396290237,7752910.033062634,15861131.354467902,17086627.921810955,0.4271656980452739,13530336.555927362,78526026.18474685,10532762.47587564,-98036231.18006569,-8977442.519443199,-0.0904395071525465,-0.21786535240221988,0.0028459824060402114,-0.029935262337657243,2021-04-19,2022-04-14,True,False,False,False,False,15433712.226529256,0,0,True,"['是否影响偿债能力、过去十二个月内是否使用过募集资金补充流动资金以及未来十二个月内是否计划使用募集资金补充流动资金等内容', '结合所处行业特点、发展阶段和自身经营模式、盈利水平、偿债能力、资金需求等因素，未进行现金分红或现金分红水平较低原因的说明']",翊颉实业
2022-03-31,季报,2022-04-30,无保留意见,False,681759325.2914677,393778980.71946216,287980344.5720055,0.5775923645065106,5477856.63003172,2.721255627259285e-11,263137578.81362742,1342876.0275281584,3394949.8978538765,9416140.213985486,206669790.3848921,462041888.04613715,40000000,7.199508614300138,26644852.30015447,21795764.1475678,110650022.43043825,22896661.29123462,0.5724165322808655,20061220.163578812,37496727.056772426,12501623.045251463,-116332967.5577805,-66334617.45575662,0.222208595009785,0.17044905065854318,0.025476702214113175,0.02827415396804546,2021-04-19,2022-06-27,False,True,False,False,True,0.0,2,0,True,['是否影响偿债能力、过去十二个月内是否使用过募集资金补充流动资金以及未来十二个月内是否计划使用募集资金补充流动资金等内容'],翊颉实业
2022-06-30,半年报,2022-08-27,无保留意见,False,665743844.9518588,399432155.5205097,266311689.43134898,0.5999787434000137,5363200.786750016,2.4254562031156547e-11,266888965.17310065,1280712.1431797543,3467605.5371902627,9920015.65842842,209486669.91449142,477050345.96585125,40000000,6.657792235783725,39878112.412470296,34339708.852159366,36031937.1797535,18904657.303308323,0.4726164325827081,17919921.006559383,120224692.11850148,15246360.49506647,-124050468.71009946,11420583.90346849,-0.07524352112593075,-0.10005859785573952,0.02238637889350302,-0.0496134540959376,2021-04-19,2022-10-06,False,False,False,False,False,0.0,0,0,False,[],翊颉实业
2022-09-30,季报,2022-10-27,无保留意见,False,719514407.9786822,414335416.66125995,305178991.3174222,0.5758542317800757,5207683.390769694,2.653931275078829e-11,239842416.0141917,1242518.609060434,2996966.1469135084,8416418.153596267,184154310.74374864,458647489.4967997,40000000,7.629474782935556,45249131.16995652,39208961.70560029,7341548.928929396,7672883.9392660335,0.19182209848165083,6956075.504915601,78997131.5489674,14248582.384383008,-140536828.21124333,-47291114.27789292,0.14594666110626214,-0.31282218541067586,-0.024124511619938015,-0.060008834377215374,2021-04-19,2022-11-25,True,False,False,False,True,8391902.043877667,0,0,True,['上市公司控股子公司向母公司实施利润分配的情况'],翊颉实业
2022-12-31,年报,2023-03-30,无保留意见,False,750250717.4400053,459664794.03298724,290585923.407018,0.6126815787680269,6383148.906553046,2.829904846058249e-11,290829366.96766657,1432609.3890997733,3455326.0878814054,10442808.890990635,224623560.89030603,524569440.45127696,40000000,7.26464808517545,54734793.708390504,48001581.57056184,52317771.583802424,13550946.483477123,0.33877366208692805,12560885.521373654,66215938.4878075,16752309.038183479,-131169375.29251091,-48201127.766519934,-0.04781806194262462,0.23823978415658026,0.03682734698795129,-0.0006491230763011053,2021-04-19,2023-04-23,True,True,True,False,False,3384924.6099458635,2,1,True,"['结合所处行业特点、发展阶段和自身经营模式、盈利水平、偿债能力、资金需求等因素，未进行现金分红或现金分红水平较低原因的说明', '根据公司盈利能力、融资能力及其成本、偿债能力及现金流等情况披露现金分红方案的合理性，是否导致公司营运资金不足或者影响公司正常生产经营', '上市公司控股子公司向母公司实施利润分配的情况', '充分披露高送转的主要考虑及其合理性且送转股后每股收益不低于0.5元']",翊颉实业
2023-03-31,季报,2023-04-30,无保留意见,False,837306859.4940481,526756246.9640683,310550612.5299798,0.6291077649624972,6750172.80821967,3.168733088315325e-11,273270123.496327,1451303.828923271,3985024.0335306767,11181369.367639255,233937134.7998685,537378073.4074569,40000000,7.763765313249496,70927624.26701091,62758555.543177485,106038237.0576367,23132615.083743453,0.5783153770935864,21081391.389450923,106625150.34666397,17402650.36584532,-145557168.6058443,-21529367.893335,0.06870494237602026,0.31362919003011513,0.01642618619447022,-0.007477928043610491,2021-04-19,2023-06-10,False,False,True,False,False,0.0,0,9,True,['是否影响偿债能力、过去十二个月内是否使用过募集资金补充流动资金以及未来十二个月内是否计划使用募集资金补充流动资金等内容'],翊颉实业
2023-06-30,半年报,2023-08-27,无保留意见,False,1070627010.6734009,757933495.4226164,312693515.2507846,0.7079342178616368,7994062.991879383,4.238231901713141e-11,414313831.2147307,2115768.7676028074,5046087.655762405,14608581.624520063,297000634.77379405,723018839.8946705,40000000,7.817337881269615,85485684.25657429,76364169.45776694,32431722.216366995,20797228.556519084,0.5199307139129771,19436591.30655634,26196585.363213006,22221019.50060414,-194147203.4640302,-145729598.60021305,0.006900333260807571,-0.05819173563325475,0.07882645289913963,-0.0003234278327241497,2021-04-19,2023-10-10,False,False,False,False,False,0.0,0,0,False,[],翊颉实业
2023-09-30,季报,2023-10-27,无保留意见,False,1353953094.135444,1046441497.3914915,307511596.74395233,0.7728786927140106,10457651.692394674,4.982205176831056e-11,472980348.49600965,2674877.2203392736,5670769.430534927,18936765.522909816,410882128.5895075,907730779.9297696,40000000,7.687789918598808,94551114.62133007,84561453.95716988,51161186.87960766,12950614.806793988,0.3237653701698497,11710406.427718494,233710994.59704876,26347053.129011497,-243928869.01620752,16129178.709852755,-0.01657187710680934,-0.20759759509858955,0.06494447485237384,-0.15469839522970805,2021-04-19,2023-11-26,False,False,False,False,True,0.0,0,0,False,[],翊颉实业
2023-12-31,年报,2024-03-30,保留意见,False,1803066365.7019265,1492677078.573024,310389287.1289025,0.8278547628455877,15709573.767849475,7.473163557857099e-11,708015595.2976553,3962775.7097980375,8559085.912597466,28132490.29650875,499853245.9890895,1317436142.2557113,40000000,7.759732178222563,107677876.16417277,96636370.90242442,71929063.67378949,18752516.489775285,0.46881291224438215,17249881.350363653,247973873.47077388,36699250.12374414,-312986293.1919551,-28313169.597437084,0.009357989797523872,0.1937156121972225,0.05497607013157709,0.09029054779524723,2021-04-19,2024-05-02,True,False,False,False,False,19172991.029414877,0,0,True,"['是否影响偿债能力、过去十二个月内是否使用过募集资金补充流动资金以及未来十二个月内是否计划使用募集资金补充流动资金等内容', '上市公司控股子公司向母公司实施利润分配的情况']",翊颉实业
2024-03-31,季报,2024-04-30,无保留意见,False,1926668847.334878,1605390400.6394966,321278446.6953815,0.8332466696911618,15353854.445064971,6.80188852394061e-11,729384310.8285176,3701520.200165376,8299384.255763981,24090085.654636394,549994822.7714612,1250871307.0617278,40000000,8.031961167384537,109468916.59194444,98200847.2969546,12030823.760928698,2558629.182530958,0.06396572956327395,2234966.27790024,284038719.0005107,43075203.68364473,-328593310.39887863,-1479387.7147232294,0.035082266102685576,-0.45294398540800745,0.005391906845573946,0.17942296752971737,2021-04-19,2024-05-15,False,False,False,False,False,0.0,0,0,False,[],翊颉实业
2024-06-30,半年报,2024-08-27,无保留意见,False,2392715069.9828825,2082731311.4849079,309983758.4979744,0.870446856632958,18592685.414332945,8.717230750346944e-11,847855514.0652387,4327844.926392559,11084844.987858234,32076857.91836241,671740819.4641347,1589075105.6972775,40000000,7.74959396244936,121372001.1770255,107705237.47598667,29067699.26267819,17004406.550115786,0.4251101637528947,13577700.255760094,219949137.82201865,52840980.837783605,-446246579.87126476,-173456461.2114625,-0.035155449466288444,0.7385884375008891,0.0372001869417962,0.06531843634242687,2021-04-19,2024-10-03,False,True,False,False,False,0.0,3,0,True,"['根据公司盈利能力、融资能力及其成本、偿债能力及现金流等情况披露现金分红方案的合理性，是否导致公司营运资金不足或者影响公司正常生产经营', '上市公司控股子公司向母公司实施利润分配的情况', '是否影响偿债能力、过去十二个月内是否使用过募集资金补充流动资金以及未来十二个月内是否计划使用募集资金补充流动资金等内容']",翊颉实业
2024-09-30,季报,2024-10-27,无保留意见,False,3394323236.788155,3054890913.1093397,339432323.6788154,0.9,25678227.161221348,1.0993491753773086e-10,1156613270.8403306,5903317.111424589,15490665.949099202,45777607.55198981,986202909.8547219,2237945818.828759,40000000,8.485808091970386,135111482.27498743,121294952.60469925,97903987.99967411,19627830.13994564,0.49069575349864103,19413878.75530367,407486276.7996047,68400663.64638238,-656310709.7128739,-180423769.26688683,0.09500034880386637,0.07714951842971988,0.044346834243564864,0.05152490975546261,2021-04-19,2024-11-07,False,False,False,False,True,0.0,0,0,False,[],翊颉实业
2024-12-31,年报,2025-03-30,无保留意见,False,3791565443.050166,3412408898.7451496,379156544.3050165,0.9,33474253.873189922,1.524452522347381e-10,1542588222.2417936,8290414.211170766,19047050.148198575,56846312.559135996,1193062049.1469283,2726367092.3352857,40000000,9.478913607625413,141573883.40898666,127362113.32626876,19450746.95626286,9232001.619998902,0.23080004049997255,8667372.459385008,240709857.43413457,79269216.65489927,-699569636.4687316,-379590562.3796978,0.11703134278923213,-0.28382321530450794,0.04526559338113365,0.014745387880306953,2021-04-19,2025-05-09,True,False,True,False,False,11172097.261533983,0,5,True,"['留存未分配利润的预计用途以及收益情况', '公司在相应期间是否按照中国证券监督管理委员会相关规定为中小股东参与现金分红决策提供了便利']",翊颉实业
2017-03-31,季报,2017-04-30,无保留意见,False,290793780.5824487,99677466.18336558,191116314.39908317,0.3427771597580782,24750047.414414063,742.1938658503416,42598881.6157946,113.71027552430613,216.1039536449,11.738311193061472,8706911.597393584,75305795.28994547,40000000,4.777907859977079,5098129.120096673,4615849.862365482,20047420.202920582,7283041.600138105,0.18207604000345265,6594071.23195069,-51121895.35768783,13301933.981021322,52283980.96886512,14464019.59219861,0.061757302217128676,0.34905786667433913,0.04277715975807822,0.026481631672107025,2021-07-27,2017-05-27,False,False,False,False,False,0.0,0,0,False,[],翊璐地产
2017-06-30,半年报,2017-08-27,无保留意见,False,326026047.6003858,114064020.7132599,211962026.88712588,0.3498616799264751,29346644.422357928,832.3876265958934,55057653.90335166,129.7728829196708,257.83422258020653,13.38388949875987,10017246.960000118,88320824.38701369,40000000,5.299050672178147,15527462.683013346,14469489.196791813,41695263.632922314,14899047.94702382,0.3724761986755955,14076627.620609043,-56865445.53636066,14300821.916822398,55914876.78162043,13350253.162082165,0.10907343286514708,0.31363477740129553,0.007084520168396872,-0.14135620261504336,2021-07-27,2017-10-08,False,False,False,False,False,0.0,0,0,False,[],翊璐地产
2017-09-30,季报,2017-10-27,无保留意见,False,334007012.5827879,136221015.17436263,197785997.40842527,0.4078387879374194,25049166.78592923,872.7155914761753,46712732.10156753,124.30588327831728,248.77980067695708,13.437323054727925,9452799.8160519,86735518.11616284,40000000,4.944649935210632,39185067.824712,35435877.74306498,95024742.25031827,33796578.773855224,0.8449144693463806,29951983.63753309,-37562184.504658245,14041859.284450853,60279150.80875254,36758825.58854514,-0.06688004302888488,0.5924167661121231,0.057977108010944314,-0.04037453806306093,2021-07-27,2017-12-07,False,False,False,False,False,0.0,0,0,False,[],翊璐地产
2017-12-31,年报,2018-03-30,保留意见,False,231429610.4481215,75570657.92128323,155858952.52683827,0.32653841388297006,16793483.549099993,527.7532266989372,35339284.775004506,90.02106641321379,165.52707497557955,9.109175389256055,6685875.024005451,58130490.221952915,40000000,3.8964738131709566,55613870.15748939,49117912.82358319,43147105.75396114,23469717.618253417,0.5867429404563355,19545764.400740318,-3380662.9986024895,9646876.577503178,43308374.01988873,49574587.598789416,-0.21198186641599423,-0.203298359946182,-0.08130037405444936,0.12089379129449224,2021-07-27,2018-04-13,False,False,False,False,False,0.0,0,0,False,[],翊璐地产
2018-03-31,季报,2018-04-30,无保留意见,False,273426890.1998577,106155533.21995881,167271356.97989893,0.3882410144165625,22222188.830141712,668.3657332275475,40089080.87342578,104.70976155361149,209.56259979259488,11.030678183605783,7859699.390662933,71274197.17954606,40000000,4.1817839244974735,80577329.46821852,71689642.20740806,29436999.73082297,35662084.72961305,0.8915521182403263,32245327.69117838,-3956980.8352562203,12637314.974144949,46413455.78086864,55093789.919757366,0.07322264308876016,0.30127136607102,0.06170260053359246,-0.12363688157710409,2021-07-27,2018-06-22,False,False,False,False,False,0.0,0,0,False,[],翊璐地产
2018-06-30,半年报,2018-08-27,无保留意见,False,280979892.5780513,114200562.84075013,166779329.73730123,0.40643678020137036,23786442.451054208,719.9503821943761,43749708.3085116,111.42632653193851,220.17539965053626,12.468312960432296,8114583.125323693,74953319.33175077,40000000,4.169483243432531,75466809.0256081,67085445.4270099,11714006.182329226,-7300743.489443444,-0.1825185872360861,-6577423.97199737,-41114994.58246508,11415227.882190894,50237627.848037675,20537861.147763487,-0.0029414913077847014,-0.8158208783348364,0.018195765784807853,-0.05464715644267916,2021-07-27,2018-10-01,False,False,False,False,False,0.0,0,0,False,[],翊璐地产
2018-09-30,季报,2018-10-27,无保留意见,False,269312656.9191325,102006149.97473767,167306506.9443948,0.3787647826940694,20021776.51825967,748.0405705341092,40648132.79872038,107.28091444541364,202.86663510215234,11.339917112751431,8554141.035607396,71861542.21495858,40000000,4.18266267360987,76044368.40346639,67601591.12809224,3087948.777964268,825084.8255118169,0.020627120637795423,737351.001546206,-11646740.68202639,11565956.80806997,47326961.07191621,47246177.19795979,0.0031609265244315968,0.8377784736501406,-0.027671997507301,-0.05677734405148696,2021-07-27,2018-11-18,False,False,False,False,False,0.0,0,0,False,[],翊璐地产
2018-12-31,年报,2019-03-30,无保留意见,False,271700286.1665213,103439240.81652899,168261045.3499923,0.380710827640176,21526604.959846955,669.8345350848355,41511512.21624601,103.99801321318603,197.36454032427116,10.747608676452641,6882599.748888503,67372724.07059146,40000000,4.206526133749808,78543808.67614084,69642679.42355868,16751738.047551092,3570628.9609635137,0.08926572402408785,2915840.4220949137,-53589797.17945559,11122863.968474487,50892410.02487444,8425476.813893333,0.005705327443807989,0.1540269885011816,0.001946044946106646,0.10970604236286491,2021-07-27,2019-05-08,False,False,False,False,False,0.0,0,0,False,[],翊璐地产
2019-03-31,季报,2019-04-30,非标准无保留意见,False,257762342.75979516,102087099.72266096,155675243.0371342,0.39605125647773304,19680500.673709165,603.4923109859519,38298065.99037805,94.31028623495014,203.67020833764076,10.65038035715998,6648890.47969855,65090586.47943118,40000000,3.891881075928355,86312667.30544765,77003175.57492387,8189674.182235049,11098369.470438287,0.2774592367609572,10514994.501950273,-39421538.56376152,11023491.738528214,51223998.33262902,22825951.507395715,-0.07479926376707646,0.3659460546276938,0.01534042883755703,0.10893195354435035,2021-07-27,2019-05-28,False,False,False,False,False,0.0,0,0,False,[],翊璐地产
2019-06-30,半年报,2019-08-27,无保留意见,False,296183747.5148876,129290845.12528741,166892902.38960013,0.436522416270625,24840891.567130346,777.8159741806651,55951671.47622143,118.91482938103204,258.93755135347004,12.857782918231262,8844028.844430106,81275686.7190778,40000000,4.172322559740003,90132881.4397925,80690990.39838554,20760609.958538137,5457448.763349779,0.13643621908374448,5268306.890659514,-46854973.348621584,12032055.571165515,52775633.44324608,17952715.665790014,0.07205808151389947,-0.20075615821847614,0.04047115979289197,0.13151511106924477,2021-07-27,2019-10-10,False,False,False,False,False,0.0,0,0,False,[],翊璐地产
2019-09-30,季报,2019-10-27,保留意见,False,331409693.9747617,139745816.52499712,191663877.44976464,0.4216708776649103,24786943.146349084,772.0928820254741,47875259.73839762,125.13058491215857,232.4437706351113,11.85853991595037,8175518.3850212535,80501831.05543405,40000000,4.791596936244116,91046023.00549233,81563489.0535865,663461.0242718094,1304487.950999774,0.03261219877499435,1246426.6502870915,-58605338.9264372,15084488.729164965,60537891.90711925,17017041.709847018,0.14842437698361996,-0.18492576143054928,-0.01485153860571468,0.048226231820688546,2021-07-27,2019-12-12,False,False,False,False,False,0.0,0,0,False,[],翊璐地产
2019-12-31,年报,2020-03-30,无保留意见,False,334898397.6168708,133273081.46287112,201625316.15399972,0.39795078869065736,26069762.62847712,783.8429773542845,53862317.82839835,121.78305136912766,248.08946816557648,14.000087705596597,9858800.24436863,82959670.06070352,40000000,5.040632903849993,90788694.60900441,81347200.63833445,1525548.2825251876,-367611.99498274364,-0.00919029987456859,-308983.45036007056,-41810924.9337717,13894717.49096163,57247302.09267182,29331094.64986175,0.051973480015012175,-0.09134917898051274,-0.023720088974252918,0.06678654426038987,2021-07-27,2020-05-08,False,False,False,False,False,0.0,0,0,False,[],翊璐地产
2020-03-31,季报,2020-04-30,无保留意见,False,400168341.68819666,154481266.867951,245687074.82024562,0.38604070031186977,33153016.92314285,1023.2967950008305,64860697.67075706,158.2025624618256,281.79120507082916,15.260540948045223,12200378.731248524,104041007.15921299,40000000,6.142176870506141,93396836.12753558,83558540.5098771,18406850.959923934,3725916.455044538,0.09314791137611345,3159056.9593466343,-39561077.95407223,16479674.092605596,74879879.59094077,51798475.72947414,0.21853286832587973,0.24611790254005905,-0.011910088378787632,-0.010520200173937379,2021-07-27,2020-06-04,False,False,False,False,False,0.0,0,0,False,[],翊璐地产
2020-06-30,半年报,2020-08-27,无保留意见,False,441023913.7883726,179652109.90780696,261371803.8805656,0.40735230968453534,36297054.10656398,1024.0283150802188,57625570.194748096,178.27735972687782,328.4945030225155,16.887069835282514,12248356.928379348,108899728.12587637,40000000,6.53429509701414,99981216.78388943,90034734.52774346,19637646.420886602,9406258.080505494,0.23515645201263735,9251705.739809081,-50354052.93215456,17677425.128792904,81043877.45379068,48367249.650429025,0.06384026946389232,0.2740695031644019,0.021311609372665567,0.07347221346108503,2021-07-27,2020-09-24,False,False,False,False,False,0.0,0,0,False,[],翊璐地产
2020-09-30,季报,2020-10-27,无保留意见,False,441114383.1639372,161043463.6355341,280070919.5284031,0.36508322961594153,37652686.06496809,1323.1586995237458,66851678.36804985,181.23766996885414,317.6238971360891,19.196386612578426,13683580.1380678,118881554.58423331,40000000,7.001772988210077,104449529.79073028,93886766.21836236,20023344.87711189,6383304.2954869345,0.15958260738717336,5502902.415169876,-54633639.75662895,18481608.73695422,79266629.03874439,43114598.01906966,0.07154220681119101,-0.1144786881883225,-0.04226908006859381,0.12687060667052127,2021-07-27,2020-11-30,False,False,False,False,False,0.0,0,0,False,[],翊璐地产
2020-12-31,年报,2021-03-30,保留意见,False,466114282.33944654,139122720.34455863,326991561.99488795,0.29847341224194207,36003729.56269395,1302.2685511384307,73355691.17780322,164.22777368105974,352.0529864547659,18.41753728198236,13026543.93132827,121427317.2732221,40000000,8.1747890498722,112095302.22293432,100952969.72831285,14049791.373865439,10922532.046005797,0.27306330115014493,10094576.442786407,-83583884.1548125,18897208.018300384,87638178.29740153,22951502.160889417,0.16753129009428058,0.19412259675357135,-0.06660981737399944,-0.005777198621437011,2021-07-27,2021-04-23,False,False,False,False,False,0.0,0,0,False,[],翊璐地产
2021-03-31,季报,2021-04-30,无保留意见,False,552749870.7753412,177391818.0456861,375358052.729655,0.32092602354996297,39582686.5385932,1269.7953298524258,76094801.07034363,194.37823903432292,347.9348250444711,20.96255370427837,14539378.39539959,133461264.03761753,40000000,9.383951318241376,111057225.01217248,100011379.19768117,5375827.270385804,-1482967.4439454973,-0.037074186098637434,-1345129.3294738315,-35381362.74296809,24584435.79752173,106488458.45308621,95691531.50763986,0.1479135744044772,-0.44428275593029004,0.022452611308020894,0.10674301268795718,2021-07-27,2021-05-27,False,False,False,False,False,0.0,0,0,False,[],翊璐地产
2021-06-30,半年报,2021-08-27,无保留意见,False,542849430.5699321,144079334.12095624,398770096.44897586,0.2654130703788135,38406064.60482828,1218.8691938207937,81852051.95000602,204.87429091723132,352.37243833933695,21.775561386858563,15254338.296072612,134743849.85236624,40000000,9.969252411224396,107820589.20362365,97038991.52877212,18120330.536834527,-4623765.440784052,-0.1155941360196013,-4246268.098441526,-100640888.5195722,23357960.542227,96610488.72673485,19327560.74938965,0.06237256280787183,-0.20240970594684124,-0.05551295317114948,-0.05763110577798825,2021-07-27,2021-10-13,False,False,False,False,False,0.0,0,0,False,[],翊璐地产
2021-09-30,季报,2021-10-27,保留意见,False,443295557.2296232,114610727.12450944,328684830.10511374,0.25854246733436603,34865699.7855774,1014.8030497191784,59500612.36976647,148.32875086343668,304.51665192674494,17.628445136233037,12143515.949450742,111264590.55446267,40000000,8.217120752627844,106783247.94221272,96089638.5547275,5371847.22892713,-1481916.0877298955,-0.037047902193247384,-1356218.5343494562,-42035630.07245719,20941678.39142573,80590609.10320275,59496657.42217129,-0.17575356569604209,0.2538614905867779,-0.006870603044447444,0.03198758483444365,2021-07-27,2021-11-26,False,False,False,False,False,0.0,0,0,False,[],翊璐地产
2021-12-31,年报,2022-03-30,非标准无保留意见,False,507968940.12881815,131316116.71669634,376652823.41212183,0.25851209856137125,41662761.10682027,1313.215062786146,74091995.51912688,202.51175205882166,390.1553859586916,23.85442257560173,15652728.349917984,136806781.88288057,40000000,9.416320585303046,119249938.94260585,107482668.65605918,40354444.38919554,17809558.571990192,0.4452389642997548,16275757.287616659,-49750874.93772059,22032646.314276807,93850804.31148592,66132575.688042134,0.14593917611490556,1.2431608675905128,-3.036877299480524e-05,0.04788506874202953,2021-07-27,2022-05-20,False,False,False,False,False,0.0,0,0,False,[],翊璐地产
2022-03-31,季报,2022-04-30,无保留意见,True,506576362.8279431,123886925.62739262,382689437.20055044,0.24455725674960163,36707302.75295246,1244.020929260808,67634741.45572704,183.87570936581298,343.44390147577514,18.584681958983754,13740910.134049652,121616721.84629945,40000000,9.56723593001376,134971823.53948697,122530155.95652428,43470338.57297916,22459835.138401598,0.5614958784600399,21496410.429235864,-21019039.874103278,21862955.89547184,96146403.64149669,96990319.66286525,0.016026997312120404,0.13359194305190933,-0.01395484181176961,0.03762023695570003,2021-07-27,2022-06-21,False,False,False,False,False,0.0,0,0,False,[],翊璐地产
2022-06-30,半年报,2022-08-27,无保留意见,False,603899691.614026,120779938.3228052,483119753.2912208,0.2,47818571.08320213,1326.150879549534,94735990.15494975,224.7352391678157,440.3999003652261,22.721683992050764,16753387.559334198,155790945.7909543,40000000,12.07799383228052,158084473.80885914,142250640.91397703,146013263.0754609,33018071.813388787,0.8254517953347197,28172121.367789637,-35684685.7876037,24837722.518751536,114045295.81872882,103198332.54987666,0.2624329451717772,0.2675692039248307,-0.0458366113804166,-0.03521202037582643,2021-07-27,2022-09-19,True,False,False,False,False,11264179.752329143,0,0,True,['充分披露高送转的主要考虑及其合理性且送转股后每股收益不低于0.5元'],翊璐地产
2022-09-30,季报,2022-10-27,保留意见,False,628380423.1483154,140864028.2582563,487516394.8900591,0.2241699821781501,45695727.59190577,1407.5782993899413,82648991.39701448,229.30362515169216,401.9795324327404,24.248080128941602,16747479.427123286,149338112.57509866,40000000,12.187909872251478,201747467.9178644,178598727.11646515,279515053.63319385,62375705.87000756,1.559392646750189,51925837.4321259,-37712674.88939737,25056859.659713637,108109530.71111357,95453715.48142985,0.009100521286671694,0.5869405395343601,0.02544933680896506,0.013786625959427791,2021-07-27,2022-11-14,False,False,False,True,False,0.0,0,0,False,[],翊璐地产
2022-12-31,年报,2023-03-30,保留意见,False,666084694.0453665,171023663.864363,495061030.1810035,0.2567596364145169,50813402.88024251,1586.0917574129483,96592585.70910658,225.01479064698543,476.28243645122615,22.597729641281635,19218660.9661508,159584518.8162256,40000000,12.376525754525089,243262101.82717866,215223358.8280789,236948988.24175102,59306619.87044895,1.4826654967612236,52320902.44516253,-17544198.91311769,30784510.316975623,122132775.63479167,135373087.03864962,0.01547565450110832,-0.038665306543349834,0.03258965423636679,-0.06400222095432487,2021-07-27,2023-05-21,False,False,False,False,False,0.0,0,0,False,[],翊璐地产
2023-03-31,季报,2023-04-30,无保留意见,False,725226311.7192335,193873260.52194932,531353051.1972842,0.26732794631009754,55708918.205281004,1690.1539228050203,98996707.24306594,289.3077828998163,516.0945839908896,27.378576550521938,21435831.67509531,183873947.6064788,40000000,13.283826279932105,295921198.14802027,261205211.89584547,288029640.878058,75227280.45834519,1.8806820114586298,65688361.52538085,-108991723.89886618,30428464.595879074,133029711.78433329,54466452.48134619,0.07330817576776673,0.20864062141562376,0.010568309895580663,-0.041053224738771044,2021-07-27,2023-06-28,True,False,True,True,False,95865238.8100234,0,9,True,"['结合所处行业特点、发展阶段和自身经营模式、盈利水平、偿债能力、资金需求等因素，未进行现金分红或现金分红水平较低原因的说明', '公司为增强投资者回报水平拟采取的措施', '留存未分配利润的预计用途以及收益情况', '结合前述财务报表列报项目的具体情况说明现金分红方案确定的依据及未来增强投资者回报的规划']",翊璐地产
2023-06-30,半年报,2023-08-27,无保留意见,False,949818249.6860439,385987039.2497965,563831210.4362473,0.40637989360320453,74036406.6740371,2564.635116005145,145083755.2685313,319.1680225870639,731.2199888174815,40.06935351505589,27761208.765384,252681843.34948868,40000000,14.095780260906183,306883018.6151631,270802667.55853724,42605034.860073075,15659743.52448969,0.3914935881122422,13710650.946702471,-71080111.33459295,36734089.266843505,176510377.5624639,142164355.49471447,0.06112350190853495,-0.6458776257721208,0.13905194729310696,0.14844176696959976,2021-07-27,2023-10-13,False,False,False,True,True,0.0,0,0,False,[],翊璐地产
2023-09-30,季报,2023-10-27,无保留意见,False,1123799979.4143713,527885544.68441564,595914434.7299557,0.46973265203253034,87184818.94057794,3037.1948313145926,187078268.37016785,434.0355402094206,840.9252293839147,43.22173972488428,31196685.379974,296472141.46391726,40000000,14.897860868248891,324471824.41106784,286074428.3251632,110262589.53767794,25126865.422721118,0.6281716355680279,21816801.095179934,-101542757.33028093,46532625.540087186,190870181.58467093,135860049.7944772,0.05690217870146801,0.28987128729693085,0.0633527584293258,0.12168846104752634,2021-07-27,2023-12-20,False,False,True,False,False,0.0,0,7,True,['上市公司控股子公司向母公司实施利润分配的情况'],翊璐地产
2023-12-31,年报,2024-03-30,无保留意见,False,1331952954.5147,661473643.017365,670479311.4973348,0.4966193744120448,99505470.44657226,3552.801360239277,196170119.32486695,484.214061626661,1003.7072434695276,52.48373224876295,36056350.92210488,342427561.8221779,40000000,16.76198278743337,332154032.41673183,292962719.73750407,23653585.338873036,10974582.865234297,0.2743645716308574,9840416.303344173,-24542168.152951572,54607478.5026378,211579067.54269585,241644377.8923821,0.12512681757938784,-0.33594435321679056,0.026886722379514453,0.12816529182034897,2021-07-27,2024-04-12,True,False,False,False,False,9656646.456505714,0,0,True,['根据公司盈利能力、融资能力及其成本、偿债能力及现金流等情况披露现金分红方案的合理性，是否导致公司营运资金不足或者影响公司正常生产经营'],翊璐地产
2024-03-31,季报,2024-04-30,非标准无保留意见,False,1425511261.9644926,734112911.2632369,691398350.7012557,0.514982189794529,126732591.57139654,3724.849293757831,232585244.10990548,585.373152298494,1006.3007349661447,54.776330537166324,42190861.42370445,383460420.7842028,40000000,17.284958767531393,346621909.40549713,305502079.0178386,0.0,20668395.69823613,0.5167098924559033,17913370.400477804,-265412322.10779142,58187988.710031316,245713086.67520967,38488753.27744958,0.03120012630546906,0.3465221583356983,0.018362815382484285,-0.06479989067618841,2021-07-27,2024-05-26,True,False,False,False,True,15934077.777436316,0,0,True,"['留存未分配利润的预计用途以及收益情况', '公司在相应期间是否按照中国证券监督管理委员会相关规定为中小股东参与现金分红决策提供了便利', '充分披露高送转的主要考虑及其合理性且送转股后每股收益不低于0.5元', '上市公司控股子公司向母公司实施利润分配的情况']",翊璐地产
2024-06-30,半年报,2024-08-27,无保留意见,False,1278709854.9014776,574580519.4639091,704129335.4375684,0.4493439362037134,110276292.04867883,3481.6996032881048,196073124.796436,535.6537611123417,902.3844467551057,53.49823591412991,38592780.26394129,345666707.42826647,40000000,17.60323338593921,364572566.1467782,320692538.65027165,95229589.55976191,25643795.344687283,0.641094883617182,21700656.61776157,-14970558.732548013,58488074.74728459,255531862.99365392,299049379.0083905,0.018413386036284795,0.13208419297464605,-0.06563825359081574,-0.04075245359265907,2021-07-27,2024-09-16,False,False,False,False,False,0.0,0,0,False,[],翊璐地产
2024-09-30,季报,2024-10-27,非标准无保留意见,False,1328159082.8204372,691591855.7583513,636567227.0620859,0.5207146227466279,100011007.73327184,3154.812352606253,184941531.3743735,478.8758496166327,983.9899711295336,51.80692042003617,37209316.41682382,329147491.56317085,40000000,15.914180676552146,374856999.2400708,330179992.5136876,68947669.06730756,14692047.27613226,0.36730118190330646,13553505.51916566,-253880985.0634752,57436309.91492836,262124386.82526413,65679711.67671731,-0.09595127624315962,-0.2568192624514936,0.07137068654291456,0.23014120086677256,2021-07-27,2024-12-08,True,False,False,False,True,6220999.720115385,0,0,True,['充分披露高送转的主要考虑及其合理性且送转股后每股收益不低于0.5元'],翊璐地产
2024-12-31,年报,2025-03-30,无保留意见,False,1245817267.9042463,586768972.7607096,659048295.1435366,0.4709912022232532,96789517.41891429,3305.471101204365,205330746.9645532,498.3078455474773,921.810908151284,47.94985622154182,41405204.417724654,337065671.866167,40000000,16.476207378588413,387203257.8813712,342226306.4890166,24649653.88215534,17637512.344714828,0.4409378086178707,17209019.9647557,-202947520.4206536,54844947.692283645,250190276.20167714,102087703.47330719,0.03531609408358389,0.09294019546666638,-0.04972342052337473,-0.02082239665182102,2021-07-27,2025-05-16,True,False,False,False,True,20786573.591941252,0,0,True,"['结合所处行业特点、发展阶段和自身经营模式、盈利水平、偿债能力、资金需求等因素，未进行现金分红或现金分红水平较低原因的说明', '上市公司控股子公司向母公司实施利润分配的情况', '公司为增强投资者回报水平拟采取的措施', '充分披露高送转的主要考虑及其合理性且送转股后每股收益不低于0.5元']",翊璐地产
2017-03-31,季报,2017-04-30,无保留意见,False,303908977.4603945,122366801.8623723,181542175.5980222,0.4026429323836581,73797923.40879108,1.7751986132340146e-09,37650.93078851638,439238.7257346278,519819.53787090606,12867.277695247874,2914548.4130729386,78290847.7520306,40000000,4.538554389950555,3575261.611908647,3410947.5071126907,23245864.657147087,5107516.588440925,0.12768791471102311,4872782.15301813,34023740.90260773,-33055213.003590282,114318111.2260445,115286639.12506196,0.008567642211234332,0.22819536602449578,0.10264293238365813,-0.054488515610335714,2021-01-07,2017-06-04,False,False,False,False,False,0.0,0,0,False,[],筠璞能源
2017-06-30,半年报,2017-08-27,无保留意见,False,328456995.474375,118745103.5767644,209711891.89761057,0.36152405098045315,83952027.84603095,1.935800218461985e-09,38004.04426016291,489480.9952406794,574215.5946921519,12822.562815278681,3015035.8395120176,81891548.01601368,40000000,5.242797297440265,4340224.669243149,4102694.679376649,4771035.803267656,1092804.3676207177,0.027320109190517944,988210.2460913692,10628056.910299,-34096877.57022794,113875721.79086785,90406901.1309389,0.15516899148527796,-0.18159942138952534,-0.041118881403204945,0.01262295129167703,2021-01-07,2017-09-18,False,False,False,False,False,0.0,0,0,False,[],筠璞能源
2017-09-30,季报,2017-10-27,非标准无保留意见,False,386158431.35684836,145288772.42471516,240869658.93213323,0.3762413575024445,95287071.06531039,2.1936619836600205e-09,44883.912150237054,517868.7035451757,592701.5651372067,15297.814080525146,3988962.2443351164,94372223.59348617,40000000,6.02174147330333,5505737.923222742,5167531.632457619,2531707.071069506,1665018.934256561,0.041625473356414026,1521195.6472585273,64369129.45363027,-41144521.948355496,134287087.07466736,157511694.57994214,0.1485741545345226,0.0316266375852652,0.014717306521991285,-0.026150156925061358,2021-01-07,2017-12-08,False,False,False,False,False,0.0,0,0,False,[],筠璞能源
2017-12-31,年报,2018-03-30,无保留意见,False,423983046.4611919,145389318.78852162,278593727.67267025,0.34291304806176826,86023175.34641251,2.223785697577409e-09,50911.950039225674,601346.1737295501,663321.761681716,15513.341613492286,3884821.5071996725,100315119.36035196,40000000,6.964843191816756,16022929.215396153,14530901.636103174,55419168.66861941,15024558.98881916,0.37561397472047897,13376242.862350794,39754434.20214168,-44916248.62376963,155275725.50524932,150113911.08362138,0.15661610892705277,0.7157528262692177,-0.03332830944067623,0.16273604030880673,2021-01-07,2018-05-24,False,False,False,False,False,0.0,0,0,False,[],筠璞能源
2018-03-31,季报,2018-04-30,保留意见,False,420064806.32174027,151722083.72080842,268342722.60093185,0.3611873249971813,93753694.88984284,2.099072984481396e-09,47099.88898868665,541443.8854095789,654159.250470835,16781.391230450223,4061228.3041301207,103341100.40251173,40000000,6.708568065023297,12187904.579746718,10945225.711653927,5195111.080637047,-5478606.622356335,-0.13696516555890836,-5122394.177784636,10616829.008960897,-44057262.13553541,145210065.64007393,111769632.51349941,-0.03679553433371863,-0.6402325670849622,0.01827427693541308,0.12554740396795275,2021-01-07,2018-05-24,False,False,False,False,False,0.0,0,0,False,[],筠璞能源
2018-06-30,半年报,2018-08-27,无保留意见,False,498210886.6808499,208883065.5941191,289327821.0867308,0.41926636125060834,108484231.78352422,2.712004941533361e-09,56119.96238879374,726860.8204613958,809435.7411920016,18966.933470042386,4936797.337118189,122369884.0203776,40000000,7.233195527168269,5725337.164754428,5055813.228260404,39286876.14450357,-9232239.1642747,-0.2308059791068675,-8413446.404847892,10128772.300824761,-56681294.667002395,164358705.42568824,117806183.0595106,0.07820259958011629,-0.3257967520839959,0.058079036253427044,-0.12295204255477882,2021-01-07,2018-09-14,False,False,False,False,False,0.0,0,0,False,[],筠璞能源
2018-09-30,季报,2018-10-27,无保留意见,False,512013144.1031293,229421898.61024278,282591245.49288654,0.4480781426268088,117367663.47137289,2.930620138987792e-09,54630.46507412601,748715.2599904945,825905.5023495159,18276.636806422168,5041440.424831342,127148689.55007446,40000000,7.064781137322163,409032.85205495934,328912.59582816303,28590887.173473213,-7594720.446713528,-0.1898680111678382,-6752715.189188916,5754674.468284492,-47579621.446550496,194290819.1969471,152465872.2186811,-0.023283538957785937,0.2108096209695253,0.02881178137620041,-0.05274343378307542,2021-01-07,2018-12-14,False,False,False,False,False,0.0,0,0,False,[],筠璞能源
2018-12-31,年报,2019-03-30,无保留意见,False,556878548.2524724,222890100.12890685,333988448.1235656,0.400249032447655,143666036.3725592,3.2448092408496704e-09,66894.45168583434,818577.6839303431,1002433.9697121903,22987.36359022892,6124251.1858849125,144528230.56761658,40000000,8.349711203089141,-4762226.126379335,-4229424.061514767,20130735.48227552,-7387512.826334707,-0.1846878206583677,-6511909.510489901,104006320.33727501,-59435128.1721366,214671341.39469352,259242533.55983195,0.18187825507840363,0.022030990063066847,-0.04782911017915381,-0.09496778091754074,2021-01-07,2019-05-06,False,False,False,False,False,0.0,0,0,False,[],筠璞能源
2019-03-31,季报,2019-04-30,无保留意见,False,698958321.3070865,301443492.915488,397514828.3915984,0.4312753475082375,170948772.47489512,4.2465728628337e-09,87973.35911106029,1133563.8077893879,1216488.8303469063,29148.252590834196,7660876.069713571,181165859.85760698,40000000,9.93787070978996,-9763669.429601118,-8830116.147602111,31024503.206192642,-7144919.004602548,-0.1786229751150637,-6572417.2658390645,127098427.54354748,-79908583.9130578,275664095.2255874,322853938.8560771,0.19020532184553282,0.025237362333942005,0.031026315060582524,0.059622253458947574,2021-01-07,2019-06-02,False,False,False,False,False,0.0,0,0,False,[],筠璞能源
2019-06-30,半年报,2019-08-27,无保留意见,False,684642845.3549254,287892502.4405882,396750342.91433716,0.42050027162898634,181316548.9013797,4.232986391388476e-09,81745.0197931708,1030876.1753626178,1180366.0666651628,29831.734774686767,6293196.387159217,173948178.38173327,40000000,9.91875857285843,-12930789.598456165,-11693469.806196937,0.0,-4524457.384078639,-0.11311143460196596,-4090505.226564039,92304468.08161445,-67173362.46730745,255484787.877073,280615893.49138,-0.0019231621631687844,0.26589955189081893,-0.010775075879251124,0.13337845539777,2021-01-07,2019-10-24,False,False,False,False,False,0.0,0,0,False,[],筠璞能源
2019-09-30,季报,2019-10-27,无保留意见,False,669468340.0579529,258070405.31594187,411397934.74201095,0.38548560084798317,198809056.83010402,4.3538348103706586e-09,94193.16615826283,1218837.7472312846,1229998.6462260464,29042.481082551167,7385023.0942016775,190906118.3945218,40000000,10.284948368550273,-11611705.373705892,-10542851.842818135,7733034.484299972,1884406.035357535,0.04711015088393837,1643739.9476840054,26713907.351356577,-67006609.53931551,252221924.57288527,211929222.38492635,0.03691891409615325,0.5137142019984884,-0.03501467078100319,0.18460836947870354,2021-01-07,2019-11-18,False,False,False,False,False,0.0,0,0,False,[],筠璞能源
2019-12-31,年报,2020-03-30,保留意见,False,609324095.6192757,213341957.37574387,395982138.2435318,0.35012887051334735,139252967.55156374,3.4934486057568215e-09,66323.73187124809,894299.0850777953,959836.9448784365,22371.609214096443,5964989.761387627,149711881.07621205,40000000,9.899553456088295,-10879708.976873722,-9856798.26664672,4561017.835188328,1045709.1383316703,0.02614272845829176,980076.5373877344,47669224.62219334,-61940555.29725364,208667381.37599668,194396050.70093638,-0.03747174012467123,-0.044412140654864235,-0.035356730334635836,0.11571069179939812,2021-01-07,2020-04-26,False,False,False,False,False,0.0,0,0,False,[],筠璞能源
2020-03-31,季报,2020-04-30,无保留意见,False,607940563.3578461,220876582.83475807,387063980.5230881,0.36331937058910413,156854833.21016726,3.4787301820309125e-09,74444.3230272665,831409.1816277881,1056870.1366430223,22619.328443611106,6229329.08032886,153543249.13645396,40000000,9.676599513077202,-11045862.781876812,-9995538.569734775,244643.31828353135,-237362.57857584208,-0.005934064464396052,-198200.43298293307,120549853.32965899,-62627991.518747285,223492763.03366825,281414624.84457994,-0.022521616151683726,-0.07110120788670392,0.013190500075756784,0.040519393500515866,2021-01-07,2020-05-13,False,False,False,False,False,0.0,0,0,False,[],筠璞能源
2020-06-30,半年报,2020-08-27,非标准无保留意见,False,679953428.8693466,272904191.56523347,407049237.30411315,0.4013571812102328,200891254.72330377,4.413296418023569e-09,85956.68607582328,1059342.4679668176,1366264.2256793587,30591.281154733482,7001068.620110632,189869027.17864826,40000000,10.176230932602829,-7001100.101835859,-6290426.271830806,18437489.083435535,5778232.400058504,0.1444558100014626,5293017.56843424,76307005.88353524,-72618367.8107721,245855875.17447516,249544513.24723828,0.0516329542057012,0.3588692415995275,0.03803781062112867,0.038598716849707886,2021-01-07,2020-09-13,False,False,False,False,False,0.0,0,0,False,[],筠璞能源
2020-09-30,季报,2020-10-27,无保留意见,False,713702243.1112669,267470612.85851568,446231630.2527512,0.37476498839701244,195464000.86971185,4.290565533317219e-09,90666.66830136064,1090388.8550739828,1165728.4283273832,28877.090448753606,8272849.851268288,199023624.79606038,40000000,11.15579075631878,3321036.581043961,3735552.957385704,20226743.26791159,14745909.546971172,0.3686477386742793,14322827.4703093,46468527.87089633,-78208737.80032098,272927068.5152267,241186858.58580208,0.096259590628748,0.39369504136280736,-0.02659219281322034,0.14055758165621643,2021-01-07,2020-11-12,False,False,False,False,False,0.0,0,0,False,[],筠璞能源
2020-12-31,年报,2021-03-30,无保留意见,False,765474016.4320759,315255142.59137374,450218873.8407021,0.4118430355883253,173058989.779014,4.329707377388658e-09,92225.06282843971,1042095.0921088965,1192128.72797676,27450.343316538027,7346556.99098287,182871464.9763947,40000000,11.255471846017553,7979842.111663057,7919477.976131413,4053279.9593368317,6655436.472312994,0.16638591180782486,5977035.741065299,112221258.9867751,-88123144.41644637,255619874.31269106,279717988.8830198,0.008935367458583055,-0.2548508828416945,0.037078047191312864,-0.008323912363129954,2021-01-07,2021-05-12,False,True,False,True,False,0.0,1,0,True,"['是否影响偿债能力、过去十二个月内是否使用过募集资金补充流动资金以及未来十二个月内是否计划使用募集资金补充流动资金等内容', '上市公司控股子公司向母公司实施利润分配的情况']",筠璞能源
2021-03-31,季报,2021-04-30,无保留意见,False,878617666.3070788,386360945.6338346,492256720.67324424,0.4397372832915479,217196042.71064556,5.161534729573055e-09,116284.88025048612,1186867.855809235,1448237.904170965,31071.44428160086,8551073.244440395,217662772.24133304,40000000,12.306418016831106,15927185.65908419,14977714.140834121,55131522.929848574,11353347.924887333,0.28383369812218334,10083194.521003868,16290022.981674407,-88246588.30736874,322426875.97901875,250470310.65332443,0.09337202253190327,0.19859753837444144,0.027894247703222578,0.15015729148546,2021-01-07,2021-05-23,False,False,False,False,False,0.0,0,0,False,[],筠璞能源
2021-06-30,半年报,2021-08-27,保留意见,False,705685009.263577,277222577.11933106,428462432.144246,0.3928418111199907,161166255.41067946,4.109156616279635e-09,87628.9269913641,1088586.8115463909,1162800.7571331717,26161.28828664787,7398082.129985633,177257103.16249928,40000000,10.71156080360615,34210667.83222302,31423312.893902138,83029628.04747589,26119260.247341186,0.6529815061835297,23493712.504382886,48243860.759211354,-70920911.59337805,253591662.0975484,230914611.2633817,-0.12959556639825806,0.5207819676734888,-0.046895472171557116,-0.16149540758973197,2021-01-07,2021-09-19,True,False,False,False,False,14649533.20222306,0,0,True,"['上市公司控股子公司向母公司实施利润分配的情况', '结合前述财务报表列报项目的具体情况说明现金分红方案确定的依据及未来增强投资者回报的规划']",筠璞能源
2021-09-30,季报,2021-10-27,非标准无保留意见,False,644987929.2226334,291860855.29803693,353127073.92459637,0.4525059184437761,155862697.99110824,3.832126043535187e-09,83908.09435612088,933184.5870775076,1295869.4753886967,26156.439741629172,7107303.470297447,175511687.38803285,40000000,8.828176848114909,33861058.298842,31116854.10127448,2029149.2143472368,-499442.1905443147,-0.012486054763607868,-437798.27518237056,18459239.246844757,-70774836.11886811,243577227.00092894,191261630.1289056,-0.17582721976961388,-0.6173274375579497,0.059664107323785354,0.04676816122824795,2021-01-07,2021-12-17,False,False,False,False,False,0.0,0,0,False,[],筠璞能源
2021-12-31,年报,2022-03-30,无保留意见,False,781019038.3781455,386711233.0191796,394307805.3589658,0.49513675597744633,188570090.79455072,4.302915007368646e-09,88894.09652176547,1072566.8091496525,1300686.9987726198,32263.448894053494,7923830.617706235,190204989.73349205,40000000,9.857695133974145,36381492.230027586,33263623.393928446,3626873.8835584903,3600619.9016936906,0.09001549754234227,3066813.275219956,24501962.73617048,-88724271.61966842,296608090.4671722,232385781.58367425,0.11661731562152297,0.24848021137130633,0.04263083753367023,0.1756375566803403,2021-01-07,2022-05-26,True,False,False,False,False,2974203.4316427917,0,0,True,"['公司在相应期间是否按照中国证券监督管理委员会相关规定为中小股东参与现金分红决策提供了便利', '结合前述财务报表列报项目的具体情况说明现金分红方案确定的依据及未来增强投资者回报的规划']",筠璞能源
2022-03-31,季报,2022-04-30,无保留意见,False,953255133.7130208,489104731.66848695,464150402.04453385,0.5130890087770907,260603032.88410553,6.1675010146320756e-09,136950.9214465902,1579865.0565235477,1749675.234138081,43279.54812625218,11905745.874038678,264078113.63017923,40000000,11.603760051113346,44866948.97465463,40763289.59888984,56295967.75536339,12122081.063752923,0.3030520265938231,10713808.864230564,14570231.545871925,-101890077.01816626,346839214.44317585,259519368.97088152,0.17712709648743966,0.4136507154990338,0.01795225279964446,-0.09249965002678438,2021-01-07,2022-06-06,True,False,False,False,False,13447789.185390703,0,0,True,"['公司在相应期间是否按照中国证券监督管理委员会相关规定为中小股东参与现金分红决策提供了便利', '上市公司控股子公司向母公司实施利润分配的情况', '是否影响偿债能力、过去十二个月内是否使用过募集资金补充流动资金以及未来十二个月内是否计划使用募集资金补充流动资金等内容']",筠璞能源
2022-06-30,半年报,2022-08-27,无保留意见,False,935599631.1900945,499668784.9795823,435930846.2105122,0.5340626143086411,241997683.57147458,6.30174916180209e-09,114284.0550805317,1429014.4587025014,1623382.77803039,40650.12644872734,10046627.320982255,253951292.23975658,40000000,10.898271155262805,43977409.92150395,39987925.77730428,3043744.6467857603,-1270770.075929528,-0.031769251898238204,-1107662.6022650904,94298636.019281,-114201452.00338663,347768392.412415,327865576.4283094,-0.06079830095959729,-0.459886472754586,0.02097360553155028,-0.06210814194099484,2021-01-07,2022-09-28,False,False,False,False,False,0.0,0,0,False,[],筠璞能源
2022-09-30,季报,2022-10-27,无保留意见,False,1030037368.3198427,585927211.0980346,444110157.2218081,0.5688407325005854,245822734.19553193,5.581320295839424e-09,115205.00385910556,1516359.8129384953,1631324.0670822307,41732.4102001055,9976750.599629499,260273044.93665025,40000000,11.102753930545202,54331343.902976565,49655518.00326176,23352827.862306762,14791334.259246577,0.3697833564811644,13810846.037082125,45680437.9623426,-112826581.88882379,377524271.61680377,310378127.6903226,0.018762863611046364,1.0211627913580332,0.03477811819194434,0.005508909533859992,2021-01-07,2022-11-09,False,False,False,True,False,0.0,0,0,False,[],筠璞能源
2022-12-31,年报,2023-03-30,非标准无保留意见,False,1043812485.9083972,560603591.6690145,483208894.2393828,0.5370730847132363,261647023.44027507,5.768409805379715e-09,130700.25992750996,1533507.5057389045,1731957.5414270028,40070.70209056776,8682936.810018664,256641084.40461713,40000000,12.08022235598457,76795861.87524763,69774390.11760175,89527807.05331023,32092168.531815812,0.8023042132953953,28741245.87762857,22392204.232552104,-110903926.9030022,390455914.4518913,301944191.7814412,0.08803837602400767,0.54419969075495,-0.031767647787349015,-0.03169554552545311,2021-01-07,2023-04-17,False,False,False,False,False,0.0,0,0,False,[],筠璞能源
2023-03-31,季报,2023-04-30,保留意见,True,1398503857.5846422,916350857.1462632,482153000.4383789,0.655236560254395,315865327.1203131,7.987335637783356e-09,162876.54761487304,1924542.2728113942,2265116.789645064,57075.423796815194,13180299.717890648,357722688.8359244,40000000,12.053825010959471,90688840.50741804,82824601.8602358,94257318.10364822,19847112.33167202,0.4961778082918005,18643159.632334333,70761435.94387633,-149862130.9427704,513774290.9798742,434673595.98098016,-0.0021851704585571334,-0.24942993080878015,0.11816347554115865,0.18764875017532384,2021-01-07,2023-05-10,True,False,True,False,True,26549393.35517121,0,0,True,"['公司在相应期间是否按照中国证券监督管理委员会相关规定为中小股东参与现金分红决策提供了便利', '是否影响偿债能力、过去十二个月内是否使用过募集资金补充流动资金以及未来十二个月内是否计划使用募集资金补充流动资金等内容', '结合前述财务报表列报项目的具体情况说明现金分红方案确定的依据及未来增强投资者回报的规划', '公司为增强投资者回报水平拟采取的措施']",筠璞能源
2023-06-30,半年报,2023-08-27,无保留意见,True,2628096502.5727835,2088504226.9687994,539592275.6039839,0.7946832336347815,539088049.2514678,1.4760192539919304e-08,293297.02097096865,3524432.8614299875,4268028.455451357,91305.01960870136,23938155.035291553,618537949.5578804,40000000,13.489806890099597,96426862.44756047,87904806.47101952,11279884.547977535,8197174.200203478,0.20492935500508697,7257435.158262465,277251347.3538979,-244796030.25840566,1011598541.1284404,1044053858.2239326,0.11913080518710974,-0.3161696370289188,0.13944667338038647,0.1211971128042785,2021-01-07,2023-10-02,False,False,False,False,False,0.0,0,0,False,[],筠璞能源
2023-09-30,季报,2023-10-27,无保留意见,False,2696150042.19325,2211522873.592122,484627168.60112816,0.8202521517656725,747286885.8598535,1.511276502009685e-08,320162.6752519288,4115509.634429654,4487172.54919045,101866.75639596513,28127168.498965316,693647743.3463091,40000000,12.115679215028203,98854180.71226306,90007625.79286754,12668334.27708107,3467597.521003697,0.08668993802509242,3004027.6026400286,36799580.07311211,-246403285.01901335,958329046.9172117,748725341.9713104,-0.10186414722362615,-0.18770266227558105,0.02556891813089095,0.0725133496885342,2021-01-07,2023-11-28,False,False,False,False,False,0.0,0,0,False,[],筠璞能源
2023-12-31,年报,2024-03-30,无保留意见,False,2512510725.442439,2002525866.1143816,509984859.3280573,0.7970218179911444,644716826.3302326,1.6137265213281e-08,286714.04771707393,4003473.77663596,4440309.903349211,101861.15863659493,27212604.932250608,647853908.6754305,40000000,12.749621483201432,106864594.3258837,97123567.44033286,27299986.595376447,11443448.019458067,0.28608620048645167,10165630.924950477,319562262.94136894,-264744944.4423027,889493675.4624968,944310993.961563,0.05232412124174502,0.3896818124486574,-0.023230333774528007,0.08257345242866979,2021-01-07,2024-05-04,False,True,False,False,False,0.0,0,0,True,"['是否影响偿债能力、过去十二个月内是否使用过募集资金补充流动资金以及未来十二个月内是否计划使用募集资金补充流动资金等内容', '充分披露高送转的主要考虑及其合理性且送转股后每股收益不低于0.5元', '上市公司控股子公司向母公司实施利润分配的情况', '结合所处行业特点、发展阶段和自身经营模式、盈利水平、偿债能力、资金需求等因素，未进行现金分红或现金分红水平较低原因的说明']",筠璞能源
2024-03-31,季报,2024-04-30,无保留意见,False,3335939744.0024686,2838510971.523618,497428772.47885054,0.8508879624180399,805019074.572508,1.9483028518453725e-08,399637.0048809115,4740235.615626374,5524785.06892566,118516.80549788517,34628024.579824544,842089047.7407787,40000000,12.435719311971264,118371547.4974692,107250762.1780135,32841493.764658224,16438504.530836444,0.4109626132709111,14467421.053829495,50665041.54954727,-377129506.1164957,1244492283.5687323,918027819.0017838,-0.0246205090593283,0.17561360732219514,0.05386614442689555,0.03250668016890137,2021-01-07,2024-06-06,True,False,False,False,False,7123545.768183662,0,0,True,"['上市公司控股子公司向母公司实施利润分配的情况', '是否影响偿债能力、过去十二个月内是否使用过募集资金补充流动资金以及未来十二个月内是否计划使用募集资金补充流动资金等内容', '结合前述财务报表列报项目的具体情况说明现金分红方案确定的依据及未来增强投资者回报的规划', '根据公司盈利能力、融资能力及其成本、偿债能力及现金流等情况披露现金分红方案的合理性，是否导致公司营运资金不足或者影响公司正常生产经营']",筠璞能源
2024-06-30,半年报,2024-08-27,无保留意见,False,5129249458.335571,4541234249.097632,588015209.2379384,0.885360379912435,1158154378.0413613,2.914800279134081e-08,645056.4594476918,7563240.577369948,9245098.749873532,221348.5228367974,53046507.72356357,1333215344.738567,40000000,14.70038023094846,120695895.23083785,109336662.8499417,2306968.899071095,3320496.761955239,0.08301241904888097,2979858.102754578,344126635.9032142,-519793847.25930434,1885134232.216384,1709467020.8602939,0.1821093627287903,-0.39230246546414754,0.03447241749439495,0.0042394278928237425,2021-01-07,2024-10-05,True,False,False,False,False,1097153.98011195,0,0,True,"['充分披露高送转的主要考虑及其合理性且送转股后每股收益不低于0.5元', '上市公司控股子公司向母公司实施利润分配的情况', '公司为增强投资者回报水平拟采取的措施']",筠璞能源
2024-09-30,季报,2024-10-27,无保留意见,False,6571374158.627126,5886022764.929341,685351393.6977844,0.8957065330395118,1680953943.920319,3.563579912444711e-08,787849.57382714,10745898.924810937,11130061.112682914,260394.29720042314,67539990.47430982,1625422930.7397754,40000000,17.133784842444612,126676352.42037925,114672909.28782107,35593060.21985945,8543510.270773422,0.21358775676933556,7623209.196970529,598361263.7892605,-686689316.6764524,2548827230.6255794,2460499177.7383876,0.1655334469766396,0.25703178273657656,0.010346153127076808,0.033569645724913694,2021-01-07,2024-11-27,False,False,False,True,False,0.0,0,0,False,[],筠璞能源
2024-12-31,年报,2025-03-30,无保留意见,False,7250091971.005102,6522613991.946071,727477979.0590317,0.8996594826702344,1707593448.396261,4.304820101970833e-08,819485.4692648075,10489419.207633674,11464676.73929192,309383.8639571808,73720237.4988607,1820077031.7616293,40000000,18.186949476475792,143647198.0338382,129689107.57081634,67244926.14002934,24244065.16208426,0.6061016290521065,21451711.832850408,1136649521.0478368,-763516428.0213428,2683998248.6346703,3057131341.6611643,0.06146713313582851,0.6146592510143459,0.003952949630722756,0.057312654193372635,2021-01-07,2025-05-26,False,False,False,False,True,0.0,0,0,False,[],筠璞能源
2017-03-31,季报,2017-04-30,无保留意见,False,283793071.70198,84862157.79814534,198930913.90383467,0.2990282930066092,22849572.45443883,1258078.6532181872,778552.2170284247,28775292.48310746,129274679.11019585,4209929.492288226,79619.19781030201,178755488.47968534,40000000,4.973272847595867,1201343.3660900253,1095461.592372876,4362781.867441629,1716204.8087000363,0.042905120217500904,1564945.1319612514,-27204675.500968527,-19120135.69076051,44617816.00715698,-1706995.184572056,0.10517174391019268,0.03978915603889101,-0.0009717069933908011,0.06572333693220887,2021-06-18,2017-06-09,False,False,False,False,False,0.0,0,0,False,[],铄璱能源
2017-06-30,半年报,2017-08-27,无保留意见,False,348459119.6184811,125958531.30957247,222500588.3089086,0.36147290806302107,24818715.50216921,1548280.8652327755,857453.031647164,30881049.41996716,144971698.9184719,5535529.804721814,118342.9829745473,215813642.79732668,40000000,5.562514707722715,192545.83041940982,215553.072429747,7139295.159023547,-1441139.336672308,-0.0360284834168077,-1257012.171347327,-63273651.412428476,-23498982.64186735,55143817.8704303,-31628816.183865525,0.11848170775743648,-0.16869574668816864,0.06244461505641186,0.009928599252953772,2021-06-18,2017-10-04,False,False,False,False,False,0.0,0,0,False,[],铄璱能源
2017-09-30,季报,2017-10-27,无保留意见,False,416039067.0863936,153657700.12545544,262381366.96093816,0.3693347867582524,30841631.114798248,1649009.2367034703,1102594.6131418725,36006363.93141587,168143198.94128442,6536133.106215985,130291.24252268484,245178397.1839699,40000000,6.559534174023454,-2735692.4529267238,-2555013.296463524,2135674.080684347,-4183197.547637334,-0.10457993869093335,-3957951.955561816,-41676731.90594381,-28201970.85665231,59896431.12984726,-9982271.632748857,0.1792389806927661,-0.17623772526146922,0.007861878695231325,0.19523463059732182,2021-06-18,2017-11-12,False,False,False,False,False,0.0,0,0,False,[],铄璱能源
2017-12-31,年报,2018-03-30,无保留意见,False,540224954.5699486,268999598.18715286,271225356.3827957,0.4979399709539384,44057711.65770788,2128439.845984387,1637963.7343313824,50481404.29579752,247314180.97991273,8945128.137607967,171298.81637042298,336746881.8645482,40000000,6.780633909569892,-7139099.939238733,-6401875.567079859,4922795.9965285305,-6290582.1233028695,-0.15726455308257173,-5495517.529451906,-57527368.15413161,-35348904.72924286,83626957.1158264,-9249315.767548084,0.0337066214887666,-0.16442358251976164,0.128605184195686,0.07454817922978274,2021-06-18,2018-05-02,False,False,False,False,False,0.0,0,0,False,[],铄璱能源
2018-03-31,季报,2018-04-30,无保留意见,False,580114109.4277692,295988578.5576759,284125530.8700933,0.5102247536258724,43867735.30210829,2661784.115384511,1539996.181032694,51345859.75296707,236986780.06799108,8694989.322586209,168407.9541089071,350384297.5630057,40000000,7.103138271752332,-11766491.989155974,-10497890.043588957,9809182.298627118,-6610560.071310343,-0.16526400178275857,-5851449.252155855,-92161769.60401264,-39040468.19581973,87351772.959566,-43850464.84026638,0.04756256811435735,-0.029878183080680965,0.012284782671933994,0.052487057089060374,2021-06-18,2018-05-30,False,False,False,False,False,0.0,0,0,False,[],铄璱能源
2018-06-30,半年报,2018-08-27,无保留意见,False,613721809.9580114,364187273.4939789,249534536.46403244,0.5934077420499286,44804929.1716542,2574414.467976754,1688956.1317119848,57169407.244688265,246297713.36466342,9294524.31130096,182955.6877831767,359112683.3438416,40000000,6.238363411600811,-14918414.541500637,-13416504.128001414,18059333.465685524,-4502746.503349522,-0.11256866258373806,-4169448.692017799,-47246123.2903884,-40146154.07929602,100689889.87697355,13297612.507289127,-0.12174546335252218,0.20288038454702975,0.08318298842405623,0.07675647279476248,2021-06-18,2018-09-15,False,False,False,False,False,0.0,0,0,False,[],铄璱能源
2018-09-30,季报,2018-10-27,保留意见,False,724340916.3257152,461302877.8420437,263038038.48367146,0.6368587876852854,53299304.98318065,2852295.898019601,2183377.918250008,67047943.012463346,290909559.20287246,10350130.658525461,209930.61294479002,437250090.2137077,40000000,6.575950962091786,-14851738.640042419,-13356366.481331859,462745.87767524866,95251.28779745474,0.0023812821949363685,85910.9238136504,-143847376.52898872,-46453607.48701748,106707428.68543585,-83593555.33057036,0.05411476187219218,0.36792066291840314,0.04345104563535669,-0.03979077044052258,2021-06-18,2018-11-23,False,False,False,False,False,0.0,0,0,False,[],铄璱能源
2018-12-31,年报,2019-03-30,无保留意见,False,635673769.3754356,377174319.52122235,258499449.8542132,0.5933457343879471,44435117.87489548,2482464.4892213806,1457564.5175457022,53673087.75998988,241381008.10651085,9113516.827675411,168056.4144790681,357133844.2259086,40000000,6.46248624635533,-17386234.02614293,-15848602.385565298,14855192.763742622,-3620707.694429295,-0.09051769236073239,-3560337.006047769,-95854597.44388205,-40768889.44641265,107704447.07867473,-28919039.811619967,-0.01725449541679116,-0.21736790642435255,-0.0435130532973381,0.12565487273096307,2021-06-18,2019-05-21,False,False,False,False,False,0.0,0,0,False,[],铄璱能源
2019-03-31,季报,2019-04-30,无保留意见,False,741506616.4576049,453321673.29053795,288184943.16706693,0.6113521622452796,54437548.569815785,3110492.2603006675,1952266.7000417057,67860644.96086739,318497087.8106709,11454453.346331635,228882.35009866345,443794416.34694177,40000000,7.2046235791766735,-15624628.037013164,-14313635.711153865,4379477.174623964,2516579.98447109,0.06291449961177725,2192809.5348734735,-36446776.39566399,-52748736.11393708,115368766.86898646,26173254.359385386,0.11483774270929986,0.4587154192262484,0.018006427857332367,0.11065913265172574,2021-06-18,2019-05-16,False,False,False,False,False,0.0,0,0,False,[],铄璱能源
2019-06-30,半年报,2019-08-27,无保留意见,False,929728139.6362236,588559140.9682009,341168998.66802263,0.6330443447678022,66168987.85868604,3281696.724400903,2375413.8568602437,74765284.0534612,330289789.80277073,13994562.924718155,298504.19824834686,535785527.2405612,40000000,8.529224966700566,-15886579.997565214,-14554883.561358394,1399641.6252231505,-374217.0865029283,-0.009355427162573208,-344639.7860064679,-64024399.30699519,-63451338.427183695,142843702.36625388,15367964.632074997,0.1838543503303008,-0.14812006372398037,0.021692182522522665,0.1172638231690971,2021-06-18,2019-10-24,False,False,False,False,False,0.0,0,0,False,[],铄璱能源
2019-09-30,季报,2019-10-27,无保留意见,False,1574319665.4953904,1166677719.839468,407641945.6559225,0.7410678691308541,114855630.62848137,6378067.830937175,4332584.887860215,145640370.06036732,578646188.3152589,25466769.63313236,480883.76321526873,937446707.9871,40000000,10.191048641398062,-20107279.08076857,-18414031.567341533,4614384.123596107,-6029570.11886194,-0.1507392529715485,-5513068.5799759105,-251166307.08108744,-109764708.5155266,242848664.3868527,-118082351.20976129,0.19483876684992102,-0.34015559217773167,0.1080235243630519,-0.021737051441383992,2021-06-18,2019-12-05,False,False,False,False,False,0.0,0,0,False,[],铄璱能源
2019-12-31,年报,2020-03-30,非标准无保留意见,False,1584970672.2793114,1154586996.8168666,430383675.4624448,0.7284595336748285,124031335.49764816,7238048.951250501,4580712.132313755,149286449.05588916,671751463.3503239,25755956.453726813,514632.17195999296,1018571020.9222454,40000000,10.75959188656112,-13875879.180177981,-13067816.954229262,9375470.812461803,8901999.857986558,0.22254999644966394,7637449.447303242,-110334568.56253773,-105619618.97992319,227634367.3721046,11680179.829643667,0.05578849293815783,1.3610742822868773,-0.012608335456025565,-0.119403286507715,2021-06-18,2020-05-18,False,False,False,False,False,0.0,0,0,False,[],铄璱能源
2020-03-31,季报,2020-04-30,无保留意见,False,2690276166.224928,2278441680.7382994,411834485.48662835,0.846917394334082,196454395.1777038,11184628.519917585,6790070.894042669,254698279.48404726,1139867614.0751622,38186400.43163601,808896.7110265049,1588857765.4720092,40000000,10.29586213716571,-14965574.327132463,-13937709.194552371,3302380.6168420203,-1556707.3527921196,-0.03891768381980299,-1242703.2004615846,-95280018.25327024,-177941329.22708884,429793924.31891394,156572576.83855486,-0.04309919505168381,-0.4037799115172903,0.11845786065925336,0.020928811208152064,2021-06-18,2020-06-22,False,False,False,False,False,0.0,0,0,False,[],铄璱能源
2020-06-30,半年报,2020-08-27,无保留意见,False,3011732155.480739,2606326828.683843,405405326.796896,0.8653913077698026,247745142.1706567,13220635.665273556,7792407.336755569,301754350.82608426,1210898262.0541766,46581856.219411515,873017.5049281467,1869047600.4428508,40000000,10.1351331699224,-12109861.152684277,-11377923.919544945,18280134.506664522,4079590.249211695,0.10198975623029237,3656836.1071534664,-276474348.3646517,-227388150.1690204,474442850.2819615,-29419648.251710594,-0.015611025585037124,0.36496735060077024,0.018473913435720607,0.06255663126109645,2021-06-18,2020-09-10,False,False,False,False,False,0.0,0,0,False,[],铄璱能源
2020-09-30,季报,2020-10-27,无保留意见,False,4004855838.6942887,3604370254.82486,400485583.8694288,0.9,293424708.865319,18233292.34099664,10972356.557546563,388897707.0491249,1617556505.3680072,61946005.839834355,1284608.1116395956,2481671655.317956,40000000,10.01213959673572,-11760921.213127619,-11090051.963422712,1068949.856066615,498485.6279380843,0.012462140698452107,411245.6516031906,-684122770.3485887,-261437005.27057275,591047631.2143708,-354512144.40479064,-0.012135368240812308,-0.16988492560511378,0.0605630371693586,0.05888518332988401,2021-06-18,2020-11-11,False,False,False,False,False,0.0,0,0,False,[],铄璱能源
2020-12-31,年报,2021-03-30,无保留意见,False,3528562712.6861544,3123495309.7333064,405067402.9528482,0.8852032864552699,236684656.3280121,14168406.289219845,8694980.136380404,292829298.7713421,1385112382.309496,46306197.44927555,1083572.2992870328,1999402458.9141905,40000000,10.126685073821205,-9222454.560668679,-8653880.619957257,7855135.679177671,3626380.932084199,0.09065952330210497,3480244.7763792225,-420098570.30931175,-225653479.47586977,574670673.23912,-71081376.54606152,0.011440659209628683,0.17875234295430203,-0.04075105848389117,0.06552093970143234,2021-06-18,2021-04-19,False,False,False,False,False,0.0,0,0,False,[],铄璱能源
2021-03-31,季报,2021-04-30,保留意见,False,2748628052.8269463,2338249010.02692,410379042.80002654,0.850696771293608,190702416.0589957,10957616.905585535,7339794.3776652785,226269628.9245778,1172391075.92935,40814476.15806025,777380.5792588126,1596381945.759625,40000000,10.259476070000664,1862933.4581765342,2398149.373088873,0.0,15836268.598350305,0.3959067149587576,15788614.275780186,-93118535.05738714,-192186354.8210813,429216117.0961473,143911227.21767884,0.01311297776236196,0.5919549195987993,-0.034506515161662046,0.1952802786226211,2021-06-18,2021-06-27,False,False,False,False,False,0.0,0,0,False,[],铄璱能源
2021-06-30,半年报,2021-08-27,非标准无保留意见,False,2175157445.956256,1781018838.3008962,394138607.65535975,0.8187999639345251,156300209.8843076,9505598.186757289,6375087.092988376,192804802.5662826,808547032.8635834,31237882.026236698,655149.6228277505,1294716174.2145815,40000000,9.853465191383993,26689917.450899176,25985184.897059523,65013131.38761252,35467119.98960378,0.8866779997400945,33695765.034243785,-234789767.0143389,-148351384.6037325,332419244.86810356,-50721906.74996787,-0.039574231261562134,0.5978405046985067,-0.03189680735908273,0.1029014418160542,2021-06-18,2021-09-07,False,False,False,False,False,0.0,0,0,False,[],铄璱能源
2021-09-30,季报,2021-10-27,无保留意见,False,2172979288.4674125,1812476023.4209187,360503265.04649395,0.8340972383124947,154991696.710104,9267013.983340682,6466215.89433135,192577642.69434813,893037023.5678273,33246769.32944541,658057.8058535845,1320478962.4583728,40000000,9.01258162616235,58538814.949588776,54524654.12484175,195194490.0898299,45498424.998128,1.1374606249532,40770670.32540318,-412274866.9914704,-140699499.92096767,330778543.42176574,-222195823.4906723,-0.08533886799102167,0.1911922173451086,0.01529727437796961,0.032557147378913506,2021-06-18,2021-12-05,False,False,False,False,True,0.0,0,0,False,[],铄璱能源
2021-12-31,年报,2022-03-30,无保留意见,False,2153571885.1714582,1746237735.77107,407334149.40038824,0.8108564881418119,167463935.65441418,10119954.63109789,5676309.102266925,201798685.1175156,921808161.09327,34833393.19463051,630035.5688236618,1289948103.02984,40000000,10.183353735009707,107864432.6793651,96923439.88610797,214300542.903626,70465168.18539476,1.7616292046348692,60569693.944666035,-404757589.37621325,-132019868.56983444,343725849.3069574,-193051608.63909024,0.12990418921130864,0.39947795785277135,-0.023240750170682938,0.05593548942937877,2021-06-18,2022-05-22,True,False,True,False,False,79458912.28038502,0,8,True,"['上市公司控股子公司向母公司实施利润分配的情况', '是否影响偿债能力、过去十二个月内是否使用过募集资金补充流动资金以及未来十二个月内是否计划使用募集资金补充流动资金等内容']",铄璱能源
2022-03-31,季报,2022-04-30,保留意见,False,3966407418.6957088,3569766676.826138,396640741.8695708,0.9,287884547.6756468,15734810.909685366,9050578.49121852,330552460.2339638,1447824983.9919577,55975494.60782538,1168508.030048793,2231279634.3395576,40000000,9.91601854673927,162679716.21921623,147882429.2324647,261361811.6291798,78307547.91407306,1.9576886978518266,72798556.20908105,-60652628.10508693,-246759049.42577714,635579245.9317997,328167568.4009356,-0.026252175386126054,0.08966288971233981,0.13298504504299433,0.05772182653786426,2021-06-18,2022-06-24,False,False,False,False,False,0.0,0,0,False,[],铄璱能源
2022-06-30,半年报,2022-08-27,无保留意见,False,3935671769.7222705,3542104592.7500434,393567176.972227,0.9,282674301.5902259,17509636.915689807,10878113.671391582,362199256.0423648,1744003386.4705167,57329168.892007954,1287755.1669769923,2484964979.4913497,40000000,9.839179424305675,175748534.29354313,159333066.43710545,30990051.697729673,18669740.106181294,0.46674350265453235,16358053.149486788,-419772839.96623194,-263380256.8195584,624345191.7742256,-58807905.01156473,-0.0077489893823225065,-0.6257406586691303,0.037456550734325085,-0.015850498105778224,2021-06-18,2022-09-16,True,False,False,True,False,15913795.968790058,0,0,True,['是否影响偿债能力、过去十二个月内是否使用过募集资金补充流动资金以及未来十二个月内是否计划使用募集资金补充流动资金等内容'],铄璱能源
2022-09-30,季报,2022-10-27,无保留意见,False,3576682434.2067575,3219014190.786082,357668243.42067564,0.9,249741117.4981662,14794623.620104343,8690170.85494205,298643572.7090652,1376506581.8368254,50743662.20673588,1116136.114118556,2073203110.393908,40000000,8.941706085516891,184359000.98250696,166806711.09774423,13907747.861121664,12300666.698519748,0.3075166674629937,10676635.229483986,-74031708.98067236,-235652207.9872108,539896437.9945798,230212521.02669662,-0.09121424664456874,-0.17855676516571625,-0.035682039233540366,-0.002404115915973588,2021-06-18,2022-12-14,False,True,False,False,False,0.0,2,0,True,"['公司在相应期间是否按照中国证券监督管理委员会相关规定为中小股东参与现金分红决策提供了便利', '公司为增强投资者回报水平拟采取的措施']",铄璱能源
2022-12-31,年报,2023-03-30,无保留意见,False,3809130288.615919,3428217259.7543273,380913028.8615918,0.9,283039998.873088,15878815.932214852,10923950.144853178,360663350.2718296,1610319780.4724987,63512979.91381308,1227813.4171752753,2391532785.5486517,40000000,9.522825721539796,190171344.8153808,171655807.77422583,5211912.128013792,8303348.332676925,0.20758370831692313,6927280.966402298,-157703116.67417505,-241288771.8446085,636561446.1705241,237569557.65174055,0.06498979394594041,-0.13642414375659123,-0.01568800428986649,0.02497748308962229,2021-06-18,2023-04-24,False,False,False,False,False,0.0,0,0,False,[],铄璱能源
2023-03-31,季报,2023-04-30,无保留意见,False,4206640592.372029,3785976533.134826,420664059.2372028,0.9,314819797.51251495,18232288.331211638,12370490.622801706,367856282.6313083,1727030392.0051248,66379851.61632607,1369031.5608677305,2551465095.089715,40000000,10.51660148093007,200381614.92680368,181252260.83887202,0.0,14586100.159175497,0.3646525039793874,13709218.663780237,-228169783.78442574,-295695708.9816809,650497209.2879807,126631716.52187401,0.10435723475884265,0.24829725077866405,-0.004456272516827277,0.032132529146608454,2021-06-18,2023-05-16,False,True,False,False,False,0.0,3,0,True,"['结合所处行业特点、发展阶段和自身经营模式、盈利水平、偿债能力、资金需求等因素，未进行现金分红或现金分红水平较低原因的说明', '结合前述财务报表列报项目的具体情况说明现金分红方案确定的依据及未来增强投资者回报的规划']",铄璱能源
2023-06-30,半年报,2023-08-27,无保留意见,False,4582605564.389822,4124345007.9508395,458260556.43898207,0.9,314081301.48592305,18693228.587634236,13022699.522392916,374800156.1110484,1957581600.8853865,61855417.23971599,1398005.938080867,2734226613.7042475,40000000,11.456513910974552,208480423.63508183,187855519.64526716,0.0,11569726.726111643,0.28924316815279105,9433226.866278803,-171441421.83268794,-289578954.6376174,750446889.284195,289426512.8138896,0.08937416063058409,-0.09549686152652886,0.029952085600039934,0.03733797378113806,2021-06-18,2023-10-02,False,False,False,False,False,0.0,0,0,False,[],铄璱能源
2023-09-30,季报,2023-10-27,无保留意见,False,4891715261.583471,4402543735.425124,489171526.158347,0.9,332769209.2508025,18373631.168948133,12144642.345790528,436038366.45696545,1821164729.8516626,68274418.30511163,1405751.5887371127,2674544757.4585934,40000000,12.229288153958676,200631036.39717582,180737177.1300003,26377107.522301048,-11213410.339865766,-0.28033525849664415,-10169060.736095537,-757604033.8055936,-325911891.99392015,730726838.6186254,-352789087.1808884,0.06745282631253614,-0.7974572975230627,-0.008293608362886125,0.12322645437979732,2021-06-18,2023-12-11,False,False,False,False,False,0.0,0,0,False,[],铄璱能源
2023-12-31,年报,2024-03-30,无保留意见,False,5864378231.969424,5277940408.772482,586437823.1969423,0.9,361886046.01826787,20257259.62206355,13292835.119185941,442044247.8111725,2179227755.3391347,76671625.42944644,1552506.2595466622,2962966722.885468,40000000,14.660945579923558,191477870.2945487,172612632.7575193,18126454.195447974,-13075951.575181581,-0.32689878937953953,-11606491.960687112,-746506364.2707852,-404760188.5573031,965702146.0065362,-185564406.82155204,0.198838836353508,-0.3218720083346309,0.13984092017536948,0.1316771731127719,2021-06-18,2024-04-13,False,True,False,False,False,0.0,4,0,True,"['根据公司盈利能力、融资能力及其成本、偿债能力及现金流等情况披露现金分红方案的合理性，是否导致公司营运资金不足或者影响公司正常生产经营', '留存未分配利润的预计用途以及收益情况']",铄璱能源
2024-03-31,季报,2024-04-30,无保留意见,False,5104229289.969284,4593806360.972356,510422928.99692833,0.9,385911680.38710356,20400002.21434892,12939156.109325144,441495318.91845673,2077076480.535141,70026482.1583801,1493440.0273640759,2951963138.813232,40000000,12.760573224923208,182779179.9931957,164436064.06541708,22752698.021135487,-12426700.430504274,-0.31066751076260685,-11680812.417288931,-84095102.59118158,-344787659.97761613,816817176.9146203,387934414.3458226,-0.12962140433852284,0.16545441706860492,0.09228657222839619,0.022954689932014088,2021-06-18,2024-06-08,False,False,False,False,False,0.0,0,0,False,[],铄璱能源
2024-06-30,半年报,2024-08-27,无保留意见,False,4992167557.308001,4492950801.577201,499216755.73080003,0.9,390249119.5647463,21276240.922636837,13684867.008802647,442641851.44733655,2020826199.2692463,75441035.66858567,1480180.2307894167,3008336415.7004776,40000000,12.48041889327,174560006.71036977,157237165.0077398,57813453.78520913,-11741676.118322797,-0.2935419029580699,-10284141.51096753,-620821273.5900711,-334874165.0024469,770545442.9888572,-185149995.60366082,-0.0219546823418579,0.1497877630301415,0.0759092221108219,-0.09197399246387479,2021-06-18,2024-10-23,False,False,False,True,True,0.0,0,0,False,[],铄璱能源
2024-09-30,季报,2024-10-27,无保留意见,False,4958770911.152678,4462893820.03741,495877091.1152676,0.9,393151046.8823635,22046669.757271346,13263280.635742282,436865309.4702981,1973566972.755686,74212662.11408527,1606001.7877315194,3014755588.916057,40000000,12.396927277881689,166570486.41796952,149709290.14651644,14449896.924011847,-11413600.417714603,-0.28534001044286506,-10754106.94460482,-616208280.747266,-317622275.96132886,815125825.1230935,-118704731.58550143,-0.006689808739779939,0.062391687539709445,0.020852066425857282,-0.11583105246018902,2021-06-18,2024-11-29,False,True,False,False,False,0.0,3,0,True,"['根据公司盈利能力、融资能力及其成本、偿债能力及现金流等情况披露现金分红方案的合理性，是否导致公司营运资金不足或者影响公司正常生产经营', '上市公司控股子公司向母公司实施利润分配的情况', '公司为增强投资者回报水平拟采取的措施']",铄璱能源
2024-12-31,年报,2025-03-30,无保留意见,False,4679508923.388221,4211558031.0493984,467950892.33882195,0.9,320783886.0380614,19141674.671938956,13113652.766508443,447318759.4835076,1835220722.452131,68612012.43004256,1365574.6151351708,2773621689.6549416,40000000,11.698772308470549,158803658.11758605,142612394.70046017,12288933.770615956,-11095469.000547867,-0.27738672501369666,-10138422.065794649,-337624210.87981987,-328181756.1811501,661668000.7354722,-4137966.3254977465,-0.056316775420371466,0.056947486924411116,-0.07012717810272999,-0.014005277568350431,2021-06-18,2025-04-19,False,False,False,False,False,0.0,0,0,False,[],铄璱能源
2017-03-31,季报,2017-04-30,无保留意见,False,321372458.5716114,137831474.07737526,183540984.49423614,0.4288839021551135,59517316.59111098,0.5353868234907992,125336018.49237081,4109.764713657221,331006.2701575794,3233976.765081032,28515988.1057197,205591240.08507448,40000000,4.588524612355903,6289190.053851388,6351610.144983059,24174536.540533625,8984557.219787698,0.22461393049469244,9073728.778547227,-60159468.01993044,-10548216.333996052,92383527.44992253,21675843.095996037,0.019672136079089714,0.44358651221042766,0.12888390215511353,-0.016599499668893635,2021-11-22,2017-06-18,False,False,False,False,False,0.0,0,0,False,[],珣瑄地产
2017-06-30,半年报,2017-08-27,无保留意见,False,312030752.14786553,119010914.60480863,193019837.5430569,0.3814076458348938,59807746.3370394,0.4857721815405316,107618853.36662301,3904.7736625428133,289617.63881011296,3173098.657954364,24918246.45793092,195633690.74287337,40000000,4.825495938576423,13328146.705596687,12581884.895858709,45663362.23383239,10055652.359636143,0.25139130899090356,8900392.501250932,-37230847.06307087,-9824031.996371074,90872534.1448463,43817655.08540436,0.05164434022701037,0.04122044993065307,-0.04747625632021975,-0.07338002257490624,2021-11-22,2017-09-22,False,False,False,False,False,0.0,0,0,False,[],珣瑄地产
2017-09-30,季报,2017-10-27,非标准无保留意见,False,302958780.88358605,115298279.23082332,187660501.6527627,0.38057414574534965,57569226.04882566,0.5367784178674271,115546911.55221425,3842.8605484727123,326600.960320456,3148394.8270139694,29041207.030027103,205948314.62099782,40000000,4.691512541319068,28137627.973994315,25382705.238099046,45549495.33137964,21156401.81199661,0.5289100452999153,18286886.20320048,-21295406.164377343,-9160075.547757048,93526978.2055873,63071496.49345291,-0.027765725836851825,0.4102931729312683,-0.0008335000895441323,0.04335957179946551,2021-11-22,2017-12-19,False,False,False,False,False,0.0,0,0,False,[],珣瑄地产
2017-12-31,年报,2018-03-30,无保留意见,False,279514107.74505776,95973030.21493931,183541077.53011847,0.34335665912961866,50168800.57608149,0.47690702716542294,105966450.14488159,3303.484830092288,262455.49940286926,2794956.7248357474,24992349.507458802,180681888.8077076,40000000,4.588526938252961,38053779.76658657,33416563.162657384,32259633.043460846,14165931.132274657,0.35414827830686646,11476939.892226199,-15083711.15051613,-9067316.509480301,77090847.98790151,52939820.327905074,-0.021951471334477432,-0.18320570986135565,-0.037217486615731,-0.03689041268667396,2021-11-22,2018-04-28,False,False,False,False,False,0.0,0,0,False,[],珣瑄地产
2018-03-31,季报,2018-04-30,无保留意见,False,224322696.10459512,66039052.66326518,158283643.44132996,0.29439309445742884,43127890.51362289,0.40590228153261326,80790486.70434931,2817.3673236800173,226037.662994161,2021059.14590632,18034477.587094847,148567635.5883822,40000000,3.957091086033249,42891747.57892324,37849512.71941729,18068954.561528035,6911382.589052383,0.17278456472630957,6332785.081085576,-30324054.364022184,-7309157.368417542,60953751.09163261,23320539.359192885,-0.13761188736970253,-0.2327717568402648,-0.0489635646721898,-0.001113946995962036,2021-11-22,2018-05-24,False,False,False,False,False,0.0,0,0,False,[],珣瑄地产
2018-06-30,半年报,2018-08-27,非标准无保留意见,False,250960765.17907467,86412237.67449892,164548527.50457576,0.3443256861798254,40438505.05270896,0.42189051852876014,89752529.55742711,3048.4420692865347,262518.4823389834,2426367.696289067,21118925.569209155,155981976.39530337,40000000,4.113713187614394,42075886.24568621,37140305.44319227,2010553.352677897,-1165516.1903386172,-0.02913790475846543,-1013153.251750021,-43688501.12722674,-8188589.209639503,70622530.37160395,18745440.034737706,0.03958011028200763,-0.3377846826426899,0.04993259172239655,0.08513408726608389,2021-11-22,2018-10-11,False,False,False,False,False,0.0,0,0,False,[],珣瑄地产
2018-09-30,季报,2018-10-27,无保留意见,False,234789877.5036515,93774486.65208016,141015390.85157132,0.39939748531374303,38110155.004812635,0.32672794373607833,73606142.70121987,2694.9110266484877,199682.80130420785,2090658.9573377925,19214560.875670776,133441760.17963007,40000000,3.525384771289283,50329935.14934975,44496380.38547695,45625628.3449669,11791498.433805052,0.2947874608451263,10508678.488978107,-21046696.25924744,-8844868.635132084,60328401.58109811,30436836.686718583,-0.14301639163771943,0.8182783082728577,0.05507179913391765,0.023921482635279035,2021-11-22,2018-11-18,False,False,False,False,False,0.0,0,0,False,[],珣瑄地产
2018-12-31,年报,2019-03-30,无保留意见,False,298472560.43470544,134938211.8081314,163534348.62657404,0.45209586975634497,56644962.94449214,0.49098127362388083,100371875.16137935,3533.934925020115,278584.2935345379,2697733.052094605,23195818.890344534,180781330.26484838,40000000,4.088358715664351,60174107.990404144,53570120.20430906,16707261.266281717,14063104.058649134,0.35157760146622835,12962485.455474457,-28215123.091787755,-9682586.10682801,84172073.06330432,46274363.86468855,0.15969148926946225,0.07889848560910309,0.05269838444260195,0.02827836046847174,2021-11-22,2019-05-28,False,False,False,False,False,0.0,0,0,False,[],珣瑄地产
2019-03-31,季报,2019-04-30,无保留意见,False,325144702.26132977,161753011.36586702,163391690.89546272,0.497480076534849,57677544.15716634,0.5806251219747174,111778245.57600258,4142.883981341584,324183.925132304,3035877.294267447,29461936.734302852,209516358.29604623,40000000,4.084792272386568,73828477.48034434,65034857.18131305,30876511.00539083,19506242.128486,0.48765605321215,16378195.681434276,-36476194.9072599,-10243475.99125,93914275.13812035,47194604.239610456,-0.0008723410849733958,0.1752284015003743,0.04538420677850403,-0.036440347457484354,2021-11-22,2019-05-23,False,False,False,False,False,0.0,0,0,False,[],珣瑄地产
2019-06-30,半年报,2019-08-27,保留意见,False,339391977.1465357,165638982.11443758,173752995.0320981,0.4880462511431771,57692444.85465324,0.5709304362374208,121727336.42119439,4425.390500181244,319951.07718525315,3442032.4741097917,29392865.305953484,213482093.5831739,40000000,4.3438248758024525,81419529.93046941,71638217.42167646,46213839.929689944,10844360.643035814,0.2711090160758954,9433371.771947712,-18875205.272157855,-10917676.223875536,98820373.32711406,69027491.83108068,0.06341389871082542,-0.2372712440509258,-0.009433825391671865,0.126585551321323,2021-11-22,2019-09-25,False,False,False,False,False,0.0,0,0,False,[],珣瑄地产
2019-09-30,季报,2019-10-27,无保留意见,False,253097412.20806497,95842490.38663594,157254921.82142904,0.37867827075152494,44886751.39971739,0.40050665515552486,80097639.41021271,2850.5377953321886,242382.4167019867,2489318.191247353,21063186.676664833,153328469.35720542,40000000,3.931373045535726,75810652.75763768,67129123.97927333,7259320.574332562,-8012681.675473891,-0.2003170418868473,-6441562.060575891,-14063802.28290226,-8891961.407946145,78706000.35177535,55750236.660926946,-0.0949513026098991,-0.6772302140550698,-0.10936798039165219,0.07579986983610365,2021-11-22,2019-11-24,False,False,False,False,False,0.0,0,0,False,[],珣瑄地产
2019-12-31,年报,2020-03-30,无保留意见,False,266129076.04071945,99206263.9139876,166922812.12673184,0.37277499095517247,46901563.425651126,0.45050744785363867,95171624.91009074,3289.169177689094,273474.57877270726,2668275.709828233,23102152.05531791,167803028.5090701,40000000,4.173070303168296,67769634.74332064,60190406.56120607,0.0,-11487168.591881499,-0.28717921479703745,-9912453.454381792,-38979531.78046331,-8907445.458419643,75393600.52177358,27506623.282890625,0.06147909517440209,-0.38659884861603716,-0.005903279796352474,-0.08255253995984928,2021-11-22,2020-04-22,False,False,False,False,False,0.0,0,0,False,[],珣瑄地产
2020-03-31,季报,2020-04-30,无保留意见,True,274066364.8790933,89529584.98845935,184536779.89063394,0.32667118793638206,50553158.45059981,0.38477090480490156,97361442.14866517,3411.213321289832,271558.0519026806,2661463.218341103,23019548.745135747,170795375.27939317,40000000,4.613419497265848,59381810.543278016,53151464.45621778,30343098.72583254,-11982606.000060882,-0.29956515000152206,-10055631.578554697,-40002057.69505588,-9706178.01522118,85318304.23182467,35610068.52154761,0.10552163325962387,-0.08986986386882345,-0.04610380301879043,-0.052411329949143666,2021-11-22,2020-05-23,False,False,False,False,False,0.0,0,0,False,[],珣瑄地产
2020-06-30,半年报,2020-08-27,保留意见,False,391325882.05901337,157551412.6982615,233774469.36075184,0.4026092316441829,72020132.7581491,0.6453913448075853,131616928.09632285,4695.763879935749,397302.0297428379,3571338.1349962912,31819265.447319675,238579881.51390108,40000000,5.844361734018796,50857924.628899954,45402497.036457844,54739091.42148021,-12176979.87768295,-0.30442449694207374,-11069953.45679991,-77823022.91184081,-13270863.054002574,116483881.65541421,25389995.68957083,0.26681775578450373,-0.0387400067892669,0.07593804370780084,0.08098663573215673,2021-11-22,2020-09-22,False,False,False,False,False,0.0,0,0,False,[],珣瑄地产
2020-09-30,季报,2020-10-27,无保留意见,False,497222343.4622622,243492078.54631075,253730264.91595146,0.48970461956883304,82684235.4383643,0.754865333225494,167594413.20319274,6022.902258376465,458307.6271968784,5057322.69632871,41400226.13637563,300741174.86937624,40000000,6.343256622898786,42430323.63485828,37666068.694124185,26904786.812626928,-12039429.991488103,-0.30098574978720255,-11052040.489048084,-89700998.74917541,-15372517.912924517,148456830.9520361,43383314.289936185,0.08536345140582743,0.028519451029942064,0.08709538792465017,0.033482728580917547,2021-11-22,2020-11-20,False,False,False,False,False,0.0,0,0,False,[],珣瑄地产
2020-12-31,年报,2021-03-30,无保留意见,False,506467680.4093228,255379975.92268538,251087704.4866374,0.504237458382911,82811566.78805208,0.7809805910207902,177488428.98571542,5765.201873780637,492070.72317093477,4291484.768108914,44391095.09153514,304618870.0014096,40000000,6.277192612165935,36414739.11376561,32446200.107488908,21049460.65053532,-8593692.172989529,-0.21484230432473822,-7456955.123764688,-15113601.010507392,-16411857.109969225,139909113.06981117,108383654.94933455,-0.010414841249582082,0.6946253782500795,0.014532838814077902,0.18801100490183467,2021-11-22,2021-04-14,False,False,False,False,False,0.0,0,0,False,[],珣瑄地产
2021-03-31,季报,2021-04-30,无保留意见,False,502134939.2696227,272898882.59007424,229236056.67954847,0.5434771836172516,91537427.06630924,0.8638846696000609,190161527.37196967,7172.696505484142,506420.6195841077,4737568.304014125,43808062.73381464,334011450.3474683,40000000,5.730901416988711,31328916.60751453,28116980.26361116,23637184.29965003,-7265460.723215826,-0.18163651808039566,-6184599.776968212,-91063940.22031744,-15819336.963417595,142395912.25502807,35512635.07129304,-0.08702794846830855,0.1580041413075473,0.039239725234340654,0.11060367084607328,2021-11-22,2021-06-08,False,False,False,False,False,0.0,0,0,False,[],珣瑄地产
2021-06-30,半年报,2021-08-27,无保留意见,False,580614281.609169,296894712.3137851,283719569.2953839,0.5113458654357299,104761743.73374607,1.0521122832906231,232353084.2800545,7470.371592604199,541006.3374463286,6136098.394536495,49229542.36987948,381077218.3301238,40000000,7.092989232384597,26497129.406753495,24035265.48860428,23316665.690720607,-6902553.143944336,-0.17256382859860842,-5831021.107152689,-42020731.9858442,-18380273.824282173,159546805.9759648,99145800.16583844,0.23767427081507725,0.03728040628866584,-0.03213131818152175,0.14353364342236077,2021-11-22,2021-10-16,False,False,False,False,False,0.0,0,0,False,[],珣瑄地产
2021-09-30,季报,2021-10-27,无保留意见,False,517644099.39240813,249556058.2156397,268088041.1767684,0.48209968684770016,92324839.34136906,0.8394166235758153,155176224.5974285,6617.413170135838,516068.6766928604,4883185.146634044,42290616.8565328,324878688.7797441,40000000,6.70220102941921,24450806.069397505,22261818.12711809,10271633.0417802,-2923319.0533657,-0.0730829763341425,-2533496.2306945627,-63502307.00849876,-16907770.086603463,151132609.64452025,70722532.54941803,-0.055094994530819064,0.39408319224697874,-0.029246178588029685,-0.08607379240149172,2021-11-22,2021-11-18,False,False,False,False,False,0.0,0,0,False,[],珣瑄地产
2021-12-31,年报,2022-03-30,无保留意见,False,632602116.8788633,333209914.14576715,299392202.73309624,0.5267290533104133,121695263.41245577,1.0752474100992706,239793816.303707,8557.883543887381,558194.037731073,6000192.033848894,53043339.086336724,400519196.78875965,40000000,7.484805068327406,23185151.354005806,21162502.797680557,7722003.692350559,-1808078.164845284,-0.0452019541211321,-1570450.4706250413,-86855259.77971987,-21768914.00963392,160879282.10770604,52255108.31835225,0.11676821322920154,0.07922612530243267,0.04462936646271317,-0.03817252105727433,2021-11-22,2022-04-13,False,False,False,False,True,0.0,0,0,False,[],珣瑄地产
2022-03-31,季报,2022-04-30,无保留意见,False,755704507.762767,435916018.94177854,319788488.8209884,0.5768339535677649,136974165.0994865,1.2509501088783417,269772550.8570131,9641.416286110141,775352.6850488356,7786515.637676347,64692121.26796947,480635564.1253932,40000000,7.99471222052471,22266955.496682633,20329524.225200135,4545658.286395143,-1311708.3676045332,-0.03279270919011333,-1189969.389257743,-13319381.58610381,-25089444.757396627,200540874.76112983,162132048.4176294,0.06812564222347221,0.03267327219207595,0.05010490025735163,0.06754335784399004,2021-11-22,2022-05-18,False,True,False,True,False,0.0,3,0,True,"['公司为增强投资者回报水平拟采取的措施', '公司在相应期间是否按照中国证券监督管理委员会相关规定为中小股东参与现金分红决策提供了便利']",珣瑄地产
2022-06-30,半年报,2022-08-27,无保留意见,False,628472442.8686447,367862392.686665,260610050.18197978,0.5853278005437557,121509616.74066526,1.046872123619272,230079821.0758358,7607.658795901273,594912.7480964024,5784352.199235878,53548011.05663146,398174938.3281911,40000000,6.5152512545494945,26287297.79401659,23899324.021800373,17831050.61377684,5743346.139048509,0.14358365347621274,5099713.9951431975,-35974336.80640354,-21381056.89742511,179320168.3026965,121964774.59886785,-0.1850549369590837,0.44970189692832707,0.008493846975990704,-0.003104237368414597,2021-11-22,2022-10-09,False,True,True,False,False,0.0,1,0,True,"['是否影响偿债能力、过去十二个月内是否使用过募集资金补充流动资金以及未来十二个月内是否计划使用募集资金补充流动资金等内容', '充分披露高送转的主要考虑及其合理性且送转股后每股收益不低于0.5元']",珣瑄地产
2022-09-30,季报,2022-10-27,无保留意见,False,813972288.9279925,524381010.56380486,289591278.3641876,0.6442246470754165,148431672.30707243,1.2928436119326259,285899591.01650995,10404.957274321245,809287.7125513623,8158552.461010783,61304535.30589678,517641048.5871291,40000000,7.23978195910469,30106851.353941895,27306296.821265664,0.0,5456505.085607581,0.1364126271401895,4867103.999236128,-73488482.2147151,-28413282.378685035,263436850.438814,161535085.8454139,0.1112053359491344,-0.012612086703831394,0.058896846531660815,0.04217660429796793,2021-11-22,2022-12-12,False,False,False,True,True,0.0,0,0,False,[],珣瑄地产
2022-12-31,年报,2023-03-30,无保留意见,False,687148828.8052144,413485057.9020065,273663770.9032079,0.6017401770457166,135557143.97814137,1.1005818246591244,261064189.1521079,8202.290847443528,670707.9385907073,7077596.7485949285,56523289.677077085,447140743.246989,40000000,6.841594272580197,31538399.7357447,28707564.073908333,2627883.9578905767,2045069.1168611497,0.05112672792152874,2001810.3609180984,-67552270.62199809,-22569764.136506226,197344933.4963158,107222898.73781149,-0.054999955630395114,-0.15191304059743593,-0.042484470029699906,0.10968737602607814,2021-11-22,2023-04-11,False,False,False,True,False,0.0,0,0,False,[],珣瑄地产
2023-03-31,季报,2023-04-30,无保留意见,False,629970333.1048206,363181448.86017877,266788884.24464184,0.5765056380833558,102974544.19263126,0.9946704412399767,206593428.57548395,7653.375360716688,557818.9698118889,5251434.362918966,51406303.69187901,366339770.9478458,40000000,6.669722106116046,25213289.16455431,22940073.186190307,0.0,-9035872.244557703,-0.22589680611394258,-8239272.696740034,-26096060.317298625,-20001177.00444569,187213597.88623247,141116360.56448814,-0.025121654342027008,-0.581827311490751,-0.02523453896236086,-0.00035551425713128813,2021-11-22,2023-05-17,False,True,False,False,False,0.0,2,0,True,['充分披露高送转的主要考虑及其合理性且送转股后每股收益不低于0.5元'],珣瑄地产
2023-06-30,半年报,2023-08-27,无保留意见,True,453770057.538026,228279974.0016693,225490083.53635666,0.5030741235775333,88852430.4814378,0.7357756984325202,160065907.34200582,6215.877304638937,501217.5838577987,4696893.945615553,41530218.25381818,303656875.5893988,40000000,5.637252088408917,15968809.919513365,14254085.537261724,64833424.483145855,-13206398.921487065,-0.33015997303717665,-12408553.784183694,-82669282.77469459,-15481376.56443546,128037371.07521911,29886711.736089066,-0.1547995555557508,-0.5236639598202611,-0.07343151450582243,0.10551790490483019,2021-11-22,2023-10-07,False,True,False,True,False,0.0,1,0,True,"['上市公司控股子公司向母公司实施利润分配的情况', '根据公司盈利能力、融资能力及其成本、偿债能力及现金流等情况披露现金分红方案的合理性，是否导致公司营运资金不足或者影响公司正常生产经营', '充分披露高送转的主要考虑及其合理性且送转股后每股收益不低于0.5元', '结合前述财务报表列报项目的具体情况说明现金分红方案确定的依据及未来增强投资者回报的规划']",珣瑄地产
2023-09-30,季报,2023-10-27,无保留意见,False,421247839.5222073,199949735.1858209,221298104.3363864,0.4746605594763649,73244858.62720406,0.6047097602157769,143158773.1530092,4824.380575287908,393709.94430144783,4087371.265524354,34253811.535535954,252730541.16172487,40000000,5.532452608409661,5100239.78050121,5177185.574713876,39184268.148903504,-15526528.770017367,-0.3881632192504342,-12966999.946496928,-5284949.376373591,-15066594.97033675,121832253.57201427,101480709.22530393,-0.018590525730566576,-0.6115903597960217,-0.028413564101168447,-0.1267545829997394,2021-11-22,2023-12-07,False,False,False,False,False,0.0,0,0,False,[],珣瑄地产
2023-12-31,年报,2024-03-30,无保留意见,False,416465048.78699625,173228537.50877652,243236511.27821973,0.4159497610023341,71220379.19988225,0.592442976082453,123518971.62563647,4847.995240645213,379562.75198215747,3439123.8187111644,31523447.761507288,237317864.66980496,40000000,6.080912781955493,-4954619.942014221,-3093724.153994539,8564955.712834708,-14364085.317879189,-0.35910213294697974,-11815585.326726306,-10766328.44693812,-13662201.522679381,124639018.7152988,100210488.7456813,0.09913508752196812,0.7889149299181631,-0.05871079847403075,0.07685706027695542,2021-11-22,2024-05-05,False,False,False,False,False,0.0,0,0,False,[],珣瑄地产
2024-03-31,季报,2024-04-30,非标准无保留意见,False,461576457.77399755,205045707.697908,256530750.07608956,0.44422912877048176,87396208.26134865,0.7159765590579754,149263283.10484686,5619.368344264907,457172.2960960256,4239226.075797267,41100102.57190996,289951811.6468342,40000000,6.413268751902239,-15158747.318451779,-12284044.032681914,67433028.41209787,-14577324.823482227,-0.3644331205870557,-13129028.398124823,-33072060.06612531,-15930872.719409756,131775805.44273305,82772872.65719798,0.05465560547636519,-0.08089772671681005,0.02827936776814766,0.1147200900889466,2021-11-22,2024-06-13,False,False,False,True,False,0.0,0,0,False,[],珣瑄地产
2024-06-30,半年报,2024-08-27,无保留意见,False,442151548.6792941,183672148.97515246,258479399.70414165,0.41540541817343135,76710835.07190652,0.707178229796131,157940982.91875166,5411.849959237345,420782.7804384764,4397655.081233307,37634196.55265492,281653474.6769592,40000000,6.461984992603541,-24629055.489170786,-20939421.81649791,13387780.70683392,-13529011.672455722,-0.33822529181139305,-12364825.405451424,-83805068.12872088,-14617077.8382244,130167502.04072177,31745356.0737765,0.00759616391981889,0.43270891665026817,-0.02882371059705044,0.11094446391575592,2021-11-22,2024-10-22,False,False,False,True,False,0.0,0,0,False,[],珣瑄地产
2024-09-30,季报,2024-10-27,无保留意见,True,468755451.5388024,220125051.2924229,248630400.24637952,0.46959464806181883,72353074.00355975,0.7216225599304406,151665608.4936282,5631.081691329813,414308.8784593547,4131553.5554302586,37525739.384851426,280195166.46453226,40000000,6.215760006159488,-34173949.514143355,-29557928.317834105,38479809.096850745,-13635562.89281795,-0.34088907232044874,-12312152.144765997,-85024408.44632536,-15120602.553204127,134747782.6911513,34602771.69162181,-0.0381036147137272,-0.030697660236043867,0.0541892298883875,0.0552590864243257,2021-11-22,2024-11-08,False,False,False,False,False,0.0,0,0,False,[],珣瑄地产
2024-12-31,年报,2025-03-30,无保留意见,False,568515699.4978186,307061102.50304073,261454596.9947779,0.5401101548721944,98199722.78299928,0.8833892510294854,190746466.21648136,7073.093671883662,573794.002903165,4990571.340954938,45973103.81549756,344303385.8601281,40000000,6.5363649248694475,-43738651.02948877,-38265342.18961551,48404640.935770065,-13663859.307636317,-0.3415964826909079,-12439162.673973434,-46576164.31940807,-18589997.98273018,160665240.8329762,95499078.53083795,0.051579359304776515,-0.00841044546737455,0.07051550681037555,-0.005959565449928081,2021-11-22,2025-04-17,False,True,False,True,False,0.0,0,0,True,"['上市公司控股子公司向母公司实施利润分配的情况', '公司在相应期间是否按照中国证券监督管理委员会相关规定为中小股东参与现金分红决策提供了便利', '结合前述财务报表列报项目的具体情况说明现金分红方案确定的依据及未来增强投资者回报的规划']",珣瑄地产
2017-03-31,季报,2017-04-30,无保留意见,False,282619492.4913538,86996555.81149685,195622936.67985696,0.30782220661640436,26788803.658754624,2.2146564950523234e-15,3526053.093023721,9970126.944697417,4946814.438404565,1275293.671215185,24792502.80505627,70015957.31739844,40000000,4.890573416996424,-1609628.3865553048,-1475252.5938296183,10674185.640964411,-2299469.1236504354,-0.05748672809126088,-2107503.7054708833,54753785.308778554,-29535443.715280402,-16363847.020119343,8854494.573378809,0.08679409266587185,-0.18330384020280205,0.00782220661640436,-0.012601841490786605,2021-10-12,2017-06-21,False,False,False,False,False,0.0,0,0,False,[],裴璱集团
2017-06-30,半年报,2017-08-27,无保留意见,False,283891903.47941834,85237678.11645007,198654225.36296827,0.3002469498839711,26252825.529882092,2.41612448608278e-15,3734474.844328729,11324494.771545699,4556017.625008032,1356805.5593064842,24184475.324119117,72099954.9972919,40000000,4.9663556340742065,-7401657.774625253,-6669990.626611015,10973361.859877812,-8274327.697242783,-0.2068581924310696,-7421054.332544853,22847912.340100482,-29066318.965239257,-15251074.885228531,-21469481.510367304,0.015495568845651878,-0.4064382860624979,-0.007575256732433257,0.03785161054677995,2021-10-12,2017-09-16,False,False,False,False,False,0.0,0,0,False,[],裴璱集团
2017-09-30,季报,2017-10-27,无保留意见,False,347838282.433703,118284719.44457753,229553562.98912546,0.340056645338117,35687654.18600277,3.2072537080360988e-15,4505090.448397202,14150243.916688548,6382896.8478215225,1745353.7314836911,31819605.386663545,94601199.04987992,40000000,5.738839074728136,-9864412.978314739,-8982292.386398913,14309336.588516584,-3518221.71955641,-0.08795554298891024,-3303288.228268426,38445289.048368685,-35323092.534662925,-20401106.079852037,-17278909.566146277,0.15554331940183944,0.5450704327027609,0.03980969545414593,-0.03458269575320001,2021-10-12,2017-12-01,False,False,False,False,False,0.0,0,0,False,[],裴璱集团
2017-12-31,年报,2018-03-30,非标准无保留意见,False,398643112.1883677,149988775.0177271,248654337.17064065,0.3762482542200656,35146407.18487665,3.329331678150704e-15,4972369.10889615,14559133.022030966,7261709.196488992,1917391.940494396,33134132.473366737,103885940.61354668,40000000,6.216358429266016,-11275591.43440439,-10339979.570953455,7846477.298070311,-2015969.2229852155,-0.05039923057463039,-1939553.1207922031,26774873.46920006,-40581934.65627106,-24361721.575429466,-38168782.762500465,0.08320835421935949,0.11142836392364759,0.03619160888194855,0.025739835338769206,2021-10-12,2018-05-19,False,False,False,False,False,0.0,0,0,False,[],裴璱集团
2018-03-31,季报,2018-04-30,无保留意见,False,368148736.3325232,123148209.70717728,245000526.62534598,0.3345066750302411,35259418.9004812,2.952041788257483e-15,4404590.584955996,13253563.61634192,6151899.64561052,1728540.082266788,28792038.53087858,94774203.32530454,40000000,6.125013165633649,-11069756.32161682,-10157369.19766441,1467965.676460639,294050.16112510115,0.007351254028127529,260871.96184149463,4732455.825651118,-39909563.62333192,-19900546.380986717,-55077654.178667516,-0.014694336671824192,0.15416541907093811,-0.04174157918982442,-0.027710285331695846,2021-10-12,2018-06-07,False,False,False,False,False,0.0,0,0,False,[],裴璱集团
2018-06-30,半年报,2018-08-27,保留意见,False,384082341.21929127,136743594.36502627,247338746.854265,0.35602676741379446,33044421.850722052,2.9698763550574527e-15,4772173.057366678,15015124.977673879,6493320.985115164,1765665.9345499293,31088111.591630984,92621691.65625381,40000000,6.183468671356625,-16033756.50328885,-14253711.30718382,34258532.478038415,-7091428.830960045,-0.17728572077400112,-5851917.299313447,65293151.1470668,-35324534.17858839,-19035135.3679928,10933481.600485612,0.009543735522228525,-0.4270531728123927,0.021520092383553305,-0.11746383801573432,2021-10-12,2018-09-08,False,False,False,False,False,0.0,0,0,False,[],裴璱集团
2018-09-30,季报,2018-10-27,无保留意见,False,447008178.6555054,179671596.48875108,267336582.16675434,0.4019425260386972,45350643.823147185,3.686768916814938e-15,5469019.683344838,18173450.087234125,8274020.766018222,2140444.78711113,39268587.37027395,116481090.87919953,40000000,6.683414554168858,-18563317.921422694,-16544357.00229196,15874677.39773074,-3613659.1687626336,-0.09034147921906584,-3272350.993011626,31626938.77196768,-45071220.23447668,-22812121.2115059,-36256402.674014896,0.08085201193435447,0.3509859900955197,0.04591575862490275,-0.058462892781209745,2021-10-12,2018-12-11,False,False,False,False,False,0.0,0,0,False,[],裴璱集团
2018-12-31,年报,2019-03-30,无保留意见,False,492650827.4941771,210268557.43358007,282382270.060597,0.4268105231916318,50262812.44834874,4.404662478579583e-15,6815618.985955193,17759526.20525537,9559697.934957497,2594015.672136015,40927166.28753024,130556471.76692133,40000000,7.059556751514925,-22766534.856871914,-20304151.06047978,19454618.107143804,-6004595.6220703125,-0.1501148905517578,-5371134.368839741,23319647.684875846,-48683035.577471115,-28763110.624006398,-54126498.51660167,0.05627994407610755,-0.17861015817917686,0.024867997152934584,-0.04458702581539263,2021-10-12,2019-05-23,False,False,False,False,False,0.0,0,0,False,[],裴璱集团
2019-03-31,季报,2019-04-30,无保留意见,False,560853380.5830109,252788024.93843,308065355.64458084,0.4507203374180524,55053819.616801985,4.164386818000768e-15,6571004.576396013,22126944.743677508,9119946.095827527,2629333.0971887414,43582228.17818571,135597568.8476461,40000000,7.701633891114521,-20191449.754928287,-18130134.901672095,7225853.027123903,3678693.002776608,0.0919673250694152,3105737.3697252595,104526436.25400372,-62811983.9664201,-32759636.664870694,8954815.622712925,0.09095148069484836,0.8806668942784418,0.02390981422642064,0.03816352216299469,2021-10-12,2019-05-27,False,False,False,False,False,0.0,0,0,False,[],裴璱集团
2019-06-30,半年报,2019-08-27,保留意见,False,608952594.3207214,259545420.79519966,349407173.5255217,0.4262161344180152,60357702.99581826,5.266056658098027e-15,8021874.128307855,23654251.63316305,10152444.131418994,2853451.073709253,47657422.73177856,157879005.2605071,40000000,8.735179338138042,-14424514.465494666,-13166432.837456053,6495483.370717123,8238478.984905176,0.20596197462262938,7091002.94888006,24181128.413833752,-63295549.7998808,-33096508.706193022,-72210930.09224007,0.13419820542442779,0.22050648856367802,-0.024504203000037215,-0.05273218521201301,2021-10-12,2019-10-19,False,False,False,False,False,0.0,0,0,False,[],裴璱集团
2019-09-30,季报,2019-10-27,无保留意见,False,542970255.8313328,204125713.7007657,338844542.1305671,0.3759427178717777,49953658.35411453,4.8437768287591744e-15,7232581.183189199,21899636.248576608,10118729.213308597,2567785.29974937,48354394.859738216,146396772.02113715,40000000,8.471113553264177,-8578613.850810768,-8292395.622090055,0.0,8351286.592405569,0.20878216481013923,6962910.307665714,33318135.669638384,-50543564.59189371,-28049010.91995341,-45274439.842208736,-0.030230150366913136,0.004469667429953273,-0.05027341654623748,-0.01830926223796432,2021-10-12,2019-12-06,False,False,False,False,False,0.0,0,0,False,[],裴璱集团
2019-12-31,年报,2020-03-30,无保留意见,False,666200668.6319016,291710864.3430927,374489804.28880894,0.43787236800909424,68692336.5709492,6.030452779123404e-15,8787528.625995355,27576491.84337059,11132060.107046645,3313798.7619381305,60040869.046344176,180296508.0735253,40000000,9.362245107220224,-2617092.021384296,-3148047.509566853,10733411.989653585,8516459.756323531,0.21291149390808828,7349068.732176003,72559532.9144856,-63460209.26811022,-38114292.93643769,-29014969.29006231,0.10519650673466263,0.006515375987562123,0.06192965013731656,0.18270855544777803,2021-10-12,2020-05-18,False,False,False,False,False,0.0,0,0,False,[],裴璱集团
2020-03-31,季报,2020-04-30,无保留意见,False,778881502.9808218,370520418.50212145,408361084.47870046,0.4757083292954315,75413337.42780697,6.846785904495456e-15,10592425.698930947,32567830.210872445,14047915.47085242,3566702.100760265,72507861.71999338,207375945.81472525,40000000,10.209027111967512,28240812.406071223,27169133.24017409,135558236.39515367,44082720.61065075,1.1020680152662687,43310258.21391563,107192932.27739999,-74009312.24838905,-49029119.022932455,-15845498.993921518,0.09044646824021356,1.3938556208022992,0.037835961286337205,-0.004114546583603974,2021-10-12,2020-06-06,False,False,False,False,False,0.0,0,0,False,[],裴璱集团
2020-06-30,半年报,2020-08-27,无保留意见,False,783302941.2072909,328343480.2843999,454959460.922891,0.4191781531910629,78481798.23743632,6.907038514944172e-15,10662938.911813457,31631047.316263597,14930403.598889932,3785660.7084548185,71552761.9057034,210735676.775739,40000000,11.373986523072276,71379918.95534821,64828025.21138771,95815117.32006533,61627295.07039569,1.5406823767598923,53798417.10173375,80213661.00984214,-77710629.02415322,-46852594.31937809,-44349562.33368917,0.1141107177332443,0.2872264739414007,-0.05653017610436857,0.009157923187811473,2021-10-12,2020-09-15,False,False,False,False,False,0.0,0,0,False,[],裴璱集团
2020-09-30,季报,2020-10-27,无保留意见,True,886216668.9817553,376651811.870786,509564857.1109692,0.42501097649579445,93271722.14766607,7.987940581112983e-15,11947524.73770529,36728006.72133197,15045001.469508251,4028392.7754116524,81304033.40600915,230991271.92992803,40000000,12.73912142777423,103383208.3342923,94354510.24535206,73126116.0473833,45718984.82706299,1.1429746206765747,42180692.90566336,49611591.74213745,-82195862.95539556,-45011719.01329953,-77595990.22655764,0.12002255338818638,-0.20232554393598123,0.00583282330473158,0.031067232410190763,2021-10-12,2020-12-15,False,False,False,False,False,0.0,0,0,False,[],裴璱集团
2020-12-31,年报,2021-03-30,无保留意见,False,1021398762.9407697,514091843.9786176,507306918.9621521,0.5033213888946422,103349322.4484857,8.589271770350612e-15,13096945.677635975,41156465.219544195,17867455.25623819,4961259.210217726,85884602.65671723,263337391.75306824,40000000,12.682672974053803,128526404.09530453,115280482.31234047,94961987.65569825,35918851.08716036,0.8979712771790089,29894245.809983417,156666711.41652685,-106391027.91583027,-53198031.914255574,-2922348.4135589898,-0.0044311104215833865,-0.15625466143823663,0.07831041239884773,0.009112847329377283,2021-10-12,2021-05-20,False,False,False,False,False,0.0,0,0,False,[],裴璱集团
2021-03-31,季报,2021-04-30,无保留意见,False,865942622.7561057,405950050.5891731,459992572.1669325,0.46879555287060826,86620070.2337907,7.190217645364078e-15,9860813.535155607,30802174.126085963,15162598.393327931,3697901.488394934,68139792.54972015,215503457.30275878,40000000,11.499814304173313,175725613.36329696,155585914.80364552,35961798.54534336,67427441.81141776,1.6856860452854439,57579189.27329292,103548324.74923082,-79638278.44036455,-54470963.89498809,-30560917.586121827,-0.09326572342442162,0.5954133560526657,-0.03452583602403397,0.06590527130584699,2021-10-12,2021-06-15,False,False,False,False,False,0.0,0,0,False,[],裴璱集团
2021-06-30,半年报,2021-08-27,无保留意见,False,802314417.6236963,395177583.48215157,407136834.1415447,0.4925470299444361,80633378.27282946,6.157662763103957e-15,10099160.296981687,32956779.75245331,13963707.378925942,3738286.020698172,61627960.34954779,208596577.32520807,40000000,10.178420853538617,223834295.1855113,198683400.66171253,56196284.98873028,68726688.31744906,1.7181672079362267,61567836.94009572,59126127.98870533,-70009076.27114855,-47029063.17397798,-57912011.4564212,-0.11490563375055174,0.01538891239809656,0.023751477073827902,0.0448640849503307,2021-10-12,2021-10-10,False,False,False,False,False,0.0,0,0,False,[],裴璱集团
2021-09-30,季报,2021-10-27,无保留意见,False,886983046.122161,482678552.52748764,404304493.5946734,0.54418013358624,92739456.35713357,7.837164078647191e-15,11622321.42012911,34240564.07975813,14926073.724900687,4295784.290815719,75413264.04426505,232558589.92595422,40000000,10.107612339866835,280260144.9618568,254167649.13866588,311572879.90761083,80608356.82335068,2.015208920583767,79263212.10993336,146131418.2621611,-78760963.80174695,-50366486.36910414,17003968.091310017,-0.006956728817826939,0.13859941097810008,0.05163310364180388,0.10910041946474726,2021-10-12,2021-11-20,True,False,True,True,False,34305897.33696452,0,4,True,['结合前述财务报表列报项目的具体情况说明现金分红方案确定的依据及未来增强投资者回报的规划'],裴璱集团
2021-12-31,年报,2022-03-30,无保留意见,False,945613149.885229,476627217.5151749,468985932.37005407,0.5040403864656748,92428278.65207933,7.787261996792143e-15,12375429.396241123,35897331.003746554,18561437.50384544,4923065.4843016,93681645.94031815,263876305.1833444,40000000,11.724648309251352,330627272.51377714,302656938.2691337,65068535.28606791,71953039.35988626,1.7988259839971565,69270413.04352544,99856506.86501817,-93986240.00891222,-50627656.73182609,-44757389.875720136,0.15998199327516155,-0.08867393884243545,-0.040139747120565186,-0.044834965396259384,2021-10-12,2022-05-27,False,False,False,False,False,0.0,0,0,False,[],裴璱集团
2022-03-31,季报,2022-04-30,无保留意见,False,974760619.0620297,496255762.6509414,478504856.41108835,0.5091052643555368,93504824.36780648,8.555862164524022e-15,12007768.488808725,39536297.5616951,15028345.65744896,4342621.315115896,83346048.84201743,238541591.90342936,40000000,11.962621410277208,347235952.0852236,317421678.9977097,67742577.40287204,23726685.10206633,0.5931671275516582,21092486.755108535,44463989.00568749,-99114353.04192263,-55291542.00312042,-109941906.03935556,0.020296822109204322,-0.5421552158853811,0.005064877889862022,-0.0362326236165812,2021-10-12,2022-05-25,False,False,False,True,False,0.0,0,0,False,[],裴璱集团
2022-06-30,半年报,2022-08-27,无保留意见,False,1097149498.3564963,601975499.3604472,495173998.99604905,0.5486722641373779,99926055.40014781,9.252560144686826e-15,12733512.707184443,43225468.41404137,17414135.853403743,4692657.974682694,94369636.73479007,265984063.57900992,40000000,12.379349974901226,372430273.809036,338012028.5170633,58335036.23370929,35991888.176874876,0.8997972044218719,29414785.02764804,171889683.9416379,-108746611.20589858,-60875625.41086824,2267447.324871078,0.03483589008893978,0.3011588849932266,0.039566999781841077,0.25776843362830193,2021-10-12,2022-10-07,False,False,False,False,True,0.0,0,0,False,[],裴璱集团
2022-09-30,季报,2022-10-27,保留意见,False,1108960548.0185006,617693075.8690174,491267472.1494832,0.5570018491394633,105109634.44188625,9.37155410347198e-15,13232031.660300221,39698747.94566885,18575600.981433097,5094270.525623627,92865644.60201764,277057748.60260004,40000000,12.28168680373708,407271344.55084807,367454925.4548517,134948270.95814633,49772958.20258867,1.2443239550647167,42061281.339697696,106677794.48345137,-109859696.57520872,-59239717.84220606,-62421619.93396342,-0.007889200269978207,0.2600599921957056,0.008329585002085372,0.002983138019686427,2021-10-12,2022-11-28,False,False,False,True,False,0.0,0,0,False,[],裴璱集团
2022-12-31,年报,2023-03-30,无保留意见,False,1118956281.042194,636303676.3228735,482652604.71932036,0.5686582104264354,90407732.42712311,8.054285991733417e-15,13538478.35802298,39691270.17405354,18409540.855234385,5057770.413629073,88635577.17295122,261523209.26346886,40000000,12.06631511798301,460032175.29680747,413935557.6822357,37739649.354744375,75372615.35137053,1.8843153837842632,66400903.18197718,60378249.290263034,-114334781.44444574,-60271364.17908105,-114227896.33326375,-0.017536002114020444,0.38338360075515426,0.011656361286972063,-0.035191560460192894,2021-10-12,2023-05-03,False,True,False,False,False,0.0,4,0,True,"['结合前述财务报表列报项目的具体情况说明现金分红方案确定的依据及未来增强投资者回报的规划', '公司在相应期间是否按照中国证券监督管理委员会相关规定为中小股东参与现金分红决策提供了便利', '上市公司控股子公司向母公司实施利润分配的情况']",裴璱集团
2023-03-31,季报,2023-04-30,无保留意见,False,1256202710.0928476,785868640.8591365,470334069.2337112,0.6255906268511806,113669428.46802479,9.591600974990934e-15,14084462.550850738,45097598.87923325,19058049.250248197,5872069.4639990665,107452296.94184974,298663286.8233378,40000000,11.75835173084278,495337322.30377144,446185279.2754765,28058180.177715313,50435924.295662835,1.2608981073915708,46071030.84748685,236046739.53672272,-133423889.28244837,-71061432.40528606,31561417.848988295,-0.0255225712347969,-0.2699576163438974,0.056932416424745294,-0.01796343987427447,2021-10-12,2023-05-31,False,True,False,False,True,0.0,4,0,True,"['留存未分配利润的预计用途以及收益情况', '公司在相应期间是否按照中国证券监督管理委员会相关规定为中小股东参与现金分红决策提供了便利', '结合前述财务报表列报项目的具体情况说明现金分红方案确定的依据及未来增强投资者回报的规划', '结合所处行业特点、发展阶段和自身经营模式、盈利水平、偿债能力、资金需求等因素，未进行现金分红或现金分红水平较低原因的说明']",裴璱集团
2023-06-30,半年报,2023-08-27,无保留意见,False,1596292376.3427386,1131820508.6844516,464471867.6582871,0.7090308301024169,141306932.27156958,1.2469257002154953e-14,18658875.524104938,60576849.111415,25603190.8115323,6773996.171019961,122752605.55751072,380446768.1774438,40000000,11.611796691457178,526953347.08413064,474106409.7883436,135452305.08733004,45165749.686227486,1.1291437421556871,39887329.30409588,155217306.97267142,-157583827.17284226,-87644492.77131273,-90011012.97148357,-0.012463910141519291,-0.07815084711123761,0.08344020325123627,-0.09870614839859877,2021-10-12,2023-09-10,False,False,False,False,True,0.0,0,0,False,[],裴璱集团
2023-09-30,季报,2023-10-27,保留意见,False,1496434316.391622,968545080.7364562,527889235.655166,0.647235277971923,162983473.0414526,1.3556224485389462e-14,20026907.49308161,58041998.146987766,29995847.417314474,7220524.599052699,139849811.8910728,399585567.23101443,40000000,13.19723089137915,558388826.4792489,503551600.63625973,0.0,44907827.70731176,1.122695692682794,42064558.35416594,147035863.54433504,-151230276.11944017,-79203532.50686562,-83397945.08197075,0.13653651041689163,-0.004148940215754771,-0.06179555213049394,0.056748346349535544,2021-10-12,2023-12-08,True,True,False,False,False,27372030.954472713,1,0,True,"['结合前述财务报表列报项目的具体情况说明现金分红方案确定的依据及未来增强投资者回报的规划', '公司在相应期间是否按照中国证券监督管理委员会相关规定为中小股东参与现金分红决策提供了便利', '留存未分配利润的预计用途以及收益情况', '是否影响偿债能力、过去十二个月内是否使用过募集资金补充流动资金以及未来十二个月内是否计划使用募集资金补充流动资金等内容']",裴璱集团
2023-12-31,年报,2024-03-30,无保留意见,False,2248277292.2212687,1646287130.2921846,601990161.9290838,0.7322438099553434,221474587.8292489,1.9276464064630585e-14,25614954.99159716,81536974.37746052,39236334.24427227,10013994.51080716,175137360.49571705,562884381.8840872,40000000,15.049754048227095,600051957.2864703,540345008.0325319,253245974.6529996,59518758.29603061,1.4879689574007653,52562010.56610302,443815188.7521611,-229735503.46145844,-130148877.86528066,83930807.42542198,0.140372110793187,0.23601103656546488,0.08500853198342052,0.0007072034363410467,2021-10-12,2024-05-07,False,False,False,False,False,0.0,0,0,False,[],裴璱集团
2024-03-31,季报,2024-04-30,无保留意见,False,3393272863.9581494,2704386864.9975524,688885998.9605972,0.7969847912092066,331767519.4158791,2.7060620712693484e-14,40832173.69175164,126493845.78386602,53883807.30199187,14560130.843097819,256108086.44497588,831387976.9895924,40000000,17.22214997401493,617163628.5469359,556832738.195261,30035349.747952893,24445244.657808065,0.6111311164452017,23553900.232470214,597202640.5984092,-362797470.82186127,-196766130.9473865,37639038.829161406,0.1443476032117448,-0.45836490841281696,0.06474098125386311,0.1324374069285834,2021-10-12,2024-06-21,True,False,False,False,False,22555694.200887367,0,0,True,"['公司在相应期间是否按照中国证券监督管理委员会相关规定为中小股东参与现金分红决策提供了便利', '根据公司盈利能力、融资能力及其成本、偿债能力及现金流等情况披露现金分红方案的合理性，是否导致公司营运资金不足或者影响公司正常生产经营', '充分披露高送转的主要考虑及其合理性且送转股后每股收益不低于0.5元']",裴璱集团
2024-06-30,半年报,2024-08-27,无保留意见,False,3998249461.440554,3258253668.753716,739995792.686838,0.8149200544329667,368223562.0542609,3.0534931223958544e-14,51144863.22299772,148196632.98982164,64507811.37684394,16779520.451305117,313221925.97616833,976662994.0868657,40000000,18.49989481717095,638721303.0020688,576418617.7553151,110324951.97332972,30796677.793046862,0.7699169448261716,27979827.942934472,687536613.8414738,-368317671.80039,-203005129.2003069,116213812.84077692,0.07419194729368307,0.153248778905259,0.017935263223759945,0.10031826521140248,2021-10-12,2024-09-28,True,False,True,False,False,14611454.114534248,0,8,True,"['充分披露高送转的主要考虑及其合理性且送转股后每股收益不低于0.5元', '结合前述财务报表列报项目的具体情况说明现金分红方案确定的依据及未来增强投资者回报的规划', '结合所处行业特点、发展阶段和自身经营模式、盈利水平、偿债能力、资金需求等因素，未进行现金分红或现金分红水平较低原因的说明', '上市公司控股子公司向母公司实施利润分配的情况']",裴璱集团
2024-09-30,季报,2024-10-27,无保留意见,False,4552636115.8239765,3831164134.278016,721471981.5459607,0.8415265434814172,408367043.9966773,3.637150561499524e-14,52403215.287750416,156108872.46961987,66764100.34535022,21831331.290724535,331029591.5138212,1077154047.0001721,40000000,18.036799538649017,659832079.7494442,594507861.6290561,150190216.1863708,30158252.49625078,0.7539563124062695,25841776.96248707,873098883.5830847,-414282927.15590304,-249006341.99123573,209809614.43594593,-0.02503231954011464,-0.013357106106001417,0.02660648904845053,-0.044843812614384616,2021-10-12,2024-12-18,True,False,False,False,False,41464752.11002523,0,0,True,"['是否影响偿债能力、过去十二个月内是否使用过募集资金补充流动资金以及未来十二个月内是否计划使用募集资金补充流动资金等内容', '上市公司控股子公司向母公司实施利润分配的情况', '充分披露高送转的主要考虑及其合理性且送转股后每股收益不低于0.5元']",裴璱集团
2024-12-31,年报,2025-03-30,保留意见,False,3502992346.675272,2812756105.761188,690236240.9140842,0.8029581076392602,342281622.104213,2.9967215668267335e-14,46336053.23382291,144887334.76884067,63309787.23423272,17152877.731037773,291022643.6095312,914115257.5709171,40000000,17.255906022852106,710370607.013716,638231240.5208666,69757989.13618918,72197896.09181683,1.8049474022954206,62461969.84544356,457314743.31800896,-343677435.069988,-202511207.57072887,-88873899.32270792,-0.04329446108904311,0.8914588936243626,-0.03856843584215701,0.10184467107129778,2021-10-12,2025-05-03,False,False,True,False,False,0.0,0,8,True,['公司为增强投资者回报水平拟采取的措施'],裴璱集团
2017-03-31,季报,2017-04-30,非标准无保留意见,False,224430018.32765716,58034262.736124165,166395755.591533,0.2585851178401496,6090819.871709394,1841722.7331889274,31706220.114151463,19532786.34262203,1445499.168495137,829.2786045476939,63716905.144976564,126454623.69948295,40000000,4.159893889788325,17243697.85612384,15451430.73286744,73220612.12189174,24633854.080176912,0.6158463520044228,22073472.475524917,15834927.074488588,-44335302.22680404,140112.3843343655,-28360262.767981086,-0.07557913560259448,1.312991893343162,-0.0414148821598504,-0.0781554778218059,2021-10-06,2017-06-23,False,False,False,False,False,0.0,0,0,False,[],祎瀚传媒
2017-06-30,半年报,2017-08-27,无保留意见,False,270094499.8707621,73990203.50796571,196104296.36279637,0.2739419112324368,6864327.032504401,1762274.0393069661,39723608.43428384,24358708.012995265,1639711.8260453083,1145.8697819095241,79543796.1515279,151712678.76637825,40000000,4.902607409069909,34469363.76086828,29605039.46744717,32206053.517863292,24608094.14963492,0.615202353740873,20219441.049399614,6552510.642687268,-49593618.10349663,142519.65443642315,-42898587.80637294,0.17854145777727426,-0.0006187255806869075,0.015356793392287165,0.04417111593673887,2021-10-06,2017-09-13,False,False,False,False,False,0.0,0,0,False,[],祎瀚传媒
2017-09-30,季报,2017-10-27,无保留意见,False,281980820.6152103,65846833.2765844,216133987.3386259,0.23351529062481408,7453067.446255644,2118455.4684274793,41287008.71583673,25121491.229096375,1687942.4622357767,1146.8251521905183,76742430.26614077,165008170.5885785,40000000,5.403349683465648,49967669.8974758,43759698.375339374,85560765.06557672,22140437.338010743,0.5535109334502686,20220941.296988863,37291710.87747835,-51602769.99003525,158615.38612836797,-14152443.72642853,0.1021379508115124,-0.0593071339136505,-0.04042662060762268,0.008762357322073913,2021-10-06,2017-11-21,False,False,False,False,False,0.0,0,0,False,[],祎瀚传媒
2017-12-31,年报,2018-03-30,无保留意见,False,318372619.02502733,84428043.34013358,233944575.68489376,0.26518625753270786,7689421.604111582,2124734.2039490365,44113544.430935904,27954388.12012074,2010506.5196452318,1317.7096145732235,94665281.79042448,175347421.86717427,40000000,5.848614392122344,65504062.90600382,58152574.477756314,59691372.58138967,22194847.155040026,0.5548711788760007,20561251.574881352,33808686.112295136,-53636061.8066965,184983.37121650658,-19642392.323184855,0.08240531054638467,0.001390117758762033,0.03167096690789377,0.06167481364847939,2021-10-06,2018-05-28,False,False,False,False,False,0.0,0,0,False,[],祎瀚传媒
2018-03-31,季报,2018-04-30,无保留意见,False,406893955.5131453,159267815.98774192,247626139.5254034,0.39142340118295643,12051388.234601684,3554873.355433831,64287759.694388874,44593575.43845793,3134182.1539090336,1665.5067248405703,139818297.89993632,260340852.5920889,40000000,6.190653488135085,82379120.99524736,73641131.99979717,61663500.50727734,24107225.84177649,0.6026806460444123,22126510.74577266,17959024.41956843,-82988078.3149428,262881.7089880244,-64766172.18638635,0.05848207337338618,0.048791584239933766,0.12623714365024857,-0.017376334664880384,2021-10-06,2018-06-26,False,False,False,False,False,0.0,0,0,False,[],祎瀚传媒
2018-06-30,半年报,2018-08-27,无保留意见,False,326343282.1851965,92762373.45114963,233580908.7340469,0.2842478411996479,8572727.222801272,2188360.8912029047,48724296.67653521,34174220.80156371,2042822.861593268,1321.8530834916821,103739613.28902924,195673358.68458202,40000000,5.839522718351173,83297531.63924387,74395618.48627797,2417132.4342806796,1312015.205709312,0.0328003801427328,1077837.8378297114,45597899.48657216,-64851856.34643344,180961.9057697515,-19072994.954091527,-0.056719499881052196,-0.5545305033184905,-0.1071755599833085,0.01811245535981521,2021-10-06,2018-09-08,False,False,False,False,False,0.0,0,0,False,[],祎瀚传媒
2018-09-30,季报,2018-10-27,无保留意见,False,348100694.51897126,116858972.28296827,231241722.236003,0.3357045076984169,10098791.639923677,2605985.563919438,44838924.20899791,35674817.30845912,2342836.0995759247,1452.6445948242576,109501017.76401308,203690634.66338477,40000000,5.781043055900075,83189695.4263994,74302343.21298608,531709.028499857,-154051.73263498023,-0.003851293315874506,-133250.39041698197,57293494.41328744,-69016648.65267873,190588.0495756042,-11532566.189815685,-0.010014459275468011,-0.08006038231593447,0.051456666498768996,-0.014817476004828143,2021-10-06,2018-12-05,False,False,False,False,False,0.0,0,0,False,[],祎瀚传媒
2018-12-31,年报,2019-03-30,无保留意见,False,428823141.90575814,175343160.61073086,253479981.2950273,0.4088938853240942,12076538.860959314,3417196.6508828816,67491075.63501903,42964270.50375012,3077304.742680507,1648.0914717162427,123771859.4571334,262552765.67712745,40000000,6.336999532375682,78628164.2797862,70197784.61251579,16878483.088433705,-6516473.066590279,-0.16291182666475698,-5863655.1435289895,54371136.15018049,-83648702.58490436,239034.65701197935,-29038531.77771189,0.09616888701567496,-0.3776825877045439,0.07318937762567729,0.06057616579254642,2021-10-06,2019-04-29,False,False,False,False,False,0.0,0,0,False,[],祎瀚传媒
2019-03-31,季报,2019-04-30,无保留意见,True,451966686.46412987,199132202.48848438,252834483.97564548,0.4405904427300936,12770869.678781996,3162899.3644747026,63446632.45241491,43786496.829326525,2884683.085978876,1668.7168666332107,140741835.44502228,268052311.25628826,40000000,6.320862099391137,72782596.49200085,65048386.4436,21039148.907951884,-8350811.125407631,-0.20877027813519075,-7356283.098451141,9450295.157832934,-87169486.77585718,259721.67318844277,-77459469.9448358,-0.002546541608863709,-0.17497337207877425,0.03169655740599939,0.03174148280150437,2021-10-06,2019-06-17,False,False,False,False,False,0.0,0,0,False,[],祎瀚传媒
2019-06-30,半年报,2019-08-27,无保留意见,False,423887016.14799947,184298639.46349454,239588376.68450493,0.43478245957679196,10531399.654775681,3206449.091743867,63083653.12571093,41135083.972575806,2944144.593776136,1658.609191917456,119642593.01205145,247538951.79289964,40000000,5.989709417112623,74976366.80848886,67004058.854404405,2408675.196982498,3133957.5949828774,0.07834893987457194,2793817.7297205706,62966618.84886842,-76695669.12806141,253512.01542975768,-13475538.263763234,-0.05239042982924961,1.3278434413807128,-0.00580798315330162,0.1349747406523682,2021-10-06,2019-10-06,False,False,False,False,False,0.0,0,0,False,[],祎瀚传媒
2019-09-30,季报,2019-10-27,无保留意见,False,429500276.5688895,178216136.0737998,251284140.49508968,0.41493834997616097,11706671.42407668,3531318.8040789776,64428922.53626456,46723227.71359553,3024766.955968133,1598.823771057397,138088418.85684216,262597347.432506,40000000,6.282103512377242,83495230.78669871,74920706.14335473,8367763.365894427,12169805.683156926,0.30424514207892317,11309496.12707189,16021311.323091129,-80570902.64940149,256056.06156729013,-64293535.26474307,0.048816073519234164,0.4487864864891573,-0.019844109600631,-0.008578622364894189,2021-10-06,2019-12-07,False,False,False,False,False,0.0,0,0,False,[],祎瀚传媒
2019-12-31,年报,2020-03-30,无保留意见,False,432537728.8509194,175857730.47010583,256679998.3808136,0.40657200225582596,11387332.433262607,3067810.839396684,62003773.62615311,39908910.83788086,3019831.9036816093,1634.2940484702976,127662061.04031917,249874173.62071097,40000000,6.41699995952034,99566593.17505638,89968173.40189481,27020357.81136538,22959089.12622524,0.573977228155631,21496381.797914416,34971414.72930522,-87271810.04821682,237495.5421939882,-52062899.77671761,0.021473133461955708,0.3698784818884893,-0.008366347720335034,0.012766553550612725,2021-10-06,2020-05-19,False,False,False,False,False,0.0,0,0,False,[],祎瀚传媒
2020-03-31,季报,2020-04-30,无保留意见,False,521389342.6806155,232982228.08034903,288407114.60026646,0.4468488498106215,15069369.885066388,3859675.1051586033,78881327.51858874,50794663.3178208,3014484.0280179163,2263.6154687013295,158304978.80464476,309936616.78980714,40000000,7.210177865006662,102843861.75482725,92765724.08118108,2507482.294605053,4681812.256815538,0.11704530642038845,3996500.970408948,32221382.158581678,-93583922.96428698,291765.4467434564,-61070775.35896185,0.1236057208181142,-0.457399737308183,0.040276847554795554,0.052125793899688834,2021-10-06,2020-06-05,False,False,False,False,False,0.0,0,0,False,[],祎瀚传媒
2020-06-30,半年报,2020-08-27,非标准无保留意见,False,615427736.9853976,313783613.7528171,301644123.23258054,0.5098626449465054,19144560.609151125,5008014.9215495605,96518070.1695183,70045855.96325159,4086865.166470362,2852.857143824903,222792603.01929766,410677570.32323533,40000000,7.541103080814514,106341187.11816859,95632791.67067395,20642271.77848508,4996179.090487618,0.12490447726219045,4095810.842132676,41326454.98857523,-118403157.52265997,333244.41777772625,-76743458.116307,0.04589695594250736,0.014499103209108433,0.0630137951358839,-0.08347084727020795,2021-10-06,2020-09-11,False,False,False,False,False,0.0,0,0,False,[],祎瀚传媒
2020-09-30,季报,2020-10-27,无保留意见,False,796291603.8570814,475552777.20801663,320738826.64906484,0.5972093324914285,20435656.918765493,6655288.879431682,121427865.77176,84034895.24892287,5705304.131836686,3333.253805203224,222489141.71775863,479427768.67263526,40000000,8.018470666226621,114851397.28707112,103359977.76363824,53618039.674702555,12157443.098432183,0.3039360774608046,11038837.275663257,143186342.65967432,-158411875.97104654,446507.06215422164,-14779026.249217998,0.06330208993251756,0.3255685443587561,0.08734668754492315,-0.038971494266509615,2021-10-06,2020-11-15,False,False,False,False,False,0.0,0,0,False,[],祎瀚传媒
2020-12-31,年报,2021-03-30,无保留意见,False,1124600299.281384,754181275.4003214,370419023.8810625,0.6706216207502709,28742975.68165895,8112323.620486209,140338866.815296,100860817.77498771,7306990.8899620725,4610.985657515367,304951007.24496824,598901066.6698077,40000000,9.260475597026563,120989973.71836057,108691668.60565509,33912234.00627114,8769394.901842091,0.21923487254605228,7616701.202881223,79544940.40813702,-210024665.5812243,603160.0794559893,-129876565.09363128,0.15489299425028782,-0.11619839864395616,0.07341228825884227,0.21902690464511804,2021-10-06,2021-05-20,False,False,False,False,False,0.0,0,0,False,[],祎瀚传媒
2021-03-31,季报,2021-04-30,保留意见,False,1435426738.5040376,1078284798.0299768,357141940.47406083,0.7511945884146868,35656330.23139537,10474685.699743437,192949652.67652294,121669516.02830005,9316596.767237248,5418.0828927977755,387884294.2732629,770090166.944884,40000000,8.92854851185152,130192907.45605083,116863835.48522434,36540716.18115284,13147048.196700353,0.3286762049175088,11674524.113670342,120746292.9672816,-279618250.06187594,746847.3147032055,-158125109.77989116,-0.03584341664715577,0.16987800107581613,0.08057296766441598,0.010519159168775528,2021-10-06,2021-05-23,False,False,False,False,False,0.0,0,0,False,[],祎瀚传媒
2021-06-30,半年报,2021-08-27,无保留意见,False,1345898030.9273167,963464545.1204093,382433485.8069075,0.7158525556773325,31403010.308951765,8850686.522099571,174516558.04573393,110738631.59788142,8438209.039886698,4676.568873168861,362375119.6773679,707178396.5001214,40000000,9.560837145172687,135556207.46593922,121531460.75524786,30699443.61242282,7661857.156983405,0.19154642892458512,6668036.100033623,144763232.0611247,-264302282.60772076,718208.5126932347,-118820842.03390281,0.0708165086947653,-0.18194786447839728,-0.035342032737354236,0.0765890062981824,2021-10-06,2021-10-02,False,False,False,False,False,0.0,0,0,False,[],祎瀚传媒
2021-09-30,季报,2021-10-27,非标准无保留意见,False,1275105606.0928233,894294500.6377473,380811105.455076,0.7013493598997209,33113011.849197302,9941720.726397572,173788756.39528212,115838276.49272974,8744654.830964632,5259.490034370848,430186783.6696085,729121381.3421813,40000000,9.5202776363769,135408908.67104843,121401679.18405144,800786.54891182,-210426.8498439677,-0.005260671246099193,-185402.24456632888,190577750.17962402,-243245118.49817115,827220.4685795214,-51840147.84996761,-0.004242254959469198,-0.3192088883135148,-0.014503195777611532,0.1375644774136103,2021-10-06,2021-11-21,False,False,False,True,False,0.0,0,0,False,[],祎瀚传媒
2021-12-31,年报,2022-03-30,无保留意见,False,1464226511.274722,1060542017.7445835,403684493.5301386,0.7243018819685896,40235756.405418776,11540757.868692152,204178356.58076537,132629870.27007185,9199128.519234778,5432.4208074072185,472282854.7550913,855283111.3777623,40000000,10.092112338253465,135414605.1968265,121406806.37658848,19730.04741943042,8137.893968638033,0.00020344734921595083,7324.560767202822,100301536.03940709,-264471137.57165775,859168.1771951582,-163310433.35505548,0.060064918662832825,0.013017885675704173,0.022952522068868535,0.12618309011690917,2021-10-06,2022-04-23,False,False,False,False,True,0.0,0,0,False,[],祎瀚传媒
2022-03-31,季报,2022-04-30,无保留意见,False,2190772510.0505056,1782426954.3750646,408345555.67544127,0.8136065913726354,55663182.512452185,14389561.472756485,280415146.3933793,190530487.1426122,14723306.63017544,8417.892765998824,574199559.9544268,1185295348.4074578,40000000,10.208638891886032,136842294.1444639,122612125.39386132,7397409.698440082,2039555.6394820102,0.050988890987050256,1721884.3103897749,51525193.77690501,-397732673.88314253,1245351.4810822885,-344962128.62515527,0.011546299696930617,0.11943798657898616,0.08930470940404577,0.2300130404282787,2021-10-06,2022-05-21,True,False,False,False,False,1912978.6573819905,0,0,True,['上市公司控股子公司向母公司实施利润分配的情况'],祎瀚传媒
2022-06-30,半年报,2022-08-27,无保留意见,False,1742752424.2504916,1344746645.7724226,398005778.478069,0.7716223067948162,44366154.72717691,13539043.529611366,252275670.7602072,159965902.85646525,12139622.765242036,6501.486194597179,481506649.07119155,985595167.3320925,40000000,9.950144461951725,140561699.05935758,125939626.58984984,12068455.642620854,5313435.592705291,0.13283588981763228,4753573.137126437,304758427.9096346,-361107383.9668997,987633.3014753142,-55361322.75578979,-0.025321145421233534,0.17195148958383732,-0.041984284577819,0.13334824389579666,2021-10-06,2022-10-11,False,False,False,False,False,0.0,0,0,False,[],祎瀚传媒
2022-09-30,季报,2022-10-27,无保留意见,False,3095452002.3553762,2614297419.7186966,481154582.6366795,0.8445608000800653,81750548.27090076,22231935.896442924,415984831.88505685,297209798.9056734,18892455.30833418,13111.640393544389,901759266.7828072,1752456539.08638,40000000,12.028864565916987,143086504.6926281,128036268.19352339,11641398.776324494,3606865.190386411,0.09017162975966027,2995202.2909622323,504190891.1778467,-603368576.9386668,1679061.801508111,-97498623.95931198,0.20891356019141843,-0.076481741022292,0.07293849328524898,0.16975941532286629,2021-10-06,2022-12-14,False,False,False,False,False,0.0,0,0,False,[],祎瀚传媒
2022-12-31,年报,2023-03-30,无保留意见,False,2698265439.4261384,2204597503.3260603,493667936.10007817,0.8170424862999874,67998365.67848088,17720600.025805574,352858269.4579998,244088952.2551105,17756150.182710893,10225.338755003228,722135243.3843015,1441869426.304748,40000000,12.341698402501954,141042788.50103623,126252027.06484911,11691225.804775888,-2919594.5594169497,-0.07298986398542374,-2548915.898106127,270886527.2716389,-564151767.0238034,1578031.0172399413,-291687208.73492455,0.026006929820405505,-0.31671288619135096,-0.027518313780077863,0.0015269996592771201,2021-10-06,2023-05-09,False,False,False,True,False,0.0,0,0,False,[],祎瀚传媒
2023-03-31,季报,2023-04-30,非标准无保留意见,False,2927116402.324211,2519842287.8929954,407274114.4312156,0.860861660948014,74825247.3401547,21598341.107531622,425260832.3612226,291023356.33072084,21088525.888135187,11809.55275294334,841640646.160681,1767249848.3267772,40000000,10.18185286078039,134776661.49937707,120915589.12986892,7396131.057893314,-8951610.002370201,-0.223790250059255,-7623482.764257406,227758742.1812358,-533340215.31516844,1546944.4110352024,-304034528.72289747,-0.1750039152863849,-0.42839785178113976,0.04381917464802649,0.11190399684154494,2021-10-06,2023-06-04,False,False,False,False,False,0.0,0,0,False,[],祎瀚传媒
2023-06-30,半年报,2023-08-27,非标准无保留意见,False,4152290883.3263793,3737061794.9937415,415229088.33263785,0.9,99107215.89690103,29574158.00564108,580496631.2449731,367674542.8836246,27110116.434077255,16927.561152722537,1320081027.058507,2352158003.431087,40000000,10.380727208315946,127146130.37902224,113771863.97681588,19506612.796869267,-10900758.743364021,-0.2725189685841005,-10205321.647218646,822391248.6117663,-802877020.2150986,2408603.735422861,21922832.13209058,0.01953223546390119,-0.24217871419847115,0.03971667515492315,-0.0641876974606079,2021-10-06,2023-09-06,False,True,False,False,False,0.0,0,0,True,"['公司为增强投资者回报水平拟采取的措施', '是否影响偿债能力、过去十二个月内是否使用过募集资金补充流动资金以及未来十二个月内是否计划使用募集资金补充流动资金等内容', '公司在相应期间是否按照中国证券监督管理委员会相关规定为中小股东参与现金分红决策提供了便利', '根据公司盈利能力、融资能力及其成本、偿债能力及现金流等情况披露现金分红方案的合理性，是否导致公司营运资金不足或者影响公司正常生产经营']",祎瀚传媒
2023-09-30,季报,2023-10-27,无保留意见,False,2382401595.299819,2040305121.389902,342096473.90991706,0.8564068817848214,57298705.18386614,15917236.651193863,349390061.04031837,205372157.36870235,15977917.72127096,9716.816540297128,710012088.4824222,1348940670.4114888,40000000,8.552411847747926,122325104.88148628,109260110.67399502,33470150.62085048,-6887179.282194214,-0.17217948205485534,-6445361.861172639,163119936.7742125,-458941087.3405536,1386603.415477839,-294434547.15086323,-0.17612594222718475,0.6580456965533268,-0.04417145431811574,0.10363292248709385,2021-10-06,2023-11-06,False,False,True,False,False,0.0,0,4,True,"['留存未分配利润的预计用途以及收益情况', '根据公司盈利能力、融资能力及其成本、偿债能力及现金流等情况披露现金分红方案的合理性，是否导致公司营运资金不足或者影响公司正常生产经营']",祎瀚传媒
2023-12-31,年报,2024-03-30,非标准无保留意见,False,2282846739.239883,1944880012.3443875,337966726.89549524,0.8519538254206116,60054606.265882626,16738970.108498862,327043763.29211503,225025529.88824993,16337454.50400564,9372.530372251149,689832495.2606313,1331468866.940027,40000000,8.449168172387381,121913203.04063348,108869318.22112016,0.0,-588431.2012182754,-0.014710780030456883,-558274.9326783802,262956919.08481225,-418299950.6610656,1257370.331604948,-154085661.24464837,-0.012071878342450748,0.6228477945708701,-0.004453056364209636,0.1371130996222001,2021-10-06,2024-05-10,False,False,False,True,False,0.0,0,0,False,[],祎瀚传媒
2024-03-31,季报,2024-04-30,保留意见,False,3350397044.736892,2991133450.535877,359263594.201015,0.8927698450649666,79872812.64289454,25090580.268679194,436548219.80173475,321692573.6192758,22036538.41832024,12786.01203095891,986079642.3797175,1856501691.638218,40000000,8.981589855025375,132323127.77895048,118308778.53313707,66228438.614169575,14871321.054738551,0.3717830263684638,13484943.302881304,411586591.5274827,-676842388.1644546,1770079.21470058,-263485717.4222713,0.06301468638983851,0.9420033176294789,0.04081601964435492,-0.05644350064724577,2021-10-06,2024-05-30,True,False,False,False,False,17957173.86070284,0,0,True,"['留存未分配利润的预计用途以及收益情况', '充分披露高送转的主要考虑及其合理性且送转股后每股收益不低于0.5元']",祎瀚传媒
2024-06-30,半年报,2024-08-27,无保留意见,False,3250491865.29997,2919950926.9022493,330540938.39772063,0.8983104858909663,83768782.81709395,21586579.160341904,502691472.6531213,322145576.238233,21067151.667428892,13525.508842806776,939070229.5850188,1932069878.0976613,40000000,8.263523459943016,131634123.74112031,117682181.40198666,3696727.9641513648,-984291.4826145247,-0.024607287065363116,-895138.7587862924,282555063.9854946,-664552642.9131219,1844491.6874183696,-380153087.240209,-0.0799486957958324,-0.497488400625794,0.005540640825999843,0.10699519034784119,2021-10-06,2024-10-16,False,False,False,False,True,0.0,0,0,False,[],祎瀚传媒
2024-09-30,季报,2024-10-27,无保留意见,False,3435330507.5843143,3091797456.825883,343533050.7584313,0.9,97592038.77612156,26064081.810841274,519787293.6283071,298880425.9972265,21997973.78457114,12707.160987079262,1107122691.9861357,2012205784.6391723,40000000,8.588326268960783,133720450.49002759,119602030.33910626,6439468.80635442,2980466.7841532566,0.07451166960383142,2742641.338742297,425199930.41027176,-591302023.2799871,1987489.2073359506,-164114603.66237938,0.03930560741942949,0.247554347187571,0.06413595518493533,-0.02461382759042562,2021-10-06,2024-12-12,False,False,False,False,False,0.0,0,0,False,[],祎瀚传媒
2024-12-31,年报,2025-03-30,无保留意见,False,3854804839.1502666,3469324355.23524,385480483.9150266,0.9,102427075.83554122,31639071.40124215,557013342.521074,391403650.0359206,23942741.3658266,15736.466962491148,1154574030.4751105,2367557026.306389,40000000,9.637012097875665,136710854.81294793,122183950.07652843,2993783.146128138,4272006.17560051,0.10680015439001275,3688456.7677459535,126997862.09213617,-687470787.3143135,2130600.7427150216,-558342324.4794624,0.12210596058803168,0.06464010102464633,0.10668203826380636,0.012181323695649424,2021-10-06,2025-05-12,False,False,False,False,False,0.0,0,0,False,[],祎瀚传媒
2017-03-31,季报,2017-04-30,无保留意见,False,273729801.746159,100376659.54280187,173353142.20335716,0.3666997853448391,65293129.04801471,4.051154564287768,1500499.9616596051,3702152.7875133376,81148604.86363353,1569120.3420072263,1490.8209303240646,159008605.26722327,40000000,4.333828555083929,-1976173.4910151036,-1657342.724725938,8806518.612539442,-2823104.987164434,-0.07057762467911086,-2367632.4638941973,48938620.80044205,-4086792.303542415,122401741.39116077,167253569.8880604,-0.036926987759126936,-0.21239472150913521,0.06669978534483913,0.07396114361978305,2021-01-04,2017-06-15,False,False,False,False,False,0.0,0,0,False,[],珣颉股份
2017-06-30,半年报,2017-08-27,非标准无保留意见,False,288013383.96241057,104075612.5756404,183937771.38677016,0.36135686176731147,69119653.82222006,4.181563443376564,1649038.4995297745,3984065.187142588,93722652.5407142,1541160.5481955346,1818.695255613226,168418287.40048963,40000000,4.598444284669254,-3311259.1426384407,-2867219.197433023,1395898.7012407759,-1907265.2166047674,-0.047681630415119185,-1728394.9610101215,11269378.433565218,-4446766.086298315,118304255.55404727,125126867.90131417,0.06105819051722983,0.06460087132834633,-0.005342923577527646,0.039029309217935765,2021-01-04,2017-10-07,False,False,False,False,False,0.0,0,0,False,[],珣颉股份
2017-09-30,季报,2017-10-27,无保留意见,False,275355868.4833346,90685201.64474654,184670666.83858806,0.3293381838718106,68695621.7762675,3.5956059188015472,1387094.0587723514,3813164.4162654458,80952306.06627747,1332707.5509814804,1433.2304446291384,155375691.60126624,40000000,4.616766670964702,-3190790.5024524773,-2771231.028476692,323878.6501277182,172098.0574085191,0.004302451435212977,137125.95565190105,5902180.698627778,-4263239.204570742,129242239.52309161,130881181.01714864,0.003984475000932879,0.13777246495452697,-0.032018677895500884,0.11407884706225707,2021-01-04,2017-11-07,False,False,False,False,False,0.0,0,0,False,[],珣颉股份
2017-12-31,年报,2018-03-30,无保留意见,False,375442213.4970281,163068298.5205061,212373914.97652203,0.43433661069068064,92053372.41786636,5.129624232098882,1854473.8384199354,4862765.31612792,114698156.43134157,1928045.9028832938,2049.351674895921,206865117.28991544,40000000,5.309347874413051,329964.2008583324,345519.169989147,10693603.176683947,5029649.5761583,0.1257412394039575,4452500.283522627,57498560.05537587,-5296505.96408894,165006065.23347652,217208119.32476345,0.15001433964684865,0.2828746669457839,0.10499842681887006,-0.17008966149180407,2021-01-04,2018-05-11,False,False,False,False,False,0.0,0,0,False,[],珣颉股份
2018-03-31,季报,2018-04-30,无保留意见,False,531038151.4881699,271449038.0876688,259589113.40050116,0.5111667350584244,128377302.21815416,8.399280719359353,2761420.416555556,7346113.341539666,171417857.02996242,3004405.990834577,3061.1960969827446,317370081.20416224,40000000,6.489727835012529,5670625.840856373,5256203.355078328,16886065.03068366,7629516.628568631,0.19073791571421578,7015263.121555975,81211548.70407209,-7234299.268914577,249016829.1466211,322994078.58177865,0.2223210813305335,0.11801672302695417,0.07683012436774367,0.03899661147025562,2021-01-04,2018-06-11,False,False,False,False,False,0.0,0,0,False,[],珣颉股份
2018-06-30,半年报,2018-08-27,无保留意见,False,595678262.4004095,307886912.26132923,287791350.1390803,0.51686779876881,129539096.23268972,8.711277355296396,3199355.798187122,7923165.343964481,201137718.31451595,3240333.0732448604,3403.9492940277332,348412864.13573897,40000000,7.194783753477007,14365396.084445825,12771929.567081738,12650641.038360123,12421100.347984932,0.3105275086996233,10736751.731433442,8905919.466926116,-8757563.977450958,266359184.93784237,266507540.42731753,0.10864183158200452,0.1945463969787523,0.0057010637103855994,0.03286672336011193,2021-01-04,2018-10-20,False,False,False,False,False,0.0,0,0,False,[],珣颉股份
2018-09-30,季报,2018-10-27,保留意见,False,458404159.63087267,219315029.28460774,239089130.34626493,0.4784315863564805,107633563.81857544,6.307414646001007,2149674.6715849736,4947141.37104233,126532294.34290521,2105520.213371951,2290.897891211655,240722853.7726809,40000000,5.977228258656623,21744493.58065038,18961048.332554013,27942654.60234343,10541567.851720795,0.26353919629301986,8841598.236388963,41908396.353351325,-7115088.310627618,206916313.25040635,241709621.29313007,-0.16922753157549444,-0.06388382739032616,-0.03843621241232941,0.1170559254249922,2021-01-04,2018-12-13,False,False,False,False,False,0.0,0,0,False,[],珣颉股份
2018-12-31,年报,2019-03-30,无保留意见,False,492275699.21136457,240024346.17213273,252251353.03923184,0.48758113909879464,116728997.98590484,7.224224566656273,2396378.3806587863,6199835.124854314,164962928.66984296,2809232.2823113096,2958.6428727343273,280937940.13602024,40000000,6.306283825980796,31810504.346827738,28434133.97778849,34053156.03211814,14380015.380253367,0.3595003845063342,13532979.493192112,32980127.18446616,-7480041.058176539,210886656.39203936,236386742.51832896,0.05505153109179208,0.13936924539656306,0.009149552742314165,0.018726510984943483,2021-01-04,2019-05-02,False,False,False,False,False,0.0,0,0,False,[],珣颉股份
2019-03-31,季报,2019-04-30,保留意见,False,583838029.8561643,318906047.42852527,264931982.42763904,0.5462234919967301,145303577.03709674,8.347464851971779,2924508.1871292293,7210111.306071379,177373025.0110865,3334451.036687058,3474.2623878855165,332612235.9061938,40000000,6.623299560690976,42711363.17077718,37736379.77568844,34799726.480415426,15572655.462784927,0.3893163865696232,13288922.568428505,86677303.42108908,-8026258.526011193,231601613.40120962,310252658.29628754,0.05026981713130804,0.038006357488341365,0.058642352897935485,0.07867314943546379,2021-01-04,2019-06-04,False,False,False,False,False,0.0,0,0,False,[],珣颉股份
2019-06-30,半年报,2019-08-27,无保留意见,False,537729430.6260985,283769298.56387746,253960132.06222102,0.5277176260065852,123785167.22346273,8.041377207223855,2672590.2771980185,6791883.338061601,179154407.52305523,3036333.9716027468,2946.729099188583,305413010.96016765,40000000,6.349003301555525,56310963.35397915,50553507.572060876,16727556.398933956,19428000.261717103,0.4857000065429276,18310182.566246323,50815275.634875916,-8668903.495360428,245966610.0774931,288112982.2170086,-0.04141383861955874,0.1183613906866452,-0.01850586599014493,-0.027462187068492742,2021-01-04,2019-10-03,False,False,False,False,False,0.0,0,0,False,[],珣颉股份
2019-09-30,季报,2019-10-27,无保留意见,False,571838035.1697193,302386487.72121745,269451547.4485019,0.528797437602188,134827429.18186554,7.632554929186719,2884047.5997907575,7735621.773516411,162024800.15523976,3402696.844818403,2889.8922930195204,323126161.3933762,40000000,6.736288686212547,55727393.16716559,49999017.06179111,2889478.6776273074,-833671.6954479367,-0.020841792386198415,-792129.3003853892,73327449.82057747,-8548377.134671416,254177466.6623207,318956539.3482268,0.060999398844561244,-0.5562114804983799,0.0010798115956027982,0.04677669119598062,2021-01-04,2019-11-18,False,False,False,False,False,0.0,0,0,False,[],珣颉股份
2019-12-31,年报,2020-03-30,无保留意见,False,627919076.0622734,356918719.9581382,271000356.10413516,0.5684151566096729,120662329.92621823,8.503486661558897,3091591.1081150454,8267226.37806911,168227025.39730507,3400837.725846102,3219.9514634140987,340419941.2937693,40000000,6.775008902603379,56724928.979156256,50896930.92967718,4364352.946216742,1425051.1599866673,0.03562627899966668,1282734.0969801059,66499032.18782398,-8867629.58618975,276967494.2858842,334598896.8875184,0.005748004308378706,0.13971774003863316,0.03961771900748484,0.016438780876618615,2021-01-04,2020-05-01,False,False,False,False,False,0.0,0,0,False,[],珣颉股份
2020-03-31,季报,2020-04-30,保留意见,False,601098258.5172524,326998788.7496792,274099469.7675732,0.5440022227918231,153783236.7836551,8.609413972089365,3010129.3095774115,8317671.326824319,191204242.2104067,3469760.047066629,3280.1077318220455,355836418.366264,40000000,6.85248674418933,58207171.85716926,52219604.337668076,8264811.516419529,2117489.825732872,0.0529372456433218,1889533.439986992,15536822.64549902,-8750496.414702497,258434539.84063977,265220866.0714363,0.011435828749417194,0.03758137004525442,-0.02441293381784978,0.03708154732677703,2021-01-04,2020-06-20,False,False,False,False,False,0.0,0,0,False,[],珣颉股份
2020-06-30,半年报,2020-08-27,无保留意见,False,730953360.6635337,416292448.11521894,314660912.5483147,0.5695198497169824,175417216.72113803,10.12603993837244,3779748.9460187396,8690121.558056492,228210347.9510048,4088252.028490916,4431.970847290294,406206419.79113686,40000000,7.866522813707867,67024958.767101936,60530914.733762056,19290255.485379837,12596838.44276096,0.314920961069024,11873300.565848542,91364230.93261954,-10234215.855023207,336231499.50053436,417361514.5781307,0.14798074149919443,0.5481550513458355,0.025517626925159406,0.11121482453632188,2021-01-04,2020-10-07,False,False,False,False,False,0.0,0,0,False,[],珣颉股份
2020-09-30,季报,2020-10-27,无保留意见,False,687254217.5758085,355757871.75351286,331496345.8222956,0.5176510564146091,177824904.8917602,11.218863870671093,3992683.5964453965,10935048.310644569,214837229.3663121,4070576.612955915,4345.139007328888,421033725.16628987,40000000,8.28740864555739,71675943.19346267,64572839.95792942,15295444.162919981,6644263.466229621,0.16610658665574055,5774178.89166766,102628480.6543955,-9721355.566563724,300906009.04703873,393813134.1348705,0.05350341463652855,-0.2011219876759258,-0.051868793302373394,0.12161889323252226,2021-01-04,2020-12-22,False,False,False,False,False,0.0,0,0,False,[],珣颉股份
2020-12-31,年报,2021-03-30,无保留意见,False,765855791.8219619,377695517.180641,388160274.6413209,0.49316793215352966,202827325.45311096,10.626008862689702,4067175.2909139073,10369240.423510069,216527122.74581572,3715187.2465342423,4697.654602256021,444928553.09938574,40000000,9.704006866033023,82730446.06133959,74644945.78872328,48771858.26076143,15792146.954109889,0.39480367385274723,14388722.615419803,29270231.39084285,-12260402.759185119,321946083.54976743,338955912.18142515,0.1709337962035966,0.3868965299319179,-0.024483124261079375,0.023601976255588405,2021-01-04,2021-04-23,True,False,False,False,False,7133431.485222686,0,0,True,"['充分披露高送转的主要考虑及其合理性且送转股后每股收益不低于0.5元', '是否影响偿债能力、过去十二个月内是否使用过募集资金补充流动资金以及未来十二个月内是否计划使用募集资金补充流动资金等内容', '公司在相应期间是否按照中国证券监督管理委员会相关规定为中小股东参与现金分红决策提供了便利']",珣颉股份
2021-03-31,季报,2021-04-30,保留意见,False,927587830.7030888,518127019.44308615,409460811.26000255,0.5585746193439802,229011015.02511925,14.584817857031291,4763450.745059115,13190307.890120039,286276563.93093294,5282164.955534989,5606.6377021650005,546869191.0706084,40000000,10.236520281500065,99264298.18953988,89236236.648427,109745171.873897,23619788.75457184,0.590494718864296,20844701.228148166,165267951.5489497,-14485185.01219844,419721077.6676485,570503844.2043997,0.05487562228866518,0.2387047670717057,0.06540668719045059,0.14807164357167996,2021-01-04,2021-06-07,True,True,False,False,False,4975075.464007111,0,0,True,"['结合前述财务报表列报项目的具体情况说明现金分红方案确定的依据及未来增强投资者回报的规划', '充分披露高送转的主要考虑及其合理性且送转股后每股收益不低于0.5元', '上市公司控股子公司向母公司实施利润分配的情况', '留存未分配利润的预计用途以及收益情况']",珣颉股份
2021-06-30,半年报,2021-08-27,无保留意见,False,1028576753.0017776,580899471.6318859,447677281.3698918,0.5647604516985247,250403882.84343448,14.947415703966511,4894116.494486478,14600568.594435606,313808504.0111731,6066390.3438688135,6034.161937622015,584079078.3258057,40000000,11.191932034247296,119803775.84442393,107323864.45558839,104806261.22549091,29342110.93554865,0.7335527733887162,25839468.29594486,51687290.4985225,-15568906.44200211,453966066.732355,490084450.7888754,0.09333364526946708,0.14087523240338748,0.006185832354544456,0.06207301043011562,2021-01-04,2021-09-08,False,True,False,False,False,0.0,4,0,True,"['上市公司控股子公司向母公司实施利润分配的情况', '充分披露高送转的主要考虑及其合理性且送转股后每股收益不低于0.5元', '留存未分配利润的预计用途以及收益情况']",珣颉股份
2021-09-30,季报,2021-10-27,无保留意见,False,940864636.0460085,528529691.8495589,412334944.1964496,0.5617489186018398,227777677.45778754,15.425103292059669,4690308.694400676,13777748.830235038,334974722.41388524,5387853.116111833,5922.2224356059005,593822566.3077255,40000000,10.308373604911239,138623950.95803654,124154387.37727265,39191500.05874845,26885964.448017992,0.6721491112004498,24043604.173834663,162249240.64468837,-14916549.440296236,420359808.64279723,567692499.8471894,-0.07894601456052171,-0.05300031521970579,-0.0030115330966848275,-0.04847974256913484,2021-01-04,2021-12-03,True,False,False,False,False,32628140.629858926,0,0,True,"['是否影响偿债能力、过去十二个月内是否使用过募集资金补充流动资金以及未来十二个月内是否计划使用募集资金补充流动资金等内容', '公司在相应期间是否按照中国证券监督管理委员会相关规定为中小股东参与现金分红决策提供了便利']",珣颉股份
2021-12-31,年报,2022-03-30,无保留意见,False,886447277.9422338,498515267.5003588,387932010.441875,0.5623744129008934,209562804.22591186,13.319151077827694,4350848.326051627,10958819.060105944,264455250.15486556,5055879.106560049,4498.017669996219,490213746.16947436,40000000,9.698300261046874,167873209.51594457,151341976.4022308,143270234.3715309,41784655.082725786,1.0446163770681447,38839412.89279734,64732324.12469181,-12892655.07425288,370862685.2925154,422702354.34295434,-0.059182308213364156,0.33948645818995216,0.0006254942990534451,0.04203434845944799,2021-01-04,2022-04-24,False,False,False,False,False,0.0,0,0,False,[],珣颉股份
2022-03-31,季报,2022-04-30,无保留意见,False,817663407.7426915,411973977.75297314,405689429.98971844,0.503842991935156,181684265.8127307,11.270000694580883,4382856.412142263,10396364.426112035,247893917.73063925,4472092.636102622,4441.225414568155,440987834.6773017,40000000,10.14223574974296,197527744.66731018,179175203.55227715,0.0,42363621.644808,1.0590905411202,39761753.071494825,113916002.2533545,-12130072.804630347,316409671.79195917,418195601.2406833,0.045774566341191675,0.009848940361518767,-0.05853142096573734,0.02818296430484359,2021-01-04,2022-06-10,False,False,True,True,False,0.0,0,7,True,['留存未分配利润的预计用途以及收益情况'],珣颉股份
2022-06-30,半年报,2022-08-27,无保留意见,False,851626249.8101468,455437751.65700865,396188498.1531381,0.5347859483647193,226901723.22381198,12.032009330708556,4337177.691444113,11282526.631883824,267773276.98200753,5269752.243029813,4747.493772312322,513511510.3608249,40000000,9.904712453828452,225677655.03017315,205305388.21437642,55355329.65868916,40214157.6612328,1.00535394153082,37328835.23157039,86851357.34731568,-11933387.18607215,382044105.106422,456962075.2676655,-0.023419224495992225,-0.03620843749116503,0.03094295642956322,0.12204728826505516,2021-01-04,2022-09-20,False,False,False,False,False,0.0,0,0,False,[],珣颉股份
2022-09-30,季报,2022-10-27,无保留意见,False,794116733.0233606,406718401.3189935,387398331.7043671,0.5121645022773107,204994296.61218795,10.83397815917654,4241471.74626695,10065863.82515814,248512164.63935253,4127106.064891506,4657.075468152302,450057817.33997744,40000000,9.684958292609178,232665442.46138352,211618373.68313542,36988267.27408324,9982553.473157614,0.24956383682894037,9018550.669655753,29812405.78828124,-10081832.030042022,342378834.9028087,362109408.66104794,-0.022186828970924048,-0.5283937651774524,-0.022621446087408587,0.0740305733498317,2021-01-04,2022-12-19,False,False,False,False,True,0.0,0,0,False,[],珣颉股份
2022-12-31,年报,2023-03-30,无保留意见,False,759680860.9850724,385631014.4250999,374049846.5599725,0.5076223901771793,192950132.13983396,10.583158872976856,3746033.2313082092,9650104.100838203,217617096.69290096,4137030.790395175,4351.091547440223,427463196.51280147,40000000,9.351246163999313,231290800.186105,210359522.47680923,7282458.642641181,-1963774.6789692845,-0.04909436697423211,-1798358.8661803014,13259726.696347931,-10505963.924317969,350400081.0488269,353153843.8208568,-0.03445674400730552,-0.4427426842315413,-0.004542112100131322,-0.21607710732897675,2021-01-04,2023-05-15,False,False,False,True,False,0.0,0,0,False,[],珣颉股份
2023-03-31,季报,2023-04-30,无保留意见,False,877872459.1695597,451870688.6555271,426001770.51403266,0.5147338704337334,215024101.04065418,12.855831892582229,4254091.228948989,11382775.299074085,261795613.74984327,4373896.64818637,4656.46270207925,486452120.71155196,40000000,10.650044262850816,231770549.85745367,210780249.29922053,1031519.0774544552,685356.6733552255,0.017133916833880637,601038.3177304341,90487653.19132419,-12949095.239764476,384140635.224632,461679193.17619175,0.13889037632777254,0.17618327045280757,0.00711148025655417,0.11321949809519997,2021-01-04,2023-06-27,False,False,True,False,False,0.0,0,1,True,"['上市公司控股子公司向母公司实施利润分配的情况', '充分披露高送转的主要考虑及其合理性且送转股后每股收益不低于0.5元']",珣颉股份
2023-06-30,半年报,2023-08-27,无保留意见,False,1045854050.3603437,551901126.3405629,493952924.0197807,0.5277037710476029,244126883.91520068,15.00496141092468,5148074.75882259,12274773.428185856,303257269.0573219,5378700.5725052,5959.312208779375,574461352.6485345,40000000,12.348823100494517,229264976.02935782,208553078.06860295,14302766.77314615,-3579391.182994066,-0.08948477957485164,-3181673.186596525,144155580.97094557,-14653691.893851843,407487962.48127484,536989851.5583686,0.1595090870719978,-0.24114570800681473,0.012969900613869495,0.0240647188603907,2021-01-04,2023-09-16,False,False,False,False,True,0.0,0,0,False,[],珣颉股份
2023-09-30,季报,2023-10-27,无保留意见,False,1020903874.0753627,506471643.79985744,514432230.27550524,0.4961012066474634,265705262.60921383,16.072336183466565,5316905.824521746,13869542.82728074,322652054.3469701,6100613.87197778,5649.939302357346,606687678.223667,40000000,12.86080575688763,221638105.37035537,202238667.58768716,7471654.955471427,-10895529.512860678,-0.27238823782151694,-9020586.401308322,28751056.657772195,-15137004.97834635,457744266.8395923,471358318.5190181,0.0414600364930817,-0.5451420594716958,-0.031602564400139574,-0.13995786720456183,2021-01-04,2023-12-17,False,False,False,False,False,0.0,0,0,False,[],珣颉股份
2023-12-31,年报,2024-03-30,非标准无保留意见,False,1085334385.2400436,579776609.1750374,505557776.06500614,0.5341916897314629,258985691.4447035,16.158955433289783,5257349.814853788,13511090.458806101,303033174.829135,5270222.169252574,5680.6730140095615,602909554.8230273,40000000,12.638944401625153,213511029.32731828,194714348.8786593,51778670.60039248,-11610108.632910144,-0.2902527158227536,-10749026.727182621,130114294.70067185,-16161945.118991932,472630713.9884312,586583063.5701112,-0.01725096852066678,-0.11705832988379788,0.03809048308399949,-0.040853010649657844,2021-01-04,2024-04-22,False,False,False,False,False,0.0,0,0,False,[],珣颉股份
2024-03-31,季报,2024-04-30,保留意见,True,1084337179.7432072,592224594.6052737,492112585.1379335,0.5461627671436337,232092109.4937607,13.560884810912183,4772292.322347996,12412303.803013882,289622350.9392014,5285243.7267330205,5516.697353834399,546412311.2325608,40000000,12.302814628448337,204815990.281478,187337946.35072917,7140197.201479838,-12421484.351200387,-0.3105371087800097,-10537717.89704309,151423588.0774722,-16785627.220865093,501458895.9657894,636096856.8223965,-0.02659476634247992,-0.15053656243322922,0.011971077412170818,-0.02277203449096872,2021-01-04,2024-06-10,False,False,False,False,False,0.0,0,0,False,[],珣颉股份
2024-06-30,半年报,2024-08-27,无保留意见,False,1226019013.38433,774886330.0029782,451132683.3813519,0.6320345129591137,305641969.5920783,18.820963210059098,6552865.241320885,14229990.082627458,405422377.67192036,6610809.934004822,7121.828748797,714271436.5639344,40000000,11.278317084533796,194288873.269721,177822990.17177445,39111879.45607153,-15038738.588224268,-0.3759684647056067,-13592794.541363856,133334336.6504553,-17495236.552946903,537504820.5374755,653343920.6349839,-0.08327342765496523,-0.571638154760936,0.08587174581548004,0.013129204766004843,2021-01-04,2024-10-21,False,True,False,False,True,0.0,3,0,True,"['根据公司盈利能力、融资能力及其成本、偿债能力及现金流等情况披露现金分红方案的合理性，是否导致公司营运资金不足或者影响公司正常生产经营', '充分披露高送转的主要考虑及其合理性且送转股后每股收益不低于0.5元', '公司为增强投资者回报水平拟采取的措施']",珣颉股份
2024-09-30,季报,2024-10-27,无保留意见,False,1001890198.4855068,576247981.1713071,425642217.3141996,0.5751608130735127,255530343.3238383,15.050919723977382,5316892.097484672,14387426.67548755,301229749.002481,5420438.159894367,6354.339760349255,584357230.3684036,40000000,10.64105543285499,183381412.5744618,167397013.42385733,16318511.72639255,-15582086.70751316,-0.38955216768782897,-14894252.49702449,192144228.5474224,-14006636.80437816,435514482.6512235,613652074.3942678,-0.05650325725924987,-0.2770401314309967,-0.056873699885600974,0.04619427085118281,2021-01-04,2024-11-19,False,False,False,False,False,0.0,0,0,False,[],珣颉股份
2024-12-31,年报,2025-03-30,无保留意见,False,896185574.4859884,493079604.9315946,403105969.55439377,0.5501981051350919,227426749.05126575,15.982168606594543,4981558.365777161,11553490.658839272,295136102.33709633,5664956.3656943245,6036.356090327764,588716404.7110447,40000000,10.077649238859845,172475936.44722387,157287925.61754206,22616417.696111195,-15579251.610339867,-0.38948129025849665,-14441554.009021802,125553325.55264625,-13613876.401063168,431751442.42618674,543690891.5777698,-0.05294645794773242,0.001999485573845583,-0.024962707938420734,0.08611254098138393,2021-01-04,2025-05-20,False,False,True,True,False,0.0,0,4,True,"['上市公司控股子公司向母公司实施利润分配的情况', '留存未分配利润的预计用途以及收益情况']",珣颉股份
2017-03-31,季报,2017-04-30,无保留意见,False,320359075.69285214,101927728.53906316,218431347.15378895,0.3181671326732991,46411.53443337504,7.572144397367882e-49,11406957.313897898,1709.4730683224502,307569.02068131464,718967.5246935337,130665047.54119423,134375662.26261342,40000000,5.460783678844724,7962171.312607233,7400144.347869177,9291649.220177466,11374530.446581762,0.2843632611645441,10571634.782670254,-33174745.033567883,-5136626.352123427,8032283.819701733,-30279087.565989576,0.21350748418771648,0.5763628025878756,0.018167132673299096,-0.01551745197877039,2021-12-24,2017-06-11,False,False,False,False,False,0.0,0,0,False,[],旻璞能源
2017-06-30,半年报,2017-08-27,无保留意见,True,394180747.6918038,146939193.35245863,247241554.33934516,0.372771106181333,57277.01555076856,9.503249480598834e-49,15183545.678807212,1833.871401834526,375419.3833897441,783623.9438348028,158773800.3800059,166916620.54971233,40000000,6.181038858483629,24237938.864119045,22210943.44610444,53833345.26149041,23251096.50215973,0.5812774125539932,21158284.426050376,-67033302.065469764,-7773995.645112463,10715969.039138164,-64091328.67144406,0.13189593692004317,0.41856432048935316,0.05460397350803391,0.0633827894704675,2021-12-24,2017-10-06,False,False,False,False,False,0.0,0,0,False,[],旻璞能源
2017-09-30,季报,2017-10-27,非标准无保留意见,True,440368393.45705324,166487480.817501,273880912.63955224,0.3780641010825352,58042.40838957775,8.740070822149568e-49,15985967.360008003,1958.7907940253829,382848.49554010073,831705.0289626967,141068794.6000361,164889299.6955342,40000000,6.847022815988806,45964714.3869536,39957425.52024981,25210730.675495144,31038250.746906504,0.7759562686726627,25352117.248779092,-26229508.736043446,-7955735.337061144,10923634.48398494,-23261609.58911965,0.10774628225983332,0.19346440026370304,0.005292994901202193,0.016534978213859804,2021-12-24,2017-11-23,False,False,False,False,False,0.0,0,0,False,[],旻璞能源
2017-12-31,年报,2018-03-30,无保留意见,False,551362459.6401138,225250300.14846265,326112159.49165124,0.40853398016159526,96907.94455517188,1.472797031365908e-48,23093295.237160355,3248.7079826183463,582297.8158721284,1243112.5872584537,226135656.42196423,256316455.61144543,40000000,8.15280398729128,70980572.9438423,63860068.904755615,156668666.60202423,35736940.7955553,0.8934235198888826,34146633.40643688,-60777776.54777643,-10367523.63471463,14735177.779374035,-56410122.40311703,0.19070787499835487,0.09781143100743267,0.030469879079060087,-0.08810084711054783,2021-12-24,2018-04-12,False,False,False,False,False,0.0,0,0,False,[],旻璞能源
2018-03-31,季报,2018-04-30,非标准无保留意见,False,597701134.7899635,262664774.923429,335036359.8665344,0.43945838419017114,76938.4982268209,1.4403440685051657e-48,22048961.91765036,3227.260011747957,534139.5746729601,1414726.5693018432,228956826.9865735,251856367.33681142,40000000,8.37590899666336,90766897.11758964,84179381.46098195,44997906.54404485,28266177.39106761,0.7066544347766902,29027589.366037622,-84092471.85191558,-10281568.747867908,14815022.332069619,-79559018.26771387,0.027365432766427215,-0.14166091722023685,0.030924404028575832,0.08696681063020677,2021-12-24,2018-06-08,False,False,False,False,False,0.0,0,0,False,[],旻璞能源
2018-06-30,半年报,2018-08-27,无保留意见,False,534894408.5705911,230232093.70079634,304662314.8697947,0.4304253138783973,77543.68102017863,1.2099972681623288e-48,20622903.9922112,2653.8221645330987,445639.8729284439,1197611.4943802122,187810687.81735834,214373737.8352616,40000000,7.6165578717448685,122703909.9041563,113488468.60729268,210379054.3648413,45624303.98080953,1.1406075995202383,41870124.49472963,-52954368.46333652,-9458608.677148491,13288842.698818846,-49124134.44166616,-0.09065895119216184,0.3834679133557057,-0.009033070311773821,0.11562113080411913,2021-12-24,2018-09-09,False,False,False,False,False,0.0,0,0,False,[],旻璞能源
2018-09-30,季报,2018-10-27,无保留意见,False,495793642.7899864,179227830.4745338,316565812.3154526,0.36149683054821474,76911.63569026037,1.2158756460911938e-48,17425598.093696322,2432.5946766144593,447578.91506503837,1144788.811874043,189316698.19404683,210046657.6574509,40000000,7.914145307886314,166075446.8501835,151524941.55793738,240669085.70347652,61959338.49432455,1.5489834623581138,54337818.50092099,-48379605.79090427,-9857298.021077208,12885106.550462319,-45351797.26151916,0.03907111862766867,0.2608417734833539,-0.06892848333018252,0.06266317518033622,2021-12-24,2018-11-29,False,False,False,False,False,0.0,0,0,False,[],旻璞能源
2018-12-31,年报,2019-03-30,无保留意见,False,427367704.5024344,154452078.47381502,272915626.02861935,0.36140325262442763,68694.67266974194,1.0214360013305123e-48,17150971.39190154,2249.978367319138,401670.93710353767,1070785.371234393,169809264.08890566,184485524.89926127,40000000,6.822890650715483,219835271.84779358,200558751.62011838,169828650.92377052,76799749.99658583,1.9199937499146458,70048300.08883002,-48630291.76572906,-8006133.168223902,10795253.461284995,-45841171.47266797,-0.13788660868829575,0.1879500485345123,-9.357792378713406e-05,0.12269298250967388,2021-12-24,2019-04-17,False,False,False,False,False,0.0,0,0,False,[],旻璞能源
2019-03-31,季报,2019-04-30,非标准无保留意见,False,535582819.95551723,239301230.515095,296281589.44042224,0.44680527753853294,65856.19484923768,1.1899887423109164e-48,19715206.794911545,2243.9918804338627,426986.92878493434,1043672.5029132087,176559287.2531753,196260799.04724342,40000000,7.407039736010556,278780666.92783076,257301768.49168015,125432840.6343431,84207707.25719595,2.105192681429899,81061452.6736597,-26264921.33827458,-9961368.848402396,13702920.656149833,-22523369.530527145,0.08561607025518067,0.07897630069248324,0.08540202491410533,0.03857090578349547,2021-12-24,2019-06-21,False,False,False,False,False,0.0,0,0,False,[],旻璞能源
2019-06-30,半年报,2019-08-27,无保留意见,False,623616965.1978142,321318496.84072536,302298468.3570889,0.5152497683234156,87383.82165800757,1.4500787945425203e-48,22078418.497575644,2901.1498532977107,554144.1603667986,1297423.532062597,198772249.76119584,254031652.17387512,40000000,7.557461708927223,318243726.0099042,293575131.731503,198060677.32494855,56375798.6886764,1.4093949672169102,51819090.34260408,-10746357.977340853,-11690142.151946869,17031016.523859434,-5405483.605428286,0.020307974343024827,-0.27499791589776074,0.06844449078488266,0.06576254945939645,2021-12-24,2019-09-09,False,False,False,False,False,0.0,0,0,False,[],旻璞能源
2019-09-30,季报,2019-10-27,无保留意见,False,726243055.4428589,405353018.9540907,320890036.4887683,0.5581506300351591,101451.3166247371,1.706495733750141e-48,29350129.94202079,3491.4302641374466,647684.6534561514,1514234.4276546917,243587617.22545472,288225507.024293,40000000,8.022250912219206,321873823.49306226,296666347.7141107,24084367.692178603,5185853.547368564,0.1296463386842141,4416022.832296583,-113182387.80354941,-14473499.474214947,18855792.98982896,-108800094.28793539,0.06150070237775118,-0.6976407215477116,0.042900861711743545,-0.1024873540191794,2021-12-24,2019-11-06,False,False,False,False,False,0.0,0,0,False,[],旻璞能源
2019-12-31,年报,2020-03-30,保留意见,False,979697320.5066737,638403697.1873546,341293623.3193191,0.6516336054253868,134853.86680617247,1.967828120867823e-48,36080910.51216809,4452.20039638239,859217.113463276,1954728.2424647254,330390533.0407103,370035420.22193235,40000000,8.532340582982979,325070999.5297812,299636220.61038655,17413402.23325627,4567394.338169951,0.11418485845424878,4242675.566108415,-168185647.66516763,-16906134.659721423,25030895.0725018,-160060887.25238726,0.06358435760053598,-0.027876286475891177,0.09348297539022765,-0.12745785546135513,2021-12-24,2020-04-27,False,False,False,False,False,0.0,0,0,False,[],旻璞能源
2020-03-31,季报,2020-04-30,无保留意见,False,1185303911.7332025,806160972.0655239,379142939.66767853,0.6801301877817315,170810.18526961916,2.6516282989585616e-48,45510709.9397282,5438.703769123999,1035367.8294863257,2497551.908419189,433959766.0035422,459613581.60948277,40000000,9.478573491691963,333666639.8822725,306828572.2297167,47301877.670761414,12279486.217844661,0.30698715544611654,10274788.027614564,-96587887.04454163,-19639571.890177473,28099958.50412926,-88127500.43058984,0.11089957081602728,0.35758106699175324,0.028496582356344738,-0.10706431159311099,2021-12-24,2020-06-02,False,False,False,False,False,0.0,0,0,False,[],旻璞能源
2020-06-30,半年报,2020-08-27,无保留意见,False,1493563381.944293,1107718616.9197452,385844765.0245477,0.7416616062705942,230525.87262303123,3.475342880221614e-48,53492029.1828878,7469.204164916522,1440292.0308754577,3179247.4754198226,608640427.7190822,606605437.4304379,40000000,9.646119125613692,345230670.72789395,317209905.4294025,57663078.93297797,16520044.065173585,0.4130011016293396,14830475.999551058,-298268462.77230704,-26671366.382723738,41844245.37345679,-283095583.781574,0.017676249919735768,0.14483033669984527,0.061531418488862684,0.040123312084955655,2021-12-24,2020-09-24,False,False,False,False,False,0.0,0,0,False,[],旻璞能源
2020-09-30,季报,2020-10-27,无保留意见,False,1613668914.8106935,1219361309.5989013,394307605.2117922,0.7556452865933467,225511.25125928392,4.164619410677811e-48,61084310.90353934,7809.644195958917,1539151.1620334168,3418770.5769821964,522503210.7827764,666407140.2362202,40000000,9.857690130294804,355454705.51952785,326709016.68153054,56416629.25455352,14605763.988048445,0.36514409970121114,13570158.931611536,-170479794.168132,-30029689.47181452,44207796.63420377,-156301687.00574276,0.021933277199461438,-0.057108519111823776,0.013983680322752481,0.11578241162315799,2021-12-24,2020-12-10,False,False,False,False,False,0.0,0,0,False,[],旻璞能源
2020-12-31,年报,2021-03-30,无保留意见,False,2298789787.8065057,1840006410.3647447,458783377.441761,0.800423953562309,370343.24852648535,5.8547510427871e-48,93629543.18309088,12406.124112114769,2044215.0811274494,5173758.849366819,857083827.4915408,972252344.8310902,40000000,11.469584436044025,378424812.60424984,349646982.87443745,127341342.29441276,32814438.692460038,0.820360967311501,32768523.13272419,-175971523.6534347,-43434191.008627735,56633045.95348415,-162772668.7085783,0.16351643077068553,0.5761187962833968,0.0447786669689623,-0.04227951629125802,2021-12-24,2021-04-22,False,False,False,False,False,0.0,0,0,False,[],旻璞能源
2021-03-31,季报,2021-04-30,非标准无保留意见,False,2641721988.774328,2195024379.7658014,446697609.008527,0.8309066544826771,361936.9252402124,5.855634955312859e-48,92462865.22930603,12628.54785750347,2243046.981217657,5312089.060095941,915821724.7080083,1024912408.2175621,40000000,11.167440225213175,396217460.97419846,365413979.14514506,43098072.53581148,25418069.09992657,0.6354517274981643,22524280.386725195,-392482282.3520885,-49105972.62031905,72673631.27491939,-368914623.6974882,-0.026343082656189353,-0.14847842887875382,0.030482700920368037,0.09193354457069242,2021-12-24,2021-06-03,False,False,False,False,False,0.0,0,0,False,[],旻璞能源
2021-06-30,半年报,2021-08-27,无保留意见,False,5063288338.44142,4556959504.597278,506328833.84414184,0.9,749816.1403347278,1.1356450926671224e-47,193145874.87804216,26107.543135460364,4495314.997614809,10847624.318648215,1969055678.4798498,2069179161.0644157,40000000,12.658220846103546,398368804.93498653,367469345.3645263,2402435.701621389,3073348.5154115,0.0768337128852875,2936237.4562588483,-862416496.5903022,-100443485.41006188,121503622.25732596,-841356359.743038,0.13349349455433615,-0.5267736381841518,0.08785141862865146,0.17006615557816043,2021-12-24,2021-09-09,False,False,False,False,False,0.0,0,0,False,[],旻璞能源
2021-09-30,季报,2021-10-27,无保留意见,False,5818024162.794474,5236221746.515026,581802416.2794472,0.9,799941.3664854378,1.3250766620221592e-47,221319911.11581677,27527.04419323801,5026369.459615568,13376268.546070078,1955242492.614712,2318410753.859101,40000000,14.54506040698618,400338736.0176972,369185546.24257296,8008000.851499928,2814187.2610152625,0.07035468152538156,2451715.5400667153,-926989307.8133743,-97668667.97396508,150570341.91211486,-874087633.8752245,0.14906040776365836,-0.012910713635907024,-0.009060146969142542,0.004301665050742252,2021-12-24,2021-12-12,False,False,False,False,False,0.0,0,0,False,[],旻璞能源
2021-12-31,年报,2022-03-30,无保留意见,False,5434064843.629272,4852059113.1391115,582005730.490161,0.8928968006017657,772728.0975099739,1.3050691865563503e-47,199809494.3134432,26898.45329297545,5131560.933379684,12082806.97040194,1930866429.099761,2204846052.4703846,40000000,14.550143262254023,415978796.18862075,384075670.1619819,50124674.3916097,22342943.101319276,0.5585735775329819,21271605.599155556,-76604374.53410311,-98342694.18234608,139662409.64241433,-35284659.07403487,0.0003494557688740263,0.9855945935631265,-0.016801125540420264,0.08330524181373673,2021-12-24,2022-05-16,True,False,True,True,False,2684780.79087614,0,9,True,['结合所处行业特点、发展阶段和自身经营模式、盈利水平、偿债能力、资金需求等因素，未进行现金分红或现金分红水平较低原因的说明'],旻璞能源
2022-03-31,季报,2022-04-30,无保留意见,False,4661846738.1130295,4012822432.2776947,649024305.8353348,0.8607795703515471,680792.028973794,1.1547963818096215e-47,173488488.8788964,23848.645112993257,3795474.3143245154,10390002.581547918,1736868180.7166414,1896016311.3983438,40000000,16.22560764588337,432097549.9629429,397644096.4098432,108984381.72692981,23026791.106174476,0.5756697776543619,19383466.068373356,-651908543.3637327,-75530805.91493829,129636909.90343532,-597802439.3752357,0.11515105751404067,0.017381719590578038,-0.03211723025021853,-0.12134844107337558,2021-12-24,2022-06-12,False,False,False,True,False,0.0,0,0,False,[],旻璞能源
2022-06-30,半年报,2022-08-27,保留意见,False,5720470623.28499,4994502381.460449,725968241.8245413,0.8730929167139656,748827.2292831839,1.2273567379782156e-47,197947628.62176046,25651.31479004915,4988819.776396009,12160487.03181099,1955196026.415989,2208639788.522149,40000000,18.149206045613532,456162065.3976592,420343944.41889054,109273505.22820403,34377879.19245179,0.8594469798112947,32428354.298639074,-646238783.5853866,-112303917.0795715,150210170.1363752,-608332530.5285829,0.11855324260957364,0.2835872617459537,0.012313346362418418,0.2150982998697621,2021-12-24,2022-09-11,True,False,True,True,False,14520185.94792874,0,8,True,"['公司在相应期间是否按照中国证券监督管理委员会相关规定为中小股东参与现金分红决策提供了便利', '上市公司控股子公司向母公司实施利润分配的情况']",旻璞能源
2022-09-30,季报,2022-10-27,无保留意见,False,6091554971.724986,5240558225.025953,850996746.699033,0.8602989301337536,1011090.6090057266,1.528107761417723e-47,240074706.6799425,33835.174251597506,5962228.276735301,14278500.85808424,2453125340.029071,2703984110.8527527,40000000,21.274918667475827,477534604.989034,440546697.7929027,102329838.35448545,30532199.416249804,0.7633049854062451,28861076.248588808,-625299346.3978074,-107082426.00539768,151560058.8502091,-580821713.5529959,0.17222310518744388,-0.07485088595807542,-0.012793986580211877,-0.06478074797595895,2021-12-24,2022-11-23,False,False,True,True,False,0.0,0,7,True,['充分披露高送转的主要考虑及其合理性且送转股后每股收益不低于0.5元'],旻璞能源
2022-12-31,年报,2023-03-30,无保留意见,False,3922970853.547006,3065488061.423333,857482792.1236728,0.781420045130244,494882.17723433947,8.579126139494127e-48,123959013.7524249,17645.027145945318,3230175.838078411,7796875.044918078,1352502111.853925,1431723848.4351623,40000000,21.43706980309182,482296769.6131512,444896814.1278861,5524682.363560588,6803092.320167474,0.17007730800418686,6214451.907119119,-344688779.68931615,-70945925.24038774,104680163.17561562,-310954541.7540883,0.00762170413670668,-0.4992217357392066,-0.07887888500350972,0.05624515465504832,2021-12-24,2023-05-03,False,False,False,True,True,0.0,0,0,False,[],旻璞能源
2023-03-31,季报,2023-04-30,非标准无保留意见,False,4246325528.2530093,3240201365.280423,1006124162.9725862,0.7630600489109185,639637.1538794629,9.341347801791109e-48,167142621.06786448,21903.814492674635,3836394.4906981825,8965403.721995015,1477720242.79064,1733193638.2791615,40000000,25.153104074314655,479312613.6001235,442348023.8420386,17974296.486089446,-4263080.018610951,-0.10657700046527377,-3641128.9797821925,-309410532.9045844,-78729376.92928326,107649738.71581817,-280490171.1180495,0.1733461851529204,-0.46490481950542484,-0.01835999621932541,0.08442503137576893,2021-12-24,2023-05-21,False,False,True,True,False,0.0,0,8,True,"['公司为增强投资者回报水平拟采取的措施', '结合所处行业特点、发展阶段和自身经营模式、盈利水平、偿债能力、资金需求等因素，未进行现金分红或现金分红水平较低原因的说明', '是否影响偿债能力、过去十二个月内是否使用过募集资金补充流动资金以及未来十二个月内是否计划使用募集资金补充流动资金等内容']",旻璞能源
2023-06-30,半年报,2023-08-27,无保留意见,False,2839202337.470187,2018616951.9963303,820585385.4738567,0.710980307868786,370617.1676384764,6.923922164799515e-48,110658850.5840847,13452.698122197802,2735874.1031744257,5892678.307360498,991230019.7953106,1136570321.7674987,40000000,20.514634636846417,471075939.53063947,434692622.3165386,36228854.98101245,-11766677.242120063,-0.29416693105300157,-10936287.893571429,-34235875.91584574,-52172022.353328094,69862042.62257735,-16545855.646596476,-0.18440942413166642,-0.5891217998129241,-0.052079741042132664,-0.10944538181014983,2021-12-24,2023-10-25,False,False,False,True,True,0.0,0,0,False,[],旻璞能源
2023-09-30,季报,2023-10-27,无保留意见,False,2241833434.749378,1372176653.239872,869656781.509506,0.6120778787444894,330241.4006454704,5.0101835497719583e-48,77393245.87121761,11120.825273758943,1718176.1749854633,4910809.815750471,744938970.6130502,865769844.5677742,40000000,21.74141953773765,464097960.08535916,428578537.52746147,31500809.66576135,-9968542.064686239,-0.24921355161715597,-8734406.84153878,-297623339.1122334,-41875555.37659751,57069857.7813033,-282429036.70752764,0.059800475251350516,0.34359340339296485,-0.0989024291242966,0.018725800873712325,2021-12-24,2023-11-11,False,False,True,True,False,0.0,0,8,True,"['充分披露高送转的主要考虑及其合理性且送转股后每股收益不低于0.5元', '结合前述财务报表列报项目的具体情况说明现金分红方案确定的依据及未来增强投资者回报的规划', '是否影响偿债能力、过去十二个月内是否使用过募集资金补充流动资金以及未来十二个月内是否计划使用募集资金补充流动资金等内容', '上市公司控股子公司向母公司实施利润分配的情况']",旻璞能源
2023-12-31,年报,2024-03-30,无保留意见,False,2039326143.152213,1218292649.3019452,821033493.8502678,0.5973996132952105,297732.90022920404,4.8240440243519307e-48,72385021.27216017,9814.285357337481,1834705.7706077422,4778878.94671821,701349078.790986,824057596.9803724,40000000,20.525837346256694,457595601.96630335,422461030.1892481,8408910.482446516,-9289083.027222691,-0.23222707568056727,-8739296.197447682,-160397963.33810398,-37496356.970394544,56063887.089007854,-141830433.21949068,-0.05591089346171752,0.09663131653694908,-0.014678265449278784,-0.0037748791023800906,2021-12-24,2024-05-21,False,True,False,True,False,0.0,0,0,True,"['结合前述财务报表列报项目的具体情况说明现金分红方案确定的依据及未来增强投资者回报的规划', '留存未分配利润的预计用途以及收益情况', '公司在相应期间是否按照中国证券监督管理委员会相关规定为中小股东参与现金分红决策提供了便利']",旻璞能源
2024-03-31,季报,2024-04-30,非标准无保留意见,False,2839479417.457331,1954714148.464628,884765268.9927031,0.6884058170828427,410774.7615383349,7.181743991899121e-48,107577881.83033611,13840.448495791878,2706928.287966914,6402615.925967388,966039678.9125152,1160493301.7326458,40000000,22.119131724817578,454572890.86711836,419643311.1481748,20208420.772114243,-4318158.713121457,-0.10795396782803643,-4025312.9158189115,-527154932.50047,-51582358.05304924,72799169.7823451,-505938120.77117413,0.07762384314379497,0.6446605937595531,0.09100620378763209,-0.14579753030485892,2021-12-24,2024-05-19,False,False,True,False,False,0.0,0,2,True,"['充分披露高送转的主要考虑及其合理性且送转股后每股收益不低于0.5元', '根据公司盈利能力、融资能力及其成本、偿债能力及现金流等情况披露现金分红方案的合理性，是否导致公司营运资金不足或者影响公司正常生产经营']",旻璞能源
2024-06-30,半年报,2024-08-27,无保留意见,False,2922532859.057206,2017917521.1435697,904615337.9136362,0.6904687195867969,413402.11598022695,7.063161671029446e-48,110242162.49935034,14787.230222749073,2450958.328801858,6320956.152562298,977014109.0289115,1174127532.8388379,40000000,22.615383447840905,447880626.349657,413568823.07100195,6945484.968901374,-9560377.88208754,-0.2390094470521885,-8677840.110247072,-383587895.47451806,-56888523.224779114,78510720.32238092,-361965698.3769163,0.022435407013130508,-0.41336419928153695,0.002062902503954341,-0.007603907852058455,2021-12-24,2024-09-29,False,True,False,True,False,0.0,0,0,True,"['是否影响偿债能力、过去十二个月内是否使用过募集资金补充流动资金以及未来十二个月内是否计划使用募集资金补充流动资金等内容', '结合前述财务报表列报项目的具体情况说明现金分红方案确定的依据及未来增强投资者回报的规划', '结合所处行业特点、发展阶段和自身经营模式、盈利水平、偿债能力、资金需求等因素，未进行现金分红或现金分红水平较低原因的说明', '充分披露高送转的主要考虑及其合理性且送转股后每股收益不低于0.5元']",旻璞能源
2024-09-30,季报,2024-10-27,无保留意见,False,3484363707.2872725,2445672629.0929737,1038691078.1942989,0.7018993522341086,435745.7872812908,7.291054316678133e-48,120025977.19722617,17047.97072590648,2889242.699389655,6885046.269458753,1213491381.9268324,1296854165.1407833,40000000,25.96727695485747,444795179.673919,411064527.75225174,11729819.682277076,-4407780.9653400555,-0.11019452413350139,-3577564.741071729,-688899800.4666023,-68185459.42136964,87828018.56374446,-669257241.3242276,0.14821298585306858,0.6925885260141803,0.011430632647311628,0.07511950343766785,2021-12-24,2024-12-15,False,False,False,False,False,0.0,0,0,False,[],旻璞能源
2024-12-31,年报,2025-03-30,无保留意见,False,4386946134.0714035,3342884755.172613,1044061378.8987904,0.7620072490085886,713597.2731203842,1.0054815524964053e-47,158671503.00078294,20254.55878067506,3787329.621589502,9555799.183586951,1554721072.752241,1748470889.6105146,40000000,26.10153447246976,443770532.6939509,410142254.0601939,6373715.110559164,-1463781.3999544252,-0.03659453499886063,-1317533.8457970005,-65500912.243893124,-76487479.56497276,109835322.92583278,-32153068.883033097,0.005170257853593505,0.2337951362887117,0.06010789677448002,0.03180744189691783,2021-12-24,2025-05-21,False,False,False,True,False,0.0,0,0,False,[],旻璞能源
2017-03-31,季报,2017-04-30,无保留意见,False,224251202.7279786,62895777.13125503,161355425.59672356,0.28047018863728873,29449127.11810578,1.3590650412469166e-31,550387.8113570018,10849061.718514275,2663189.5080080605,2679449.3009894355,11381672.454993475,57998201.62979843,40000000,4.033885639918089,-2274509.7736143307,-1841606.3490613499,12634212.629349906,-3249299.676591901,-0.08123249191479753,-2630866.2129447856,5017905.892569773,18278214.0125311,3096072.4485052363,26392192.353606112,-0.1035809689070913,-0.23607220425510567,-0.01952981136271128,0.1649741619048242,2021-07-27,2017-06-04,False,False,False,False,False,0.0,0,0,False,[],翰珺医药
2017-06-30,半年报,2017-08-27,无保留意见,False,278654549.37622195,105201479.4323038,173453069.94391814,0.37753368702503165,36690858.61811662,1.6424518945665955e-31,639646.6019582562,14647108.18756304,3483770.115098152,3191505.954172857,13877345.352881746,71737423.72632137,40000000,4.336326748597953,-5760409.168026988,-5061994.305991022,23320694.034148898,-4979856.277732369,-0.12449640694330921,-4600554.224185247,45834594.1315357,25239367.491854534,3391430.829932653,74465392.45332289,0.07497513208778167,-0.12585225191727176,0.09706349838774297,0.10519552854382087,2021-07-27,2017-09-23,False,False,False,False,False,0.0,0,0,False,[],翰珺医药
2017-09-30,季报,2017-10-27,无保留意见,False,295588609.0731193,104885656.3170889,190702952.75603035,0.3548365975467732,35413233.151133865,2.058051941938714e-31,788300.6653184255,14993042.460620964,4332717.260715413,3277142.913173323,17096387.791537177,80183311.10235298,40000000,4.767573818900758,-8925564.550076818,-8073288.3330094395,16877586.06999165,-4521650.545785472,-0.11304126364463679,-4301848.610026311,56752510.18469868,26965021.8124423,4116334.2619098052,87833866.25905079,0.09944985590447909,0.03811982140430299,-0.022697089478258495,0.07095164030074734,2021-07-27,2017-11-15,False,False,False,False,False,0.0,0,0,False,[],翰珺医药
2017-12-31,年报,2018-03-30,非标准无保留意见,False,269342521.9853031,97701084.28831641,171641437.69698668,0.3627391752634126,38795804.730413966,1.7358826390757184e-31,628528.9020839775,12866882.876433713,3181734.188694262,2923631.994870234,14244200.324558409,68504128.37722191,40000000,4.291035942424667,-10962803.203814983,-10043039.047662556,12485033.595433807,-2910340.9339116644,-0.0727585233477916,-2813929.592361596,44408178.0013232,22262756.94002716,3469711.6927797687,70140646.63413012,-0.0999539586753511,0.1291284250201531,0.007902577716639377,0.06482450252723501,2021-07-27,2018-05-09,False,False,False,False,False,0.0,0,0,False,[],翰珺医药
2018-03-31,季报,2018-04-30,非标准无保留意见,False,279640470.6363013,98094525.59841433,181545945.03788695,0.35078801496509954,38557065.76525708,1.6796110286576122e-31,779528.3442026626,14911475.994184595,3919310.9822097737,3688481.958694557,14710240.648173839,76781133.10687412,40000000,4.538648625947173,-16828530.94286429,-15146655.144060092,38105347.54916108,-8379611.055784723,-0.20949027639461806,-7290880.137710765,30061276.61630283,26323620.89926316,3657096.717401617,60041994.23296761,0.05770463982238109,-0.3881761862525659,-0.01195116029831302,0.009115373215275743,2021-07-27,2018-05-27,False,False,False,False,False,0.0,0,0,False,[],翰珺医药
2018-06-30,半年报,2018-08-27,无保留意见,False,303653747.0624509,97837149.0950157,205816597.96743515,0.32219970950957527,44725187.8746251,2.007206289644961e-31,832029.7709591367,17338268.92782361,3919236.7071780446,3845753.1248424333,16195393.734794905,86418131.80695893,40000000,5.145414949185879,-24913509.903468728,-22502516.51867376,33626404.09509095,-11549969.943720628,-0.2887492485930157,-10508373.39230524,29913312.2058856,30030734.214328997,3551436.198665842,63495482.618880436,0.1336887636046245,-0.36777445988250657,-0.028588305455524248,-0.10985694436204033,2021-07-27,2018-10-02,False,False,False,False,False,0.0,0,0,False,[],翰珺医药
2018-09-30,季报,2018-10-27,无保留意见,False,328286421.9480114,96870256.74459794,231416165.2034135,0.29507847497859246,44526869.43234635,2.305801190997271e-31,879604.4069250203,18727238.94335402,4845488.414934158,4313253.022542226,18028674.59096751,94832633.21933171,40000000,5.785404130085337,-32456781.902157906,-29218419.871872786,49934935.25238295,-10776102.85527026,-0.2694025713817565,-9594147.64742718,58198300.64601441,29014580.18551285,4295963.409705661,91508844.24123293,0.12438047994568817,0.1419931781034384,-0.027121234530982825,0.005715463305617117,2021-07-27,2018-12-25,False,False,False,False,False,0.0,0,0,False,[],翰珺医药
2018-12-31,年报,2019-03-30,无保留意见,False,321687613.46239924,104590112.37678415,217097501.08561507,0.3251294361354366,39366426.61463781,1.9909493384370903e-31,835860.8836465612,16119085.626189359,3971839.8199449847,3827487.416766141,16594656.048095485,82008956.27054264,40000000,5.427437527140377,-40173916.09550653,-35881829.25752449,29879135.049806964,-11024477.419069465,-0.2756119354767366,-9519156.265216725,48683472.10110733,29073116.087581124,4586496.69212888,82343084.88081734,-0.06187408777261688,-0.03990659839382556,0.03005096115684412,0.06983169242666118,2021-07-27,2019-05-12,False,False,False,False,False,0.0,0,0,False,[],翰珺医药
2019-03-31,季报,2019-04-30,无保留意见,False,290287255.0173292,89767231.80389702,200520023.21343216,0.3092358698232832,39198466.685834154,1.7911748172378808e-31,757786.1472843763,16742770.344243255,3666680.8192882314,3550215.143905885,15713844.28408162,76736135.67811011,40000000,5.013000580335804,-45955831.046883285,-40969103.685277455,12088665.445925012,-8259878.501966793,-0.20649696254916983,-7267534.896789953,51804903.549920894,23794370.89152606,3895608.838652538,79494883.2800995,-0.07635959782717794,0.46265391514463294,-0.015893566312153388,0.06927395836225762,2021-07-27,2019-06-27,False,False,False,False,False,0.0,0,0,False,[],翰珺医药
2019-06-30,半年报,2019-08-27,无保留意见,False,272967857.99528545,77043946.37719208,195923911.61809337,0.2822454883260385,35529258.402500615,1.5750578426989651e-31,668074.6231343849,14884633.949215584,3518853.1459824047,2947911.3675376764,13639684.30798061,70194336.94546135,40000000,4.898097790452335,-48651765.85130073,-43237549.55120071,9288913.338532344,-3851335.4348820783,-0.09628338587205196,-3240636.9513189346,15162894.452021651,25382584.598001406,3414109.667593907,43959588.71761696,-0.02292096081819572,0.5044029500135407,-0.026990381497244708,-0.03715084042838658,2021-07-27,2019-09-08,False,False,False,False,False,0.0,0,0,False,[],翰珺医药
2019-09-30,季报,2019-10-27,无保留意见,False,280989255.4770349,79249653.2166407,201739602.26039422,0.28203801985986515,41370677.17759418,1.6525412586728602e-31,737001.1632216749,15686168.486869069,3578050.430379552,3031513.350324686,13649271.01412167,76365095.37684739,40000000,5.043490056509856,-45967627.27738939,-40858593.20523392,15671897.546702262,3834483.6770162024,0.09586209192540505,3398509.0656668535,40213233.43953096,25409222.076479852,3470318.827198214,69092774.34320903,0.029683414312578475,0.5845322978493179,-0.00020746846617333928,-0.09780216786402429,2021-07-27,2019-12-13,False,False,False,False,False,0.0,0,0,False,[],翰珺医药
2019-12-31,年报,2020-03-30,无保留意见,False,356364656.0403019,139480143.39047015,216884512.64983177,0.39139724163525375,51017944.92944639,2.494000988816346e-31,941483.550149513,21250399.35985194,5142557.370095941,4392491.630388004,20281379.35741748,103454188.34663273,40000000,5.422112816245794,-42851748.40593552,-38110555.36708732,17348077.698196076,4451255.530648395,0.11128138826620988,3925768.340209425,45814926.313931294,30080561.464617826,5118758.590084128,81014246.36863324,0.075071578508861,0.029603414377510483,0.10935922177538861,0.050783597662782794,2021-07-27,2020-05-18,False,False,False,False,False,0.0,0,0,False,[],翰珺医药
2020-03-31,季报,2020-04-30,无保留意见,True,392946932.1607816,172466064.72077206,220480867.44000953,0.4389042148068084,49172396.42790593,2.2551154994319997e-31,932543.2856901314,18757531.868348848,4672137.500450912,4721682.194818449,19728186.125779934,98520119.93043612,40000000,5.512021686000239,-45461021.54350166,-40273629.36469719,9921291.366126431,-3727533.0536659136,-0.09318832634164784,-3090105.7108712415,64913647.12444217,35059778.20713744,5061463.327035455,105034888.65861507,0.016581888426419042,-0.38127318807185423,0.04750697317155466,-0.011893657260208423,2021-07-27,2020-06-19,False,False,False,False,False,0.0,0,0,False,[],翰珺医药
2020-06-30,半年报,2020-08-27,无保留意见,False,370671729.037928,127731854.94054556,242939874.0973824,0.3445956217704311,43496325.23444124,1.9210215183389857e-31,1002670.6838638559,20309494.622004572,4774648.131914554,4271452.059877114,19147184.159142118,96470049.0700659,40000000,6.07349685243456,-44413737.721605934,-39262746.942987934,1129293.4715951253,1496119.7455653213,0.037402993639133034,1444117.7452989314,66272516.076764904,34949213.96862113,5382678.952923462,106604408.9983095,0.10186374408874152,0.39357060148294654,-0.0943085930363773,-0.04769709733889092,2021-07-27,2020-10-22,False,False,False,False,False,0.0,0,0,False,[],翰珺医药
2020-09-30,季报,2020-10-27,非标准无保留意见,False,387059071.5700807,115127882.1670236,271931189.4030571,0.29744266605098446,52221288.251223266,2.453727862115797e-31,1077440.2105211548,22745659.361755952,5027169.466973466,4723693.481004822,21430896.37703444,108892069.29318385,40000000,6.798279735076427,-43355103.963536516,-38227575.45516011,5368323.49015813,1512333.9400991723,0.03780834850247931,1478816.4111826075,36346753.358229026,36409566.473329745,5370083.669179535,78126403.5007383,0.1193353516518804,0.0008766268145373679,-0.047152955719446665,0.01642267955046459,2021-07-27,2020-12-04,False,False,False,False,False,0.0,0,0,False,[],翰珺医药
2020-12-31,年报,2021-03-30,无保留意见,False,495563179.650988,193351481.52591708,302211698.1250709,0.390165148391552,61349980.335027784,2.915889628646807e-31,1323103.3772118506,25079708.36533941,7196203.264959895,5724481.212987811,24555371.192397013,129872227.18686302,40000000,7.555292453126773,-37447713.59568545,-33151629.58841357,8593531.140801169,8439129.096930098,0.21097822742325245,7251351.238209343,69491761.1351772,49865740.50638681,7112619.113962714,126470120.75552672,0.11135356995453713,0.37417189962346886,0.09272248234056751,0.03318794310676975,2021-07-27,2021-05-08,False,False,False,False,False,0.0,0,0,False,[],翰珺医药
2021-03-31,季报,2021-04-30,无保留意见,False,581694880.6273503,283420050.3634353,298274830.26391494,0.48723146756555696,67500049.53441572,3.1622887708940685e-31,1336093.8267587717,27854928.40187238,7534080.301413558,6359970.13166892,29046553.97683633,142981207.39608574,40000000,7.456870756597874,-47052681.752315395,-41367442.16778064,43707083.28899813,-13721383.08089993,-0.34303457702249823,-11736875.113381524,80520341.33414394,55248665.16922508,8335090.714907842,144104097.2182769,-0.013026854637263895,-0.8711191367201434,0.09706631917400499,0.07718853838684535,2021-07-27,2021-06-24,False,False,False,False,False,0.0,0,0,False,[],翰珺医药
2021-06-30,半年报,2021-08-27,无保留意见,False,546037179.9161545,221527199.94194087,324509979.97421366,0.4056998462558117,72880643.20556174,3.473824057919661e-31,1425110.554440485,31514636.781264953,7234841.954482122,6869984.357585488,30292575.443380415,150116066.45616692,40000000,8.112749499355342,-57475284.88410966,-50709287.07774803,36591212.291102566,-14889433.045420371,-0.37223582613550926,-13345492.728524847,33963740.71631599,53322730.54946666,7343853.634959702,94630324.90074235,0.08795629750953426,-0.35626301984711706,-0.08153162130974526,-0.03056734226267815,2021-07-27,2021-10-19,False,False,False,False,True,0.0,0,0,False,[],翰珺医药
2021-09-30,季报,2021-10-27,保留意见,False,552153852.8384475,227480336.93770915,324673515.9007383,0.4119872310376991,82187652.45332867,3.979007281108533e-31,1283952.3324569843,30930886.85875093,7599078.141315224,7274207.480290723,31438432.90374072,160554790.7080371,40000000,8.116837897518458,-66930419.044715084,-58800466.37196632,16426058.532255411,-13507334.51515061,-0.33768336287876527,-11558827.563168995,71764772.37199552,51606554.00162691,7629204.492007516,131000530.86562994,0.0005039472947415235,0.6548470434784387,0.006287384781887342,0.16946875923296748,2021-07-27,2021-12-09,False,True,False,True,False,0.0,4,0,True,['结合前述财务报表列报项目的具体情况说明现金分红方案确定的依据及未来增强投资者回报的规划'],翰珺医药
2021-12-31,年报,2022-03-30,无保留意见,False,621999138.1669679,279306341.9534815,342692796.2134863,0.4490461880326677,79238140.38327925,3.991452529130509e-31,1682792.1373672069,33475321.789841894,9402900.59549492,8587488.80326959,36243694.429696605,173696189.5282137,40000000,8.567319905337158,-75006648.20893265,-66203942.786355965,16752016.767252246,-11537470.234596534,-0.28843675586491335,-10576394.877699492,67706706.54912768,59931377.65072228,8248716.141816001,135886800.34166595,0.05549969255347902,0.5640002711679734,0.037058956994968646,-0.021402188540195655,2021-07-27,2022-05-13,False,False,False,False,False,0.0,0,0,False,[],翰珺医药
2022-03-31,季报,2022-04-30,无保留意见,False,542101074.376837,213365661.36798438,328735413.00885266,0.39359018355249564,65428947.59764073,3.323490187703512e-31,1191575.7940421593,29152034.927511632,7014775.845376771,6520635.373304171,28688913.143809848,142138405.34298787,40000000,8.218385325221316,-84751181.39405832,-75278769.2106395,66941489.026873626,-13920761.693036644,-0.3480190423259161,-12964037.748976495,67994292.95404397,48376055.95073411,7488179.056883007,123858527.96166109,-0.040728557351811565,-0.43629811841658284,-0.05545600448017205,-0.1514034809827105,2021-07-27,2022-06-25,False,False,False,False,False,0.0,0,0,False,[],翰珺医药
2022-06-30,半年报,2022-08-27,无保留意见,False,517839834.5379262,204885397.03074458,312954437.50718164,0.3956539906080534,68047565.12814412,3.1715098266127136e-31,1284120.2538811283,30206851.799327265,6707327.132857498,6212843.463135856,26984312.14496974,139943855.64785537,40000000,7.823860937679541,-95448957.56760351,-85466225.35279453,0.0,-15282537.390778847,-0.3820634347694712,-14553508.774507172,19810482.775579337,48416839.585086465,6642375.005582641,74869697.36624844,-0.04800509734327291,-0.4422443351210258,0.0020638070555577433,-0.07961325137872001,2021-07-27,2022-09-07,False,False,False,False,False,0.0,0,0,False,[],翰珺医药
2022-09-30,季报,2022-10-27,无保留意见,False,523080831.4207227,237901212.62742305,285179618.7932997,0.45480774353987957,70785763.27439025,3.090389844455653e-31,1276790.961987699,24692039.20828677,7103943.399884033,6172486.561352899,27494321.883308284,136908197.8975267,40000000,7.129490469832492,-106278342.07791208,-96163619.58287191,68563063.51497819,-15470549.300440805,-0.38676373251102014,-15281991.757253408,5441647.444072794,46506673.42183889,6607155.10612026,58555475.972031936,-0.08875035911016474,-0.10947074402232258,0.0591537529318262,0.007300899279811429,2021-07-27,2022-11-08,False,False,False,False,False,0.0,0,0,False,[],翰珺医药
2022-12-31,年报,2023-03-30,保留意见,False,489355525.07011384,210687372.4921822,278668152.57793164,0.4305405001036728,65442691.56150276,3.1173409441741506e-31,1214996.9768782584,26389243.58189857,5972208.787369757,5735806.458333314,26529671.818174828,126482597.80913308,40000000,6.966703814448291,-116831065.68216385,-105096204.72940744,50043628.74607563,-15075319.434645394,-0.37688298586613483,-12760835.923622204,73019550.32925498,44843061.27282808,6389507.485172934,124252119.08725598,-0.022832859665499385,0.2584129491125938,-0.02426724343620679,0.045727716804880615,2021-07-27,2023-05-13,False,False,False,True,False,0.0,0,0,False,[],翰珺医药
2023-03-31,季报,2023-04-30,无保留意见,False,467728715.4443885,188193828.4071991,279534887.0371894,0.4023567982743937,68639252.01508489,2.831603448224821e-31,1144158.9928618663,24254343.011697154,6071437.695859739,5296638.6347464165,24193524.468500916,125170448.80254704,40000000,6.988372175929736,-127399246.36056428,-114698802.1601254,48559651.51543827,-15097400.969143488,-0.3774350242285872,-13717996.32959709,82183808.79174207,42706753.005137876,5966667.362407449,130857229.1592874,0.003110274537078243,-0.011472830814408598,-0.02818370182927909,0.0013699274481370099,2021-07-27,2023-06-17,False,True,True,True,False,0.0,1,3,True,"['公司在相应期间是否按照中国证券监督管理委员会相关规定为中小股东参与现金分红决策提供了便利', '根据公司盈利能力、融资能力及其成本、偿债能力及现金流等情况披露现金分红方案的合理性，是否导致公司营运资金不足或者影响公司正常生产经营', '公司为增强投资者回报水平拟采取的措施']",翰珺医药
2023-06-30,半年报,2023-08-27,无保留意见,False,434075421.7837952,134226016.65377736,299849405.1300178,0.3092227984302526,63831088.469753355,2.6168735112380517e-31,1114919.6178974076,22788812.940874927,5698744.581900724,5002609.806045469,21310345.6567809,119098473.81196797,40000000,7.496235128250445,-136927766.40232766,-122952029.84718807,27810186.368995305,-13612171.488233391,-0.3403042872058348,-11790325.267232401,48535961.54177677,45881564.79568864,5774845.883662928,100192372.22112833,0.07267256802234387,0.7806318918608277,-0.09313399984414114,0.1625042269565218,2021-07-27,2023-09-22,False,False,False,False,False,0.0,0,0,False,[],翰珺医药
2023-09-30,季报,2023-10-27,保留意见,False,509748585.8202691,208356465.35522625,301392120.4650429,0.4087435868408472,72540750.64310117,3.4194798586386175e-31,1378546.2955160725,29870336.941520117,7164869.568293677,7196640.908501755,31738918.349011343,146567279.52264827,40000000,7.534803011626072,-144768714.6137818,-130272030.0028312,36611315.39323942,-11201354.58779164,-0.280033864694791,-10457143.0794902,71537312.34024349,50165307.16231628,7205050.274008925,128907669.7765687,0.005144967135606248,0.7116112554305808,0.09952078841059468,0.0018480139578826399,2021-07-27,2023-12-06,False,True,False,True,False,0.0,2,0,True,"['结合所处行业特点、发展阶段和自身经营模式、盈利水平、偿债能力、资金需求等因素，未进行现金分红或现金分红水平较低原因的说明', '公司为增强投资者回报水平拟采取的措施', '公司在相应期间是否按照中国证券监督管理委员会相关规定为中小股东参与现金分红决策提供了便利']",翰珺医药
2023-12-31,年报,2024-03-30,无保留意见,False,516499996.6001654,233592699.74142587,282907296.85873955,0.45226079628080884,71101626.6313959,3.368003096539942e-31,1423660.8832763757,28120327.563809127,7353542.269931348,6838788.790954013,28745077.860603906,145744315.43873954,40000000,7.072682421468489,-151310839.71817264,-135950344.88932782,38982274.52288222,-9345893.006272607,-0.23364732515681516,-8111878.409280853,6912448.162454936,46888834.68786058,6570157.48388499,60371440.3342005,-0.061331476011322265,0.3199819008785362,0.0435172094399616,0.09882630427928635,2021-07-27,2024-05-26,False,False,False,True,True,0.0,0,0,False,[],翰珺医药
2024-03-31,季报,2024-04-30,非标准无保留意见,False,561713233.9505595,272740135.60260326,288973098.34795624,0.48555048932069333,72440336.87301025,3.5416772096307066e-31,1235232.2983479972,29628125.715427805,7185631.596063133,6642698.469687658,28103752.959102996,144845215.64696756,40000000,7.224327458698906,-156606035.96644267,-140054697.06271243,10559082.119593441,-7564566.068957187,-0.18911415172392967,-5863360.247692309,14184232.677073695,53677689.420671605,7315011.8604370905,75176933.9581824,0.02144095099903142,0.23272825148318832,0.03328969303988451,0.09917523241643415,2021-07-27,2024-05-24,False,False,False,False,False,0.0,0,0,False,[],翰珺医药
2024-06-30,半年报,2024-08-27,无保留意见,False,552550163.409192,239371731.27795574,313178432.1312362,0.4332126694181947,71787342.86862786,3.3548440278392085e-31,1353017.800570884,28029465.919395808,7283574.279445856,6347103.32548232,30367174.425052397,146150935.80154237,40000000,7.829460803280905,-159469316.28471714,-142839510.98987603,18575914.74466089,-4090400.4546778295,-0.10226001136694574,-3978305.610233722,44472659.988459185,48516196.72105154,7250153.969454834,100239010.67896555,0.08376327734886253,0.368204116489997,-0.05233781990249863,-0.07602741007594108,2021-07-27,2024-10-11,False,True,False,False,False,0.0,1,0,True,"['根据公司盈利能力、融资能力及其成本、偿债能力及现金流等情况披露现金分红方案的合理性，是否导致公司营运资金不足或者影响公司正常生产经营', '公司为增强投资者回报水平拟采取的措施', '公司在相应期间是否按照中国证券监督管理委员会相关规定为中小股东参与现金分红决策提供了便利']",翰珺医药
2024-09-30,季报,2024-10-27,无保留意见,False,506104518.73426163,193113089.15314874,312991429.5811129,0.3815676051186294,76806453.21350934,3.531406105294428e-31,1366011.8646000116,26983868.577407084,7079480.065183876,6880710.034008954,26831193.67377844,143866279.968508,40000000,7.824785739527823,-153175519.72571674,-137053906.90535587,26728815.139050867,8991137.941429142,0.22477844853572854,8265148.692171684,90134385.62784512,45960265.130009815,6585982.3782728035,142680633.13612774,-0.0005971118408462766,1.0133186819762434,-0.05164506429956528,-0.10429274427636273,2021-07-27,2024-11-07,True,False,False,False,False,4508163.425228549,0,0,True,"['公司为增强投资者回报水平拟采取的措施', '是否影响偿债能力、过去十二个月内是否使用过募集资金补充流动资金以及未来十二个月内是否计划使用募集资金补充流动资金等内容']",翰珺医药
2024-12-31,年报,2025-03-30,无保留意见,False,503452037.5142684,236199354.39485395,267252683.11941445,0.4691595957403585,72976152.58756751,3.3976253322609767e-31,1210840.049552536,27412212.053445667,6665150.495058057,5986686.398797245,25973681.281718206,135614272.4273875,40000000,6.681317077985361,-139668632.81850567,-125571104.78232016,76897278.3200907,19295552.724587254,0.4823888181146814,16404003.032908142,60863538.548781544,45795559.94751266,6252674.776343433,112911773.27263764,-0.14613418176629384,0.3964587778487823,0.08759199062172907,0.11591056744286382,2021-07-27,2025-05-19,True,False,False,False,False,27007634.750936523,0,0,True,['根据公司盈利能力、融资能力及其成本、偿债能力及现金流等情况披露现金分红方案的合理性，是否导致公司营运资金不足或者影响公司正常生产经营'],翰珺医药
2017-03-31,季报,2017-04-30,无保留意见,False,219518972.08828777,69766396.13474382,149752575.95354396,0.3178148816526193,7131623.619355774,24165.862655447683,22187151.100926742,3828412.2157926275,48495.71227856014,1817.5265996257006,76647272.76108764,109488245.61103018,40000000,3.743814398838599,-3098990.218914574,-2562933.0581490835,15970778.400154758,-4427128.884163678,-0.11067822210409194,-3661332.9402129767,-23955921.90265905,-39373490.097043365,5234282.672705268,-58095129.326997146,-0.1680412447025336,-0.3015071602313154,0.017814881652619286,-0.09105196985185597,2021-09-07,2017-05-18,False,False,False,False,False,0.0,0,0,False,[],澜琨信息
2017-06-30,半年报,2017-08-27,非标准无保留意见,False,183650947.88524014,57256463.582863085,126394484.30237706,0.3117678631239166,6560598.597105949,22054.941606927623,21011743.894680593,3213313.247227287,42314.4230737929,1630.631958980478,63001586.406191096,100949293.54094653,40000000,3.1598621075594266,2122124.2431561607,2241694.414584305,16512815.876416571,7458734.945815336,0.1864683736453834,6863753.53247627,-15681186.43827683,-31140851.508111324,4210360.436929409,-42611677.50945874,-0.15597789555495198,0.9453579632267142,-0.006047018528702712,0.16327090088924753,2021-09-07,2017-10-14,False,False,False,False,False,0.0,0,0,False,[],澜琨信息
2017-09-30,季报,2017-10-27,无保留意见,False,196090071.48931435,69975892.07656655,126114179.4127478,0.35685586498641153,6486889.698389941,23373.321908171212,22061088.2648319,3488266.6477779215,46277.80807038789,1748.1027756069998,72632031.523991,106361522.77412271,40000000,3.152854485318695,9535413.086760735,8590941.897947561,23188933.590386014,10590412.633720823,0.26476031584302057,9070353.547661796,-3631585.9735134314,-37411305.01985537,4792780.903627317,-36250110.08974148,-0.0022176987482988506,0.12803923403410908,0.04508800186249498,-0.04695414929134443,2021-09-07,2017-11-26,False,False,False,False,False,0.0,0,0,False,[],澜琨信息
2017-12-31,年报,2018-03-30,无保留意见,False,224950424.84834772,83835757.93945608,141114666.90889165,0.3726854839059525,7246408.499086404,22983.86712783978,22657802.138633758,3438901.590956756,45348.056361586765,1965.6360642439163,74914233.69569068,113188996.76943241,40000000,3.527866672722291,26227852.284675363,22403127.64838316,65662022.33701875,23846341.711306617,0.5961585427826654,19731693.929193713,-38583680.68543942,-40660437.52220927,5756596.447774632,-73487521.75987406,0.1189437029681659,0.48045417999238177,0.01582961891954097,0.04828485966812436,2021-09-07,2018-05-18,False,False,False,False,False,0.0,0,0,False,[],澜琨信息
2018-03-31,季报,2018-04-30,无保留意见,False,213591929.3904181,82847249.6831666,130744679.70725153,0.38787631124269983,7525519.085556788,25343.340708591935,24301094.92841886,3358980.3205191116,51227.59743435026,1911.420986856083,81998670.07094802,117711528.39533842,40000000,3.2686169926812885,31551487.176789243,27611463.63112073,36743480.33800694,7605192.703019828,0.19012981757549569,7440479.9753393885,-35925089.93870167,-41247870.85128565,5199199.633844637,-71973761.15614268,-0.07348624653123634,-0.3976157552388859,0.015190827336747282,0.1463154539230133,2021-09-07,2018-06-07,False,False,False,False,False,0.0,0,0,False,[],澜琨信息
2018-06-30,半年报,2018-08-27,无保留意见,False,263656651.88962215,118415294.80849585,145241357.0811263,0.44912690030695496,7938150.683214999,28900.136825970385,29557659.933556758,4170250.028044441,49263.572103143655,1906.7301177755712,78509160.91650334,126529104.01298802,40000000,3.6310339270281577,28869052.634390604,25343528.021305148,2608441.4684354234,-3832049.346283771,-0.09580123365709428,-3239908.014022259,-36922880.475742966,-49034319.929975525,6844714.327464228,-79112486.07825427,0.11087776119329719,-0.46483041963332766,0.061250589064255165,0.08793606641502909,2021-09-07,2018-10-12,False,False,False,False,False,0.0,0,0,False,[],澜琨信息
2018-09-30,季报,2018-10-27,无保留意见,False,299647891.3810531,150621496.24514621,149026395.1359069,0.5026616257866652,9906583.418508641,32889.46481730998,31913339.658654545,4969769.103063784,59769.39679181817,2470.4005907469596,94284704.90010512,144270867.0342148,40000000,3.7256598783976727,29319436.079094775,25743250.366219904,2998249.2360788025,643404.9210059531,0.016085123025148827,571031.9213067964,-47967986.279115155,-62455156.27379434,7790460.43929961,-102632682.11360988,0.026060332475869176,0.3398747751250626,0.0535347254797102,0.2550404277468596,2021-09-07,2018-12-06,False,False,False,False,False,0.0,0,0,False,[],澜琨信息
2018-12-31,年报,2019-03-30,无保留意见,False,304461185.46878386,160585861.8417142,143875323.62706968,0.5274428055400806,10653636.83674136,35009.049266735026,35015185.48992,4771649.52369921,62137.64977106619,2635.3318433296527,109532096.85199697,153301730.79011232,40000000,3.596883090676742,33072963.14110594,29160414.614760604,23786820.19471686,5362181.517158806,0.13405453792897015,4881663.2122009965,-48953233.00669273,-62127022.180778265,7852314.836019255,-103227940.35145175,-0.034564826614369895,0.2674527177310743,0.02478117975341548,-0.016318807012401567,2021-09-07,2019-04-22,False,False,False,False,False,0.0,0,0,False,[],澜琨信息
2019-03-31,季报,2019-04-30,无保留意见,False,338374336.313873,184610880.98337528,153763455.3304977,0.5455818044431475,12497588.625868535,40060.758078818384,40354453.86839271,5711152.994736824,69949.23076683158,3025.3945982896166,123889083.95618135,179357271.7385561,40000000,3.844086383262443,45815038.026198216,41038857.48818816,71194828.4382518,18202964.121560395,0.45507410303900986,16969204.10489651,-30937250.46214971,-61781882.41489283,8126284.097596235,-84592848.7794463,0.06872708574444934,0.5742186912555324,0.018138998903066895,0.006757921159415264,2021-09-07,2019-06-03,False,False,False,False,False,0.0,0,0,False,[],澜琨信息
2019-06-30,半年报,2019-08-27,无保留意见,False,292937186.602288,162547283.04956344,130389903.55272458,0.5548878410928721,9367723.353456913,31004.078448113614,30823585.705809057,4691532.223682147,59359.360409687804,2051.3754228467155,91137188.02233365,144007773.8425015,40000000,3.2597475888181147,64791349.66003444,57841125.74834694,25010725.282214515,27109016.61976604,0.677725415494151,24003240.3716554,-14983070.089545282,-53214085.76649726,7484767.526225793,-60712388.32981676,-0.15200979795579006,0.25299155115040567,0.009306036649724566,0.020276104374434483,2021-09-07,2019-10-05,False,False,False,False,False,0.0,0,0,False,[],澜琨信息
2019-09-30,季报,2019-10-27,保留意见,False,307799284.50676024,179390820.37059495,128408464.13616532,0.5828175353235915,11359469.107792603,37109.01460979254,33731439.78236189,4398938.922342787,66159.42246280804,3061.9686631422824,116924177.2341176,167199362.28167313,40000000,3.210211603404133,72047847.55518998,65232524.555684954,25094966.934759546,10366425.56450792,0.259160639112698,10559141.15334003,-52970755.1274377,-57766177.148205996,7078778.722664883,-103658153.55297883,-0.015196264147538448,-0.3795729838999735,0.027929694230719414,0.113392413946118,2021-09-07,2019-11-29,False,False,False,False,False,0.0,0,0,False,[],澜琨信息
2019-12-31,年报,2020-03-30,非标准无保留意见,False,374595111.48417825,240681460.72390345,133913650.76027478,0.6425109494096244,12582733.420176618,46233.41215643367,45450887.60189479,6572629.042485798,89720.42788598905,3365.7233861923337,147750598.55790964,201868492.49915197,40000000,3.3478412690068695,78795062.8906486,71312747.70518725,37530573.81428026,9638879.050655164,0.2409719762663791,8686033.07071755,-54757161.98895809,-68654072.11874594,9797811.69065148,-113613422.41705255,0.04287245907926845,-0.026585368708010093,0.05969341408603284,0.05742117519949777,2021-09-07,2020-05-01,False,False,False,False,False,0.0,0,0,False,[],澜琨信息
2020-03-31,季报,2020-04-30,无保留意见,False,435798896.88796794,292555519.2144684,143243377.67349952,0.6713085354359594,15205266.394727439,46366.52447539608,43345848.84105413,6393255.560371303,87731.23169235264,3338.7595718424573,153635102.81502002,206423326.82655978,40000000,3.581084441837488,84746551.67029347,76955432.19016548,13582589.187215246,8502126.828064095,0.21255317070160237,8060977.83568318,-15520364.57979653,-86955773.39091614,10846404.527531309,-91629733.44318135,0.06966972269262028,-0.042672674793465586,0.028797586026334972,0.064703044204584,2021-09-07,2020-06-04,False,False,False,False,False,0.0,0,0,False,[],澜琨信息
2020-06-30,半年报,2020-08-27,无保留意见,False,480346578.0459076,335375851.7802498,144970726.26565784,0.6981955677598213,16516288.953752637,48188.691269219446,54780564.606207244,8670675.06298927,114314.82230517112,4330.36890565132,198511697.47346318,260170205.25276148,40000000,3.624268156641446,87239670.74194437,79283726.38799335,2909718.3596723117,3561598.673786994,0.08903996684467486,3326134.5683255526,-37065330.859421805,-88919348.55236173,11364884.705482416,-114619794.70630112,0.012058837345315399,-0.19373004406990232,0.026887032323862053,0.13216499623913702,2021-09-07,2020-10-25,False,False,False,False,False,0.0,0,0,False,[],澜琨信息
2020-09-30,季报,2020-10-27,无保留意见,False,421881573.4514626,278525814.6294743,143355758.8219883,0.660199051479831,14973466.248288702,52415.456171190184,51790426.11383878,8018505.23630498,96790.30455576276,3953.856200541616,158222688.12046713,235980010.4326319,40000000,3.583893970549708,96475050.44663015,87856843.17343436,48765746.87770537,13193399.578122541,0.32983498945306355,12247309.693487147,-58870136.474788435,-74125522.17962602,8912423.991786534,-124083234.6626279,-0.011139955529436495,0.4684363826541694,-0.037996516279990275,0.030528211017296015,2021-09-07,2020-11-11,False,False,False,False,False,0.0,0,0,False,[],澜琨信息
2020-12-31,年报,2021-03-30,无保留意见,False,426188800.71609986,305618483.57441366,120570317.14168619,0.7170964677178306,14231672.512784125,49200.362656971156,46119722.8258102,6864226.757811685,93184.4503365233,3374.3594357412394,146081653.07551932,213999425.51708272,40000000,3.0142579285421545,108226159.29882587,98601649.53896491,53491065.47992655,16787298.36027962,0.41968245900699047,15349723.37932935,-4384525.5580992615,-79874363.94231826,10527860.885532755,-73731028.61488476,-0.15894332998924657,0.11902928561781241,0.056897416237999675,0.07819125393031301,2021-09-07,2021-04-20,False,False,False,False,False,0.0,0,0,False,[],澜琨信息
2021-03-31,季报,2021-04-30,保留意见,False,329021134.31460536,223321044.67114896,105700089.64345641,0.6787437686529052,12294680.297601156,40641.313697092475,39995244.27569543,6415665.348738725,78996.34590983465,3071.0760226231964,130159036.05912,193673511.49982688,40000000,2.6425022410864103,108187691.52917835,98566862.93992937,155760.7639043862,-54953.95663931593,-0.0013738489159828983,-49695.14147933187,-46077255.04783951,-58561583.931020975,7848839.231795971,-96789999.74706452,-0.12333240760041517,-0.49847881110017084,-0.038352699064925416,-0.010167178770421633,2021-09-07,2021-06-28,False,False,False,False,False,0.0,0,0,False,[],澜琨信息
2021-06-30,半年报,2021-08-27,保留意见,False,424544332.48258257,308348657.5397825,116195674.94280003,0.726304967343859,16534351.304349108,48362.90462271203,51600126.978226945,7412260.836998835,111895.25786164062,3805.3071029699795,158601139.51236737,234833363.02138984,40000000,2.904891873570001,107976393.61449885,98361165.60336477,246284.18007995468,-301854.1638278682,-0.007546354095696705,-293853.33794942836,-49465709.11710988,-83159672.22825874,11595633.130533025,-121029748.2148356,0.09929589780620754,-0.014570642449525285,0.04756119869095371,0.16105142266174546,2021-09-07,2021-10-18,False,True,False,False,False,0.0,2,0,True,['公司在相应期间是否按照中国证券监督管理委员会相关规定为中小股东参与现金分红决策提供了便利'],澜琨信息
2021-09-30,季报,2021-10-27,无保留意见,True,677776559.1518486,526646492.67150635,151130066.48034224,0.7770208124791711,26353430.519985177,84599.42043375452,85769143.69177715,13187645.877150541,161913.8276496846,6312.262832871788,264882829.07022128,389624196.9481691,40000000,3.778251662008556,108706917.07466066,98941023.36593337,3982363.356138251,1043604.9430882894,0.026090123577207233,828368.2322408486,-71385221.37245312,-137972338.82786041,16000314.015799277,-193357246.18451425,0.30065139304659527,0.08057535969062954,0.05071584513531211,-0.05550039591778788,2021-09-07,2021-11-10,True,False,False,False,True,652500.8313073493,0,0,True,['公司在相应期间是否按照中国证券监督管理委员会相关规定为中小股东参与现金分红决策提供了便利'],澜琨信息
2021-12-31,年报,2022-03-30,无保留意见,False,514231710.7010224,373821169.42254275,140410541.27847964,0.7269508310036616,16894629.944694176,55308.01946467493,60890743.60150911,8232987.959653981,106578.65451510513,4319.971333334875,170230073.01221946,258431062.65083364,40000000,3.510263531961991,110408279.4449465,100471738.31772366,11213425.23105498,2430517.67183692,0.060762941795923,2186735.645414725,-99016071.1617587,-95889811.27029157,12129253.696870523,-182776628.73517975,-0.07092913707714732,0.07686450313688006,-0.050069981475509416,0.021993686373007665,2021-09-07,2022-05-13,False,False,False,True,False,0.0,0,0,False,[],澜琨信息
2022-03-31,季报,2022-04-30,保留意见,False,665156903.5529131,507287497.63524437,157869405.9176687,0.7626583967265248,24422034.87746384,80201.56619149096,77480795.02133764,12240084.912485769,163874.93044202644,5785.613555971826,258386322.94148913,366062863.5011954,40000000,3.9467351479417174,115418052.26240584,105643627.3232967,17152550.86964741,7156818.310656223,0.17892045776640558,7388412.865104308,-113772858.28018665,-135381691.37748858,15528191.440365909,-233626358.21730933,0.12434155213861368,0.24324110755266792,0.03570756572286315,0.07379851241760924,2021-09-07,2022-05-28,True,False,False,False,True,2922870.090393992,0,0,True,"['留存未分配利润的预计用途以及收益情况', '是否影响偿债能力、过去十二个月内是否使用过募集资金补充流动资金以及未来十二个月内是否计划使用募集资金补充流动资金等内容']",澜琨信息
2022-06-30,半年报,2022-08-27,无保留意见,False,727980836.0581411,571993127.808696,155987708.24944508,0.7857255294053003,23354188.768548165,77063.4382651954,75944033.0277178,11160866.654454496,161379.94267408314,6146.343284571569,237654924.8340649,355541503.4785444,40000000,3.899692706236127,114793647.76778474,105072819.06959176,2729570.6612027576,-892006.4208873026,-0.022300160522182564,-815440.3624356058,-113461458.67892005,-134399725.41732597,18731157.645554498,-229130026.45069152,-0.01191933077397488,-0.33319059770354653,0.023067132678775356,0.013367088285800488,2021-09-07,2022-09-12,False,False,False,True,False,0.0,0,0,False,[],澜琨信息
2022-09-30,季报,2022-10-27,无保留意见,False,528939713.0948876,372457460.31918555,156482252.77570206,0.7041586235601289,19384945.17060898,60442.163166598155,59177953.54222718,8689385.18668045,115077.22644794172,4201.371592127387,179617146.05046883,270112991.9495003,40000000,3.9120563193925513,114760523.46085526,105042423.03779253,232061.0009210176,-47320.43847069889,-0.0011830109617674723,-43422.902570325605,-89492043.92108764,-98938026.81420685,13118493.258577578,-175311577.4767169,0.0031704070263416768,0.0524389321530344,-0.08156690584517125,-0.025270910161535334,2021-09-07,2022-11-06,False,False,False,False,False,0.0,0,0,False,[],澜琨信息
2022-12-31,年报,2023-03-30,无保留意见,False,704041669.4783156,529284882.3811269,174756787.09718865,0.7517806194245849,25511487.459565457,85307.75926046952,79683407.96619096,12081016.152340174,158457.8589917413,6401.883215527159,273297713.00807726,387908161.57092446,40000000,4.368919677429716,108592354.9499752,99401994.02006572,22369021.46621056,-8811669.301257238,-0.22029173253143094,-8057755.739609713,-24934634.097555194,-137625129.01085046,17471097.92853389,-145088665.17987177,0.11678343069153593,-0.516989000528003,0.04762199586445579,0.08143160629178829,2021-09-07,2023-05-16,False,False,False,False,False,0.0,0,0,False,[],澜琨信息
2023-03-31,季报,2023-04-30,无保留意见,False,628898936.0493928,469553623.998262,159345312.05113083,0.7466281099915614,24008757.617522046,81863.82702949825,78524034.77343704,10752543.010771222,140934.57872342758,5777.060305244986,245923318.9480628,356358743.01627,40000000,3.983632801278271,102064687.39068696,93692011.53155962,30174324.814222895,-9325239.37041177,-0.23313098426029427,-8157117.8407230275,-52299234.22641439,-112337528.37617405,16816090.400446255,-147820672.20214218,-0.08818813450425203,-0.06271975180892335,-0.005152509433023437,-0.050504102035160515,2021-09-07,2023-06-14,False,False,True,False,False,0.0,0,4,True,['上市公司控股子公司向母公司实施利润分配的情况'],澜琨信息
2023-06-30,半年报,2023-08-27,无保留意见,False,471987445.66617835,340285879.0360432,131701566.63013512,0.7209638352896288,15493534.570516817,52844.32877704041,56228074.67643442,7226784.143983289,107129.3678225572,3905.9604824553235,159551858.81880355,239607221.7798478,40000000,3.292539165753378,99197023.35127781,91011208.07707138,0.0,-4096662.9134416133,-0.10241657283604033,-3829719.2206974635,-73748387.21557571,-92676504.84730002,11699886.022517808,-154725006.04035795,-0.17348326766039637,0.6812689944768587,-0.02566427470193252,0.11315028201355576,2021-09-07,2023-09-19,False,False,False,False,False,0.0,0,0,False,[],澜琨信息
2023-09-30,季报,2023-10-27,无保留意见,False,510382029.68973,388268217.0256224,122113812.66410758,0.7607403757174941,18818621.678747967,60894.561018049724,59644720.951251365,8416598.544966439,110683.29341879238,4264.718229852549,170879848.89945993,272381426.3503387,40000000,3.0528453166026894,90955430.03380509,83749380.51721033,40423601.535670996,-11773704.739246748,-0.2943426184811687,-10374039.371230084,-43274840.48368913,-94930935.98528382,12547642.034982847,-125658134.4339901,-0.07279908820639448,-0.5949656103925575,0.03977654042786521,0.17418165768741722,2021-09-07,2023-11-06,False,True,False,False,False,0.0,0,0,True,"['根据公司盈利能力、融资能力及其成本、偿债能力及现金流等情况披露现金分红方案的合理性，是否导致公司营运资金不足或者影响公司正常生产经营', '结合所处行业特点、发展阶段和自身经营模式、盈利水平、偿债能力、资金需求等因素，未进行现金分红或现金分红水平较低原因的说明']",澜琨信息
2023-12-31,年报,2024-03-30,无保留意见,False,539495537.6066582,407350565.74134994,132144971.86530828,0.7550582671146131,19387733.30864791,59093.15206573155,59793437.837946445,9554151.143614667,111724.65823196946,4441.083742210067,194855235.44163132,276608492.5615784,40000000,3.303624296632707,84718171.78325261,78239975.18321669,5377791.038442812,-8910368.929360693,-0.22275922323401734,-7870579.0485623395,-83314245.46336502,-101315540.24343504,13247973.730906358,-171381811.97589368,0.08214598318040338,0.5478710380923578,-0.005682108602880904,0.09101299487797355,2021-09-07,2024-05-05,False,False,False,False,True,0.0,0,0,False,[],澜琨信息
2024-03-31,季报,2024-04-30,无保留意见,False,482787993.8542595,357235700.6630318,125552293.19122764,0.7399432156775455,16571729.065792317,55856.053204431024,49852374.164069764,7304050.142224261,97007.88209400953,4149.94605233331,165814791.9865665,245038050.5839369,40000000,3.138807329780691,77223384.05385593,71558623.30195017,14046406.11950773,-10706839.613423841,-0.26767099033559605,-9544788.401809325,-11150749.290460672,-88919694.95835651,11252511.269174116,-88817932.97964308,-0.04988974291659297,-0.2220707802835781,-0.015115051437067656,-0.08290815358131828,2021-09-07,2024-05-21,False,False,False,False,False,0.0,0,0,False,[],澜琨信息
2024-06-30,半年报,2024-08-27,无保留意见,False,638114593.8206615,499578592.29869205,138536001.52196956,0.7828979263857672,21393644.627113584,67168.77818694165,69926537.73550138,9693742.929044323,135689.69334455722,4892.709093773965,208876223.68980044,310751830.4497995,40000000,3.463400038049239,67854091.48704639,63762635.38522647,16559018.721665295,-13384703.666870764,-0.3346175916717691,-11137125.595319565,-19958861.110512074,-125904150.21294919,14772622.595330205,-131090388.72813106,0.10341275336935908,-0.4255197530256868,0.04295471070822158,0.06011356819006453,2021-09-07,2024-10-21,False,False,False,False,False,0.0,0,0,False,[],澜琨信息
2024-09-30,季报,2024-10-27,无保留意见,True,923984856.0449784,774348889.1282833,149635966.91669506,0.8380536586311638,33793819.6254257,120571.11389945919,120553630.61688146,17385436.0884311,239841.93660790392,7997.764991629884,347533896.81339693,524820417.3453855,40000000,3.7408991729173766,57162534.16378621,53902625.20828328,19764669.0198343,-15273653.318943111,-0.3818413329735778,-14085728.82420457,-179789034.1800339,-171365871.73381412,22729676.63385591,-328425229.2799921,0.08012332731405711,-0.5224881940555502,0.05515573224539658,0.049128326354969505,2021-09-07,2024-11-13,False,False,True,False,False,0.0,0,4,True,"['充分披露高送转的主要考虑及其合理性且送转股后每股收益不低于0.5元', '留存未分配利润的预计用途以及收益情况', '上市公司控股子公司向母公司实施利润分配的情况']",澜琨信息
2024-12-31,年报,2025-03-30,无保留意见,False,870369327.1583993,702604409.2087907,167764917.94960868,0.8072485866461641,32984534.86543742,106655.05317613372,108335634.53985015,15582012.013141908,206369.20889715466,8522.968965512217,359847578.3480013,496563962.6213335,40000000,4.194122948740217,46376552.52055537,45216050.62347216,60189018.073555775,-15408545.204615489,-0.38521363011538723,-12409392.264015889,-55044197.09524466,-161976005.17091274,21006349.117302336,-196013853.14885506,0.12115369991899312,-0.07813719408305364,-0.03080507198499973,0.046288322701807855,2021-09-07,2025-04-13,False,False,True,False,True,0.0,0,1,True,['结合所处行业特点、发展阶段和自身经营模式、盈利水平、偿债能力、资金需求等因素，未进行现金分红或现金分红水平较低原因的说明'],澜琨信息
2017-03-31,季报,2017-04-30,无保留意见,False,314159494.97405016,110188508.91265719,203970986.06139296,0.35074066095554063,7146377.753010787,5.362636841104376e-07,36545795.34305145,65011200.695767544,881.5879019410266,52.937599616761375,2496399.6189188347,112812897.4607619,40000000,5.099274651534824,2503814.081146296,2337366.2088335,11897219.890706293,3576877.2587804236,0.0894219314695106,3339094.584047857,-13883969.745809613,-25373982.3162923,76272881.34432489,37014929.28222297,0.13317214478551664,0.1431598477100235,0.050740660955540653,0.05304836611273081,2021-03-10,2017-05-13,False,False,False,False,False,0.0,0,0,False,[],珣璜地产
2017-06-30,半年报,2017-08-27,非标准无保留意见,False,287964908.4472444,91622918.24713208,196341990.2001123,0.3181739009144496,6903894.256062211,5.393897394575987e-07,38260958.743143976,65483951.73174294,932.3641124956866,50.4541531146832,2456713.328033428,109945438.24259402,40000000,4.908549755002808,6789529.477238635,6117787.841345788,4508611.1582507845,6122450.565846197,0.15306126414615492,5400602.332160412,-33621165.61694242,-23476670.756785884,68672840.28743541,11575003.913707107,-0.0374023580931476,0.12371038010539454,-0.03256676004109106,0.04504476752861162,2021-03-10,2017-09-18,False,False,False,False,False,0.0,0,0,False,[],珣璜地产
2017-09-30,季报,2017-10-27,无保留意见,False,360566887.15369725,146029486.4712203,214537400.6824769,0.4049997148212142,8472176.593329718,5.347133234652964e-07,43438150.6921627,69503699.27315761,920.114836830261,58.890549118929826,2456661.1550861914,123967830.44384067,40000000,5.3634350170619225,9510352.264155855,8638057.667594219,13905154.994457299,3886889.695596032,0.0971722423899008,3600385.466069188,-16131862.373116901,-27907606.605302345,86464209.40531804,42424740.42689879,0.09267202835124447,-0.09668356145400425,0.08682581390676462,0.11978843822571175,2021-03-10,2017-12-09,False,False,False,False,False,0.0,0,0,False,[],珣璜地产
2017-12-31,年报,2018-03-30,无保留意见,False,354910673.65985966,128132156.23062868,226778517.42923096,0.3610264941015225,8641451.792628573,6.058220305158956e-07,43653290.95818954,74538614.94825697,1016.7731382196307,54.05061158556529,2855011.712290875,124412193.69250338,40000000,5.669462935730774,8717098.565495228,7924580.143520024,2787686.139751794,-1133219.5695151817,-0.028330489237879543,-1019253.6058202788,-61015237.54033086,-28153556.23374564,85603963.07826675,-3564830.695809737,0.057058194551687196,-0.2403473824142279,-0.043973220719691695,0.15501867535646505,2021-03-10,2018-05-23,False,False,False,False,False,0.0,0,0,False,[],珣璜地产
2018-03-31,季报,2018-04-30,无保留意见,False,400021497.0995986,161187058.79851058,238834438.301088,0.4029459915709923,9031361.133971905,6.257689482434965e-07,45806216.12370271,78616042.11845304,1102.0944463344379,63.52313670312923,3561117.1666408665,146994743.7063985,40000000,5.9708609575272,4960730.574078609,4418244.598180365,14695069.275415905,-5366239.987738028,-0.1341559996934507,-5009050.779056655,-26334214.64168446,-34386211.097164914,97339544.92079602,36619119.18194665,0.053161653090087045,-0.2667850883024731,0.04191949746946984,-0.0383433639896627,2021-03-10,2018-06-22,False,False,False,False,False,0.0,0,0,False,[],珣璜地产
2018-06-30,半年报,2018-08-27,无保留意见,False,376148297.6538203,125618670.41914089,250529627.2346794,0.33396049165361696,9101431.768775702,6.641799803993352e-07,42932591.56308747,83776047.54711172,1053.981321466001,69.40879680386408,3192376.1081950297,143256635.86812973,40000000,6.263240680866985,3379753.621243949,2989921.6377254855,3457663.847839925,-2258538.5040495154,-0.056463462601237885,-2040461.3720784003,-29240370.548090078,-28232729.82483491,89132473.53053176,31659373.15760678,0.04896776619311404,0.2671278658329722,-0.0689854999173754,0.07190934288203896,2021-03-10,2018-10-05,False,False,False,False,False,0.0,0,0,False,[],珣璜地产
2018-09-30,季报,2018-10-27,无保留意见,False,407641648.71311677,143742931.5333093,263898717.17980745,0.35262081778712046,10755600.819916803,6.755931031938459e-07,48019931.70604923,92983707.54108974,1251.2079437120956,68.2357308463855,3512417.4482654734,157739971.02614343,40000000,6.597467929495187,10458228.961950004,9107271.342998425,15828717.161966933,10112107.62958008,0.252802690739502,8739071.007532772,-64924036.20457046,-30274880.190884627,107296611.60060605,12097695.205150962,0.05336330913311411,0.8391736556804656,0.01866032613350352,0.1395402314931931,2021-03-10,2018-12-17,False,False,False,False,False,0.0,0,0,False,[],珣璜地产
2018-12-31,年报,2019-03-30,无保留意见,False,388430700.4339497,104448647.14868157,283982053.2852681,0.26889905208829507,9157550.424702846,6.516084721989758e-07,46702247.740227535,85442054.91055243,1108.677196408277,62.1058667548216,2960107.1363757947,139947351.820815,40000000,7.099551332131703,25929840.389195792,23792695.90034707,106681056.42369395,22102302.038922556,0.5525575509730639,20979177.939069495,-33255336.598692216,-33355465.10854574,96504256.93123062,29893455.22399266,0.07610243929975928,0.4422450136728151,-0.08372176569882538,0.014249905962244557,2021-03-10,2019-04-10,False,False,False,False,False,0.0,0,0,False,[],珣璜地产
2019-03-31,季报,2019-04-30,无保留意见,False,382054909.74910486,102318125.93562011,279736783.8134847,0.2678100014545353,8353630.396062912,6.912647083628712e-07,43525187.261703864,84733880.8557635,1188.8875875350418,71.19618126588536,3098774.2486779094,143249924.6323779,40000000,6.9934195953371185,37826435.327731006,34222014.33030684,63430508.43198368,16995135.62647888,0.424878390661972,14899026.328513969,-73377626.4179545,-29697893.182758983,88044995.19343685,-15030524.407276645,-0.014949076614777847,-0.13061037704020548,-0.0010890506337597676,0.16623954035621194,2021-03-10,2019-06-27,False,False,False,False,False,0.0,0,0,False,[],珣璜地产
2019-06-30,半年报,2019-08-27,保留意见,False,324127411.3640991,73167746.0053718,250959665.3587273,0.22573760638584478,8856529.240288489,6.216081816552925e-07,41114116.1831239,74057621.52546443,982.8603425602205,57.15528071975309,2931145.60046124,129131751.49630189,40000000,6.2739916339681825,37364739.672918394,33799554.55177842,3115082.885176137,-659565.2211608756,-0.01648913052902189,-603513.9693263188,-57673525.50816112,-23670123.911460325,84097290.00213996,2753640.582518518,-0.10287212880071087,-0.519330207757385,-0.04207239506869052,-0.01885964907815362,2021-03-10,2019-09-17,False,False,False,False,False,0.0,0,0,False,[],珣璜地产
2019-09-30,季报,2019-10-27,无保留意见,False,367889299.8783125,103513182.66732638,264376117.21098614,0.28137046307561986,10297091.962311372,7.882650363165454e-07,55214751.747963,95112672.63183518,1276.4574715665026,64.22242503485097,3456293.4846534757,157006513.45200557,40000000,6.609402930274653,34408808.13811114,31215715.74336138,17652751.758907508,-4222759.335438943,-0.10556898338597356,-3691198.297738634,-43801570.82613945,-31707986.39419833,94040083.869878,18530526.649540216,0.05346059030275253,-0.21805993307426585,0.05563285668977509,0.028430810709880985,2021-03-10,2019-11-17,False,False,False,False,False,0.0,0,0,False,[],珣璜地产
2019-12-31,年报,2020-03-30,无保留意见,False,433380194.44524133,127333212.70758933,306046981.737652,0.2938141021201609,10658728.556467175,7.977653355059353e-07,52225818.13317962,93867079.19218776,1226.4891098606909,76.88015097669879,3875357.9103004797,167866345.00100002,40000000,7.6511745434413,34167254.44731818,31002059.125299856,417435.6433594152,-345076.7011327874,-0.008626917528319684,-305223.74008788774,-59788204.07852317,-37100942.57371903,103629833.22510439,6740686.572862193,0.1576196252757971,0.3034835717747176,0.012443639044541025,0.044184772582433016,2021-03-10,2020-05-10,False,False,False,False,False,0.0,0,0,False,[],珣璜地产
2020-03-31,季报,2020-04-30,非标准无保留意见,False,478374988.16651845,176694931.08523414,301680057.0812843,0.3693649029654704,11555768.20445977,7.641124410976063e-07,57105970.81886627,101811214.24515292,1485.572363770969,77.01628374754343,3725256.953576083,171910440.39125875,40000000,7.542001427032107,33044760.50322319,29952182.907240544,4694387.9576097075,-1603562.7772785649,-0.04008906943196412,-1499823.1686561597,-39919741.57747084,-36949230.54346784,120894047.98073979,44025075.8598011,-0.014268804846803115,-0.07556240599627216,0.07555080084530953,-0.06849463841394494,2021-03-10,2020-06-23,False,False,False,False,False,0.0,0,0,False,[],珣璜地产
2020-06-30,半年报,2020-08-27,无保留意见,False,525126167.4945917,213425484.58907953,311700682.9055122,0.40642706039073473,12675502.668169705,7.865423576483507e-07,57532010.54972339,107414093.07370408,1553.348502259942,81.82503139940873,4105305.7547781877,182070815.01903057,40000000,7.792517072637805,35563029.235409066,32175386.60680553,6575106.036718368,3597526.760265544,0.0899381690066386,3176005.2850928386,-36398824.9194098,-42203316.87745009,136412800.60207134,57810658.805211455,0.03321606976999481,0.3378112392046489,0.03706215742526425,-0.10792887326918495,2021-03-10,2020-10-09,False,False,False,False,False,0.0,0,0,False,[],珣璜地产
2020-09-30,季报,2020-10-27,无保留意见,False,666060968.2953475,292866207.2502973,373194761.0450502,0.43969879814430646,17064669.89053054,1.2438829814424877e-06,91408908.56156266,163160118.32289594,1958.0552560444758,107.60989455609065,5850910.787848079,262338143.71687964,40000000,9.329869026126255,40467172.87950251,36455996.113230705,5295768.149278014,7005919.491562065,0.17514798728905162,6115156.437750246,-131272284.04496811,-53605270.77176804,175935210.5971648,-8942344.219571352,0.19728567023441226,0.16547582488746232,0.033271737753571756,0.10790218319809228,2021-03-10,2020-12-23,False,False,False,False,False,0.0,0,0,False,[],珣璜地产
2020-12-31,年报,2021-03-30,无保留意见,False,544578564.1868423,184122321.63456237,360456242.55227995,0.3381005675636378,12650668.033668045,9.501608485441864e-07,59553463.6603392,117788836.60252798,1535.7071268318823,94.62793081851132,4712385.058354329,201895901.36885378,40000000,9.011406063806998,51132034.05263053,46279029.741129644,10775416.243275164,15235515.96161145,0.38088789904028625,14032905.182712771,-50739830.13240595,-43966948.804659836,137511617.1847578,42804838.24769202,-0.03413370127999324,0.34281529907413205,-0.10159823058066862,-0.06867120519501584,2021-03-10,2021-05-27,True,True,False,False,False,7482413.407483743,4,0,True,"['留存未分配利润的预计用途以及收益情况', '充分披露高送转的主要考虑及其合理性且送转股后每股收益不低于0.5元', '公司为增强投资者回报水平拟采取的措施']",珣璜地产
2021-03-31,季报,2021-04-30,无保留意见,False,819416266.6463871,386063814.91102,433352451.7353672,0.47114492428989435,18089696.175491422,1.1749567141487052e-06,89886953.8688679,164122876.16355035,2251.070007107216,130.01006131918507,6390090.301359912,282171676.94328594,40000000,10.83381129338418,58897761.55899922,52895318.392345496,27090345.105796862,11093896.43766956,0.277347410941739,9451840.930308362,-97150048.07115047,-64676799.04018873,185825230.6717354,23998383.560396194,0.20223317167967875,-0.12848001343840912,0.1330443567262565,0.09373769866741054,2021-03-10,2021-05-19,False,False,True,False,False,0.0,0,0,True,"['公司在相应期间是否按照中国证券监督管理委员会相关规定为中小股东参与现金分红决策提供了便利', '是否影响偿债能力、过去十二个月内是否使用过募集资金补充流动资金以及未来十二个月内是否计划使用募集资金补充流动资金等内容', '留存未分配利润的预计用途以及收益情况']",珣璜地产
2021-06-30,半年报,2021-08-27,无保留意见,False,926715854.2710631,448392470.7501713,478323383.52089185,0.48385108410912875,20063567.13623393,1.53838892200374e-06,108385575.42774162,186015308.62896538,2572.9731911033914,147.50578636093013,7146358.768837007,323111877.69540393,40000000,11.958084588022297,66648257.041498415,59776390.998024605,8087256.932965892,11072136.403570283,0.2768034100892571,9830103.722398726,-76510058.65061936,-73722189.34051809,224015572.38457683,73783324.39343938,0.10377449488387074,-0.0007745466759144005,0.012706159819234383,0.0887229215671141,2021-03-10,2021-10-14,True,False,False,False,False,6227412.328006068,0,0,True,"['结合所处行业特点、发展阶段和自身经营模式、盈利水平、偿债能力、资金需求等因素，未进行现金分红或现金分红水平较低原因的说明', '公司在相应期间是否按照中国证券监督管理委员会相关规定为中小股东参与现金分红决策提供了便利']",珣璜地产
2021-09-30,季报,2021-10-27,无保留意见,False,970653842.0884767,463574883.49287426,507078958.59560233,0.47759032457486394,24947318.3733639,1.4791251917906017e-06,110109411.19417737,199099274.20472765,2763.6168955403505,169.18431777970775,7962145.704072526,365827727.27409035,40000000,12.676973964890058,69509977.96898958,62300504.93473229,2256453.006629687,4088172.7535588145,0.10220431883897037,3605877.0524395467,-95367239.86043695,-83123909.89299911,227034908.8870049,48543759.13356885,0.06011743532804819,-0.24878632497394204,-0.006260759534264827,-0.14899373967854615,2021-03-10,2021-12-25,False,False,False,False,False,0.0,0,0,False,[],珣璜地产
2021-12-31,年报,2022-03-30,无保留意见,False,1356573114.9010468,759971999.1790192,596601115.7220274,0.5602145515278433,29816372.150732197,1.942302648686609e-06,129963252.98533192,259644141.86452228,3720.7051957395593,209.5203642784188,9762217.737712296,451086216.8203052,40000000,14.915027893050686,66983660.18398264,59989792.81926336,7549087.721703511,-3609025.40715277,-0.09022563517881925,-3301017.307812745,-213825975.83548132,-114139752.18895833,341518726.36585754,13552998.341417909,0.17654480748789927,-0.3650007163096962,0.08262422695297934,0.07579351560226531,2021-03-10,2022-05-11,False,False,False,False,True,0.0,0,0,False,[],珣璜地产
2022-03-31,季报,2022-04-30,非标准无保留意见,False,1440209368.9114752,819856638.4660213,620352730.4454539,0.5692621199136326,37719265.2112352,2.3123506471579622e-06,172552697.36349645,315889285.5425039,4478.975443521472,235.75184730976176,12519751.033772705,544933177.3894377,40000000,15.508818261136348,56428797.48422151,50211952.94732143,31361408.96135832,-15078375.285373049,-0.3769593821343262,-13968342.674202748,-285438737.25303495,-126540152.16467862,335408242.44066805,-76570646.97704554,0.039811549287301476,-0.8564985168702072,0.009047568385789339,0.048204444557376776,2021-03-10,2022-05-28,False,False,False,False,False,0.0,0,0,False,[],珣璜地产
2022-06-30,半年报,2022-08-27,无保留意见,False,1466203622.6793623,859479534.8482801,606724087.8310823,0.5861938420788064,35395178.44736396,2.426330237632529e-06,158569951.49615586,291140917.1614584,3845.2840475602525,230.2939253097632,11572941.505394692,516661550.9898704,40000000,15.168102195777058,46407553.05005145,42215737.08298171,14668695.444236616,-14316063.477385795,-0.35790158693464486,-11423165.520485308,-19768949.33208764,-112313632.53979826,367268127.36686414,235185545.49497825,-0.02196918292692175,0.39670170881167277,0.016931722165173822,0.008876251136989366,2021-03-10,2022-10-04,False,True,True,True,False,0.0,1,4,True,['上市公司控股子公司向母公司实施利润分配的情况'],珣璜地产
2022-09-30,季报,2022-10-27,无保留意见,False,1589925363.514556,946188065.2132643,643737298.3012917,0.5951147688604075,39455277.28325429,2.688290459813617e-06,183346192.29164115,319716800.8615581,4139.144282534626,241.94799042641122,12123849.592932621,572381097.1008123,40000000,16.09343245753229,36217920.42655285,32988622.40390194,21925642.089743692,-14556618.033569431,-0.36391545083923577,-13181592.398685392,-135737567.85008973,-137342921.2798918,416504779.8288095,143424290.69882798,0.06100501234840407,-0.08962751322797005,0.008920926781601108,0.15999782461263615,2021-03-10,2022-11-22,False,False,False,False,True,0.0,0,0,False,[],珣璜地产
2022-12-31,年报,2023-03-30,无保留意见,False,1886390922.477407,1221228928.7906861,665161993.686721,0.6473891038379467,38863380.39527706,3.0865447265315164e-06,204973282.23338395,421994359.4457864,5080.685858817121,280.01993638887495,14924536.314325457,669271144.8671677,40000000,16.629049842168023,26634297.274066456,24371235.745448615,58529433.83875044,-13690890.217837702,-0.3422722554459426,-12310552.369219039,-134291985.89226446,-149379707.02707618,476869426.23085195,193197733.31151134,0.03328173688547371,0.354315382378152,0.052274334977539104,-0.032132662289697925,2021-03-10,2023-05-15,False,True,False,False,True,0.0,3,0,True,['公司在相应期间是否按照中国证券监督管理委员会相关规定为中小股东参与现金分红决策提供了便利'],珣璜地产
2023-03-31,季报,2023-04-30,无保留意见,False,1840528840.2996593,1166003088.3845556,674525751.9151036,0.6335152499945162,48981723.69774904,3.3279860471377488e-06,216179872.69735813,394535417.44880074,5639.016549728616,301.5988478967554,15075533.336492123,705699331.5154679,40000000,16.863143797877587,17181436.176629554,16081907.904191304,8867152.314078568,-13504087.282052718,-0.337602182051318,-11841896.916081872,-293624376.65604556,-144457496.78301936,476383186.76753557,38301313.32847065,0.014077410190686116,0.05645111467499341,-0.013873853843430439,-0.07813766861243043,2021-03-10,2023-05-30,False,True,False,True,True,0.0,2,0,True,"['充分披露高送转的主要考虑及其合理性且送转股后每股收益不低于0.5元', '上市公司控股子公司向母公司实施利润分配的情况']",珣璜地产
2023-06-30,半年报,2023-08-27,无保留意见,False,1994466957.7729692,1192345778.7543163,802121179.0186528,0.5978267898134021,47534585.00934704,4.0405495049901185e-06,232904902.48176914,452455292.4285097,5762.837966394134,327.69284437469804,16332936.08002358,767100031.7321459,40000000,20.05302947546632,8501339.889638506,8906809.250419445,40549792.394480504,-12400137.552844357,-0.3100034388211089,-10250140.9339598,-213651155.07101902,-157279717.73508686,519599813.81827605,148668941.0121702,0.18916316647849588,0.3157829780877865,-0.0356884601811141,0.042228667134481555,2021-03-10,2023-10-17,False,False,False,False,True,0.0,0,0,False,[],珣璜地产
2023-09-30,季报,2023-10-27,无保留意见,False,2005130917.4985113,1190577618.0272174,814553299.4712938,0.5937655280446801,48275194.85213372,3.8715903555164845e-06,240472832.6467967,461650033.03359556,6000.449181896099,340.3324360404903,16533202.253118506,777877049.9339306,40000000,20.363832486782346,321164.07157844,1535231.4475088974,22078548.5701674,-11685965.454371523,-0.2921491363592881,-10530825.432729354,-185511263.75742272,-154263391.16332877,489838930.54170686,150064275.6209554,0.015499055227354785,0.15525944670681324,-0.004061261768722083,0.11340498577929022,2021-03-10,2023-11-16,False,True,False,False,False,0.0,2,0,True,"['公司在相应期间是否按照中国证券监督管理委员会相关规定为中小股东参与现金分红决策提供了便利', '结合所处行业特点、发展阶段和自身经营模式、盈利水平、偿债能力、资金需求等因素，未进行现金分红或现金分红水平较低原因的说明']",珣璜地产
2023-12-31,年报,2024-03-30,非标准无保留意见,False,1997912125.2759824,1186609847.5810363,811302277.6949459,0.593924944230029,50277537.143306725,3.3870430733341844e-06,240789015.5816471,448257959.03010607,5815.099107552969,314.5863898253143,15574754.1963466,723972377.0707079,40000000,20.28255694237365,-8055851.476590631,-6056926.72639221,45186145.35893152,-11967165.068812959,-0.299179126720324,-10845940.248430155,-284914505.45026726,-165510410.16416794,493789306.17814136,43364390.56370616,-0.003991171330909854,-0.05291640692715543,0.0001594161853488823,0.05272613743215358,2021-03-10,2024-05-11,False,True,False,True,False,0.0,0,0,True,['留存未分配利润的预计用途以及收益情况'],珣璜地产
2024-03-31,季报,2024-04-30,无保留意见,False,2863008369.070057,1887423793.2693245,975584575.8007321,0.6592449444646175,66665102.55886454,4.94081206762048e-06,325376861.47660947,592194623.8422803,8250.536132852003,474.5576294430273,23486964.475579046,1030979580.6572624,40000000,24.389614395018302,-13061654.755644465,-10479708.899302432,16234710.331289575,-7151147.54150548,-0.178778688537637,-6318260.247014602,-556292460.8558606,-211098624.89313015,699298803.184024,-68092282.5649668,0.20249209526755096,0.9569194287426346,0.06532000023458856,0.0038203578428641664,2021-03-10,2024-05-22,False,False,False,True,False,0.0,0,0,False,[],珣璜地产
2024-06-30,半年报,2024-08-27,无保留意见,False,3208488618.1682496,2209982033.2722006,998506584.896049,0.6887922309457641,77951833.3334713,5.689609700657747e-06,341991580.6824329,729580292.9018848,9910.274257931302,515.6744155923919,27421909.511576034,1203631842.0588636,40000000,24.962664622401224,-19007039.435819007,-15872113.654695794,13297482.57849306,-8493406.685963634,-0.21233516714909087,-7703435.364847659,-411808192.2536327,-278403316.71541214,759213489.5840398,69001980.61499488,0.023495665741233233,-0.13628584143327988,0.02954728648114667,0.10546004525917682,2021-03-10,2024-10-05,False,True,False,False,False,0.0,4,0,True,"['充分披露高送转的主要考虑及其合理性且送转股后每股收益不低于0.5元', '留存未分配利润的预计用途以及收益情况']",珣璜地产
2024-09-30,季报,2024-10-27,无保留意见,False,3541387659.328924,2486014628.3566456,1055373030.9722787,0.7019888437821385,91071160.03879902,6.064312802434231e-06,421847131.75100476,726686460.687496,9952.384783369773,576.5450184657017,27453968.07078551,1270568347.9768867,40000000,26.38432577430697,-23033611.35856843,-19555830.253415197,26764033.264382336,-5752245.603927741,-0.1438061400981935,-5262452.283884866,-299242037.9836078,-299760624.5293006,853637376.4277276,254634713.91481912,0.05695149830398966,0.3222395829729887,0.013196612836374426,-0.10741970394565993,2021-03-10,2024-11-07,False,True,False,False,False,0.0,2,0,True,"['结合所处行业特点、发展阶段和自身经营模式、盈利水平、偿债能力、资金需求等因素，未进行现金分红或现金分红水平较低原因的说明', '根据公司盈利能力、融资能力及其成本、偿债能力及现金流等情况披露现金分红方案的合理性，是否导致公司营运资金不足或者影响公司正常生产经营']",珣璜地产
2024-12-31,年报,2025-03-30,无保留意见,False,3084419049.24535,2181190150.815462,903228898.429888,0.7071640124091191,72678055.15243874,5.418954597244013e-06,362153462.95993465,704434020.6039593,8657.972941116397,511.804100919179,23522114.87966063,1134065135.5943885,40000000,22.5807224607472,-27141620.237189423,-23100131.487846512,11229908.088568548,-5868584.112315709,-0.14671460280789272,-5063287.477759018,-300805356.1861548,-248701847.27106825,746723577.5811621,197216374.12393904,-0.14416147473678156,-0.010343265356913812,0.005175168626980531,0.08287655495751906,2021-03-10,2025-04-17,False,False,False,True,False,0.0,0,0,False,[],珣璜地产
2017-03-31,季报,2017-04-30,无保留意见,False,277052979.9274608,88191972.20960824,188861007.71785256,0.3183216879049597,0.37929519171287845,12425393.567683201,257015.70036859554,59725654.26430801,6494258.223951565,379779.4147975867,13269304.781799898,84011559.22645648,40000000,4.721525192946314,-835035.1764908675,-732069.0304345327,2062668.732558836,-1192907.3949869536,-0.02982268487467384,-1045812.900620761,13163767.005373536,-3638052.9092970015,-40400442.54667511,-30874728.450598575,0.04922782065473644,-0.12182818861038638,0.018321687904959714,0.016917675324149662,2021-03-26,2017-06-24,False,False,False,False,False,0.0,0,0,False,[],鸾瑄食品
2017-06-30,半年报,2017-08-27,无保留意见,False,265242790.01881593,71312272.65064375,193930517.3681722,0.26885659227753167,0.35681063003291275,12056228.09224224,243745.17011972636,51645068.66899759,6230720.607877987,331575.5275366148,12152762.902298221,80033712.49228132,40000000,4.848262934204305,1461151.1371518811,1517670.2250007738,12108562.925643507,3280266.162346784,0.0820066540586696,3213913.2220504377,10000499.914135888,-3443139.217635571,-39129002.966809,-32571642.27030868,0.026842542627397124,0.2829852186679237,-0.04946509562742805,0.10920937768563684,2021-03-26,2017-10-22,False,False,False,False,False,0.0,0,0,False,[],鸾瑄食品
2017-09-30,季报,2017-10-27,无保留意见,False,234127688.83513266,63807923.481371805,170319765.35376084,0.27253471726833595,0.35641032469386286,11043010.97231973,217292.51237808703,46867680.97445457,5627096.0254240595,318566.01408615644,10698692.616096653,73543500.80588341,40000000,4.257994133844021,10847310.731357057,9911143.131716607,47412553.51739165,13408799.420293108,0.3352199855073277,11990675.58102262,20534624.275353625,-3233758.7493285215,-32760590.416130684,-15459724.890105579,-0.12174851248185425,0.499428024112987,0.0036781249908042816,0.0944356654983358,2021-03-26,2017-12-20,False,False,False,False,False,0.0,0,0,False,[],鸾瑄食品
2017-12-31,年报,2018-03-30,无保留意见,False,286822563.11661637,88871557.96100569,197951005.1556107,0.30984855931599864,0.3627363995645382,11389264.906603392,286957.3589469288,53269031.93805225,7385327.842190716,383686.36173669924,12605579.989554124,85438012.70978034,40000000,4.948775128890268,25812081.151904013,23355016.34957439,99053292.7428871,21378243.457924224,0.5344560864481056,19205533.168368265,25176093.20814905,-3943747.169082995,-40627488.44346825,-19395142.404402196,0.16223155160212158,0.2620769050261406,0.03731384204766269,-0.08335688233949913,2021-03-26,2018-05-22,False,False,False,False,False,0.0,0,0,False,[],鸾瑄食品
2018-03-31,季报,2018-04-30,非标准无保留意见,False,253362235.9403085,57955567.407119825,195406668.53318867,0.22874587916398878,0.3397937432326286,10480576.331951706,233124.57857664465,46602286.92684905,6086671.06253292,322439.5186128187,10200937.836206738,75546046.41730389,40000000,4.885166713329717,36506333.04851263,33735143.98181452,47880616.240907975,15277502.70944089,0.3819375677360223,14828753.760343034,33411432.7182925,-3332453.420357655,-35440759.922526225,-5361780.62459138,-0.012853365510429931,-0.15896352200620784,-0.08110268015200985,0.07174984444098605,2021-03-26,2018-06-26,False,False,False,False,False,0.0,0,0,False,[],鸾瑄食品
2018-06-30,半年报,2018-08-27,无保留意见,False,268075519.67121845,68106613.38242276,199968906.28879568,0.2540575635774285,0.37937864584767084,12953669.960903797,273761.77109833725,53627066.76760288,6905718.358023552,362553.27831476514,12979575.59516761,86132307.17894024,40000000,4.999222657219892,50139998.31641004,45946374.02113936,55689187.47016133,19476664.668424867,0.4869166167106217,17444614.34189263,40620390.68529076,-3626943.1416519964,-40613716.28228857,-3620268.738649808,0.02334740052554638,0.13009562718604498,0.02531168441343972,0.047998213050342096,2021-03-26,2018-09-25,False,False,False,False,False,0.0,0,0,False,[],鸾瑄食品
2018-09-30,季报,2018-10-27,非标准无保留意见,False,284457783.43883514,73140108.4554112,211317674.98342392,0.25712113611803483,0.38537002620434146,13560077.25558765,264921.2814815016,50473794.94945813,6461796.714395017,364916.2534782568,13110565.190959284,85576419.1348243,40000000,5.282941874585598,54727470.75599356,50093799.721970305,21961477.25628742,6553532.056547876,0.1638383014136969,5924893.858329925,31967044.71517003,-3600588.836384171,-40224489.14472132,-11858033.265935462,0.056752666728287736,-0.3542849306357659,0.0030635725406063527,-0.055911088351396895,2021-03-26,2018-12-08,False,False,False,False,False,0.0,0,0,False,[],鸾瑄食品
2018-12-31,年报,2019-03-30,无保留意见,False,317328509.55660784,77889567.45560783,239438942.10099998,0.24545404875357796,0.4271515770432457,13736713.332823824,326424.19673486985,58876703.096370324,7316504.356123844,432425.34738213173,14742496.15125055,96962742.82254738,40000000,5.9859735525249995,48707239.59031994,44401703.38988294,20202960.46252655,-8600330.236676607,-0.2150082559169152,-8131566.188696232,48641732.358053364,-4255692.139708538,-45142286.20816188,-756245.9898170605,0.1330757927361351,-0.6433796110427401,-0.011667087364456909,0.1297451993634572,2021-03-26,2019-05-06,False,False,False,False,False,0.0,0,0,False,[],鸾瑄食品
2019-03-31,季报,2019-04-30,无保留意见,False,362455583.29777354,98967104.66172834,263488478.6360452,0.2730461585424728,0.4677213145213712,15032575.747888641,347972.5346046082,68397558.33896717,8853346.130886126,468895.6738619201,15047651.19996651,107433405.26898178,40000000,6.58721196590113,41078777.38205541,37286602.96176678,42507620.19470238,-10897803.154663607,-0.2724450788665902,-10164429.18302309,63424621.40238487,-5038354.318755527,-50602604.5423842,7783662.54124514,0.10044120778357182,-0.2735194338256922,0.027592109788894856,0.03304527489869302,2021-03-26,2019-06-02,False,False,False,False,False,0.0,0,0,False,[],鸾瑄食品
2019-06-30,半年报,2019-08-27,无保留意见,False,344802822.88637614,75968450.26888664,268834372.6174895,0.22032432806943908,0.42233581775014345,16143428.924598534,359121.5365949451,68225075.48262502,7500029.365946843,403605.5907256582,15235791.077734854,103047778.34896031,40000000,6.720859315437238,34530732.21186836,31331078.035846703,10897033.08916471,-9354350.24312437,-0.23385875607810924,-8507892.751314398,50825636.69016388,-4631391.419490545,-51963520.16302469,-5769274.892351352,0.02028890981919786,0.25293397618249963,-0.052721830473033714,0.029699157920507105,2021-03-26,2019-09-24,False,False,False,False,False,0.0,0,0,False,[],鸾瑄食品
2019-09-30,季报,2019-10-27,无保留意见,False,375546565.13873816,75109313.02774763,300437252.1109905,0.2,0.5399905498564832,17794152.491464153,350115.12821873237,72928072.44387506,9620022.194268158,516297.40230537497,16119660.492220702,118642128.06717141,40000000,7.510931302774763,30648045.733261667,27835587.256095756,11392948.893896872,-5546694.969438126,-0.13866737423595316,-4993558.256787066,51643888.77954154,-4897090.991938494,-52966270.14319739,-6219472.355594344,0.11755520391905797,0.49801591686332075,-0.023878298919238348,0.02789881479040854,2021-03-26,2019-12-24,False,False,False,False,False,0.0,0,0,False,[],鸾瑄食品
2019-12-31,年报,2020-03-30,无保留意见,False,391245260.65588665,78249052.13117734,312996208.52470934,0.2,0.5035547312909922,18987445.07128875,410310.56595099496,79386374.88285385,9854642.593475508,504420.91857183666,17376453.027846612,126274843.94461925,40000000,7.8249052131177335,31036925.662316725,28168150.564742103,711282.0011156584,555542.7557929419,0.013888568894823547,475090.44092335337,61075376.238281734,-5016670.429945818,-58050657.5232862,-1991951.7149502859,0.04180226095623842,0.5327927361532696,-0.026552372756285324,0.033424050823409865,2021-03-26,2020-04-27,False,False,False,False,False,0.0,0,0,False,[],鸾瑄食品
2020-03-31,季报,2020-04-30,无保留意见,False,414496799.23454404,83934597.06495999,330562202.16958404,0.20249757590399484,0.5503144386570028,18115357.350823216,391627.14930901385,76634345.59527716,8851907.154647736,572433.8425277236,17516314.26294083,120963955.60280217,40000000,8.2640550542396,26125771.227301616,23864064.962866124,10834223.965755323,-7015934.907164438,-0.17539837267911093,-6148693.716965683,63122120.27159723,-5445212.469573629,-60244007.230181485,-2567099.4281578884,0.05612206527251896,-0.4312870167718943,0.032603919510079425,0.031130694539682556,2021-03-26,2020-05-15,False,False,False,False,False,0.0,0,0,False,[],鸾瑄食品
2020-06-30,半年报,2020-08-27,无保留意见,False,430753742.6211272,86877893.92182289,343875848.6993043,0.2016880767957413,0.6278788704497194,21739584.13356006,466680.914563975,87568193.10109018,11756699.998176152,631885.5847544883,20487241.51871818,141933124.49046534,40000000,8.596896217482607,19454869.951829042,17501414.685368735,36573094.14192292,-9529858.964960823,-0.23824647412402056,-9089500.396424845,53144180.58236633,-5759561.817814628,-66810684.365648195,-19426065.60109649,0.04027576789584104,-0.2517936366020236,-0.0008094991082535275,-0.039172734449807005,2021-03-26,2020-09-23,False,False,False,False,False,0.0,0,0,False,[],鸾瑄食品
2020-09-30,季报,2020-10-27,保留意见,False,397546556.06420934,79509311.21284187,318037244.8513675,0.2,0.532668051209636,16172417.458615925,383740.2477234472,75871826.62922646,8368322.636281665,507634.0672847594,16942634.489683036,116308447.77935804,40000000,7.950931121284187,15276406.621962398,13896263.259093363,3579445.511302268,-5969233.32838092,-0.149230833209523,-5150216.323250534,36119698.73749757,-5154435.528059721,-58828892.94841139,-27863629.738973543,-0.07513933864698615,0.4766477125235735,-0.0034152948302308512,0.07536176572698078,2021-03-26,2020-12-06,False,False,False,False,False,0.0,0,0,False,[],鸾瑄食品
2020-12-31,年报,2021-03-30,无保留意见,False,473692942.32681787,96263465.8063532,377429476.52046466,0.2032191261569136,0.7102135612304956,23711099.468600884,524510.1752603293,96364860.30589129,11075537.31468316,691832.6858576179,22930390.75307631,152479164.14442828,40000000,9.435736913011617,11337306.405817907,10342941.082679033,14190301.644077992,-5627286.023063559,-0.14068215057658898,-5076174.537734753,30968862.17765984,-6544725.292932304,-67367580.95096515,-42943444.06623761,0.1867461520013283,0.03099941422903567,0.004946344191403132,-0.030314774891481443,2021-03-26,2021-05-23,False,False,False,False,True,0.0,0,0,False,[],鸾瑄食品
2021-03-31,季报,2021-04-30,无保留意见,False,475004111.7022615,95000822.3404523,380003289.3618092,0.2,0.6873536167009455,22242454.957428962,494664.0404205352,90653321.34654993,10806886.505046425,609872.1004665468,21324010.281886242,147579939.737865,40000000,9.50008223404523,10551896.185849767,9644519.004178919,2645263.816320397,-1122014.599954486,-0.028050364998862147,-997745.8264287361,87289642.21133086,-6443040.330711319,-64379666.74592262,16466935.134696923,0.006819321228094204,0.3961474307931812,-0.06263358129080136,0.09409580945684434,2021-03-26,2021-05-26,False,False,False,False,False,0.0,0,0,False,[],鸾瑄食品
2021-06-30,半年报,2021-08-27,无保留意见,False,545069928.2450383,109013985.64900766,436055942.59603065,0.2,0.6940727693478074,23388040.839418985,542072.6737450378,100186707.11871924,10904057.333455592,703529.3872948986,23339199.668016482,154326053.3948883,40000000,10.901398564900767,12332018.836920096,11292556.453248847,8650930.13560545,2543032.358671896,0.0635758089667974,2354339.212957042,60721876.94726314,-7194381.439350578,-72604395.33898768,-19076899.831075117,0.14750570535417812,0.23082569143915907,-0.04600754667357724,-0.0634761235467015,2021-03-26,2021-10-10,False,False,False,False,False,0.0,0,0,False,[],鸾瑄食品
2021-09-30,季报,2021-10-27,无保留意见,False,645110744.5571303,129022148.91142607,516088595.6457042,0.2,0.8604015513800479,28274311.32477201,617167.6514450883,110328606.06613703,14314072.416545643,820911.4953574952,25776198.176036835,184819665.8797416,40000000,12.902214891142606,15186646.428391041,13695066.452690745,0.0,4078039.4163870662,0.10195098540967666,3432157.14205985,33111998.00433644,-8906122.39040877,-84737222.99356811,-60531347.37964044,0.18353758137821552,0.07854497856541896,-0.09372660682888669,0.024136331739955462,2021-03-26,2021-11-24,False,False,True,True,False,0.0,0,4,True,"['留存未分配利润的预计用途以及收益情况', '是否影响偿债能力、过去十二个月内是否使用过募集资金补充流动资金以及未来十二个月内是否计划使用募集资金补充流动资金等内容', '公司为增强投资者回报水平拟采取的措施']",鸾瑄食品
2021-12-31,年报,2022-03-30,无保留意见,False,669682920.5569335,133936584.1113867,535746336.4455468,0.2,0.9286586821494573,29776503.446968257,655170.767160849,124916314.83401519,15547461.498170212,874271.052774562,30036259.659962885,208263385.56978804,40000000,13.39365841113867,26238417.047593623,22888742.311293308,66381815.72560314,15788243.74171798,0.3947060935429495,13133822.655146522,26118026.042572975,-8450587.885950796,-100863570.08646035,-83196131.92983818,0.03808985698520979,0.5555642104088125,0.032740044468358466,-0.16313025795064776,2021-03-26,2022-05-02,False,False,False,False,False,0.0,0,0,False,[],鸾瑄食品
2022-03-31,季报,2022-04-30,无保留意见,False,590384411.6923596,118076882.33847193,472307529.3538877,0.2,0.7899279686542429,24364468.883705013,551062.2274034945,114307857.12238494,12871496.43457519,760270.6374827493,24167488.109729476,174265775.9149349,40000000,11.807688233847191,24391474.00461991,21176298.428615876,8602480.06199209,-2638490.0613910183,-0.06596225153477546,-2446348.403824902,85048509.90831073,-7851025.6711153295,-91247081.02374662,-14049596.786551222,-0.11841202221287987,-0.5619920953455589,0.028647629403820155,0.0289934353020141,2021-03-26,2022-06-21,False,True,False,False,False,0.0,2,0,True,"['结合所处行业特点、发展阶段和自身经营模式、盈利水平、偿债能力、资金需求等因素，未进行现金分红或现金分红水平较低原因的说明', '是否影响偿债能力、过去十二个月内是否使用过募集资金补充流动资金以及未来十二个月内是否计划使用募集资金补充流动资金等内容', '根据公司盈利能力、融资能力及其成本、偿债能力及现金流等情况披露现金分红方案的合理性，是否导致公司营运资金不足或者影响公司正常生产经营']",鸾瑄食品
2022-06-30,半年报,2022-08-27,无保留意见,False,619719999.7796235,123943999.95592469,495775999.82369876,0.2,0.8713689585541792,28083109.005269863,611136.4771051084,133302438.93975784,15314983.22452831,822318.8418403396,31902299.540284608,203262571.82883704,40000000,12.394399995592469,22747742.006128393,19745010.565216158,9715150.1155498,-2348188.5692735985,-0.05870471423183996,-2044696.947713884,33804933.26752713,-8599431.132510211,-90569382.97396992,-65363880.838953,0.049688961134953094,0.020213855879943534,0.04450104242869856,0.08043238909794169,2021-03-26,2022-09-17,False,False,False,False,False,0.0,0,0,False,[],鸾瑄食品
2022-09-30,季报,2022-10-27,无保留意见,False,608537782.3195279,121707556.46390557,486830225.8556223,0.2,0.60918520193484,22542517.59233958,542861.6766602051,99685652.48900963,11394388.672699306,739102.9218129016,23338916.512790494,160977464.6245191,40000000,12.170755646390557,20096110.465370476,17519629.61993605,14885326.912087586,-3788045.0582255926,-0.09470112645563981,-3179115.6361144395,29457795.914762985,-7408445.704384926,-86965246.68770479,-64915896.47732673,-0.01804398351525205,-0.09827156838317364,0.005956100795626919,0.005589096797073989,2021-03-26,2022-12-12,False,False,False,False,False,0.0,0,0,False,[],鸾瑄食品
2022-12-31,年报,2023-03-30,无保留意见,False,670000561.6190623,134000112.32381247,536000449.2952498,0.2,0.9547902214567011,32227382.706535816,701364.0233528817,134500503.24408078,16527678.416095316,838934.5019816809,29235247.91447171,212278479.99814266,40000000,13.400011232381246,26772012.47626622,23353250.99571188,41986256.52743215,9537002.872708213,0.2384250718177053,8333744.822536905,75774755.71745196,-8577533.908559442,-99705612.8755533,-32508391.066660777,0.10100076130895314,1.0085598981874975,-0.027849491441714225,-0.08176485012812647,2021-03-26,2023-04-24,False,False,False,True,False,0.0,0,0,False,[],鸾瑄食品
2023-03-31,季报,2023-04-30,无保留意见,False,700930712.3842425,140186142.4768485,560744569.907394,0.2,0.9027367203436978,29850776.33754347,662714.4871814083,126301400.29989314,15553855.08071815,986487.6330814954,32999622.731898863,203254865.73730835,40000000,14.018614247684852,35062090.86121594,30244228.098344985,8082043.134757511,11842969.121356748,0.2960742280339187,9844253.003761586,22718489.942419488,-8818581.998027291,-100869640.2368557,-86969732.29246351,0.04616436543043693,0.08689625801789735,-0.015233263282718283,-0.057073074577394946,2021-03-26,2023-06-02,False,False,False,True,False,0.0,0,0,False,[],鸾瑄食品
2023-06-30,半年报,2023-08-27,无保留意见,False,759206071.0908598,151841214.21817195,607364856.8726878,0.2,0.9166295953905315,30001655.47740868,662303.582766052,137544185.49568716,14859409.174715513,858692.6893596328,31133379.97409635,209206877.8705961,40000000,15.184121421817196,51354878.59704934,43687764.064906105,83183566.91742027,23275411.051190555,0.5818852762797638,19205051.3808016,102649270.93648537,-9685658.910584837,-121808532.41893147,-28844920.39303094,0.08313997043786445,0.3963684141439053,0.07089473822313373,0.043598356018483435,2021-03-26,2023-10-20,False,False,False,False,True,0.0,0,0,False,[],鸾瑄食品
2023-09-30,季报,2023-10-27,无保留意见,False,727502265.0021559,145500453.00043118,582001812.0017247,0.2,0.9568622578050111,31610608.57723974,694548.1758216791,133756061.75092639,17443254.43926869,962859.4294847691,32851953.32605045,216639071.57755715,40000000,14.550045300043118,65136508.689121775,56734494.65528987,27121433.752119824,19688042.9886749,0.4922010747168725,18638186.55769109,56290941.59998613,-9339086.489070397,-99616734.9279813,-52664879.81706557,-0.041759157751663625,-0.08907092364510119,0.005682274565123455,0.1462298168285645,2021-03-26,2023-11-07,False,False,True,False,False,0.0,0,8,True,"['公司为增强投资者回报水平拟采取的措施', '根据公司盈利能力、融资能力及其成本、偿债能力及现金流等情况披露现金分红方案的合理性，是否导致公司营运资金不足或者影响公司正常生产经营']",鸾瑄食品
2023-12-31,年报,2024-03-30,无保留意见,False,767456975.9455174,153491395.18910348,613965580.7564139,0.2,0.9644793466916517,35836397.87840405,729940.3366038988,146010117.96215478,18460622.833913982,965021.9249052196,35511680.67851661,234235370.00463608,40000000,15.349139518910349,67628854.21965675,59054652.33527253,13805058.924869722,3560493.6150499545,0.08901234037624886,3314510.9714037986,145149248.02667356,-10073092.042818557,-104653962.95987092,30422193.02398409,0.0549203938811698,-0.43958598114931613,0.05365507966308226,0.0002853848994953739,2021-03-26,2024-05-01,False,True,False,False,False,0.0,3,0,True,['公司为增强投资者回报水平拟采取的措施'],鸾瑄食品
2024-03-31,季报,2024-04-30,无保留意见,False,762489809.443056,162751043.05867365,599738766.3843824,0.21344684354214727,0.947790006672352,33325789.494482197,679957.9613905194,127709658.78229615,14562209.498743566,861008.3893959691,28133200.105579685,206110271.10513633,40000000,14.993469159609559,67440766.77769502,58887362.19345478,207526.33441945026,-268696.34565961733,-0.006717408641490433,-238985.91688250718,138058118.4572993,-9913245.795590516,-115793252.1153763,12351620.546332479,-0.02317200640873694,-0.18624017654452937,0.013601297355087881,0.033439836165833174,2021-03-26,2024-05-19,False,False,False,False,True,0.0,0,0,False,[],鸾瑄食品
2024-06-30,半年报,2024-08-27,非标准无保留意见,False,916265325.4797642,208991565.2439173,707273760.235847,0.22809066264129063,1.2442109302540936,40350736.14606112,880364.9784715786,175784339.7289252,21487852.067123674,1382134.573333149,43279465.7512869,280661233.6910025,40000000,17.681844005896174,71198202.02754295,62345939.60445303,26717333.01728157,5367764.642639909,0.13419411606599774,4940824.872854642,32775306.946764708,-11852127.329220098,-136904600.15071538,-115981420.53317077,0.17930305639529698,0.3368811602936473,0.014643819099143363,0.08091476202394804,2021-03-26,2024-09-14,True,True,False,True,False,5685907.228792694,2,0,True,"['留存未分配利润的预计用途以及收益情况', '上市公司控股子公司向母公司实施利润分配的情况', '是否影响偿债能力、过去十二个月内是否使用过募集资金补充流动资金以及未来十二个月内是否计划使用募集资金补充流动资金等内容']",鸾瑄食品
2024-09-30,季报,2024-10-27,无保留意见,False,1090962873.9883273,253511955.79565915,837450918.1926681,0.23237450314773186,1.5146800477174531,52894300.499713175,1167346.4009239033,223722910.00686908,24854298.582714956,1467461.281536329,46771923.40461751,337446272.93774986,40000000,20.9362729548167,73322255.04188846,64245472.926276155,5969301.096564473,3034361.449065026,0.07585903622662565,2713619.031175899,96966148.80684313,-14551449.869958576,-161074524.64217272,-78659825.70528817,0.18405483884120397,-0.10431990996215555,0.004283840506441234,0.007181622525345486,2021-03-26,2024-11-30,False,True,False,False,True,0.0,2,0,True,"['充分披露高送转的主要考虑及其合理性且送转股后每股收益不低于0.5元', '留存未分配利润的预计用途以及收益情况', '上市公司控股子公司向母公司实施利润分配的情况']",鸾瑄食品
2024-12-31,年报,2025-03-30,无保留意见,False,1159828112.923491,283053656.3556914,876774456.5677996,0.2440479353808897,1.426841181959392,52673528.04906651,1227673.0025976682,221770074.57635742,26757059.460636143,1522990.6259224087,52729839.88748823,366398060.6881066,40000000,21.919361414194988,83005112.05822273,72350211.067219,30371654.20625957,13832652.880477525,0.3458163220119381,11578197.344204085,123732018.14733987,-17198189.886389155,-179802204.45580772,-73268376.194857,0.04695623053348244,0.538988550189926,0.011673432233157838,-0.048546970699171806,2021-03-26,2025-05-07,True,False,False,False,False,10104628.555317778,0,0,True,"['公司为增强投资者回报水平拟采取的措施', '充分披露高送转的主要考虑及其合理性且送转股后每股收益不低于0.5元', '结合前述财务报表列报项目的具体情况说明现金分红方案确定的依据及未来增强投资者回报的规划', '上市公司控股子公司向母公司实施利润分配的情况']",鸾瑄食品
2017-03-31,季报,2017-04-30,无保留意见,False,300036420.26151216,97361213.41169988,202675206.84981227,0.3244979837009111,29031643.722353738,4.586310689583054e-17,91568875.65601146,27320219.253649484,328794.1454335869,735612.784902718,1207951.9670820702,150763785.70362857,40000000,5.066880171245307,1889130.4508345702,1621013.6997445542,7455937.753546088,2698757.786906529,0.06746894467266323,2315733.856777935,3518233.1238151123,-53682076.12778118,75206437.61881661,25042594.614850543,0.12597337138784603,0.09437543260591824,0.024497983700911108,0.17259118696681083,2021-02-08,2017-06-11,False,False,False,False,False,0.0,0,0,False,[],铄瀚机械
2017-06-30,半年报,2017-08-27,非标准无保留意见,False,317851258.94262975,96972743.37962416,220878515.5630056,0.30508843571114236,36475682.05714446,5.3226430058649337e-17,101933093.58140378,30746410.15754989,312298.0725434399,721588.3351976938,1533238.3147172972,162834140.4857767,40000000,5.52196288907514,2569674.0785847013,2224720.4174138266,1232953.8869394069,972205.1825001873,0.024305129562504683,862438.1680989604,5744898.702026164,-55000548.02947904,87129765.60806388,37874116.280611,0.0898151727393201,-0.08764779094618612,-0.019409547989768714,-0.08516392495806627,2021-02-08,2017-10-13,False,False,False,False,False,0.0,0,0,False,[],铄瀚机械
2017-09-30,季报,2017-10-27,无保留意见,False,340835638.0780847,88784262.68925026,252051375.38883442,0.2604899628157722,40477997.58432149,5.72376236876272e-17,113354406.43970796,33969442.2983958,383514.7861324189,883264.0457396513,1562373.051233621,181292470.53576785,40000000,6.30128438472086,1838311.401270158,1591774.0673777938,845174.314550742,-1044803.8247350622,-0.026120095618376554,-904209.0714800468,60088578.20537533,-58395967.58953326,89754890.04383196,91447500.65967402,0.1411312446861171,-0.11222935564964738,-0.04459847289537022,0.224851115133465,2021-02-08,2017-12-09,False,False,False,False,False,0.0,0,0,False,[],铄瀚机械
2017-12-31,年报,2018-03-30,无保留意见,False,336255472.9905813,108819933.94071336,227435539.0498679,0.3236227888661354,44885488.23261286,5.97769326313511e-17,115051282.91816285,39245327.84034844,378234.7812647672,929941.2565704226,1685117.6455150796,199084991.78284553,40000000,5.6858884762466975,-1230180.9503937077,-902735.1185342316,5556308.9711631555,-4383560.502376951,-0.10958901255942378,-3563584.5513028936,38279978.650333196,-53803811.21456843,87611954.10801435,72088121.5437791,-0.09766197982848601,-0.20925826551840881,0.06313282605036324,0.02751077268652528,2021-02-08,2018-05-04,False,False,False,False,False,0.0,0,0,False,[],铄瀚机械
2018-03-31,季报,2018-04-30,无保留意见,False,299714898.57148886,76128304.52247584,223586594.04901302,0.2540024032349446,33839421.89735683,4.529560405328837e-17,93457022.59615834,28401390.854425576,300811.273730439,736495.6675270792,1279736.0559336105,156318718.94525808,40000000,5.589664851225326,-3400836.5130044194,-2841619.057044391,13274068.652384588,-3100936.5180153027,-0.07752341295038256,-2769834.1978716566,19944551.059857894,-52804366.09709409,89312975.12255928,56453160.08532308,-0.016923234675346673,0.10166291247251613,-0.06962038563119081,0.04622935215461537,2021-02-08,2018-06-11,False,False,False,False,False,0.0,0,0,False,[],铄瀚机械
2018-06-30,半年报,2018-08-27,非标准无保留意见,False,336296101.3549723,88381431.3113839,247914670.0435884,0.2628083732023233,38738599.30734935,5.0337242701299565e-17,98574659.62216151,33941910.99094305,324726.9439739386,701842.9876120876,1400096.754198255,173646204.03492713,40000000,6.19786675108971,-3499578.1817187346,-2937507.860770467,307612.82598736795,-141059.52673473582,-0.0035264881683683955,-136984.0053229656,15922008.16625666,-57947541.19106314,82820009.36015837,40794476.335351884,0.10880829460304028,0.21295513867657456,0.008805969967378731,0.09389177767826311,2021-02-08,2018-10-22,False,False,False,False,False,0.0,0,0,False,[],铄瀚机械
2018-09-30,季报,2018-10-27,无保留意见,False,367236518.02967703,120980614.18651521,246255903.8431618,0.3294351412425127,49005067.22862724,5.605325545353281e-17,117082421.74565199,41871566.96064816,414587.9311773331,929384.8165283349,1823905.424669355,205993081.60940763,40000000,6.156397596079045,-3854374.0659281905,-3256873.190244381,1068965.110915802,-506851.2631563656,-0.01267128157890914,-456236.18496273336,69929743.9313164,-66977779.77101193,99428541.72564135,102380505.88594583,-0.006690875534452864,-0.021697196036826783,0.06662676804018937,0.10056233455691846,2021-02-08,2018-12-17,False,False,False,False,False,0.0,0,0,False,[],铄瀚机械
2018-12-31,年报,2019-03-30,无保留意见,False,402608855.1214564,145654505.9104879,256954349.2109685,0.36177670723746946,48535354.871363506,6.984027758118289e-17,130195667.5810146,41517557.503230855,418104.2867880852,909295.347706866,1724290.7429170096,215752248.50291342,40000000,6.423858730274213,3183606.4138776073,2978608.061630269,8766422.782251632,10054257.828293998,0.25135644570734994,8907830.359820928,15379959.079620324,-68389703.08474216,107771357.12064512,54761613.115523286,0.043444421842655394,0.6403331019417877,0.03234156599495679,-0.11167796294191477,2021-02-08,2019-05-06,False,False,False,False,False,0.0,0,0,False,[],铄瀚机械
2019-03-31,季报,2019-04-30,无保留意见,False,372554613.83545077,101543304.34425956,271011309.4911912,0.2725595136210258,41063353.07532441,6.122646727958384e-17,108364627.4139116,38311505.98236822,371703.78209847095,883779.0200888505,1504144.8824500882,194241921.36353368,40000000,6.77528273727978,7263762.885314438,6883105.60807079,8781508.431265218,5828794.959195472,0.1457198739798868,5577853.637772174,26284082.29207569,-66646054.82445447,101105484.73385945,60743512.20148067,0.05470606091466252,-0.15618476381486368,-0.08921719361644367,-0.05812074153203058,2021-02-08,2019-06-16,False,False,False,False,False,0.0,0,0,False,[],铄瀚机械
2019-06-30,半年报,2019-08-27,无保留意见,False,376048255.4597023,75209651.09194046,300838604.36776185,0.2,40395280.14140455,6.481102595218455e-17,113665458.35067973,38744551.039565,387166.0835050791,936857.9918074383,1711197.153730987,193450565.90185958,40000000,7.520965109194046,15289949.002542706,13703940.509472976,6021375.657440454,11465980.167468954,0.28664950418672386,9744049.859145978,12356172.926111246,-62624694.155906275,104517962.01653194,54249440.78673691,0.11005922569271999,0.24693310436882324,-0.10472196925524437,0.25375514366695073,2021-02-08,2019-09-09,False,False,False,False,False,0.0,0,0,False,[],铄瀚机械
2019-09-30,季报,2019-10-27,非标准无保留意见,False,464390757.97651446,135919568.69919506,328471189.2773194,0.2926836212060639,55494893.193456545,8.257624987162005e-17,151091001.6816799,43843859.9219467,494506.58579951926,1186027.6245903648,2111945.100939031,247600653.72161552,40000000,8.211779731932983,31972277.94362031,26525006.1712695,112780129.93542154,23831898.487253718,0.595797462181343,18315808.08828075,17189287.142027296,-78109354.44679621,126355294.66321295,65435227.35844404,0.0918518584662025,0.43441041717286766,0.12484607684028244,-0.1193452004793124,2021-02-08,2019-11-25,False,False,False,False,False,0.0,0,0,False,[],铄瀚机械
2019-12-31,年报,2020-03-30,无保留意见,False,434200829.007904,115264353.99975276,318936475.00815123,0.2654632287624088,47331890.54209802,6.5831075382561e-17,119414333.65288147,40667146.047779106,414643.4131377844,994178.110482639,1776982.0762882757,212318203.37181163,40000000,7.973411875203781,65678230.85539577,55817800.149832115,66178684.757266335,48151361.30253637,1.2037840325634093,41846848.54080374,14334826.87740216,-76908192.26998056,105694017.59428908,43120652.20171067,-0.029027551214296263,0.5955996100175044,-0.027220392443655088,0.034081646986436336,2021-02-08,2020-05-15,False,False,False,False,False,0.0,0,0,False,[],铄瀚机械
2020-03-31,季报,2020-04-30,无保留意见,False,373082258.8238776,106143946.88186222,266938311.94201535,0.2845054793451597,43113360.58667096,5.847419650465228e-17,113237519.59644872,39263112.486673184,398341.280036103,971052.4255037069,1719241.775426264,201286350.24605444,40000000,6.673457798550384,121051626.72011574,103706812.40950006,224002535.43755835,79104851.23531425,1.9776212808828562,68412874.6566685,19264232.78028597,-64375976.699320786,98837430.9285188,53725687.009483986,-0.16303611264533766,0.47510119994335187,0.019042250582750907,0.05402842128428183,2021-02-08,2020-06-05,False,False,False,False,False,0.0,0,0,False,[],铄瀚机械
2020-06-30,半年报,2020-08-27,无保留意见,False,297891601.031013,59578320.206202604,238313280.82481042,0.2,35007182.636731334,4.3548683727969595e-17,80351496.71544157,34548057.618747406,320018.6070395932,686926.8255539167,1367403.650508243,151589525.54959938,40000000,5.95783202062026,115954514.4536571,98984003.61685124,22708099.13663853,-7281588.952083761,-0.18203972380209402,-6746869.703784026,49844381.78132178,-53908180.66239404,78318817.77491942,74255018.89384717,-0.10723463001228128,-0.8988769981640099,-0.08766527584065417,0.11618283405762724,2021-02-08,2020-10-18,False,False,False,False,False,0.0,0,0,False,[],铄瀚机械
2020-09-30,季报,2020-10-27,无保留意见,False,285863120.31316537,57172624.062633075,228690496.2505323,0.2,34615003.79338052,4.8270382944656516e-17,91857942.76531647,29782294.189670414,291020.7995447298,676187.2503117875,1243455.0028872588,156155739.6940664,40000000,5.717262406263307,111589089.64453383,95017121.42759542,20954052.00668486,-6236321.155890413,-0.15590802889726033,-5666974.556079732,41106658.28027302,-45987109.71319357,78681259.07392164,73800807.64100108,-0.04037871721195443,0.10755542146135799,-0.04928266759341004,-0.008427291511716442,2021-02-08,2020-12-08,False,False,False,False,False,0.0,0,0,False,[],铄瀚机械
2020-12-31,年报,2021-03-30,非标准无保留意见,False,317651650.6238989,63530330.12477979,254121320.49911913,0.2,32379356.33020308,4.4473860009289145e-17,89192105.43590353,29669229.307606697,294221.14959547325,726273.836636852,1256813.18486579,146571150.9951772,40000000,6.353033012477979,106465290.64955844,90649132.44017853,26885390.30854102,-7319712.849964825,-0.18299282124912064,-6239984.267738432,6957632.239021018,-55478998.25242946,72967812.00890428,24446445.995495833,0.11120192865700533,-0.10065254730888762,0.02464209179414391,0.07228141912434151,2021-02-08,2021-04-16,False,False,False,True,False,0.0,0,0,False,[],铄瀚机械
2021-03-31,季报,2021-04-30,无保留意见,False,301555065.595916,71525455.01856649,230029610.57734948,0.23718870342045809,32826920.327896044,5.347257917965044e-17,92961102.54562767,31961011.67807677,326656.9658367332,741050.3936429423,1507653.7316997834,161194925.33719692,40000000,5.7507402644337375,99247490.97302282,84478318.1299254,27603566.70575957,-10311142.39505089,-0.2577785598762723,-8815449.01464732,4277896.044244332,-52671502.94570836,70368491.44965842,21974884.5481944,-0.0948039695152345,-0.3090228108651918,0.0649890757152187,0.04664463084522038,2021-02-08,2021-06-23,False,False,False,False,True,0.0,0,0,False,[],铄瀚机械
2021-06-30,半年报,2021-08-27,保留意见,False,304909753.8931764,60981950.77863528,243927803.1145411,0.2,37543910.10863593,5.398133700125488e-17,94615387.36366254,30852792.810809486,359620.33795802447,714793.3985867333,1324322.548915599,167249860.98032576,40000000,6.098195077863528,91235235.66653636,77656888.43594004,17260090.787772678,-11446079.009266373,-0.2861519752316593,-9744899.562836222,31873033.89854167,-51178954.37561893,78608437.34093612,59302516.86385886,0.06041914561481307,-0.1696757026754074,-0.038197115446501215,0.14172194207602506,2021-02-08,2021-09-25,False,True,False,False,False,0.0,3,0,True,"['公司为增强投资者回报水平拟采取的措施', '公司在相应期间是否按照中国证券监督管理委员会相关规定为中小股东参与现金分红决策提供了便利']",铄瀚机械
2021-09-30,季报,2021-10-27,无保留意见,False,378903336.0192201,108107112.49315028,270796223.5260698,0.28531581069971496,46665722.16537586,6.295602871619601e-17,119114125.61595894,35635086.58495247,408363.23441693204,925504.9551432582,1672011.4371992147,201323416.3058306,40000000,6.769905588151746,84674735.91962904,71876196.53916368,29125673.575699653,-9372142.495581888,-0.2343035623895472,-8258131.281109095,47354876.10353468,-63497500.447277375,95773346.17201883,79630721.82827613,0.11014906898051346,0.37341844025954296,0.08632422272575807,0.1284655578023534,2021-02-08,2021-12-15,False,False,False,False,True,0.0,0,0,False,[],铄瀚机械
2021-12-31,年报,2022-03-30,保留意见,False,446038725.0517107,139277052.96924034,306761672.08247036,0.31225327566142047,46777074.63083404,6.87855907857536e-17,147068220.81676567,44270468.419018336,483944.5733477244,1022764.8223623589,1841642.5522890685,224998368.34000146,40000000,7.669041802061759,76383520.64711018,63563840.677363954,51520767.264948435,-11844593.2464555,-0.2961148311613875,-11874794.088285329,60846521.86344223,-75039340.84020218,124079625.8994897,109886806.92272975,0.132813700605164,-0.32413436531051487,0.02693746496170555,0.1674861232125286,2021-02-08,2022-05-03,False,False,False,False,False,0.0,0,0,False,[],铄瀚机械
2022-03-31,季报,2022-04-30,无保留意见,False,467660631.93175864,151822968.67744663,315837663.254312,0.3246434664605268,52134283.677306704,7.496949958697636e-17,125054839.91427116,43836659.31880661,472253.63485231326,1098140.4726979241,1943269.4229804436,231677047.29315913,40000000,7.8959415813578,68971626.62752822,57087816.988547556,8129182.2287634425,-10588420.027974226,-0.26471050069935564,-9251462.412594862,83092880.8397227,-79523793.85256843,124872984.45244819,128442071.43960245,0.0295864574939519,0.24366132073237784,0.012390190799106278,-0.013821216791878374,2021-02-08,2022-05-12,False,False,False,True,True,0.0,0,0,False,[],铄瀚机械
2022-06-30,半年报,2022-08-27,无保留意见,True,465279642.7018753,138027968.1571323,327251674.544743,0.2966559365365847,53414382.642973706,8.354612581270147e-17,133200241.93242255,49229803.81106723,567092.5488820213,1117382.0776262556,2203381.08372477,255748855.1482221,40000000,8.181291863618576,61633293.89878098,50303804.79805418,16433438.578124218,-10483332.469638906,-0.26208331174097266,-9691445.986419106,10702723.720220545,-83717356.76540059,120545988.57931446,47531355.53413442,0.03613885428616693,0.01639027490787361,-0.0279875299239421,0.05352229486693762,2021-02-08,2022-10-14,False,False,False,False,False,0.0,0,0,False,[],铄瀚机械
2022-09-30,季报,2022-10-27,非标准无保留意见,False,496112674.73265815,140599353.95283392,355513320.77982426,0.28340205988206035,58123766.45123742,8.584174148691619e-17,154634127.6344407,53879713.250615075,531772.0692185591,1259125.7341793205,2241158.5551446355,273690412.2198308,40000000,8.887833019495606,60734331.52468693,49417769.18580236,5023994.72917216,-1284231.9629914854,-0.03210579907478713,-1265765.1603597347,21722070.819673486,-78150235.21533494,132632150.86060043,76203986.46493897,0.08636058554749206,1.4116264891202286,-0.01325387665452429,0.1294462570701299,2021-02-08,2022-11-24,False,True,False,False,False,0.0,1,0,True,"['公司为增强投资者回报水平拟采取的措施', '充分披露高送转的主要考虑及其合理性且送转股后每股收益不低于0.5元']",铄瀚机械
2022-12-31,年报,2023-03-30,无保留意见,False,455107797.28150785,123149441.45387124,331958355.8276366,0.27059400473795203,47515173.07597061,6.016695133728361e-17,127159817.33320484,42406669.36691706,392996.13078492304,1021026.2885489158,1727764.5189732197,208719085.61038673,40000000,8.298958895690914,63301507.60278702,51500437.38500314,3960478.8573702057,3667394.39728583,0.09168485993214576,2975240.2845725357,68508618.47871058,-71597156.7422646,132844546.0093818,129756007.74582778,-0.06625620919216045,0.3150737748620942,-0.012808055144108332,-0.034391381227552656,2021-02-08,2023-04-13,False,False,True,False,False,0.0,0,7,True,"['是否影响偿债能力、过去十二个月内是否使用过募集资金补充流动资金以及未来十二个月内是否计划使用募集资金补充流动资金等内容', '充分披露高送转的主要考虑及其合理性且送转股后每股收益不低于0.5元', '公司为增强投资者回报水平拟采取的措施', '根据公司盈利能力、融资能力及其成本、偿债能力及现金流等情况披露现金分红方案的合理性，是否导致公司营运资金不足或者影响公司正常生产经营']",铄瀚机械
2023-03-31,季报,2023-04-30,无保留意见,False,588901764.2435852,200967573.55458695,387934190.6889983,0.3412582297367027,65721906.542422704,9.758120388363346e-17,193570654.2958979,64226392.87709171,623835.9832364604,1447301.1816121829,2691989.453033298,318370475.34998375,40000000,9.698354767224957,59815541.07634992,48069801.271943666,6285583.363053036,-4979952.180624422,-0.12449880451561054,-4900908.732942111,35049793.70268039,-102717623.40146694,162787080.41856584,95119250.71977928,0.16862306334119279,-0.4184052624962668,0.0706642249987507,0.054676247061203276,2021-02-08,2023-05-24,False,False,True,True,False,0.0,0,7,True,['根据公司盈利能力、融资能力及其成本、偿债能力及现金流等情况披露现金分红方案的合理性，是否导致公司营运资金不足或者影响公司正常生产经营'],铄瀚机械
2023-06-30,半年报,2023-08-27,保留意见,True,427340489.6551547,85468097.93103094,341872391.7241238,0.2,45851007.08003092,6.52637515868004e-17,123987111.65669677,40906968.219767325,463622.18945361476,1027251.8813969495,1974015.4290885297,220428234.98838672,40000000,8.546809793103094,60862327.96569196,49056295.132972375,3352603.398712988,1495409.8419172056,0.03738524604793014,1409276.9443267316,85276712.43734753,-79517606.41147913,116341482.55699313,122100588.58286153,-0.11873611573928439,0.5387134993010378,-0.18686529820395986,-0.04398372051631103,2021-02-08,2023-10-07,False,False,False,True,False,0.0,0,0,False,[],铄瀚机械
2023-09-30,季报,2023-10-27,无保留意见,False,376927127.9190436,75385425.58380872,301541702.3352349,0.2,46502912.04504564,7.215030478708822e-17,124979533.56250039,40088827.319890864,446010.59740842896,1049451.9008860842,1789222.1094926517,218875903.53142628,40000000,7.538542558380872,64454517.74191483,52407119.15650995,7819211.699947973,5131699.680318389,0.12829249200795972,4786891.462196529,28721890.222748294,-67737102.01053509,102463861.91783172,63448650.13004492,-0.11797000976151949,0.19660498845286722,-0.009391046926255699,0.004097429107952107,2021-02-08,2023-12-04,False,False,False,False,False,0.0,0,0,False,[],铄瀚机械
2023-12-31,年报,2024-03-30,无保留意见,False,408883987.0682598,81776797.41365196,327107189.65460783,0.2,47271499.50990253,6.57641296004142e-17,121925531.41929738,38938422.28119295,417238.3217159583,888889.1061516915,1677453.03719832,202503254.4001563,40000000,8.177679741365196,75118010.74382195,62143801.400184326,23414819.968381763,15233561.431295883,0.3808390357823971,13909546.06239197,8396442.05606776,-73116294.51107194,113728870.01109782,49009017.55609364,0.08478259266093446,0.4564431063539612,-0.016902683754559195,0.01938803769116023,2021-02-08,2024-05-22,False,False,False,False,True,0.0,0,0,False,[],铄瀚机械
2024-03-31,季报,2024-04-30,非标准无保留意见,True,404070042.8403809,80814008.56807618,323256034.2723047,0.2,46988242.234293126,7.027037255617858e-17,138042661.81984568,41021985.81870907,481605.15704815293,1054229.6611416657,1889430.0360646378,224493047.44890335,40000000,8.081400856807617,83547839.58141614,70114941.150142,17762021.892708443,12042612.62513455,0.30106531562836375,11387342.499939548,6163452.1136470195,-71091299.45993221,96445729.03318125,31517881.686896063,-0.01177337430696514,-0.09899460886327034,-0.02722903806917752,0.06298317886910776,2021-02-08,2024-05-20,False,False,False,False,False,0.0,0,0,False,[],铄瀚机械
2024-06-30,半年报,2024-08-27,无保留意见,False,382458866.3499191,76491773.26998381,305967093.07993525,0.2,45166749.46587376,6.129699003109099e-17,111845695.50189663,39179716.93465844,404742.0914530122,911856.9056535121,1549686.5066452618,200496484.53914163,40000000,7.649177326998381,96547511.46529151,81895267.56161267,79182081.00205453,18570959.83410766,0.46427399585269147,16829037.730672378,63286577.289691836,-60150110.870132454,107283720.12518638,110420186.54474577,-0.05348373845917317,0.2247851215466489,0.06080540377721175,0.054971814763225574,2021-02-08,2024-10-05,True,False,False,False,False,11506002.63389377,0,0,True,"['公司为增强投资者回报水平拟采取的措施', '是否影响偿债能力、过去十二个月内是否使用过募集资金补充流动资金以及未来十二个月内是否计划使用募集资金补充流动资金等内容', '充分披露高送转的主要考虑及其合理性且送转股后每股收益不低于0.5元']",铄瀚机械
2024-09-30,季报,2024-10-27,保留意见,False,355416074.7867472,71083214.95734945,284332859.8293978,0.2,36937605.276985034,5.0417994230229497e-17,92268553.76605634,31777839.211553913,355207.4342481967,793627.0568308091,1397159.659079978,166869662.33632267,40000000,7.108321495734945,133219952.20995827,113768277.90965857,95456732.73617119,52389201.06380965,1.3097300265952412,45532871.92577984,11712780.13025976,-64523909.30359745,92685903.26305768,39874774.08971999,-0.0707077124953612,0.9507261369223704,0.011578994973355643,0.03947416798497872,2021-02-08,2024-11-24,True,True,False,True,False,72042959.43170375,3,0,True,"['公司在相应期间是否按照中国证券监督管理委员会相关规定为中小股东参与现金分红决策提供了便利', '是否影响偿债能力、过去十二个月内是否使用过募集资金补充流动资金以及未来十二个月内是否计划使用募集资金补充流动资金等内容']",铄瀚机械
2024-12-31,年报,2025-03-30,保留意见,False,357217609.1750339,71443521.83500679,285774087.34002715,0.2,41912470.92652442,5.895339749194846e-17,104041302.72297667,35832106.51120066,379029.1428006614,914583.5911822354,1720624.4487444644,195620443.6775436,40000000,7.144352183500679,185723954.7697181,158154340.4388881,124916266.71209851,75005717.94251405,1.8751429485628512,63408660.7560422,34415936.268178634,-61465100.172817625,93171348.79932013,66122184.89468114,0.005068803906429045,0.3259371275640784,0.010591949417532838,0.07439184112916725,2021-02-08,2025-05-26,False,False,False,False,True,0.0,0,0,False,[],铄瀚机械
2017-03-31,季报,2017-04-30,非标准无保留意见,True,259038043.2340248,74127256.73162383,184910786.50240096,0.28616359128629787,1809805.5253811223,786870.8823084048,24383126.595342983,8534227.686955651,2262.5584184608615,52134284.311068304,278052.86825057387,90793084.20407027,40000000,4.6227696625600245,6206644.13453028,5982997.886568729,5075919.8006924195,8866634.4779004,0.22166586194751,8547139.837955328,6417810.437101847,-31847977.46634845,49397762.62891767,23967595.599671066,0.02728214723556093,0.4370352487722444,-0.013836408713702102,-0.02544441963224211,2021-07-30,2017-06-19,False,False,False,False,False,0.0,0,0,False,[],翰琨农业
2017-06-30,半年报,2017-08-27,无保留意见,False,285346992.3152007,87953647.87601618,197393344.4391845,0.3082340106772901,2212823.4718034854,826473.679378706,33575754.1237541,9343046.300296182,2808.3452816965764,65493474.797948994,323000.2487554935,108430565.43402013,40000000,4.934833610979612,13087329.547634432,12421828.096891984,44275873.26478278,9829550.590148788,0.2457387647537197,9198328.871890364,16620191.306589322,-36080448.26511703,57346910.813138075,37886653.85461037,0.06750583983169349,0.03722618468479435,0.022070419390992208,0.13115012405729956,2021-07-30,2017-09-14,False,False,False,False,False,0.0,0,0,False,[],翰琨农业
2017-09-30,季报,2017-10-27,无保留意见,False,337026835.9320005,135476021.27405652,201550814.65794402,0.4019739879152844,2299161.7679043226,917829.4913387663,34282673.535944425,11648911.601591013,2923.3893035687315,68048588.64477898,362822.06681167404,119453107.46512857,40000000,5.038770366448601,26105726.73552317,23643639.465628684,36942532.869665965,18597710.268412493,0.4649427567103123,16031159.098195288,26300929.687133975,-44398932.83377664,63278072.86444859,45180069.71780593,0.021061856115622064,0.32680978568024066,0.09373997723799428,0.14583588766741723,2021-07-30,2017-12-21,False,False,False,False,False,0.0,0,0,False,[],翰琨农业
2017-12-31,年报,2018-03-30,无保留意见,False,357808587.67336667,138655102.929761,219153484.74360564,0.387511948305543,2427243.0295575927,1000221.9769217985,31759837.09770252,12102860.791304966,3000.9552910590705,75461672.11775349,389203.8876560175,124927775.31006919,40000000,5.478837118590141,52085662.05192235,47129116.905363716,55949131.87197648,37114193.30914168,0.927854832728542,33550682.056764327,51538552.32245845,-47636849.26794677,66440174.87866601,70341877.9331777,0.08733613960100052,0.5201593838792415,-0.014462039609741404,0.02465288384661489,2021-07-30,2018-05-10,False,False,False,False,False,0.0,0,0,False,[],翰琨农业
2018-03-31,季报,2018-04-30,无保留意见,False,361994484.00299424,129427649.78988001,232566834.21311423,0.35754039221440026,2588158.9139583725,1017060.5516544788,34946177.10607807,12327937.694171138,3297.9135358930685,69348074.53250977,401619.24055242783,124775269.73312964,40000000,5.8141708553278555,69634367.79580641,63227865.68627408,16652856.403069934,25069579.634120084,0.6267394908530021,22998212.54415767,60779351.787418306,-45373195.16133852,69609280.06966937,85015436.69574915,0.06120527576917736,-0.22257771831159975,-0.029971556091142732,-0.08909499192408757,2021-07-30,2018-05-18,False,False,False,False,False,0.0,0,0,False,[],翰琨农业
2018-06-30,半年报,2018-08-27,无保留意见,False,453874043.0515679,202396088.14658934,251477954.9049786,0.44593007960050635,2870610.0129049863,1190881.7138833909,42480307.34735893,13540986.508163197,4317.030283135638,97768131.99150029,485909.50775810657,154622342.44071853,40000000,6.286948872624465,70503180.21453004,64042106.67930363,920629.5583220874,1241160.598176632,0.0310290149544158,1163201.4186136369,84970124.133838,-58976516.41210881,88179739.27497628,114173346.99670547,0.08131477884991552,-0.5664049710783814,0.08838968738610609,0.20580228654338056,2021-07-30,2018-10-02,False,False,False,False,False,0.0,0,0,False,[],翰琨农业
2018-09-30,季报,2018-10-27,保留意见,False,519346460.5434989,250462713.15135178,268883747.3921471,0.48226517783377437,3166409.7330607055,1421110.0481140353,47580092.070770994,18075608.098737873,4410.850595139139,106648704.05757992,536280.4628938732,171366084.2166725,40000000,6.722093684803678,70336317.33373827,63884910.46650947,229197.45706793823,-238375.5439882446,-0.005959388599706115,-224566.01827738117,65591489.79879487,-65658796.80128677,100257060.68668973,100189753.68419784,0.06921398932858888,-0.08110975911876853,0.03633509823326802,0.024399280796514718,2021-07-30,2018-11-17,False,False,False,False,False,0.0,0,0,False,[],翰琨农业
2018-12-31,年报,2019-03-30,无保留意见,False,617736851.2461059,336889178.74363697,280847672.5024689,0.5453603392189736,4038442.8456090377,1850136.1981740035,64679800.1537553,22754276.56133287,5529.191595464847,141161505.79224858,724213.6735282475,224500079.868021,40000000,7.021191812561722,75500848.89378642,68629654.91675527,26076620.438662447,7377902.228640214,0.18444755571600535,6778206.357494006,34118982.11676979,-81146200.50757094,116142713.81991045,69115495.4291093,0.04449478715748952,0.45438780666015854,0.06309516138519922,0.029812536382062483,2021-07-30,2019-05-27,False,False,False,False,False,0.0,0,0,False,[],翰琨农业
2019-03-31,季报,2019-04-30,无保留意见,False,603740215.8027875,299166614.2747659,304573601.52802163,0.4955220911977297,4036129.386576853,1596045.6784397867,56615568.53530813,20979094.573484674,5336.8876598604675,125609128.92534499,701935.9101092478,215753286.4862527,40000000,7.614340038200541,76655678.26777793,69695264.84539124,4583729.968320303,1649756.248559311,0.04124390621398277,1522299.898051381,104784529.98145127,-80040345.23657593,121778505.31684051,146522690.06171584,0.08447970678960923,-0.2349728834891801,-0.04983824802124387,0.08814876579567937,2021-07-30,2019-05-18,False,False,False,False,False,0.0,0,0,False,[],翰琨农业
2019-06-30,半年报,2019-08-27,无保留意见,False,679675782.4935071,322046825.1178685,357628957.3756387,0.4738241870798816,5307869.132171014,2119102.9270988344,66981150.83512092,24466102.35322407,5915.057945532193,150436399.0711864,810882.7574681013,250882713.24476793,40000000,8.940723934390968,75622041.71521525,68766264.88354269,6641439.150881644,-1476623.6465181299,-0.036915591162953246,-1327142.8026407978,8784117.081286725,-86615083.96553588,137658395.30538887,59827428.42113972,0.1741955165564007,-0.1676365017006027,-0.021697904117848076,0.09654895951589708,2021-07-30,2019-10-20,False,False,False,False,False,0.0,0,0,False,[],翰琨农业
2019-09-30,季报,2019-10-27,无保留意见,False,776591763.6875938,426294537.1780525,350297226.50954133,0.548930026187532,5387472.693803892,2151122.331582423,81800006.5909259,28001184.429747537,7116.750075370609,169316361.51459578,845580.0884523424,284909841.3959063,40000000,8.757430662738534,75612467.00420119,68758030.54322027,51060.90992306911,-13678.158591520041,-0.00034195396478800105,-11763.343317747545,121573750.65980542,-100751745.95544292,151224710.67230216,172046715.37666464,-0.020500942988227962,0.09424144945107084,0.07510583910765029,0.08641083765346518,2021-07-30,2019-12-16,False,False,False,False,False,0.0,0,0,False,[],翰琨农业
2019-12-31,年报,2020-03-30,无保留意见,False,850400973.2152786,450786527.1096304,399614446.10564816,0.5300870310687121,6321272.761668171,2389721.5108622056,86591930.72675678,28734668.07860793,6953.067096948156,170552124.39357108,910551.064696184,294515689.83784485,40000000,9.990361152641205,81490655.33687897,74202369.94552825,24873484.93333556,8397411.903825425,0.20993529759563562,7777627.717582843,13629847.866908964,-101070942.69745338,169746140.313545,82305045.48300058,0.14078678294863275,0.49516841497214376,-0.01884299511881979,0.15696038989046077,2021-07-30,2020-05-06,False,False,False,False,False,0.0,0,0,False,[],翰琨农业
2020-03-31,季报,2020-04-30,无保留意见,False,874527265.3116207,482740489.77851176,391786775.533109,0.5520016458337598,5858238.017231331,2541422.8179734265,89812134.32634927,32389852.83377567,7888.103911872853,178631778.31679887,957925.5648107936,317714797.70460844,40000000,9.794669388327724,83253570.231891,75692609.60969435,6706863.430997969,2518449.8500171937,0.06296124625042984,2128913.805951575,125752655.69743538,-115577063.85626887,177548140.2717736,187723732.11294013,-0.01958805706055398,-0.2314787851640399,0.021914614765047667,-0.023571461317966627,2021-07-30,2020-06-20,False,False,False,False,False,0.0,0,0,False,[],翰琨农业
2020-06-30,半年报,2020-08-27,无保留意见,False,782395068.9715014,356838701.66631734,425556367.305184,0.4560850596047342,5666097.373545808,2477975.5489565847,72398956.18765582,28441332.79357778,7369.035591639894,152109821.9706377,817457.4772947638,282254890.62818146,40000000,10.6389091826296,94485774.49602893,85518400.93593925,41475853.76835866,16046006.091625612,0.4011501522906403,14036844.751778428,115076376.12760662,-101185205.64089014,149367737.65111843,163258908.1378349,0.08619380203970459,0.6930650920311946,-0.09591658622902559,0.054518026100621626,2021-07-30,2020-10-15,False,False,False,False,False,0.0,0,0,False,[],翰琨农业
2020-09-30,季报,2020-10-27,无保留意见,False,938543951.9319446,465634213.9671513,472909737.9647934,0.49612403660869275,5964638.455069123,2320286.942040134,84804245.43270218,27748433.891652368,7624.486195395501,172946129.2200971,869272.5399965133,297305125.0581555,40000000,11.822743449119834,112461743.86308706,102488643.59290026,23391022.726191834,25679956.238654472,0.6419989059663618,24243203.79565859,20068641.874555375,-120707219.34545322,189843717.31083134,89205139.8399335,0.11127402689207182,0.29153145225226645,0.04003897700395851,0.024546291123962914,2021-07-30,2020-12-03,False,False,False,False,False,0.0,0,0,False,[],翰琨农业
2020-12-31,年报,2021-03-30,无保留意见,False,883311665.3103206,427618633.41618717,455693031.89413345,0.48410844123286695,5945190.030926914,2100140.0795066333,89960404.10517702,28950723.221218325,8681.75821222144,188299215.81283903,878331.2299717581,322766802.9063734,40000000,11.392325797353337,117189466.08744755,106829508.54046778,33060372.07273576,6753888.891943563,0.16884722229858906,6201235.639382193,93661030.43539825,-108323510.00805987,166771353.70154658,152108874.12888497,-0.03640590304770096,-0.4434415827626812,-0.01201559537582579,0.10294778977889689,2021-07-30,2021-04-29,False,False,False,False,False,0.0,0,0,False,[],翰琨农业
2021-03-31,季报,2021-04-30,保留意见,False,902943767.5441922,446692737.9705818,456251029.57361037,0.49470715013127287,5892219.118715321,2611245.2216595924,96195898.5654014,30437829.399633177,8577.34246701281,185982317.77583382,1084860.4863060422,320205475.79716456,40000000,11.40627573934026,131714322.97172073,120117643.04756534,44311889.666583024,20749795.54896167,0.5187448887240417,18983049.29585363,125244495.1591725,-115504086.36549893,178076712.16764438,187817120.96131796,0.001224503427576163,0.589204854863365,0.010598708898405881,0.21849093149139662,2021-07-30,2021-06-19,False,False,False,False,False,0.0,0,0,False,[],翰琨农业
2021-06-30,半年报,2021-08-27,无保留意见,False,1027597682.6955206,502596178.7748031,525001503.92071754,0.48909820179472263,7149127.052140849,3015931.6719576353,93952148.381796,32716733.073911972,9298.650219373007,209343464.67451695,1083531.12618446,353778718.7720897,40000000,13.125037598017938,163793787.0962309,147118892.440535,201998758.5354435,45827805.89215739,1.1456951473039347,38573213.41852811,143073330.19318947,-134226166.63262177,184994799.46302286,193841963.02359056,0.15068563113459257,0.6643217527011349,-0.005608948336550197,0.11682600768017974,2021-07-30,2021-09-26,True,False,False,False,False,64947345.44142993,0,0,True,"['公司在相应期间是否按照中国证券监督管理委员会相关规定为中小股东参与现金分红决策提供了便利', '结合前述财务报表列报项目的具体情况说明现金分红方案确定的依据及未来增强投资者回报的规划', '充分披露高送转的主要考虑及其合理性且送转股后每股收益不低于0.5元', '根据公司盈利能力、融资能力及其成本、偿债能力及现金流等情况披露现金分红方案的合理性，是否导致公司营运资金不足或者影响公司正常生产经营']",翰琨农业
2021-09-30,季报,2021-10-27,无保留意见,False,1058395325.8205233,511834662.21458554,546560663.6059377,0.48359497602446855,6293278.849312111,3050889.9944145083,93277000.68172204,33344986.054242507,9427.973285805036,232758236.88337883,1107970.27858975,363487141.1090488,40000000,13.664016590148442,173917331.5892585,157448242.23875985,56863509.860135004,14462206.418610852,0.3615551604652713,14756213.99746406,91167772.54365234,-139566882.64037055,222775604.37875196,174376494.28203374,0.04106494843198762,-0.499231176835698,-0.0055032257702540815,-0.048258004073136226,2021-07-30,2021-12-25,True,False,False,False,False,4569579.333358519,0,0,True,"['结合前述财务报表列报项目的具体情况说明现金分红方案确定的依据及未来增强投资者回报的规划', '上市公司控股子公司向母公司实施利润分配的情况', '留存未分配利润的预计用途以及收益情况', '充分披露高送转的主要考虑及其合理性且送转股后每股收益不低于0.5元']",翰琨农业
2021-12-31,年报,2022-03-30,无保留意见,False,1152229005.1464684,597521906.706279,554707098.4401894,0.518579122758955,8175363.791692502,2989646.7838793867,110758572.0694931,44769930.69327519,10212.757815618546,256624358.8761738,1308826.0809102368,422750504.3975484,40000000,13.867677461004734,182605706.45007482,165261894.48372024,52612001.24611508,12411964.08688046,0.3102991021720115,11162360.3499434,43781462.50030686,-150414961.0519,246901442.35899857,140267943.8074054,0.014904905121611575,-0.06516524316354398,0.034984146734486465,-0.05727747308534257,2021-07-30,2022-05-16,False,False,False,False,True,0.0,0,0,False,[],翰琨农业
2022-03-31,季报,2022-04-30,无保留意见,False,1282591009.2027493,716848558.2195969,565742450.9831525,0.5589065829061015,8659139.076353902,3864770.871803505,123079187.37931432,44784524.66433862,10905.863196589467,253514584.3437835,1361400.4062226987,460205695.1526824,40000000,14.143561274578813,170707275.6868242,155157233.67020142,25586352.819599263,-16997758.233215142,-0.42494395583037853,-14435229.733598318,75397117.42447977,-180230942.31901243,240997359.01692572,136163534.12239307,0.019894017174097972,-0.9999237804460037,0.04032746014714644,0.01856746783022216,2021-07-30,2022-05-19,False,False,False,True,False,0.0,0,0,False,[],翰琨农业
2022-06-30,半年报,2022-08-27,无保留意见,False,1480826333.7567945,887342261.4005498,593484072.3562446,0.5992210167882412,10614405.364788514,4649342.284500366,160284271.797511,50825830.6577641,13225.580067182169,339722299.25771505,1725014.3459181185,565038026.948855,40000000,14.837101808906114,158807868.31381688,143758498.00684834,14946788.61719255,-16999153.390010487,-0.42497883475026216,-16283908.090504393,96806582.49605638,-186401440.6805223,284950601.9887219,195355743.804256,0.049035778250124916,-0.6223469830880971,0.040314433882139865,-0.03659312381565693,2021-07-30,2022-10-16,False,False,True,True,False,0.0,0,9,True,"['公司为增强投资者回报水平拟采取的措施', '结合所处行业特点、发展阶段和自身经营模式、盈利水平、偿债能力、资金需求等因素，未进行现金分红或现金分红水平较低原因的说明']",翰琨农业
2022-09-30,季报,2022-10-27,无保留意见,False,1634143422.962262,967736526.49495,666406896.4673119,0.5921980365350701,10170446.21246308,4438703.355653202,174997215.61464465,54520736.18565257,14752.560421457054,383900281.03049546,1746878.0149959226,584979060.5277733,40000000,16.660172411682797,146908620.10283354,132886895.20642109,79536397.91076356,-16998926.01569051,-0.42497315039226274,-15530861.143467499,130392214.14887647,-200567821.07722938,323688591.8114702,253512984.88311732,0.12287241984700595,0.26857032493293026,-0.007022980253171261,0.18457379099272211,2021-07-30,2022-11-16,False,False,False,False,False,0.0,0,0,False,[],翰琨农业
2022-12-31,年报,2023-03-30,无保留意见,False,1462929934.994502,747235050.9888653,715694884.0056368,0.5107797941065944,9821428.145331418,3912757.3696680884,160017394.52422005,53948521.2968691,12584.649701858654,314126661.3728529,1615855.5537246857,521331206.3353738,40000000,17.89237210014092,135009610.11720723,122500781.15325147,82591234.24530496,-16998585.693751857,-0.42496464234379644,-14837305.790242316,291873285.7235488,-177130693.83877286,278306868.1787639,393049460.06353986,0.07396080052533265,0.3168779428575661,-0.08141824242847573,0.10244297050612902,2021-07-30,2023-04-20,False,True,True,False,False,0.0,0,8,True,"['留存未分配利润的预计用途以及收益情况', '是否影响偿债能力、过去十二个月内是否使用过募集资金补充流动资金以及未来十二个月内是否计划使用募集资金补充流动资金等内容', '根据公司盈利能力、融资能力及其成本、偿债能力及现金流等情况披露现金分红方案的合理性，是否导致公司营运资金不足或者影响公司正常生产经营']",翰琨农业
2023-03-31,季报,2023-04-30,无保留意见,False,1719145099.1857069,951507450.843269,767637648.3424379,0.5534771039942827,11849656.624529175,5203885.494355101,191646377.41126403,61118376.476921655,16429.610762105658,359012953.4931615,1955576.727748458,631228771.4209658,40000000,19.190941208560947,123109972.53588884,111766397.84269959,63331711.46261054,-16999482.25902627,-0.42498705647565677,-15334833.300788403,147031302.6695522,-224857725.49236357,332631212.85801125,254804790.03519988,0.07257668805187652,-0.6339258386142708,0.04269730988768839,0.0827259472935432,2021-07-30,2023-06-24,False,False,False,False,False,0.0,0,0,False,[],翰琨农业
2023-06-30,半年报,2023-08-27,无保留意见,True,1699067686.0602157,870302002.9156384,828765683.1445773,0.5122232681228184,11605582.668529782,5145940.385582589,168585090.81607515,60507954.057789,15599.188022796736,337170379.12366104,1993939.6052611726,624492192.0308759,40000000,20.719142078614432,111210227.74356571,100261108.07049012,69473756.55371356,-16999635.41760447,-0.4249908854401117,-16436128.246013526,144675403.02345863,-223720863.6624452,323998467.355018,244953006.71603146,0.0796313663538173,-0.2958208563142514,-0.04125383587146433,-0.08631341835885752,2021-07-30,2023-10-21,False,True,True,False,False,0.0,1,2,True,['是否影响偿债能力、过去十二个月内是否使用过募集资金补充流动资金以及未来十二个月内是否计划使用募集资金补充流动资金等内容'],翰琨农业
2023-09-30,季报,2023-10-27,无保留意见,False,1851645670.6524794,1004168008.7247999,847477661.9276795,0.5423111044625255,11878441.472499486,5046673.437210096,173007120.41082188,61331296.227361165,15427.408797257807,377864466.64335144,1997928.1437352204,611717944.6502134,40000000,21.18694154819199,99310524.59451188,89909828.83785504,80924004.65699117,-16999575.92721974,-0.4249893981804935,-14787541.760907264,238177872.31969407,-253920984.3561903,352344879.05550104,336601767.0190048,0.022578129335789725,0.16317404640508804,0.030087836339707155,-0.08546222009868068,2021-07-30,2023-11-06,False,False,True,False,False,0.0,0,6,True,"['结合前述财务报表列报项目的具体情况说明现金分红方案确定的依据及未来增强投资者回报的规划', '结合所处行业特点、发展阶段和自身经营模式、盈利水平、偿债能力、资金需求等因素，未进行现金分红或现金分红水平较低原因的说明', '公司在相应期间是否按照中国证券监督管理委员会相关规定为中小股东参与现金分红决策提供了便利', '公司为增强投资者回报水平拟采取的措施']",翰琨农业
2023-12-31,年报,2024-03-30,无保留意见,False,1864136653.4736266,936138109.4844546,927998543.9891719,0.5021831997885229,12263240.651520357,5168708.265751497,197509804.74684143,61426737.41209035,15003.041992281005,379688216.843713,1898020.913355265,635926547.6610016,40000000,23.199963599729298,87410599.29742338,79567071.87155865,75692940.07354796,-16999893.281555012,-0.4249973320388753,-14775367.09470912,286149080.4830707,-234737904.61931282,371518049.37990135,422929225.2436592,0.09501239463744551,-0.7483487506048317,-0.04012790467400259,-0.058796565480188454,2021-07-30,2024-05-01,False,False,False,False,False,0.0,0,0,False,[],翰琨农业
2024-03-31,季报,2024-04-30,保留意见,False,2226588788.2751417,1282464806.1168532,944123982.1582882,0.5759773932529018,16924142.813237812,6402340.051790346,225477652.1765959,83999102.617743,20021.201891868244,483081748.6380351,2495485.281039934,813953446.7265067,40000000,23.603099553957207,75510640.26894756,68447455.78469719,51333433.99496369,-16999941.469251163,-0.4249985367312791,-15885165.838373508,300973807.2299198,-282285221.70030886,440060256.0812492,458748841.6108601,0.01737657701465599,-0.4515404638597805,0.07379419346437892,-0.024669911095815497,2021-07-30,2024-05-12,False,False,False,True,False,0.0,0,0,False,[],翰琨农业
2024-06-30,半年报,2024-08-27,无保留意见,True,2869876203.4373436,1890192226.0782044,979683977.3591393,0.6586319729799703,19890044.438819956,8101418.098527644,273677519.3568297,99753722.67621793,26612.193062237267,570721731.6870465,3134843.592588601,1032771264.7755722,40000000,24.492099433978485,63610668.692878366,57821842.86699501,72283625.62733318,-16999959.394384567,-0.4249989848596142,-15179447.025288833,441205746.76008505,-380185327.0796207,573139506.6011094,634159926.2815738,0.03766453969272158,-0.3062515645234113,0.08265457972706852,0.03076034339617038,2021-07-30,2024-09-20,False,False,False,False,True,0.0,0,0,False,[],翰琨农业
2024-09-30,季报,2024-10-27,无保留意见,False,2388055012.350461,1549847292.2952082,838207720.055253,0.6489998280105613,14668470.406970443,6482704.5301652225,214633213.1553246,81611961.41245186,18847.25194303596,483482787.9957975,2478326.1002171584,781058366.0203367,40000000,20.955193001381325,51710694.766883306,47191836.09297277,11010135.717017638,-16999962.751421507,-0.42499906878553767,-15185723.962888904,218515492.88390628,-293550626.34103745,495260254.8616056,420225121.4044744,-0.14441009608552874,-0.08267420413184023,-0.009632144969409074,0.03708364663345363,2021-07-30,2024-11-16,False,False,False,False,False,0.0,0,0,False,[],翰琨农业
2024-12-31,年报,2025-03-30,保留意见,False,2606470904.7783604,1704319951.6719978,902150953.1063623,0.6538802902221246,16223967.022118544,6572485.637437972,250408189.0741553,88799535.54373452,21563.83410823428,555888605.3037745,2772858.093401832,877103221.0463922,40000000,22.553773827659057,39810710.95788091,36271836.8299906,0.0,-16999976.870003436,-0.42499942175008587,-15599998.947117383,292949674.9041364,-345037797.6254571,492042040.4175931,439953917.69627243,0.07628566466423652,-0.37903679814818203,0.004880462211563243,-0.044924018644382176,2021-07-30,2025-05-22,False,False,False,False,False,0.0,0,0,False,[],翰琨农业
2017-03-31,季报,2017-04-30,无保留意见,False,257296063.56708866,83023670.47442763,174272393.09266105,0.3226775774312599,137346057.1073322,1.5315867389500935,1864673.6031271736,3457808.065329785,12041494.214736924,7230.271523869334,4290458.236971091,149837348.16736817,40000000,4.3568098273165266,3739675.951870298,3245737.30344225,26346466.53637047,5342394.216957569,0.13355985542393922,4636767.576346071,-42797906.46505128,5926170.589555282,-8201974.561472392,-45073710.43696839,-0.031820038374105145,0.24124412316430943,0.022677577431259907,-0.03246245106880553,2021-07-06,2017-05-23,False,False,False,False,False,0.0,0,0,False,[],芷瑗股份
2017-06-30,半年报,2017-08-27,无保留意见,False,286334593.34689814,111758147.26543258,174576446.08146554,0.3903061308768798,152901057.1637266,2.2710061321676465,2123806.531140002,4486857.020297045,15319567.981019529,9136.671211707659,5021887.9058402935,178204499.00173756,40000000,4.364411152036639,12305541.117858248,10241101.535607368,20875084.03064068,12236950.237125643,0.3059237559281411,9993377.474521598,-16913558.028946016,6813037.208200187,-10454397.229872186,-20554918.050618015,0.0017446996819673803,0.3085862666828786,0.06762855344561995,-0.07556502969298615,2021-07-06,2017-09-24,False,False,False,False,False,0.0,0,0,False,[],芷瑗股份
2017-09-30,季报,2017-10-27,无保留意见,False,267415509.73855972,112101364.177733,155314145.56082672,0.419202926140408,155434343.69841698,2.0244557877531997,2084003.9045343618,4374083.372690148,13976891.153880367,8400.128527779443,5093640.899731336,174262810.14789274,40000000,3.882853639020668,18081951.370176427,15347071.85325518,37912188.60053099,8252014.646168828,0.2063003661542207,7294243.310925446,-24395327.3057028,6642438.224324879,-8225165.128520105,-25978054.20989803,-0.11033733904544103,-0.13629792295834817,0.028896795263528143,0.02459891631202951,2021-07-06,2017-12-15,False,False,False,False,False,0.0,0,0,False,[],芷瑗股份
2017-12-31,年报,2018-03-30,无保留意见,False,253838407.46504927,110130226.33375336,143708181.1312959,0.43385958584268647,146283986.70452794,1.9562047637810536,1919342.7228798247,3545907.492475306,13969792.836338738,7562.7915103836995,4758923.3189131245,165416500.50711894,40000000,3.5927045282823973,26396319.703498535,22470633.89959772,55059803.643420644,11877669.047603011,0.2969417261900753,10176517.20906077,-28447078.75388482,6119740.402376534,-8215469.606017056,-30542807.95752534,-0.0747257398070385,0.14357881746216453,0.014656659702278451,0.059201398742776336,2021-07-06,2018-04-09,False,False,False,False,False,0.0,0,0,False,[],芷瑗股份
2018-03-31,季报,2018-04-30,无保留意见,True,262419996.77886614,112135585.59494093,150284411.1839252,0.42731341731337036,155749022.87566772,2.012467721927905,1909034.6051025782,4149216.4454744966,14656825.151176,7994.9650303662165,4410153.241832711,167336522.19826323,40000000,3.7571102795981304,51388023.22431254,46682976.682729594,24395602.45165416,35702433.60116286,0.8925608400290714,34589061.118759826,-6706990.163499303,6292788.416820138,-8709698.720579635,-9123900.4672588,0.04576099983216049,0.8250238104151078,-0.006546168529316094,0.010949327486952707,2021-07-06,2018-06-26,False,False,False,False,False,0.0,0,0,False,[],芷瑗股份
2018-06-30,半年报,2018-08-27,保留意见,False,275951822.2108175,108750452.16060503,167201370.0502125,0.3940921690218936,146728124.32890877,2.033166203580064,2082096.0777363537,3868964.312999807,14083942.342335343,9773.732071464803,4879020.263506699,172846590.1447019,40000000,4.180034251255313,54714050.17411011,49594929.37312412,17638970.08930574,4751467.0711393915,0.11878667677848478,4159932.414849328,-46044963.857664116,6462458.171511901,-9611799.738767233,-49194305.42491944,0.11256629169331168,-0.5872777482013761,-0.033221248291476775,-0.0720754383944195,2021-07-06,2018-10-01,False,False,False,False,False,0.0,0,0,False,[],芷瑗股份
2018-09-30,季报,2018-10-27,无保留意见,False,366653205.19829744,160760312.85490426,205892892.34339318,0.43845331385541847,182068289.26388094,2.6675695522485645,2439036.0623733727,5272269.552568502,18982926.19106359,11157.824953705145,6328070.022546042,223137531.04424444,40000000,5.14732230858483,53488579.78190309,48427755.55077575,8489575.054506868,-1750671.9888671841,-0.04376679972167961,-1667391.174783389,-10122502.27365537,8490718.337094266,-12469503.772860827,-14101287.70942193,0.2314067299900782,-0.2989287590920174,0.04436114483352488,0.1661524814287986,2021-07-06,2018-12-18,False,False,False,False,False,0.0,0,0,False,[],芷瑗股份
2018-12-31,年报,2019-03-30,无保留意见,False,381404971.06064403,190011060.8548418,191393910.20580223,0.498187163964965,192678421.6280333,2.763460078494037,2543386.52961542,4915263.234332238,19724180.795411363,10354.757519017232,5563566.675759182,218681504.6514943,40000000,4.784847755145056,52510669.8732936,47590158.045767695,4003126.359569503,-1397014.1551564094,-0.034925353878910236,-1196567.8642972193,-53099208.721330255,8913117.942752711,-12789591.229781147,-56975682.00835869,-0.07042002262714928,0.023191699558996005,0.0597338501095465,0.1332820834886789,2021-07-06,2019-05-12,False,False,False,False,False,0.0,0,0,False,[],芷瑗股份
2019-03-31,季报,2019-04-30,无保留意见,False,540353246.1639334,341539319.1453224,198813927.018611,0.6320667481318425,278225460.07090414,3.846132128686492,4166467.2305736965,8300351.0799574265,28162110.710852265,18681.508716371067,9643505.733722681,336972486.325416,40000000,4.970348175465276,53729583.12374264,48601876.775584295,8661215.074373692,1741304.6434986368,0.04353261608746592,1445312.47116658,-35481995.00983165,12096400.578300303,-16312044.55340852,-39697638.984939866,0.03876830148268675,0.20113578451346104,0.13387958416687745,-0.1269680207533841,2021-07-06,2019-05-10,False,False,False,False,False,0.0,0,0,False,[],芷瑗股份
2019-06-30,半年报,2019-08-27,无保留意见,False,725268680.6761461,513627684.3236035,211640996.35254267,0.7081895275620669,356908520.54829454,5.171256371464682,5203928.611885513,9258267.193369737,33592544.47321659,21455.590054180164,10390868.548610564,416219839.4284309,40000000,5.291024908813567,51435224.480198614,46495060.0525096,15598533.07345624,-3277655.2050628923,-0.0819413801265723,-3009738.1758209975,-70605939.39592108,16457650.29646551,-24026614.174244974,-78174903.27370055,0.0645179617257442,-0.26780205242021987,0.07612277943022448,0.13653272541924225,2021-07-06,2019-09-18,False,False,False,False,False,0.0,0,0,False,[],芷瑗股份
2019-09-30,季报,2019-10-27,无保留意见,False,952568059.5603304,712293951.0340018,240274108.5263285,0.7477617414159047,523855671.0265145,7.3367610768015,7146127.484700217,13534802.103590319,46062913.321645744,27771.70516788507,16912609.872936487,579681184.7614728,40000000,6.006852713158213,45398321.39553343,41213065.22392581,20384269.77643056,-8624147.263807407,-0.21560368159518517,-7545706.897976848,-162184028.45794845,21152747.626520246,-31174995.90085367,-172206276.73228186,0.13529095339397276,-0.3896194228202979,0.039572213853837766,-0.12601340119821158,2021-07-06,2019-11-07,False,False,False,False,False,0.0,0,0,False,[],芷瑗股份
2019-12-31,年报,2020-03-30,无保留意见,True,899689034.7698421,668019388.834611,231669645.93523103,0.7425003117944006,507347158.5418862,6.758954361414486,6725292.056318798,13363747.490392312,50786983.6288838,29591.966892874665,14154294.835830165,576488916.1482154,40000000,5.791741148380776,45441434.662719935,41252670.12740664,208655.56743065506,61590.38169501349,0.0015397595423753373,56578.433544049105,-26037535.264383152,19923359.816324625,-31624038.771118246,-37738214.21917677,-0.03581102701356861,1.0369974161521243,-0.0052614296215041335,0.09353838010667694,2021-07-06,2020-04-12,False,False,False,False,False,0.0,0,0,False,[],芷瑗股份
2020-03-31,季报,2020-04-30,无保留意见,False,1036293320.3024471,816248762.5434768,220044557.75897032,0.7876618970247253,565921143.5451841,7.912855716604435,8501810.164376453,15425336.639322078,55800710.306734055,35716.90969481267,18140172.590877496,685044379.5322475,40000000,5.501113943974258,50478388.17533838,45681649.315140165,13370311.372545278,7195647.875169195,0.1798911968792299,6327113.125333611,-62328405.04656304,22098015.501845993,-36745112.545385614,-76975502.09010266,-0.05017959141488378,0.41813555089964816,0.045161585230324694,0.03412910572659633,2021-07-06,2020-06-26,False,False,False,False,False,0.0,0,0,False,[],芷瑗股份
2020-06-30,半年报,2020-08-27,无保留意见,False,1022733814.94729,782589868.1712615,240143946.77602845,0.7651940873897818,582255022.7293317,8.166801763308287,7895684.066616605,16335652.70425041,55698116.14047566,32156.00490866014,17158165.261821683,659628242.773436,40000000,6.003598669400711,56662947.56323455,51625921.99244785,36709535.902858704,8835084.839851674,0.22087712099629184,8491818.110439552,-38073051.97461768,25086110.720849458,-30413974.736630242,-43400915.99039847,0.091342359119258,0.0677575146216668,-0.022467809634943492,-0.02211431649868449,2021-07-06,2020-10-22,False,False,False,False,False,0.0,0,0,False,[],芷瑗股份
2020-09-30,季报,2020-10-27,无保留意见,False,1498190133.051649,1247821318.4085407,250368814.6431083,0.8328858206180183,784340226.3832873,10.993431894616869,11399309.711213114,22756425.56610253,84871146.20533048,48322.938775876966,27698668.99384305,975177873.900071,40000000,6.259220366077708,73512226.12994438,66807742.448729314,89091615.58236766,24070397.952442624,0.6017599488110655,21688314.937544934,-117250409.80442785,32611503.713935643,-52880766.200199,-137519672.2906912,0.042578078708001475,0.5897140732083005,0.06769173322823643,-0.010465092608828802,2021-07-06,2020-12-11,False,False,False,False,False,0.0,0,0,False,[],芷瑗股份
2020-12-31,年报,2021-03-30,无保留意见,False,1388734294.1692345,1137390936.876733,251343357.29250154,0.8190126373721767,704767450.9654366,9.422721412160765,9433549.442393607,19250512.294510238,72058443.89050506,37935.684394257645,23570510.334358167,813666631.0220145,40000000,6.283583932312538,91935669.88630922,84518159.42652774,110880222.32163748,26319205.366235495,0.6579801341558874,25300595.68256917,-33472758.897733107,30722447.36939331,-44460172.89555726,-47210484.42389706,0.0038924282594157244,0.05475494579811152,-0.013873183245841513,0.09384008301983347,2021-07-06,2021-05-13,False,False,False,False,False,0.0,0,0,False,[],芷瑗股份
2021-03-31,季报,2021-04-30,无保留意见,False,1189522585.8554287,918206644.2685448,271315941.586884,0.7719119041428113,637074475.9403739,7.593654536262682,8678354.007078717,15721096.03035418,55385725.52170547,36243.0479787029,17930403.23572297,685210645.4638319,40000000,6.7828985396721,100299018.12534384,92269279.04398869,22050766.332909755,11947640.341478013,0.2986910085369503,11073028.02494421,-142182400.5052807,27904754.082792446,-37990317.987039946,-152267964.4095282,0.07946334651342817,-0.3317596641779395,-0.04710073322936547,-0.047005617775531534,2021-07-06,2021-05-14,False,False,False,False,False,0.0,0,0,False,[],芷瑗股份
2021-06-30,半年报,2021-08-27,无保留意见,False,1936470634.755306,1676062940.0111163,260407694.74418968,0.8655245837089107,1086335034.8238354,14.210845382102784,16487518.175807497,30728186.76047628,108706138.175191,58651.55593233359,36451968.92177918,1255112472.7113752,40000000,6.510192368604742,98172314.50292295,90313517.5085486,12663476.268472727,-3038148.032029843,-0.07595370080074608,-2793945.050628697,-294652112.84224796,45188042.62163453,-61256047.3968631,-310720117.6174765,-0.04020496097241362,-0.5176860081419233,0.09361267956609956,0.1353956862167312,2021-07-06,2021-10-22,False,True,False,True,False,0.0,4,0,True,['是否影响偿债能力、过去十二个月内是否使用过募集资金补充流动资金以及未来十二个月内是否计划使用募集资金补充流动资金等内容'],芷瑗股份
2021-09-30,季报,2021-10-27,无保留意见,False,3066611647.6245966,2759950482.862137,306661164.7624596,0.9,1610350740.9249673,24.217830310902286,22729492.60878494,46879981.87427076,158699620.38894114,90693.50860525943,53582848.56309251,1965002848.6644602,40000000,7.666529119061489,96445630.11970809,88659372.58678265,7306025.086977114,-2466691.976021221,-0.06166729940053052,-2363064.1739513567,-575857003.530134,71297353.89021999,-97623429.66136347,-602183079.3012774,0.17761944424763174,0.04092981771469842,0.04553767268330288,-0.02898724221861345,2021-07-06,2021-12-04,False,False,False,True,True,0.0,0,0,False,[],芷瑗股份
2021-12-31,年报,2022-03-30,非标准无保留意见,False,3595142563.541928,3235628307.187735,359514256.3541927,0.9,1651542840.3586013,25.594512125870846,24980954.474663775,51053455.48710426,165942750.07876384,106022.6477220931,61462171.351928554,2140755450.249165,40000000,8.987856408854817,93601226.33355165,86162600.52188197,12496584.010053616,-4063433.980223501,-0.10158584950558752,-3566817.2355724117,-126804874.74155949,88337260.14813195,-113902678.82054234,-152370293.41396987,0.1723501299314282,-0.10986776042782448,0.09990283434032991,0.1179942287867052,2021-07-06,2022-05-24,False,False,False,False,False,0.0,0,0,False,[],芷瑗股份
2022-03-31,季报,2022-04-30,无保留意见,False,3824833422.5890684,3442350080.3301616,382483342.2589068,0.9,1965147542.6572437,24.457070724359916,26549445.932030916,55226275.54428606,186109861.8203796,112743.62901515872,55074536.4130196,2152789429.493363,40000000,9.56208355647267,89914713.8692059,82697434.35080215,13340825.37890307,-5266446.377636757,-0.1316611594409189,-4950237.38725687,-105412346.64435919,89946391.4326876,-121749993.25868055,-137215948.47035214,0.06388922135561992,-0.0929931788369631,-0.10688949889097193,0.15102422861792747,2021-07-06,2022-06-20,False,False,False,False,False,0.0,0,0,False,[],芷瑗股份
2022-06-30,半年报,2022-08-27,无保留意见,False,3703302536.0232697,3332972282.420943,370330253.60232687,0.9,2090239830.444283,25.997833364819527,28526976.335878212,53000563.67592944,184466456.99043953,118930.02446322926,64908373.97374352,2353611862.1689754,40000000,9.258256340058171,83019092.31318218,76459002.19860546,5290809.580063479,-9850887.937176771,-0.24627219842941928,-8912045.931709554,-508477357.0351485,97056249.5362518,-118704277.95831594,-530125385.4572127,-0.031774164555258944,-0.39071211562049063,0.05154605877057963,0.1035321848995209,2021-07-06,2022-10-15,False,False,False,False,False,0.0,0,0,False,[],芷瑗股份
2022-09-30,季报,2022-10-27,无保留意见,False,3966883962.440225,3570195566.1962028,396688396.2440224,0.9,1872446019.5366237,26.61193455471408,26984972.94839057,60557788.67168777,208758582.02117902,113903.30790142638,62288203.34370128,2307532718.9794083,40000000,9.917209906100561,77811125.34311272,71796583.89610563,22415489.994207487,-7439952.814384917,-0.18599882035962292,-6660597.574999753,-460326187.3226895,103416638.51180458,-135161387.8131714,-492070936.6240563,0.0711746944390881,0.3372356037512944,0.015256724609943999,0.04309059384004888,2021-07-06,2022-12-03,False,False,False,False,False,0.0,0,0,False,[],芷瑗股份
2022-12-31,年报,2023-03-30,无保留意见,False,4602597256.791704,4142337531.1125336,460259725.67917025,0.9,2328111655.0881433,32.77100334625365,33546717.85139453,62578846.6906381,217177349.8645365,132562.34525647815,81533761.48598777,2694684014.185748,40000000,11.506493141979256,73428151.68449347,67992775.98756385,15389559.887610277,-6261390.9408846665,-0.15653477352211667,-5434011.297916832,-847248521.1232735,114054429.82045545,-141349076.88127232,-874543168.1840904,0.16025507687409613,0.12327992222398457,0.03634238039875082,0.0860232339014056,2021-07-06,2023-04-12,False,False,False,False,False,0.0,0,0,False,[],芷瑗股份
2023-03-31,季报,2023-04-30,无保留意见,False,5316715708.669224,4785044137.802301,531671570.86692226,0.9,2941178874.1909204,41.53075318552576,40337701.990623295,83101288.55467707,288161194.33477795,162889.45284410036,98336111.18650314,3434593536.8766265,40000000,13.291789271673057,73239786.67995943,67825722.91623533,474210.3858079768,-269092.8636200391,-0.006727321590500977,-238647.24475502505,-636893497.6845233,125217515.49084283,-170242765.63754356,-681918747.8312241,0.15515553763122547,0.5580143614761859,0.10397156980509197,-0.05830065547589826,2021-07-06,2023-06-23,False,False,False,False,False,0.0,0,0,False,[],芷瑗股份
2023-06-30,半年报,2023-08-27,非标准无保留意见,False,5175982182.951238,4658383964.656114,517598218.29512364,0.9,3078631016.0518565,44.62468858315672,41087204.45999877,79689979.23180316,271742966.21978045,160530.7984270881,95884074.52812427,3388924207.0880504,40000000,12.93995545737809,71521180.96357007,66332747.521066904,2894398.460568678,-2455151.0234133527,-0.06137877558533382,-2132821.9930977495,-845163225.1836996,126401082.53956378,-170152101.34851435,-888914243.9926502,-0.026470011456228747,-0.13065987050038144,-0.07644362460132818,-0.109354492292457,2021-07-06,2023-10-03,False,False,False,False,False,0.0,0,0,False,[],芷瑗股份
2023-09-30,季报,2023-10-27,无保留意见,False,4896295843.653791,4406666259.288412,489629584.36537904,0.9,2722315030.835149,37.05005197626152,34218606.23455916,75285506.3394723,246765318.10187936,151300.34047750523,87873961.91679637,3048926238.628359,40000000,12.240739609134476,69958283.47858459,64932595.35589518,4775989.854609811,-2232710.6928364206,-0.05581776732091052,-2000217.3788167525,-413887613.2680694,111498977.57487984,-172187770.23409307,-474576405.92728263,-0.05403541384255212,0.01529340943553295,-0.03272271294141253,-0.02692488575334386,2021-07-06,2023-11-12,False,False,True,True,False,0.0,0,0,True,['公司为增强投资者回报水平拟采取的措施'],芷瑗股份
2023-12-31,年报,2024-03-30,无保留意见,False,5202627847.013762,4682365062.3123865,520262784.70137614,0.9,2624758047.045208,37.77032043152952,34593881.76404472,72287225.27385558,252805150.43449596,150025.8317938794,91922911.11168166,3068258520.0519238,40000000,13.006569617534403,76110013.38293597,70419002.43599488,12476362.199177375,8788185.577644832,0.2197046394411208,7837724.400142424,-140258019.39278686,123794116.60951045,-155398723.043687,-171862625.8269634,0.06256403067576409,0.7463046224153708,-0.019650436017076844,0.0484958313743708,2021-07-06,2024-05-05,False,False,False,False,True,0.0,0,0,False,[],芷瑗股份
2024-03-31,季报,2024-04-30,无保留意见,False,6646708365.403404,5982037528.863064,664670836.5403403,0.9,3348745638.9801555,47.78343418795468,47672359.1811415,102560753.25355603,330664752.6662442,191149.05904559395,114044865.2806448,4112919943.152324,40000000,16.616770913508507,73533585.24209878,68159674.50761336,14481043.071492353,-3680611.6297674123,-0.09201529074418531,-3227611.3262593076,-450437750.9373707,142205318.50310087,-209073116.3689465,-517305548.80321634,0.27756752180891137,-0.48350812312368147,-0.014981370517625275,-0.0022441468685711436,2021-07-06,2024-05-29,False,False,False,False,False,0.0,0,0,False,[],芷瑗股份
2024-06-30,半年报,2024-08-27,无保留意见,False,6475371645.0995865,5827834480.589628,647537164.5099585,0.9,3599850496.491578,48.519287731334664,52381705.65295245,101679582.3743455,350411853.30824,212622.55809124143,108116542.5443161,4198019924.4176908,40000000,16.188429112748963,68052024.49193674,63183753.707084626,29357440.955580395,-7830801.071660055,-0.19577002679150138,-7108458.286469621,-928379364.9728076,163726484.00969565,-219385580.57727545,-984038461.5403874,-0.025777679850621786,-0.3115900915666573,-0.012995201661754984,-0.037521017231595115,2021-07-06,2024-09-06,False,False,False,True,False,0.0,0,0,False,[],芷瑗股份
2024-09-30,季报,2024-10-27,无保留意见,False,6681706078.667374,6013535470.800636,668170607.8667371,0.9,3528314590.6718616,50.94158536693168,48707333.78791418,99565285.7142271,341396220.0045154,203089.40910763748,114526466.91828208,4087225959.5656786,40000000,16.704265196668427,66140862.49645577,61393077.58798678,10970123.679316394,-2730231.4221156687,-0.06825578555289172,-2558108.7415683377,-1192200434.817797,163447526.22940302,-226767310.7268023,-1255520219.3151963,0.03186449286257355,0.5562721115995929,0.014711450315911116,-0.04387777018381635,2021-07-06,2024-12-08,False,False,False,False,False,0.0,0,0,False,[],芷瑗股份
2024-12-31,年报,2025-03-30,无保留意见,False,6274714088.621864,5647242679.759678,627471408.8621862,0.9,3871613347.4378686,52.16693830826747,47506665.46495521,91625814.30245371,352082030.72452885,197380.5746741804,119927229.8673166,4192675538.6719284,40000000,15.686785221554654,67525934.35641211,62622206.42002264,2315054.3563970095,1978674.085651897,0.049466852141297424,1755898.3314797913,-923411578.8281014,132701309.18052132,-203194010.00121543,-993904279.6487955,-0.060911387788353796,0.3299917221548745,-0.05785691488520415,0.06241433706630017,2021-07-06,2025-04-15,False,False,False,False,False,0.0,0,0,False,[],芷瑗股份
2017-03-31,季报,2017-04-30,无保留意见,False,269784514.1202974,53956902.82405947,215827611.2962379,0.2,31026.62982012023,1819620.274278247,19045.92993392944,84804021.75282058,18701233.119886752,9182308.47601556,31026675.137065936,142438627.8975417,40000000,5.395690282405947,-1628186.2757657408,-1408600.3925197695,10605930.54300788,-2325980.3939510584,-0.05814950984877646,-2012286.2750282423,-5372936.06168216,-34558863.09878975,81686202.90996927,41754403.74949736,0.1990422849790993,-0.18477668855283655,-0.12027627555029831,0.19006186796103958,2021-07-27,2017-06-05,False,False,False,False,False,0.0,0,0,False,[],暄玮实业
2017-06-30,半年报,2017-08-27,无保留意见,False,307712505.95436954,78327083.8714452,229385422.08292437,0.25454631305449854,39596.29498616131,2182782.179692746,24161.17893301139,94125816.67276359,24328329.857162606,10149294.426053273,36704349.50307567,171493766.49718985,40000000,5.734635552073109,5468032.186367938,5277013.754305001,34224433.43464829,10137454.945905257,0.25343637364763144,9550877.352606816,-9611784.632281225,-40953196.51595822,91203943.67671578,40638962.52847633,0.06281777713824312,0.8493538699320412,0.07482258860479685,0.05910250639367751,2021-07-27,2017-09-13,False,False,False,False,False,0.0,0,0,False,[],暄玮实业
2017-09-30,季报,2017-10-27,无保留意见,False,316416722.5876577,95385764.90407158,221030957.6835861,0.3014561434174726,43289.673238648844,2089399.415650124,23199.120515513812,90768072.07632017,23821499.072271522,11252408.703324769,35205348.97339974,172829076.59969592,40000000,5.525773942089653,7262781.573637822,7003766.129261795,10235860.885716166,2563927.6960998327,0.06409819240249581,2466789.1070811334,-17067143.879952352,-41290839.39691157,98271485.5466627,39913502.269798785,-0.036421078216200234,-0.2790802330175103,0.04690983036297412,0.017433311365797666,2021-07-27,2017-11-27,False,False,False,False,False,0.0,0,0,False,[],暄玮实业
2017-12-31,年报,2018-03-30,无保留意见,False,339645931.6938744,111798266.04125194,227847665.6526225,0.3291612105691777,38343.67782795893,2214426.1863057087,23574.644707813317,99445439.365028,24319622.720120043,10832104.707113147,39722098.78920091,173861911.2012157,40000000,5.696191641315562,10791874.62711284,9895279.943023985,8115415.371625533,5041561.504964311,0.12603903762410776,4130734.019660272,-39164629.20997582,-45970832.63482884,105778910.91548063,20643449.07067597,0.03084051229961546,0.12664296491743884,0.02770506715170506,0.06736111498325349,2021-07-27,2018-04-24,False,False,False,False,False,0.0,0,0,False,[],暄玮实业
2018-03-31,季报,2018-04-30,无保留意见,False,362237575.8618782,120489456.27487193,241748119.5870063,0.33262550409959335,36428.5743118964,2324252.537910164,29201.180709693268,108479307.86331116,28072805.27317044,11220086.099071033,43480773.17442218,191395621.69662133,40000000,6.0437029896751575,12855971.189703576,11837635.174954874,4830452.751677507,2948709.375129625,0.07371773437824063,2774793.1884727003,-30016956.23321745,-48236958.517695576,106986705.54699677,28732790.79608375,0.06100766446111644,-0.09495026608542785,0.0034642935304156413,-0.031112718010298253,2021-07-27,2018-05-13,False,False,False,False,False,0.0,0,0,False,[],暄玮实业
2018-06-30,半年报,2018-08-27,无保留意见,False,324443742.0880887,88851319.93622641,235592422.15186226,0.2738574008682919,37222.95863934064,2173999.746762867,22058.96532829915,89818163.9976767,22049448.51854006,10244082.006890127,30155470.53556267,164379965.1712784,40000000,5.889810553796557,15962874.619409045,14593995.291379392,6069494.410967128,4438433.471007813,0.11096083677519532,3937657.309177881,-12823595.999369383,-44753206.70698123,98397181.98486017,40820379.27850956,-0.02546326914831934,0.0746777181352621,-0.05876810323130143,0.03914077042123989,2021-07-27,2018-09-08,False,False,False,False,False,0.0,0,0,False,[],暄玮实业
2018-09-30,季报,2018-10-27,无保留意见,False,290155528.61116743,58588050.946636885,231567477.66453055,0.20191947135065536,35087.677659809604,2135184.293526697,23495.84953283658,90860589.67785065,25486800.89207209,10059124.782760745,33668142.1607977,165168595.39103693,40000000,5.789186941613264,14824719.67534906,13565876.765366701,5747415.371910154,-1625935.6343714073,-0.040648390859285184,-1468740.7514467018,-46212494.8852256,-38825697.61265754,98814641.6608021,13776449.162918955,-0.01708435462638626,-0.2828737050018299,-0.07193792951763656,-0.012968289543618686,2021-07-27,2018-11-18,False,False,False,False,False,0.0,0,0,False,[],暄玮实业
2018-12-31,年报,2019-03-30,无保留意见,False,253912134.06700584,50782426.81340117,203129707.25360468,0.2,30524.18922012293,1786017.0048449188,18810.74320058758,81484660.05196336,19212411.76703036,8336772.028409674,29500319.134076156,136155230.06650063,40000000,5.078242681340117,10918863.9948401,10167471.219677966,9306891.487795841,-5579793.829298515,-0.13949484573246287,-4854865.065269624,-41599736.26907722,-33605925.09861692,83342620.63796645,8136959.270272315,-0.12280554548391005,-0.2571771589409139,-0.00546592544922835,0.06778534823724804,2021-07-27,2019-05-21,False,False,False,False,False,0.0,0,0,False,[],暄玮实业
2019-03-31,季报,2019-04-30,无保留意见,False,277711814.83059967,59243610.87968525,218468203.95091444,0.2133276573624461,35497.00528789668,2031280.8513358724,21415.854264736518,84060289.8611733,23468301.92007377,9666092.3489955,35710424.31947231,160215916.14460856,40000000,5.461705098772861,6633649.155820614,6588062.900726889,27428649.287535086,-6121735.484313551,-0.1530433871078388,-5113440.455644396,-52133162.967099905,-36968466.15267436,81124501.92435348,-7977127.195420787,0.07551084922384038,-0.04745462970759549,0.0168741114610191,0.056144251871541595,2021-07-27,2019-05-30,False,False,False,False,False,0.0,0,0,False,[],暄玮实业
2019-06-30,半年报,2019-08-27,无保留意见,False,324511382.14405596,102937089.31196685,221574292.83208913,0.3172064062340697,44431.029276136505,2146017.7730473997,23110.198512105777,102997643.9566856,27428438.449887898,10656087.804567393,35456113.865850896,177395832.14029226,40000000,5.539357320802228,4166624.812005584,4381777.481437403,12205330.997510146,-3524320.4911643285,-0.08810801227910821,-3151836.3132706955,-32034922.405834213,-42585359.05595426,96174288.54270817,21554007.080919698,0.014217578691096446,0.2387710824096758,0.10387874887162359,-0.05237082010019814,2021-07-27,2019-09-17,False,False,False,False,False,0.0,0,0,False,[],暄玮实业
2019-09-30,季报,2019-10-27,无保留意见,False,378235456.26135486,127437633.8561804,250797822.40517446,0.3369267257909395,47572.84015438132,2595788.8085409743,24134.537219620033,117185804.8186437,26758640.15429554,12724197.524944596,42668393.23777397,202614975.1704075,40000000,6.269945560129361,3052540.0804798715,3360469.229195263,1300709.1933935944,-1591549.616465304,-0.0397887404116326,-1459011.7889173431,-67222800.26525253,-51325992.652586915,122532114.63926576,3983321.721426323,0.13189043367603642,0.14342659852007875,0.01972031955686985,0.03721148120226794,2021-07-27,2019-12-06,False,False,False,False,False,0.0,0,0,False,[],暄玮实业
2019-12-31,年报,2020-03-30,无保留意见,False,342080161.26565474,110667881.21333484,231412280.05231988,0.32351446749755153,41224.27396846586,2455672.6837321417,26979.522836046304,102364592.95728873,28667779.629531577,11647391.610811606,43930002.594169036,190285689.95402357,40000000,5.785307001307997,-1436897.8279499242,-520018.066303278,8283668.220566004,-6413482.72632828,-0.160337068158207,-5543553.27928363,-46095375.982126765,-47679825.90290719,101044767.92130937,7269566.036275402,-0.077295497093816,-0.3129408207729728,-0.013412258293388012,-0.07847615795340626,2021-07-27,2020-05-17,False,False,False,False,False,0.0,0,0,False,[],暄玮实业
2020-03-31,季报,2020-04-30,无保留意见,True,287130255.02120626,80558516.24314736,206571738.7780589,0.2805643600225885,33548.668447258344,2053987.3732077281,18523.766053144565,92731700.57227746,22856820.15077567,10464339.17697545,32221377.085546672,161385689.56585664,40000000,5.164293469451472,-6467418.798417737,-4993312.574176299,28034069.66561464,-7186458.529239733,-0.17966146323099333,-6390420.7255328875,-56965898.641818866,-37522053.592742905,91605516.9276036,-2882435.3069581687,-0.10734322858166731,-0.07301511752442087,-0.04295010747496301,0.03977662774764876,2021-07-27,2020-06-04,False,False,False,False,False,0.0,0,0,False,[],暄玮实业
2020-06-30,半年报,2020-08-27,无保留意见,False,290289812.059422,77701576.8151239,212588235.24429813,0.2676689762685108,34449.193424593206,1654537.4677745937,19216.996691291806,81621122.8235012,21506327.277493287,8462209.466928702,29392551.982199065,143657145.20901433,40000000,5.314705881107454,-7257585.2215368925,-5684669.689731117,4578520.908286681,-1128809.1758845076,-0.02822022939711269,-987653.0222211683,-38113890.79044391,-41244307.925850205,94729620.79048581,15371422.074191704,0.02912545782801095,0.617274545728896,-0.012895383754077712,-0.07286353096783868,2021-07-27,2020-09-14,False,False,False,False,False,0.0,0,0,False,[],暄玮实业
2020-09-30,季报,2020-10-27,无保留意见,False,326362365.82767177,93363722.6538052,232998643.1738666,0.28607380148452466,42640.99192676113,2281180.1516152695,24832.982662164188,111198141.96899699,25199036.067565784,11407638.937180517,38140569.60414284,178080092.06342366,40000000,5.824966079346665,-10480020.853627587,-8752572.16811505,17087927.023165528,-4603479.474415278,-0.11508698686038195,-4382717.826262759,-52915744.83192106,-40075445.72818437,102905824.01349229,9914633.453386843,0.09600911313889793,-0.21892940088976692,0.018404825216013835,-0.02021640283510393,2021-07-27,2020-11-26,False,False,False,False,False,0.0,0,0,False,[],暄玮实业
2020-12-31,年报,2021-03-30,无保留意见,False,309264664.83957195,107346780.24417935,201917884.59539258,0.34710328223194997,39587.86449484672,2335979.245959137,22596.8799768316,93873475.25164546,24850437.43132477,10935875.993922232,36178226.1774435,170245335.6305457,40000000,5.047947114884814,-10222297.346222082,-8525421.292766688,327706.0565588039,368176.43915072083,0.009204410978768021,324501.2504976578,-55056238.09128304,-43930384.53522917,96152781.25227252,-2833841.374239683,-0.13339459043665408,0.40105252948238007,0.0610294807474253,0.11401271575032905,2021-07-27,2021-04-17,False,False,False,False,False,0.0,0,0,False,[],暄玮实业
2021-03-31,季报,2021-04-30,无保留意见,False,282785954.9320116,87406111.21941428,195379843.71259734,0.30908929419931325,34448.09638330161,1828457.8038300648,19022.62785927613,85858941.78942649,21116887.903924547,9387821.203828441,30731464.19952775,143421404.84507078,40000000,4.884496092814934,-11918983.629033789,-9895635.979417566,6648761.834713398,-2423837.5468738656,-0.06059593867184664,-1957449.552358398,-37970570.08148708,-37397236.01330903,95365508.4064946,19997702.31169848,-0.03237970175795147,-0.1607545844439332,-0.038013988032636704,0.12215516519600418,2021-07-27,2021-05-20,False,False,False,False,False,0.0,0,0,False,[],暄玮实业
2021-06-30,半年报,2021-08-27,无保留意见,False,280139645.9465417,96109573.07130219,184030072.87523955,0.3430773703827787,40785.60946503278,2211589.6457164604,20970.699496266003,96630707.15087579,24660141.044317454,9047233.547631191,32265998.288698304,161839586.71663716,40000000,4.600751821880989,-13664933.985555658,-11479215.180053491,4605676.691353052,-2494214.795031244,-0.0623553698757811,-2262256.000908462,-31791085.041959103,-39862047.329541214,89579515.1278528,17926382.756352484,-0.0580907969915937,-0.004828242576445974,0.033988076183465436,0.14566987410515836,2021-07-27,2021-10-05,False,False,False,False,False,0.0,0,0,False,[],暄玮实业
2021-09-30,季报,2021-10-27,保留意见,False,360420209.6790122,141392288.56029162,219027921.11872053,0.39229844709933065,41072.136782684174,2575136.03015525,26947.825434928458,95446864.94103746,26303250.81080656,11485904.645021284,38058433.28279308,189501925.93055114,40000000,5.475698027968013,-6239860.3104383815,-5152557.265585031,25233129.57183867,10607248.107310396,0.2651812026827599,9038082.734954942,-19346632.11581419,-48133164.012225516,114439319.75155692,46959523.623517215,0.1901746149239819,0.9031888117200243,0.04922107671655196,0.08785518712821755,2021-07-27,2021-11-23,False,False,True,False,False,0.0,0,5,True,"['公司在相应期间是否按照中国证券监督管理委员会相关规定为中小股东参与现金分红决策提供了便利', '根据公司盈利能力、融资能力及其成本、偿债能力及现金流等情况披露现金分红方案的合理性，是否导致公司营运资金不足或者影响公司正常生产经营', '上市公司控股子公司向母公司实施利润分配的情况', '结合前述财务报表列报项目的具体情况说明现金分红方案确定的依据及未来增强投资者回报的规划']",暄玮实业
2021-12-31,年报,2022-03-30,无保留意见,False,325505603.59270597,124227010.56838183,201278593.02432415,0.38164323193594796,39622.380882089536,2244928.977293667,20620.333676336795,99987165.00376074,25495269.895680428,10351745.399437018,37901631.08433218,169289521.35036173,40000000,5.031964825608104,-1387350.5073797333,-599579.4056661081,9091204.196871996,6932156.8615123555,0.17330392153780888,6504254.085598462,-11494160.89156868,-43144234.464670405,102932755.74589479,48294360.38965571,-0.08103682856385983,-0.1331205207963077,-0.010655215163382671,0.039442226054621325,2021-07-27,2022-04-09,False,False,False,False,False,0.0,0,0,False,[],暄玮实业
2022-03-31,季报,2022-04-30,无保留意见,False,319436083.1229365,106334305.19078554,213101777.93215096,0.3328813205797489,38632.07508154351,2041866.9794157282,24712.976717301844,101114048.97813766,24677784.849316094,10816913.30888694,36997484.72590527,168860582.42594355,40000000,5.327544448303774,-4173588.113604518,-3042131.2507963385,13600839.396971883,-3980339.4374639783,-0.09950848593659946,-3489359.7787574725,-10005075.175863104,-44670923.88401794,99774968.7704131,45098969.71053206,0.05874039921571775,-0.4559762984223869,-0.04876191135619904,0.11199311869954658,2021-07-27,2022-06-13,False,False,False,False,False,0.0,0,0,False,[],暄玮实业
2022-06-30,半年报,2022-08-27,保留意见,False,386911966.2501111,130297130.74136461,256614835.50874647,0.33676169802703076,49063.82853648193,2671699.2092696344,28445.886625229043,119101620.69968075,31814198.653608777,13622287.843882887,47300857.49849217,209300393.82516855,40000000,6.4153708877186615,-12158821.4803571,-10501384.098065695,26553302.810404114,-11407476.238217972,-0.2851869059554493,-10656075.49609908,-37827618.062958874,-50502400.88756091,126506996.96879777,38176978.01827799,0.2041890874812389,-0.5704554865374544,0.003880377447281864,0.015511335268427712,2021-07-27,2022-10-11,False,False,False,False,False,0.0,0,0,False,[],暄玮实业
2022-09-30,季报,2022-10-27,非标准无保留意见,False,372582384.37556887,112274020.7842953,260308363.59127358,0.3013401209841454,48153.40549421223,2358993.509898184,27577.03269418434,113309427.68565515,27921534.236455776,12777970.017916996,42721754.80299766,194049994.9041668,40000000,6.507709089781839,-18043294.82446213,-15984013.57016435,17711252.90594396,-8406390.491578618,-0.21015976228946545,-7832327.817283795,-6980437.271574598,-48388101.79496037,116750028.75751795,61381489.69098298,0.014393275724704696,0.5366245856920729,-0.03542157704288533,0.16233100718875945,2021-07-27,2022-11-11,False,False,False,False,False,0.0,0,0,False,[],暄玮实业
2022-12-31,年报,2023-03-30,无保留意见,False,362763597.0277992,103770646.27646631,258992950.75133288,0.2860558422252997,46568.005278867626,2158648.8297710572,26671.24171981798,100601587.77250127,29635391.28082471,13919293.413175065,43374313.36256021,196217740.34275246,40000000,6.474823768783322,-23683057.905731764,-21469347.647856146,9660411.40621616,-8056804.401813762,-0.20142011004534405,-7836191.539559708,-64113387.38532592,-44232051.537944146,110820494.93524402,2475056.0119739473,-0.005053286885572666,0.0406797736646372,-0.015284278758845787,0.01842895623930126,2021-07-27,2023-04-22,False,False,True,True,False,0.0,0,0,True,"['结合前述财务报表列报项目的具体情况说明现金分红方案确定的依据及未来增强投资者回报的规划', '公司在相应期间是否按照中国证券监督管理委员会相关规定为中小股东参与现金分红决策提供了便利', '根据公司盈利能力、融资能力及其成本、偿债能力及现金流等情况披露现金分红方案的合理性，是否导致公司营运资金不足或者影响公司正常生产经营']",暄玮实业
2023-03-31,季报,2023-04-30,无保留意见,False,399749990.8205086,146476295.00740102,253273695.81310758,0.3664197582762928,46484.32916033631,2639411.043548657,27782.988577690678,109581909.66483973,30890151.882967178,13029199.120294793,44187935.0744961,204960549.3404212,40000000,6.33184239532769,-26055670.545910448,-23456111.359154407,12051143.955221029,-3389446.6288266946,-0.08473616572066736,-2838233.8732832302,-68025111.59474076,-55212090.90496821,132477092.1679835,9239889.668274522,-0.02208266642637898,0.5218892644966471,0.08036391605099316,0.022091180941367347,2021-07-27,2023-05-24,False,False,True,False,False,0.0,0,0,True,"['留存未分配利润的预计用途以及收益情况', '公司为增强投资者回报水平拟采取的措施', '上市公司控股子公司向母公司实施利润分配的情况']",暄玮实业
2023-06-30,半年报,2023-08-27,无保留意见,False,438187924.411409,172826618.13902372,265361306.27238527,0.39441209698138335,52778.28246524169,2828564.677129773,27143.42328746921,125272959.809657,33520769.666823518,14807312.771579426,50842083.24598981,225700734.64600196,40000000,6.634032656809632,-30442101.075207558,-27041390.593970284,19640145.884729225,-6266329.327567298,-0.15665823318918246,-5121827.478308396,-75774797.64922103,-63132678.46029573,133700673.85064828,-5206802.258868486,0.04772548693014388,-0.21137147184873065,0.027992338705090523,0.07873328614242066,2021-07-27,2023-09-17,False,False,False,False,False,0.0,0,0,False,[],暄玮实业
2023-09-30,季报,2023-10-27,无保留意见,True,466913323.76651764,155856512.67078796,311056811.0957297,0.3338018101807795,58843.70344247887,2900683.6790187554,31950.729110390243,116374575.73110951,35511037.443350755,15517450.313630765,52178127.11576279,246018966.7661842,40000000,7.7764202773932425,-30870450.514907062,-27440272.189852577,1400650.6459098542,-611927.7709992919,-0.015298194274982298,-569830.8512604154,-53480018.32095012,-66433768.8451409,152666883.92939156,32753096.763300538,0.17220108487271066,0.5267910418651292,-0.060610286800603874,0.027047498663175934,2021-07-27,2023-11-19,False,False,False,False,False,0.0,0,0,False,[],暄玮实业
2023-12-31,年报,2024-03-30,无保留意见,False,403603310.354706,80720662.0709412,322882648.2837648,0.2,48580.92924578761,2565255.487783625,26508.973965386253,116908279.60413253,29870788.9535134,12885886.032248927,44673379.928836465,202429387.34670296,40000000,8.07206620709412,-29508342.78664202,-26274008.777991116,5277150.351744719,1945868.1832357682,0.04864670458089421,1666090.5883735123,-34316816.67194731,-53342179.41954191,122038563.41016212,34379567.318672895,0.03801825507815548,0.1560766829980602,-0.13412483287421934,0.08715610311881149,2021-07-27,2024-04-25,False,False,False,False,False,0.0,0,0,False,[],暄玮实业
2024-03-31,季报,2024-04-30,无保留意见,False,405128761.90464,88776456.15041704,316352305.754223,0.2191314576952041,54281.85415038649,2816502.070950471,28499.04270633679,121666578.69360098,31371323.704605315,13880060.212909479,43907231.38045731,224549744.51914266,40000000,7.9088076438555746,-28740443.000600908,-25574942.258973293,1204601.2722023893,1096999.6943444423,0.02742499235861106,998666.4557397541,-73237529.08666155,-52866474.72833794,125258336.32594909,-845667.4890504032,-0.020225126882020158,-0.04480494008938805,0.01945448038864396,0.1481304020935569,2021-07-27,2024-05-15,True,True,True,False,True,1465687.5711150784,1,9,True,"['根据公司盈利能力、融资能力及其成本、偿债能力及现金流等情况披露现金分红方案的合理性，是否导致公司营运资金不足或者影响公司正常生产经营', '结合所处行业特点、发展阶段和自身经营模式、盈利水平、偿债能力、资金需求等因素，未进行现金分红或现金分红水平较低原因的说明', '是否影响偿债能力、过去十二个月内是否使用过募集资金补充流动资金以及未来十二个月内是否计划使用募集资金补充流动资金等内容', '公司为增强投资者回报水平拟采取的措施']",暄玮实业
2024-06-30,半年报,2024-08-27,无保留意见,False,372575881.57804525,80548013.03741017,292027868.54063505,0.21619223632042162,42336.69167815819,2678379.656205175,25554.131575186522,109289999.3054379,28204361.369581964,11324747.923069224,42134059.686934076,199976598.1803142,40000000,7.300696713515876,-19683195.437332135,-17340295.212105557,50730687.50254547,12938925.090383966,0.32347312725959915,11763781.49552534,-57941359.424995385,-49130242.40456673,114447220.4359545,7375618.606392384,-0.07689034273227575,0.65435849013913,-0.002939221374782487,0.008924552806617594,2021-07-27,2024-09-11,False,False,False,False,False,0.0,0,0,False,[],暄玮实业
2024-09-30,季报,2024-10-27,无保留意见,False,359195623.57240295,102598418.32653216,256597205.24587077,0.2856338206633284,43850.20726236608,2638500.8021556153,26848.716813939147,120677465.59337276,29048947.80907633,11946170.429057738,39204324.51432973,193575972.8025842,40000000,6.414930131146769,6795478.558968968,5262440.825148193,87691542.19582066,37826677.137573004,0.9456669284393251,32289622.9103625,-66515089.15639293,-43936922.79459093,109286721.23918769,-1165290.7117961645,-0.12132630858768258,0.8312840882581549,0.06944158434290676,-0.060794074557699994,2021-07-27,2024-12-03,False,False,False,False,False,0.0,0,0,False,[],暄玮实业
2024-12-31,年报,2025-03-30,非标准无保留意见,True,410887154.57903045,142995449.32529876,267891705.2537317,0.34801635371590783,52552.76116162826,3200320.108490344,30656.588814598927,130330708.03267224,34080144.9945127,16623687.132117175,52864700.76938797,238677630.44868132,40000000,6.697292631343292,42611177.506379046,36680596.19053094,252712071.3644971,51165284.21058583,1.2791321052646458,44883079.09340393,-66043175.91023577,-59470491.50985934,126868815.5607925,1355148.1406973898,0.0440164576112144,0.24328680433328354,0.06238253305257945,0.06032633161628713,2021-07-27,2025-05-08,False,False,False,False,False,0.0,0,0,False,[],暄玮实业
2017-03-31,季报,2017-04-30,无保留意见,False,288812858.13049465,91167882.1848222,197644975.94567245,0.3156642082175916,37207578.385394715,1.4523031249847002e-23,25989.256374211793,0.08640142504905557,112667827.46413377,687549.6018344479,64607453.37872163,216807033.75502017,40000000,4.941124398641811,339293.27316571586,297423.5980084849,378773.3006377245,484704.67595102265,0.012117616898775566,424890.8542978356,16506250.483454853,28140103.341857303,129910498.57607128,174556852.40138343,0.09802764414262469,-0.028627518002720877,0.0156642082175916,0.0924335956863093,2021-04-22,2017-06-27,False,False,False,False,False,0.0,0,0,False,[],芷瑾科技
2017-06-30,半年报,2017-08-27,无保留意见,False,245703603.99149483,71704059.28511877,173999544.70637605,0.2918315324654369,32840102.81150033,1.2687002904010242e-23,20251.639570131072,0.0815598881847096,93414967.03112215,622241.6689800877,52748338.54920067,179491407.6797536,40000000,4.349988617659402,6358009.088091596,5252997.9097898435,19529280.618015416,8598165.449894115,0.21495413624735288,7079391.8739733705,9198191.372035917,23421027.28940509,112203776.22389883,144822994.88533983,-0.11963588310889273,0.46403190241483383,-0.0238326757521547,0.07216867751791813,2021-04-22,2017-09-11,False,False,False,False,False,0.0,0,0,False,[],芷瑾科技
2017-09-30,季报,2017-10-27,无保留意见,False,237362951.00859827,62671765.784355514,174691185.22424275,0.2640334791847329,33598466.51523053,1.1452806635761729e-23,22498.871251428376,0.07139499482014881,100594309.86377116,570098.9549001687,50192125.21460596,183203227.2104252,40000000,4.367279630606069,19411905.041118972,16657238.97804832,20739388.407527093,18648422.790039107,0.4662105697509777,16291772.95465497,3750850.8107253113,21846675.775392238,110811298.93570466,136408825.5218222,0.0039749559059698665,0.39261631306420697,-0.027798053280703967,0.10927513928761369,2021-04-22,2017-11-25,False,False,False,False,False,0.0,0,0,False,[],芷瑾科技
2017-12-31,年报,2018-03-30,非标准无保留意见,False,280566962.95147336,87128161.85851641,193438801.09295693,0.3105431977519963,31926181.873492625,1.1672971928862144e-23,21970.210529778375,0.08239533511961372,91173845.04987468,618043.8794129468,53944154.86500159,181892948.0581331,40000000,4.835970027323923,27504834.867559925,23345655.876391772,48398738.05753568,11561328.323487077,0.2890332080871769,9554881.283347785,40600272.17768289,25902401.46110395,125261186.98084079,191763860.61962762,0.10731861395667305,-0.19880527417140914,0.04650971856726335,0.07162347613367487,2021-04-22,2018-04-24,False,False,False,False,False,0.0,0,0,False,[],芷瑾科技
2018-03-31,季报,2018-04-30,无保留意见,False,294782276.65256965,96901105.71703056,197881170.93553907,0.3287209353879786,37977739.54524994,1.3691131345770035e-23,24854.49065929065,0.09134127652315992,119764425.36839552,722575.5635410676,60916269.62807743,219832800.00037307,40000000,4.947029273388477,31533039.834228702,26950150.674890675,7237486.710963592,5754578.523812544,0.1438644630953136,5149278.283569865,37884110.567454934,27156429.93452586,134832777.2173907,199873317.7193715,0.022965246979830916,-0.20330811417126626,0.018177737635982284,0.16217490964138223,2021-04-22,2018-05-17,False,False,False,False,False,0.0,0,0,False,[],芷瑾科技
2018-06-30,半年报,2018-08-27,保留意见,True,297413028.87148,94281278.22001617,203131750.6514638,0.31700453264526485,38899885.89655014,1.401121121287879e-23,25690.843435509367,0.09874356783524885,103102688.68464611,714791.855465302,63650392.932192415,218824983.70694354,40000000,5.0782937662865955,45303367.6448687,39160967.50547214,51081935.92045219,19671896.872342855,0.4917974218085714,17444024.043687806,37426963.2478407,29196571.183448896,130771153.91225447,197394688.34354407,0.026534003670491243,0.6116271647908536,-0.011716402742713732,0.08583782618685766,2021-04-22,2018-09-14,False,False,False,False,False,0.0,0,0,False,[],芷瑾科技
2018-09-30,季报,2018-10-27,无保留意见,False,403719844.99335104,157315720.0333128,246404124.96003824,0.38966556136447456,45498129.25398792,1.8117167418587876e-23,33797.51141209721,0.127389891766039,150027022.61032626,919241.5864099769,86153449.51637706,287988910.5372398,40000000,6.1601031240009565,50878585.627205,43917773.4606615,22235307.33215077,7964597.117623281,0.19911492794058203,6795437.078841955,24246973.753169373,34326052.14711768,192198829.77857596,250771855.67886302,0.21302614765931777,-0.31924445565151466,0.07266102871920972,0.04512667401551707,2021-04-22,2018-11-12,False,False,False,False,False,0.0,0,0,False,[],芷瑾科技
2018-12-31,年报,2019-03-30,无保留意见,False,492269144.9203837,226438389.8727968,265830755.04758686,0.4599889962825508,60894762.91647447,2.2628940656116512e-23,39415.55935422484,0.14008993727766575,207351480.3456827,1221692.6559914295,98003419.74711382,362500486.8454233,40000000,6.645768876189671,61975527.92661259,54286992.23258264,67389941.17635266,15852774.713439416,0.3963193678359854,14813169.674173055,90859494.3556127,45308053.933743946,218993104.87284818,355160653.16220486,0.07884052302573771,0.3159745602402541,0.07032343491807623,0.1712440773171334,2021-04-22,2019-04-27,False,False,False,False,False,0.0,0,0,False,[],芷瑾科技
2019-03-31,季报,2019-04-30,无保留意见,False,501567416.16837907,245260797.0252636,256306619.14311546,0.48898869647251597,57649503.4513316,2.286809375523797e-23,44433.4443094204,0.14496963988224187,221470411.79010177,1075743.9899145346,113445298.57197125,365622555.40613216,40000000,6.407665478577886,85692593.20618424,75019720.1637901,131769664.24780262,33881521.827959515,0.8470380456989879,29618182.758867804,9821259.925547434,48345236.37764888,220413071.64560676,278579567.94880307,-0.03582781797676671,0.548773955070069,0.0289997001899652,-0.1347606647995448,2021-04-22,2019-05-26,False,False,False,False,False,0.0,0,0,False,[],芷瑾科技
2019-06-30,半年报,2019-08-27,无保留意见,False,473856500.7501963,218165681.30061427,255690819.449582,0.4604045337675446,63430719.78954273,2.113459029327709e-23,40388.03838204871,0.14042431089849694,199663335.32786307,1181394.7667733086,93462640.9449042,350851096.3634704,40000000,6.39227048623955,113492077.29915991,99068858.41120455,0.0,39713548.70425097,0.9928387176062742,34355911.782020636,61442822.26321367,43103532.64539928,206531849.11417323,311078204.0227862,-0.002402589896399235,0.1146197414458374,-0.0285841627049714,0.12727213193140352,2021-04-22,2019-09-13,False,False,False,False,False,0.0,0,0,False,[],芷瑾科技
2019-09-30,季报,2019-10-27,无保留意见,False,495451373.8651082,220777193.16215998,274674180.7029482,0.4456081965013763,56926320.94187977,2.225838324557577e-23,39220.6828648035,0.14064760541441756,185095122.16888446,1138025.5925965346,96837463.3464194,340351314.9313663,40000000,6.866854517573706,114372655.31082301,99923696.10759719,3111108.1104064216,1257968.588090133,0.03144921470225332,1221196.7091323438,56075772.220636405,47898745.033476636,233348659.9422992,337323177.1964122,0.07424342138771782,-0.6780668992642034,-0.014796337266168318,0.06375968435226997,2021-04-22,2019-12-02,False,False,False,False,False,0.0,0,0,False,[],芷瑾科技
2019-12-31,年报,2020-03-30,无保留意见,False,408963655.8180349,144421127.17862973,264542528.6394052,0.35313927074949847,51891797.37155394,2.0406639673540226e-23,36208.44137776967,0.11318358863340751,160842549.3783085,920675.4818458726,80461978.22363321,298254807.65683174,40000000,6.613563215985129,106938579.04064403,93194696.4115596,26881882.4313731,-10620108.957398528,-0.2655027239349632,-9612856.708625127,51346371.89386196,36569384.84533486,190690014.1574791,278605770.89667594,-0.03688607366594855,-0.6505695027450566,-0.09246892575187776,0.11321026923791347,2021-04-22,2020-04-13,False,False,False,False,False,0.0,0,0,False,[],芷瑾科技
2020-03-31,季报,2020-04-30,无保留意见,False,502648302.3341755,216564923.54387158,286083378.79030395,0.43084781653135434,57151881.93828624,2.1783870000418806e-23,40072.79769890964,0.14145858405231015,173495221.1766339,1082217.6607964195,95899435.62879395,336217422.9622335,40000000,7.1520844697575985,100310044.3678906,87403036.049393,25650378.083652563,-9469335.246790618,-0.23673338116976544,-8273800.51738085,57145515.865345865,47201475.70867439,220084424.26041237,324431415.8344326,0.08142679463180327,0.1803751353939536,0.07770854578185586,0.005588779150560426,2021-04-22,2020-06-20,False,False,False,False,False,0.0,0,0,False,[],芷瑾科技
2020-06-30,半年报,2020-08-27,无保留意见,False,522282583.09981763,227274386.6387947,295008196.4610229,0.4351559749319813,58796810.37389978,2.0913405014644902e-23,38623.497962267735,0.1372364727784313,179387084.49581483,1043406.6339049052,95132974.70592962,326921744.128706,40000000,7.3752049115255724,92850097.92449376,80844241.32712682,8744599.343721343,-10657066.347709771,-0.2664266586927443,-9369706.74609456,53044025.977924615,49831063.821026735,246141056.75008732,349016146.54903865,0.031196561325783162,-0.15771929037379784,0.004308158400626975,0.028767320337479103,2021-04-22,2020-09-22,False,False,False,False,False,0.0,0,0,False,[],芷瑾科技
2020-09-30,季报,2020-10-27,无保留意见,False,476512319.51848435,213106508.05473566,263405811.46374872,0.4472214029431175,60232119.509265736,2.3144265471795996e-23,39060.497957580665,0.14876539051854135,181394681.37439045,1132016.691115637,103703141.62884699,348371934.01797134,40000000,6.585145286593718,85630548.11600624,74920746.99163663,6245816.40447821,-10313642.583553595,-0.2578410645888399,-8462134.764985958,78603802.72537228,42536129.17677266,208841847.9887077,329981779.89085263,-0.10712375241224723,0.05414273315505638,0.012065428011136232,0.01927674129900116,2021-04-22,2020-12-25,False,False,False,False,False,0.0,0,0,False,[],芷瑾科技
2020-12-31,年报,2021-03-30,无保留意见,False,404295434.98123074,181976456.44569808,222318978.53553262,0.4501076210621727,50124979.79925271,1.6943681928565078e-23,31321.889628277113,0.12914551166932992,144180910.17726082,889867.3047700608,76860696.83738193,277338613.342667,40000000,5.557974463388316,81996679.36194602,71318549.61082205,21938405.58572967,-5191241.077228883,-0.12978102693072208,-5145996.258306565,56884968.48674461,36517012.15856748,185875465.46404707,279277446.10935915,-0.15598301609177165,0.766097470907727,0.002886218119055176,-0.06783792593667848,2021-04-22,2021-05-02,False,False,False,True,False,0.0,0,0,False,[],芷瑾科技
2021-03-31,季报,2021-04-30,保留意见,False,352639713.05399525,110627688.26929703,242012024.7846982,0.3137130736388673,42435771.09999238,1.5921990479695873e-23,29074.389347731365,0.10194308611698533,137047559.48382974,789363.3604051851,68991649.30252296,255890438.41751453,40000000,6.050300619617455,76020180.70447451,65988297.669004604,27755866.808700807,-8537855.224959282,-0.21344638062398205,-7614645.631167765,26133146.223326042,30943359.799700405,162577677.38078305,219654183.4038095,0.08858014002622858,-0.2834010051028345,-0.13639454742330542,0.023605081669732124,2021-04-22,2021-05-14,False,False,False,False,True,0.0,0,0,False,[],芷瑾科技
2021-06-30,半年报,2021-08-27,无保留意见,False,404645983.92979556,132214106.3964709,272431877.53332466,0.32674019179048497,48960715.724370606,1.6950699300535885e-23,33483.45194687796,0.11606646530575263,146334203.55692473,744546.8925266105,75729168.36451131,272686879.3776346,40000000,6.810796938333117,69166281.99971761,59649652.741744846,7314980.168190073,-9791283.86393844,-0.24478209659846098,-9055207.038942521,54544262.12664329,35632984.47505232,208882447.83620155,299059694.43789715,0.1256956251479197,-0.14812186180933373,0.013027118151617683,-0.007046913068342044,2021-04-22,2021-09-27,False,False,False,False,False,0.0,0,0,False,[],芷瑾科技
2021-09-30,季报,2021-10-27,无保留意见,False,349400438.04346585,94270143.02478884,255130295.018677,0.26980545174090914,40884283.3640115,1.6363252959107064e-23,29236.262419992017,0.10440262371622382,121516355.60452521,905032.3385812361,70333636.2643938,247918786.6294993,40000000,6.378257375466925,65791304.467159905,56372196.619370565,23166049.05635161,-4821396.475082442,-0.12053491187706106,-4682080.174820407,19139564.30922761,32895483.848825764,164228748.4792542,216263796.63730755,-0.06350792231548341,0.6894275339812821,-0.05693474004957585,0.04832690140870134,2021-04-22,2021-11-30,False,True,False,True,False,0.0,0,0,True,"['结合所处行业特点、发展阶段和自身经营模式、盈利水平、偿债能力、资金需求等因素，未进行现金分红或现金分红水平较低原因的说明', '结合前述财务报表列报项目的具体情况说明现金分红方案确定的依据及未来增强投资者回报的规划']",芷瑾科技
2021-12-31,年报,2022-03-30,无保留意见,False,380456057.2551715,124522128.67634906,255933928.57882243,0.3272970065839488,49871503.24594692,1.8549663365223708e-23,35495.792505559744,0.13289740160558158,169922502.0626305,921238.6509814679,89999153.61724572,302460804.94493663,40000000,6.398348214470561,67251388.17521138,57796692.00827569,6897237.3265487915,2085833.8686449863,0.052145846716124655,2034993.412721599,74240565.1839512,33581993.667171374,165706212.01858008,273528770.86970264,0.003149894684543903,0.5671611141289854,0.057491554843039624,-0.015057898269401291,2021-04-22,2022-04-26,False,False,False,False,True,0.0,0,0,False,[],芷瑾科技
2022-03-31,季报,2022-04-30,保留意见,False,400395867.099771,110966230.05970837,289429637.04006267,0.2771412973452538,48369758.75011666,1.9930030435505504e-23,32738.988356769474,0.11464688603476861,155936836.6665243,1041586.7580788686,83207867.87498806,293559465.20849365,40000000,7.235740926001567,71801693.57912745,62049977.428077035,4347519.535912311,6500436.291308656,0.16251090728271642,6076122.028287649,63386315.38829565,37848500.7741753,183473397.26642498,284708213.42889595,0.1308763892588951,0.2313025699084684,-0.050155709238695,0.21033009459166963,2021-04-22,2022-06-02,False,True,False,False,False,0.0,4,0,True,['公司为增强投资者回报水平拟采取的措施'],芷瑾科技
2022-06-30,半年报,2022-08-27,无保留意见,False,305050808.8876695,61010161.777533896,244040647.11013559,0.2,41244306.177823015,1.49576670123172e-23,24485.719753446978,0.09779475402902647,131881890.40645202,731084.1907985619,63592863.389372475,226741174.3062746,40000000,6.101016177753389,85319442.31807151,74757698.40378109,64375276.78591266,19311069.627062954,0.48277674067657383,18153887.10814863,50122935.130267955,30063389.203967597,145180151.15440542,225366475.48864096,-0.15682219137649808,0.5451232129035898,-0.0904934318188652,0.06355631053054614,2021-04-22,2022-09-18,False,False,False,False,False,0.0,0,0,False,[],芷瑾科技
2022-09-30,季报,2022-10-27,无保留意见,False,338788124.1980261,119972675.04574156,218815449.15228456,0.3541230240278905,44625078.89158946,1.707894457592163e-23,30310.732271650693,0.10232278626816275,147944872.63759193,815214.430552991,78125135.60340664,267500216.77939275,40000000,5.470386228807114,84478745.81278487,73978172.73005685,1797572.5936175871,-1200995.0075523537,-0.030024875188808843,-1113608.1053203363,15052256.677423818,31294471.740799915,149936629.34030008,196283357.75852382,-0.10336473967169446,-0.5648983862300627,0.1674751585015019,-0.05057321750773982,2021-04-22,2022-12-19,False,False,False,True,False,0.0,0,0,False,[],芷瑾科技
2022-12-31,年报,2023-03-30,无保留意见,False,369997039.37353307,140056036.6554516,229941002.71808147,0.37853285770229383,45832146.34315112,1.667239882103655e-23,28420.87434916852,0.113783862351797,154506862.226442,887162.9719133404,78102830.47993235,267786301.02861387,40000000,5.748525067952037,83334947.34524767,72971128.78805308,3125946.599615307,-1633997.810767427,-0.04084994526918568,-1438634.202862536,48318720.41186974,33192298.944521446,157424035.73356724,238935055.08995843,0.0508444609779543,-0.027406966667968047,0.024409833674403383,0.047801135955483944,2021-04-22,2023-05-12,False,True,False,False,False,0.0,0,0,True,"['公司在相应期间是否按照中国证券监督管理委员会相关规定为中小股东参与现金分红决策提供了便利', '结合所处行业特点、发展阶段和自身经营模式、盈利水平、偿债能力、资金需求等因素，未进行现金分红或现金分红水平较低原因的说明']",芷瑾科技
2023-03-31,季报,2023-04-30,保留意见,False,454380905.2185148,214342871.38171977,240038033.836795,0.47172508553950093,54660967.24515155,2.1000598328621196e-23,37651.18084431754,0.14194052249951158,173034257.40239134,997949.3631044471,90613435.52975643,310606569.9128287,40000000,6.000950845919875,78856335.64088179,68782191.00348432,0.0,-6398016.720522685,-0.1599504180130671,-5984196.835098223,83809625.90708686,41089902.496268846,199602030.32906932,324501558.73242503,0.043911399008261964,-0.31003632897394434,0.09319222783720706,0.08725758510125366,2021-04-22,2023-05-17,False,True,False,False,False,0.0,0,0,True,"['结合所处行业特点、发展阶段和自身经营模式、盈利水平、偿债能力、资金需求等因素，未进行现金分红或现金分红水平较低原因的说明', '充分披露高送转的主要考虑及其合理性且送转股后每股收益不低于0.5元', '根据公司盈利能力、融资能力及其成本、偿债能力及现金流等情况披露现金分红方案的合理性，是否导致公司营运资金不足或者影响公司正常生产经营']",芷瑾科技
2023-06-30,半年报,2023-08-27,非标准无保留意见,False,439547070.94240534,212813209.502506,226733861.43989938,0.48416477681497566,62616952.90394376,2.0956598309983784e-23,39662.1206295754,0.12670551158527513,160241346.26510665,998296.4373713214,88545575.05936083,311813974.3523895,40000000,5.668346535997484,78426650.91523162,68412098.83723207,1325428.4466954027,-613835.3223573789,-0.015345883058934473,-528703.094646066,9746186.43385128,42990322.22048226,195154655.10021102,247891163.75454456,-0.05542526817204848,0.5455754122308396,0.012439691275474719,0.0780331928642171,2021-04-22,2023-10-17,False,False,False,True,False,0.0,0,0,False,[],芷瑾科技
2023-09-30,季报,2023-10-27,无保留意见,False,547359906.4968754,313686325.70778847,233673580.78908697,0.5730897020123251,67134656.8344879,2.5673004417102883e-23,45890.15317124896,0.18297057787210247,213608263.58269337,1226687.027067335,115090561.85395929,383791976.13093394,40000000,5.841839519727174,81010000.62688409,70510217.81144209,10941760.39742908,3690499.58807496,0.09226248970187399,2997312.820300026,50156012.376357704,50082283.64425608,255790482.0525096,356028778.0731234,0.030607335424519728,0.26268104801272973,0.0889249251973494,0.13266713406888223,2021-04-22,2023-12-05,False,True,False,False,False,0.0,1,0,True,['结合所处行业特点、发展阶段和自身经营模式、盈利水平、偿债能力、资金需求等因素，未进行现金分红或现金分红水平较低原因的说明'],芷瑾科技
2023-12-31,年报,2024-03-30,非标准无保留意见,True,492462718.74955714,277735272.0629703,214727446.68658686,0.5639721779715331,60425124.369444855,2.072824586583135e-23,42957.748412478024,0.14820630262548798,170024406.4876586,1086757.5805112182,98044081.85538504,337159724.16260636,40000000,5.368186167164671,75662688.7404774,65338427.930711836,10847775.743530273,-7639016.980580978,-0.19097542451452446,-7388271.258186093,63921670.17527832,49168445.08604968,224577312.55867603,337667427.82000405,-0.08107948719971406,-0.5475709525731193,-0.00911752404079198,0.0014807354912087227,2021-04-22,2024-05-21,False,False,False,False,True,0.0,0,0,False,[],芷瑾科技
2024-03-31,季报,2024-04-30,无保留意见,True,504719909.2874832,274341004.6445301,230378904.64295313,0.5435509865894121,63129210.76688009,2.0902609836190544e-23,42453.6437083957,0.14807263574781512,201034259.47357228,1134031.180652063,104045475.92311363,361038319.2348064,40000000,5.759472616073828,69354077.4136366,59882945.67640148,6619735.4908712795,-9012301.895486861,-0.22530754738717154,-7793546.0775862215,74112624.94014116,49124728.28011544,245341683.73496023,368579036.9552168,0.07288988062718854,-0.1467030665537,-0.02042119138212097,0.0956319189620487,2021-04-22,2024-05-26,False,False,False,True,True,0.0,0,0,False,[],芷瑾科技
2024-06-30,半年报,2024-08-27,无保留意见,False,514699085.283031,286305369.03174394,228393716.251287,0.5562577770549286,63995293.571244776,2.2808535238263968e-23,42965.49391461954,0.1470995457583243,201743961.87280568,1003360.359395605,112094428.29552318,357559344.06361836,40000000,5.709842906282176,63138891.944354855,54549454.79994594,42000434.523543015,-8878836.384688202,-0.22197090961720506,-7619272.6806507725,84164737.31319283,50358194.95731066,239476883.77352616,373999816.04402965,-0.008617058036380685,0.01670888271594184,0.012706790465516486,-0.008472704978540168,2021-04-22,2024-09-10,False,False,False,False,False,0.0,0,0,False,[],芷瑾科技
2024-09-30,季报,2024-10-27,保留意见,False,453793170.19937253,254252392.4697871,199540777.7295854,0.5602825453677105,58948492.94066876,2.1836313063851047e-23,37664.08751679035,0.13508700223506653,182618248.96436363,981140.971337726,96136733.61651325,319861490.54661304,40000000,4.988519443239635,56925353.70361792,48846125.209522106,16030737.430178257,-8876483.20105277,-0.22191208002631926,-8147613.700605474,44036124.139661014,41662720.471129425,198602517.01531774,284301361.62610817,-0.12632982638610138,0.0002897594171104023,0.004024768312781895,0.07373490249829612,2021-04-22,2024-11-12,False,False,False,False,False,0.0,0,0,False,[],芷瑾科技
2024-12-31,年报,2025-03-30,无保留意见,False,457024623.7872048,259253633.90592974,197770989.88127506,0.5672640387679435,56890299.26441196,1.9956157338879956e-23,39830.573842681064,0.12651078166885474,170702493.48491055,996638.2557121578,92930230.1962514,326223955.7178389,40000000,4.944274747031876,46274865.80458963,39994048.1376329,45090112.58264186,-15214982.71289755,-0.3803745678224388,-12645824.388413144,39271100.86306988,41478961.4530913,205243204.71386334,285993267.0300245,-0.00886930415149893,-0.7802654526012947,0.006981493400233081,0.008102385234025176,2021-04-22,2025-05-20,False,False,False,True,False,0.0,0,0,False,[],芷瑾科技
2017-03-31,季报,2017-04-30,无保留意见,False,246735435.1012185,72432243.9643425,174303191.136876,0.2935623897500923,21523208.746613,1886.169910591543,5184034.858017002,25640533.67672042,414.89254507103027,21201855.96359603,5657130.870477373,75376309.84931771,40000000,4.3575797784219,-2237031.73893193,-2028105.8376837824,15702208.213840073,-3195759.6270456146,-0.07989399067614036,-2897294.053833975,6763667.063207964,7599576.556085195,55754752.212024875,70117995.83131804,-0.03164893812846676,-0.23309775705808963,-0.006437610249907679,-0.012109427728676974,2021-02-09,2017-05-12,False,False,False,False,False,0.0,0,0,False,[],澜璞科技
2017-06-30,半年报,2017-08-27,无保留意见,False,220067558.77419546,65368862.05758742,154698696.71660805,0.29703997455008985,18424543.065018836,1547.232389366317,4584289.558642035,21493043.841420177,360.8982895061267,17995910.391433906,5743676.572910095,65706437.07758715,40000000,3.867467417915201,173450.3993884256,227673.99787488056,15561015.871987686,3443545.9118862227,0.08608864779715557,3222542.6222266615,34985361.15719089,7290155.054271416,53168586.56568058,95444102.77714288,-0.11247352554132543,0.4809613104057306,0.003477584799997554,-0.07443813457554009,2021-02-09,2017-10-17,False,False,False,False,False,0.0,0,0,False,[],澜璞科技
2017-09-30,季报,2017-10-27,非标准无保留意见,False,235797406.45800877,69914346.68621095,165883059.7717978,0.2965017628328385,17586862.137311492,1708.452180661989,5149111.333603138,24098744.680653445,380.4248849184289,17368139.453815825,6667528.89227007,72388825.26994358,40000000,4.147076494294945,12461620.872395769,11951850.030484214,33441592.703350827,17554529.24715335,0.43886323117883375,16748822.903727623,36618914.6722707,7632385.226188405,60125200.3913277,104376500.28978682,0.07229771997160606,0.6902414774857021,-0.0005382117172513672,-0.04596116143490355,2021-02-09,2017-11-16,False,False,False,False,False,0.0,0,0,False,[],澜璞科技
2017-12-31,年报,2018-03-30,无保留意见,False,263528424.64326945,79376932.4846487,184151492.15862074,0.30120823813256153,22598115.52769673,1977.7358308991625,5644733.019803751,28479856.015425485,423.26895024648695,22534446.378454164,7320819.236901157,83423567.1140747,40000000,4.603787303965519,12715193.395318596,12161788.915657762,266527.63489149517,362246.46131832525,0.00905616153295813,299912.693105067,35168287.30677474,8591451.909364438,63846405.795116305,107606145.01125549,0.11012837846103456,-0.49754064547851845,0.004706475299723031,0.1078798687437728,2021-02-09,2018-05-27,False,False,False,False,False,0.0,0,0,False,[],澜璞科技
2018-03-31,季报,2018-04-30,无保留意见,False,311210973.28076935,111169745.07824111,200041228.20252824,0.3572166620806961,22990205.90012575,2499.002719432754,6573831.599083796,33962235.16999784,469.0000635174949,24187667.651104365,8284964.531456074,94341230.71785468,40000000,5.001030705063206,10665657.870716933,10432499.945073217,5851971.885514586,-2927907.892288089,-0.07319769730720221,-2470412.81512078,34073232.5839011,10334300.936171612,79731684.10302874,124139217.62310146,0.08628621933848202,-0.18950049816056988,0.056008423948134545,0.10642541934090467,2021-02-09,2018-06-14,False,False,False,False,False,0.0,0,0,False,[],澜璞科技
2018-06-30,半年报,2018-08-27,无保留意见,False,353005731.9812608,140652970.33141625,212352761.6498445,0.3984438709875759,29639154.720382,2720.318679457784,7740248.233000931,37171300.04418219,554.2406351767427,28982535.773814045,9601979.889216792,113278191.99373403,40000000,5.308819041246112,9984868.535997074,9820008.99936951,2995441.7398566925,-972556.192456942,-0.02431390481142355,-874987.0652910091,27219888.6208387,11068709.099878015,83237500.71393953,121526098.43465625,0.06154498029202094,0.13895245176511853,0.041227208906879816,0.11107887040938963,2021-02-09,2018-09-20,False,False,False,False,False,0.0,0,0,False,[],澜璞科技
2018-09-30,季报,2018-10-27,无保留意见,False,431772829.5019046,201086110.7932433,230686718.70866132,0.46572201179313966,31976204.73443355,2995.6830817114146,8137908.433425953,45580199.04312551,631.3293681100242,31002639.10236151,10156733.03752823,123111444.26755431,40000000,5.767167967716533,14739405.211556174,14248964.242971398,22990303.155984968,6792195.250798713,0.16980488126996784,6327078.91943127,36030424.751482256,14768149.961269433,101584635.61012746,152383210.32287914,0.08633726689671353,0.4844659907402889,0.0672781408055638,0.13229762651715624,2021-02-09,2018-11-06,False,False,False,False,False,0.0,0,0,False,[],澜璞科技
2018-12-31,年报,2019-03-30,无保留意见,False,391354957.8232143,178239129.0002853,213115828.82292897,0.45544109110481945,32784381.544508316,3054.0969261958776,7928657.923020307,36009229.543955885,621.3597721084554,29568981.826589447,10348259.997436803,119864129.47928636,40000000,5.327895720573224,24084500.44554695,22722645.237193763,40533734.61213048,13350136.04855825,0.33375340121395625,12105258.563174808,59179452.605524205,12814510.948407946,87893400.6770823,159887364.23101443,-0.07616775679194158,0.2756341198712795,-0.010280920688320249,0.034447606102931946,2021-02-09,2019-04-15,False,False,False,False,False,0.0,0,0,False,[],澜璞科技
2019-03-31,季报,2019-04-30,保留意见,False,431594848.8818538,213832583.8769936,217762265.0048602,0.49544748838169944,34360858.45037182,3242.4321773504503,8767337.961076587,47338647.89586537,694.8739277386163,34791950.13190185,11721794.722758267,132876002.73448671,40000000,5.444056625121505,26790682.731794313,25305250.23431168,17857159.722596228,3865974.6946390867,0.09664936736597717,3689435.7101684497,58337506.477204874,15859561.359517084,106995704.17519847,181192772.01192042,0.021802398290142026,-0.3124915597987805,0.04000639727688002,0.0775372386582927,2021-02-09,2019-06-24,False,False,False,False,False,0.0,0,0,False,[],澜璞科技
2019-06-30,半年报,2019-08-27,无保留意见,False,470762919.7409619,221074608.21915033,249688311.52181157,0.46960922143315154,39901591.62052401,3890.225296920408,9027160.799114052,48444227.8306784,731.5908138996342,35536885.410905026,12542993.722214483,141687434.5508767,40000000,6.242207788045289,33441809.16960917,31415515.90008258,14558669.048038822,9501609.19687837,0.23754022992195925,8728950.951101288,33333681.192929834,15051946.77686453,106463879.07175007,154849507.04154444,0.14660963650538253,0.2700872873044936,-0.025838266948547933,-0.058937946928991285,2021-02-09,2019-09-18,False,False,False,False,False,0.0,0,0,False,[],澜璞科技
2019-09-30,季报,2019-10-27,无保留意见,False,494170797.5167604,230084709.10023728,264086088.41652313,0.465597542907083,40972300.91000428,3816.5126436249056,10055877.108609116,56579326.02482816,808.0027861031672,41320093.206221215,13948653.572287414,158941783.75839704,40000000,6.602152210413078,40517494.687551185,37948998.77102076,14196865.689109534,10108122.168488588,0.25270305421221473,9333546.958483113,67795024.55255435,18347989.823225185,112565861.77358247,198708876.14936203,0.05766299914865596,0.022885892215241628,-0.0040116785260685085,-0.05851123860615492,2021-02-09,2019-12-24,False,False,False,False,False,0.0,0,0,False,[],澜璞科技
2019-12-31,年报,2020-03-30,非标准无保留意见,False,578885279.712776,320403301.1523078,258481978.56046814,0.5534832416386223,45366328.45346451,4434.673438494797,12261911.864862774,62782879.70353444,841.6809665956782,44097336.82815302,15382169.248383686,176591446.3639572,40000000,6.462049464011703,40117170.34296755,37605422.79628143,382404.48176963016,-571891.9208337758,-0.014297298020844394,-490822.8210561867,45980470.19847119,18292972.047356214,142438412.5199481,206711854.7657755,-0.021220768915385182,-0.3939783812003467,0.08788569873153927,0.053063329074833,2021-02-09,2020-04-24,False,False,False,False,False,0.0,0,0,False,[],澜璞科技
2020-03-31,季报,2020-04-30,非标准无保留意见,False,587968126.5605412,350210938.5248415,237757188.0356996,0.5956291212135654,45692928.457638144,3988.3129633491553,11394996.857825808,60766126.842736244,829.3964740355887,45858172.24012696,14883825.986670561,171669612.14992583,40000000,5.9439297008924905,45278606.10337332,41830295.692395784,31133289.458225377,7373479.65772254,0.1843369914430635,6035532.708734785,14428661.020655336,20760788.014973614,140242584.28339547,175432033.3190244,-0.08017886059286816,0.4836449541400611,0.0421458795749431,0.100036938711964,2021-02-09,2020-05-18,False,False,False,False,False,0.0,0,0,False,[],澜璞科技
2020-06-30,半年报,2020-08-27,非标准无保留意见,False,811305494.1866369,533120572.97084427,278184921.2157926,0.657114461557193,63766648.55514131,6020.451775866103,15863078.902767595,74669660.42933637,1199.9113753817428,61294836.99453582,19296526.609473694,236726318.1691861,40000000,6.954623030394815,39203747.59851971,36084986.60234029,25112525.966533054,-8678369.292648017,-0.21695923231620043,-8207584.414364991,102359285.42662695,27585565.593687575,166367721.2758537,296312572.2961682,0.170037900911003,-0.658578470361521,0.06148534034362764,-0.0813073304964809,2021-02-09,2020-09-28,False,False,False,False,False,0.0,0,0,False,[],澜璞科技
2020-09-30,季报,2020-10-27,无保留意见,False,734753337.4201591,435968662.3245665,298784675.0955926,0.5933537693824227,55270203.99645457,5318.159580732273,15005952.602136243,79336382.67977378,1169.7365518111624,60461858.75418154,18861203.29671997,220984417.56026646,40000000,7.469616877389815,32239312.60214389,29942024.618470043,26190870.25129946,-9949192.851965453,-0.24872982129913634,-8775659.976957489,25118499.331784233,25128863.88528061,173783993.098307,224031356.31537187,0.07405057682411342,-0.15271328469246917,-0.06376069217477033,0.038062231789872426,2021-02-09,2020-12-12,False,False,False,False,False,0.0,0,0,False,[],澜璞科技
2020-12-31,年报,2021-03-30,无保留意见,False,872480593.7498837,562630293.1723492,309850300.57753444,0.64486281666643,58152357.53289422,6630.521764749801,15120540.141412577,81333950.1642998,1390.8733297948268,62814768.46960831,23144925.176830415,248785006.69704127,40000000,7.746257514438361,25489081.263873268,23501250.527778994,21554514.49460782,-9643187.62610089,-0.24107969065252227,-9201105.84384435,46219811.37334398,29510816.443491694,231285816.0673422,307016443.88417786,0.03703545196353038,0.04340002774715892,0.05150904728400727,0.006838562819409282,2021-02-09,2021-05-09,False,False,False,True,True,0.0,0,0,False,[],澜璞科技
2021-03-31,季报,2021-04-30,无保留意见,False,897590292.3442452,606252307.7795397,291337984.56470555,0.6754220861682725,71911089.3288066,6686.208113155047,19629743.64177935,103706514.14914447,1471.7411405444468,79215383.19854416,24296677.985473756,290458398.14208907,40000000,7.283449614117639,20991663.637585565,19461836.960615672,10960172.38356932,-6424882.323268149,-0.16062205808170374,-5770590.810233318,92795059.93929861,29587682.72796192,216991212.19657153,339373954.86383206,-0.059745999853230654,0.4374592064153784,0.03055926950184251,-0.06672028324032292,2021-02-09,2021-06-24,False,False,False,False,True,0.0,0,0,False,[],澜璞科技
2021-06-30,半年报,2021-08-27,保留意见,False,1005891118.995343,707989094.1961874,297902024.7991556,0.7038426732540475,88898236.50825247,7673.691902306872,21209790.25152668,108572239.53477235,1622.4817884159704,72883201.39769185,26247586.32158047,309521137.9063029,40000000,7.44755061997889,19228672.67996485,17745040.993170887,8549277.99775557,-2518558.5108867344,-0.06296396277216836,-2452565.6677782633,179752461.45145798,31796320.54292887,238765103.37929785,450313885.3736847,0.022530670843547894,0.36938821219705137,0.02842058708577493,0.04706533556794996,2021-02-09,2021-09-18,False,False,False,False,False,0.0,0,0,False,[],澜璞科技
2021-09-30,季报,2021-10-27,保留意见,False,1273786045.4009671,914077309.9386208,359708735.4623463,0.7176066288674753,96619621.90230322,9156.245716755697,25563774.776047267,113107403.39084105,1930.4796854107801,94084901.1322834,32204400.000745762,375275322.42372817,40000000,8.992718386558657,19478952.010953452,17964292.72897715,276141.1864005614,357541.9014122896,0.00893854753530724,313216.7654375228,53951001.57441064,42803583.75522112,295957803.2315347,392712388.56116647,0.2074732815423478,0.1986059477891891,0.013763955613427883,-0.01562423546410222,2021-02-09,2021-11-13,False,True,False,False,True,0.0,2,0,True,"['充分披露高送转的主要考虑及其合理性且送转股后每股收益不低于0.5元', '上市公司控股子公司向母公司实施利润分配的情况', '是否影响偿债能力、过去十二个月内是否使用过募集资金补充流动资金以及未来十二个月内是否计划使用募集资金补充流动资金等内容']",澜璞科技
2021-12-31,年报,2022-03-30,无保留意见,False,1169896970.598321,845305504.0232401,324591466.5750809,0.7225469637646169,92790559.41163382,8905.695223571429,22886836.079769526,127697962.32745677,2043.5904222205447,89999778.02738887,35797094.774739176,367914042.5449951,40000000,8.114786664377021,26724760.333623108,24136883.447105665,11849845.672342885,10351154.746670935,0.2587788686667734,8817986.740183586,153061323.22042447,41697763.51991275,266607172.7655164,461366259.50585365,-0.09762695599295908,0.5757504663978669,0.004940334897141581,0.026325508704883142,2021-02-09,2022-04-16,False,False,False,False,False,0.0,0,0,False,[],澜璞科技
2022-03-31,季报,2022-04-30,无保留意见,False,842106775.330025,532574865.10548437,309531910.2245406,0.6324315166527026,69395702.79601848,6598.956704281864,18160036.0393242,90271995.77796239,1317.6780675080233,68482621.67322709,23266112.41708123,262198968.80436888,40000000,7.738297755613515,27601388.56905626,24904762.7599562,3454088.8803996355,1252326.05061879,0.03130815126546975,1096970.4469293323,155913362.9593188,29087064.843087163,193185704.6526889,378186132.4550948,-0.04639541670469891,-0.33266707677706425,-0.09011544711191419,-0.043352826165972184,2021-02-09,2022-05-25,False,False,False,False,False,0.0,0,0,False,[],澜璞科技
2022-06-30,半年报,2022-08-27,无保留意见,False,896764656.4477785,587772598.7411917,308992057.7065868,0.6554368467970723,60414511.8015787,5970.115825554842,17367643.662289537,86257771.32847203,1313.6184624136467,66711587.48505675,20761302.3792395,246565294.48393315,40000000,7.72480144266467,26400608.419693902,23837189.54761095,3047982.3316093176,-1715400.2133747973,-0.04288500533436993,-1525104.5890646465,140563591.54225972,30027662.668436933,219326461.89135113,389917716.1020478,-0.0017440932586310553,-0.16259441430989421,0.023005330144369625,0.06620886674719473,2021-02-09,2022-10-03,False,False,False,False,False,0.0,0,0,False,[],澜璞科技
2022-09-30,季报,2022-10-27,无保留意见,False,1260565806.1398175,928602980.2738366,331962825.8659808,0.7366556952052048,87403461.19819982,9164.632494097796,25203702.328343492,116481449.11172274,1915.8268723873575,94088460.91047244,29863273.042342123,355814626.589885,40000000,8.29907064664952,22720774.54400869,20501897.599025756,20870535.033784978,-5256905.536693158,-0.13142263841732893,-4764702.783693137,55390269.30861962,38456668.51077635,295836446.4331213,389683384.2525173,0.07434096633385515,-0.2317041579601813,0.08121884840813248,-0.10599864137347155,2021-02-09,2022-12-17,False,False,False,True,False,0.0,0,0,False,[],澜璞科技
2022-12-31,年报,2023-03-30,非标准无保留意见,False,1305968939.365084,924501734.1087874,381467205.25629646,0.7079048407983176,101818609.53643343,9402.242704178612,26099183.821282323,131537382.74604894,2022.187687461377,101929218.10111046,31227587.8011118,384132593.315254,40000000,9.536680131407412,18783475.969755303,17137755.804363955,6943562.693535837,-5624712.248933412,-0.1406178062233353,-4805916.8495168565,111049625.45651147,44702586.93271473,321262734.6206763,477014947.0099025,0.14912627418800647,-0.03132110649280095,-0.028750854406887107,-0.11686725011237745,2021-02-09,2023-04-12,False,True,False,False,False,0.0,4,0,True,"['公司在相应期间是否按照中国证券监督管理委员会相关规定为中小股东参与现金分红决策提供了便利', '结合前述财务报表列报项目的具体情况说明现金分红方案确定的依据及未来增强投资者回报的规划', '留存未分配利润的预计用途以及收益情况']",澜璞科技
2023-03-31,季报,2023-04-30,保留意见,False,1358502950.4481215,973266748.9434792,385236201.50464225,0.7164259368170186,113548388.7195158,10325.550137970207,29551390.59608211,137640991.10960904,2223.738489648428,119846365.9309964,37762959.86982077,435011347.00849843,40000000,9.630905037616056,16147499.50404202,14747497.98578509,13102124.872390958,-3765680.6653046887,-0.09414201663261722,-3414654.0265412354,117254648.80459176,44107960.816808976,319998606.3315028,481361215.9529035,0.009880262828395731,0.16342721382625364,0.00852109601870097,0.04430703928292354,2021-02-09,2023-06-02,False,False,False,False,True,0.0,0,0,False,[],澜璞科技
2023-06-30,半年报,2023-08-27,非标准无保留意见,False,1178126063.8402135,837360593.8295085,340765470.01070493,0.7107563609110322,106854034.98410736,10765.922493916456,25318404.976753063,127381163.31254539,1973.0319765567765,94495694.5080365,31837207.77608195,385619913.5911948,40000000,8.519136750267624,6207770.750653305,5639224.199176389,66727810.11418183,-14199612.504841022,-0.35499031262102554,-13011819.695155287,118384262.05674177,37587994.23848301,308618583.9468124,464590840.2420372,-0.11543757133998599,-0.7883995826050958,-0.005669575905986375,-0.0499382508041083,2021-02-09,2023-10-24,False,False,True,False,False,0.0,0,7,True,['结合前述财务报表列报项目的具体情况说明现金分红方案确定的依据及未来增强投资者回报的规划'],澜璞科技
2023-09-30,季报,2023-10-27,保留意见,False,1331459525.3968432,1005626076.5403033,325833448.8565398,0.7552809960487348,93464826.70818369,9817.892254667,27750005.915404394,129186099.69172576,2327.299397637426,110982736.08569658,33431575.28322605,406181310.4315108,40000000,8.145836221413495,-3056800.4023866444,-2842264.992411663,60109867.07414737,-13235101.647199929,-0.33087754117999824,-12116413.130840074,89720832.82454579,43777117.37333842,321020406.2682179,454518356.4661021,-0.04381905582656618,0.34442049870185465,0.044524635137702565,0.05100037457599564,2021-02-09,2023-12-05,False,False,False,True,True,0.0,0,0,False,[],澜璞科技
2023-12-31,年报,2024-03-30,无保留意见,False,1700831997.0640976,1333722284.7858458,367109712.27825195,0.784158745301158,124912979.80181715,12713.369032442462,35359504.664929025,167769690.27195194,2584.6220479360577,134043242.74148406,40893704.96499418,512874852.0951971,40000000,9.1777428069563,-11357284.571304224,-10233475.16633968,45589140.24157002,-11857834.527025115,-0.2964458631756279,-10558871.677040026,96580440.63223791,53344176.619636275,430193067.0758074,580117684.3276815,0.12667902441128945,0.36581787637121704,0.028877749252423326,0.21214101307995112,2021-02-09,2024-05-18,False,True,False,True,False,0.0,3,0,True,"['是否影响偿债能力、过去十二个月内是否使用过募集资金补充流动资金以及未来十二个月内是否计划使用募集资金补充流动资金等内容', '公司在相应期间是否按照中国证券监督管理委员会相关规定为中小股东参与现金分红决策提供了便利']",澜璞科技
2024-03-31,季报,2024-04-30,保留意见,False,1779848530.6952558,1419162079.293224,360686451.4020318,0.7973499176016186,141965379.38587257,12729.187849740938,36722235.34927791,174701317.69834724,2994.8622526113777,147636491.29001218,47880131.84527948,551611945.4702001,40000000,9.017161285050795,-18341681.001097374,-16756368.176500048,35016746.20371783,-9977709.185418788,-0.2494427296354697,-9318418.585943384,104808370.94818492,61302392.67581691,459267936.0426619,625378699.6666638,-0.017496842664167088,0.36562910149187,0.013191172300460463,0.046202699650409275,2021-02-09,2024-06-28,False,False,False,False,False,0.0,0,0,False,[],澜璞科技
2024-06-30,半年报,2024-08-27,无保留意见,False,1814284845.7866237,1415229378.9718423,399055466.8147814,0.7800480626063092,137676149.07306275,14655.406108158342,37969436.31074739,185427109.35713342,3043.537342063866,147711090.9384135,54934614.53078905,576383950.3922278,40000000,9.976386670369536,-21502925.56011486,-19589533.717941858,11663932.067562575,-4516063.655739266,-0.11290159139348166,-4047379.3449168713,313965878.7259183,60826987.34539374,424150993.4074388,798943859.4787508,0.10637775625783745,0.7777583802623018,-0.017301854995309316,0.017516530182034726,2021-02-09,2024-09-19,False,False,True,True,False,0.0,0,3,True,"['公司在相应期间是否按照中国证券监督管理委员会相关规定为中小股东参与现金分红决策提供了便利', '充分披露高送转的主要考虑及其合理性且送转股后每股收益不低于0.5元', '公司为增强投资者回报水平拟采取的措施', '上市公司控股子公司向母公司实施利润分配的情况']",澜璞科技
2024-09-30,季报,2024-10-27,无保留意见,False,4130777720.3920307,3717699948.3528275,413077772.039203,0.9,356302676.9340038,27841.8672202152,86909454.2008655,431956209.7634377,6819.593205356951,296123491.02755237,100625566.18134359,1254177829.8051913,40000000,10.326944300980074,-27406371.50847876,-24643911.31261484,30792091.675793268,-8433494.21194843,-0.21083735529871075,-7220539.420961401,98704966.4907237,130738757.0831982,979070517.5225854,1208514241.0965073,0.035138737319766626,-0.31379770355927294,0.1211342961511233,0.014274708578279024,2021-02-09,2024-11-07,False,False,False,False,False,0.0,0,0,False,[],澜璞科技
2024-12-31,年报,2025-03-30,无保留意见,False,4374491041.798821,3937041937.6189394,437449104.17988205,0.9,354919622.31366813,33632.10099996631,104689962.09364781,431569818.64913255,7004.182814559634,356395163.4326973,136614394.6113495,1416903732.688091,40000000,10.936227604497052,-33904485.71574951,-30923383.069042895,44327876.38802051,-9283020.296101075,-0.23207550740252686,-8970673.937754372,764152881.5855415,137558348.33592474,1106848668.412895,2008559898.334361,0.05899937927031849,-0.09916833130931293,0.009550469886386035,0.06090445083389436,2021-02-09,2025-05-12,False,False,False,False,False,0.0,0,0,False,[],澜璞科技
2017-03-31,季报,2017-04-30,保留意见,False,284553102.3262204,82066581.58433442,202486520.74188596,0.2884051550077665,10985294.807833582,1239261.6669959326,108471172.99254878,34255730.73532386,9892499.384105807,23366324.732188396,13378978.194965776,193140026.12158102,40000000,5.062163018547149,4641536.055151972,4557637.939763789,19807820.677011598,6630765.7930742465,0.16576914482685617,6510911.342519699,40393909.31883355,-13453208.522866067,-5021447.417593919,21919253.378373567,0.12492511523269972,0.3128203218374581,-0.011594844992233493,-0.04575839877918563,2021-09-07,2017-05-20,False,False,False,False,False,0.0,0,0,False,[],祎璐传媒
2017-06-30,半年报,2017-08-27,保留意见,True,280680785.3624723,68793938.45115747,211886846.91131482,0.24509671498288244,11790343.74952126,1389988.528516552,106051408.10615511,34651948.22043628,10263583.719800625,27623252.078234516,15736168.272502217,210899059.39059418,40000000,5.29717117278287,604556.8706904995,846113.992563434,24064234.48326669,-5767113.120659247,-0.14417782801648119,-5302177.067429079,36899981.55957808,-11861410.828835921,-5061061.833278676,19977508.89746349,0.046424454008035715,-0.5246499001469977,-0.04330844002488406,0.10696724620823263,2021-09-07,2017-09-06,False,False,False,False,False,0.0,0,0,False,[],祎璐传媒
2017-09-30,季报,2017-10-27,非标准无保留意见,False,307567813.78393865,67883521.36204688,239684292.42189175,0.22071074514231825,11106788.939881558,1378453.9610091697,100331082.01389755,34358160.26304628,11295119.933076765,28546941.080303177,14153524.40530347,205530860.58107963,40000000,5.9921073105472935,-7655419.474825251,-6578469.805291411,48818614.4825456,-11799966.207879644,-0.2949991551969911,-10606548.282649778,54837563.32280529,-13946182.043922063,-5624456.24417452,35266925.034708716,0.13119004749837793,-0.5370705814117892,-0.02438596984056419,-0.09692174932139361,2021-09-07,2017-12-08,False,False,False,False,False,0.0,0,0,False,[],祎璐传媒
2017-12-31,年报,2018-03-30,无保留意见,False,352956944.3615383,81798236.24364871,271158708.1178896,0.2317513157068295,14217906.718302678,1609989.498941003,127091847.14245087,38255426.92764572,12849353.133602278,31289664.72572053,16882100.62975493,239183403.03268164,40000000,6.77896770294724,-16731350.749261554,-14753007.241487736,33430641.532492626,-12965616.106337575,-0.3241404026584394,-11677910.623137608,63530874.06605792,-15966760.794640027,-6219996.394647304,41344116.876770586,0.13131613831663488,-0.22416198529791256,0.011040570564511248,-0.03597323530023928,2021-09-07,2018-04-19,False,False,False,False,False,0.0,0,0,False,[],祎璐传媒
2018-03-31,季报,2018-04-30,无保留意见,False,361372376.37654024,114710431.75338593,246661944.6231543,0.317429995351556,12950533.419485142,1460776.681874251,125558392.45529294,37013974.77624417,13632429.25065925,31420166.00077009,14925006.411688665,237219065.21795183,40000000,6.166548615578858,-25212465.454643905,-22191837.57949693,47108311.151205584,-12115878.150546214,-0.30289695376365533,-10626900.48287028,66745525.86786342,-16863117.163286585,-6650205.596852466,43232203.10772437,-0.09034105400769572,0.21062397089335205,0.08567867964472652,0.15784693871145974,2021-09-07,2018-05-17,False,False,False,False,False,0.0,0,0,False,[],祎璐传媒
2018-06-30,半年报,2018-08-27,无保留意见,False,410154296.2316039,133879210.42341743,276275085.8081865,0.32641182026731513,16305408.2727367,1729930.4637136797,145890970.97511262,40278596.099688224,12542127.907985723,35602794.587609336,18064172.043136675,268724791.36930305,40000000,6.906877145204662,-33735832.05029603,-29947017.68909004,36585298.553301945,-12176237.993788749,-0.30440594984471875,-11078828.727990156,16589041.560189769,-19532436.37088437,-6926610.043797653,-9870004.854492255,0.12005557334867595,-0.012358381937028385,0.008981824915759154,0.018962219015496155,2021-09-07,2018-10-21,False,False,False,False,False,0.0,0,0,False,[],祎璐传媒
2018-09-30,季报,2018-10-27,无保留意见,False,398078184.0111234,118403297.20472184,279674886.80640155,0.2974372923722274,15268297.913988676,1542014.774261691,132798366.43976362,38944302.485181,13126774.78509143,30940181.27076119,15641027.426359039,249173138.2972734,40000000,6.991872170160039,-43386548.05012576,-38068849.27814908,51857583.659659624,-13786737.142613906,-0.3446684285653477,-11602616.555798639,54639437.798285514,-17648280.168307614,-7295492.6689728135,29695664.961005084,0.012305854464833994,-0.33386787050261196,-0.02897452789508776,0.02174379350291403,2021-09-07,2018-11-19,False,False,False,False,False,0.0,0,0,False,[],祎璐传媒
2018-12-31,年报,2019-03-30,无保留意见,False,370517533.282714,108544831.91780373,261972701.36491024,0.2929546436200129,14952765.884040153,1425866.989986435,128052652.22099672,39818896.771005616,12505785.107032562,30574500.80607634,15449565.43060447,239662644.824531,40000000,6.549317534122756,-51060528.06402991,-44926182.21134601,33473843.044054117,-10962828.591291642,-0.27407071478229106,-9796189.904567037,22542994.607840598,-17922868.911120575,-6774480.524786124,-2154354.8280661013,-0.06329558453972042,0.8788289899256615,-0.004482648752214503,0.05056032647325975,2021-09-07,2019-05-03,False,False,False,False,False,0.0,0,0,False,[],祎璐传媒
2019-03-31,季报,2019-04-30,无保留意见,False,369077136.7178731,88471557.71124385,280605579.0066292,0.23971020935624238,15036908.996756136,1659390.1449982754,134336844.57254833,39168773.195437096,13476801.974284304,35227953.075539775,16534522.470846316,250416852.9281908,40000000,7.01513947516573,-57579917.64332376,-49952633.81052541,9671964.581084182,-9313413.684705492,-0.2328353421176373,-7180645.141684862,23824027.22093697,-16783751.800715778,-6901653.0692496095,138622.3509715814,0.07112526436777364,0.27320988504764687,-0.05324443426377051,-0.06324627298801536,2021-09-07,2019-05-27,False,False,False,False,False,0.0,0,0,False,[],祎璐传媒
2019-06-30,半年报,2019-08-27,无保留意见,False,352639353.70528543,70527870.74105708,282111482.96422833,0.2,13300250.827988174,1426975.6105604211,109162489.94167924,31938844.863831967,10874868.276896354,29315061.0971363,15752065.92868758,218271780.55942073,40000000,7.052787074105709,-61398062.052703924,-53208987.852524094,15005661.12605188,-5454492.013400247,-0.13636230033500618,-4651934.345712402,14810309.80625599,-15940817.571337707,-6548051.541896758,-7678559.306978474,0.005366621586534847,0.5020332190411876,-0.0944056543877698,0.061265169034401414,2021-09-07,2019-09-27,False,False,False,False,False,0.0,0,0,False,[],祎璐传媒
2019-09-30,季报,2019-10-27,无保留意见,False,333635904.10948867,66727180.82189774,266908723.28759095,0.2,13039652.569740174,1530964.9582805173,127107845.23800622,35787449.83008937,12637646.098755717,31613687.6658693,15105317.549514819,238846841.88294372,40000000,6.672718082189774,-67819020.54600191,-58665743.35773806,6985170.723589012,-9172797.847568536,-0.2293199461892134,-7795365.00744852,12681656.774810098,-15810556.365624562,-5515383.308804458,-8644282.899618922,-0.05388919131152521,-0.32205649491420607,0.013628440715222723,0.07493413605275656,2021-09-07,2019-12-08,False,False,False,False,False,0.0,0,0,False,[],祎璐传媒
2019-12-31,年报,2020-03-30,无保留意见,False,330382246.3976813,66076449.279536255,264305797.11814502,0.2,13500802.87219465,1560944.1733288474,130668832.70341767,38738098.12939704,12748185.464763297,31378824.4765271,16862643.31682784,241831603.49519712,40000000,6.607644927953626,-71084640.80108464,-61784071.768975034,14558236.201177133,-4665171.792975334,-0.11662929482438336,-4454754.87319568,34590265.33319298,-15870818.771140538,-6388150.0924444925,12331296.469607951,-0.009752121014948134,0.5758923772261256,-0.010421595710121318,-0.0793792844197799,2021-09-07,2020-05-08,False,False,False,False,False,0.0,0,0,False,[],祎璐传媒
2020-03-31,季报,2020-04-30,无保留意见,False,334790056.33369434,66958011.26673886,267832045.06695545,0.2,12852758.471359804,1463853.1613271611,122116070.62119734,36225582.30393912,11211736.987967309,29295993.520043213,15391598.716003971,223511677.85189903,40000000,6.695801126673886,-73204839.21407874,-63692416.12554573,7605522.881971333,-3028854.87570587,-0.07572137189264674,-2726206.223672423,53909785.60550502,-16064907.465499172,-6614953.177635486,31229924.962370362,0.013341545994294454,0.1326582656690413,0.03927833985810135,0.035228919152460084,2021-09-07,2020-06-17,False,False,False,False,False,0.0,0,0,False,[],祎璐传媒
2020-06-30,半年报,2020-08-27,无保留意见,False,339594554.2545388,77941315.67045635,261653238.5840824,0.22951285494418278,13165851.635948861,1333182.9782828556,99436362.14963089,33206408.919567943,11354966.081566133,27932800.62496106,15658173.498802328,215718732.54939613,40000000,6.54133096460206,-69881817.99361736,-60492826.97804973,15810070.710860102,4747173.172087692,0.1186793293021923,4570841.639279996,21989308.29007517,-14880342.194998547,-6453047.23255964,655918.8625169843,-0.02306970579763285,0.5565777163299229,0.04172311511250743,-0.04821176059396,2021-09-07,2020-09-23,False,False,False,False,False,0.0,0,0,False,[],祎璐传媒
2020-09-30,季报,2020-10-27,无保留意见,False,322949392.6416637,64589878.52833273,258359514.11333093,0.2,13781200.332519162,1436855.9329111348,131414447.99803002,41366775.906970896,12210458.286190752,31154559.693987653,16166747.429537226,235318211.86731184,40000000,6.458987852833273,-67381661.47477531,-58266832.40633754,11073194.521830758,3571652.1697743535,0.08929130424435884,3179992.2453031386,26170298.31492069,-14529602.065256907,-5520731.99250387,6119964.257159913,-0.01258812804525264,-0.05405396798063431,-0.05021404716650714,0.013744192580829305,2021-09-07,2020-11-10,False,False,False,False,False,0.0,0,0,False,[],祎璐传媒
2020-12-31,年报,2021-03-30,无保留意见,False,304781526.07576364,60956305.215152726,243825220.8606109,0.2,12151003.608652048,1250195.8428361004,108078162.81601593,30419162.628565527,10712938.97378459,24633798.27125784,14484730.810181672,201324014.405255,40000000,6.095630521515273,-57182838.13295869,-49709351.57466002,0.0,14569747.631166607,0.3642436907791652,12224972.616682168,51368266.17008618,-14837481.90821872,-5773763.666532659,30757020.595334806,-0.0562560790633183,0.5346238294633235,-0.08125274859498716,0.20607536223215353,2021-09-07,2021-05-22,False,False,False,False,False,0.0,0,0,False,[],祎璐传媒
2021-03-31,季报,2021-04-30,无保留意见,False,310272298.4102454,62054459.68204908,248217838.72819632,0.2,12204426.296032527,1280424.2589341886,107257536.37406933,32315346.49520414,9963545.268782511,26791569.30252518,15081629.201319585,206384609.71503884,40000000,6.205445968204908,-44169409.920054615,-37890424.14539895,48124221.8443619,18590611.732720107,0.46476529331800265,16884182.041801527,41621313.56822825,-13710942.529421745,-5012519.810382835,22897851.22842367,0.018015436844806824,0.12736446767106824,0.020094678233936854,0.12858342941647094,2021-09-07,2021-05-22,False,False,False,False,False,0.0,0,0,False,[],祎璐传媒
2021-06-30,半年报,2021-08-27,无保留意见,False,339214404.9590112,67842880.99180225,271371523.967209,0.2,14860642.206765153,1533368.2663435475,127915845.9295781,36765529.84513065,13941301.149114449,31014521.741734892,16744726.127862317,242869338.06425792,40000000,6.784288099180224,-47708964.956645586,-40872004.571156785,23118518.489229433,-5056507.195129968,-0.1264126798782492,-4259400.608225474,20189509.61895842,-15749502.283513255,-5438677.732960021,-998670.3975148555,0.0932796988228009,-0.6644201315064832,0.04406293182016233,0.04060098568580414,2021-09-07,2021-09-19,False,False,True,True,False,0.0,0,6,True,"['根据公司盈利能力、融资能力及其成本、偿债能力及现金流等情况披露现金分红方案的合理性，是否导致公司营运资金不足或者影响公司正常生产经营', '留存未分配利润的预计用途以及收益情况', '公司在相应期间是否按照中国证券监督管理委员会相关规定为中小股东参与现金分红决策提供了便利']",祎璐传媒
2021-09-30,季报,2021-10-27,无保留意见,False,359603962.9282701,71920792.58565402,287683170.3426161,0.2,14065866.7644245,1688647.42469546,135703352.42815843,38993323.24568136,13876865.154109132,31145641.9994673,17685591.39237249,244313861.5719803,40000000,7.192079258565402,-50346462.35839827,-43164707.51957108,2644787.1240358297,-3767853.4310752824,-0.09419633577688206,-3275289.92630614,15777481.152100574,-16566297.895719174,-6509466.669209669,-7298283.412828269,0.060108172504415414,0.10789588817177759,0.0024763041101122933,0.040441647699249864,2021-09-07,2021-12-08,False,False,False,False,True,0.0,0,0,False,[],祎璐传媒
2021-12-31,年报,2022-03-30,无保留意见,False,455229953.3745037,109020186.25167106,346209767.1228326,0.2394837717587171,19921847.815276697,2148387.890620127,169879283.10892928,52925909.137772456,16614593.581915647,43242512.97938409,20839788.51348897,334176479.1356837,40000000,8.655244178070815,-47939311.11369694,-41024136.593305714,16437104.428549282,3438787.492430486,0.08596968731076214,3057958.4660933805,64128090.728183255,-19965256.27025133,-7978258.635023219,36184575.8229087,0.20344115615284084,0.5446312800396526,0.07480379841181713,0.17511777439095166,2021-09-07,2022-05-12,False,False,False,True,False,0.0,0,0,False,[],祎璐传媒
2022-03-31,季报,2022-04-30,无保留意见,False,555175090.4656484,171221390.9134919,383953699.55215645,0.308409714077556,21213720.252198577,2431793.833459286,192780626.58732295,59593968.77922689,20297410.5452769,50049636.93963673,26478332.147549886,382906983.8684657,40000000,9.59884248880391,-43045815.97060978,-36512613.59639767,28102117.800913725,6990707.347267371,0.17476768368168427,6445032.852725773,108760014.87131764,-26186241.620569915,-9983528.555049649,72590244.69569808,0.10902041482825231,0.1737832959099135,0.06892594231883893,0.12535546544575002,2021-09-07,2022-06-06,False,False,False,False,False,0.0,0,0,False,[],祎璐传媒
2022-06-30,半年报,2022-08-27,无保留意见,False,666521164.087042,254154243.80360132,412366920.28344065,0.38131458908994365,25521929.368393112,2767911.933418601,235727297.79456422,68431939.15815267,22519298.058090936,53136126.74456303,31076705.0793239,433093103.84789693,40000000,10.309173007086017,-35775548.71897423,-30068238.764176127,5821654.455355334,10386096.073765066,0.25965240184412663,9206249.760316495,75417070.76613551,-29801948.84766281,-13055192.932344893,32559928.986127816,0.07400168500635718,0.14152932955869865,0.07290487501238763,0.08549599998046756,2021-09-07,2022-10-15,True,True,False,False,False,8121376.046190757,1,0,True,['公司为增强投资者回报水平拟采取的措施'],祎璐传媒
2022-09-30,季报,2022-10-27,无保留意见,False,749291196.5389804,295365649.7792138,453925546.7597666,0.3941934072407695,30424415.721930172,3017768.4870844614,264391799.60379076,83726746.37919798,27663204.734128144,64841190.57796682,33072069.51538802,495896025.45587814,40000000,11.348138668994164,-28607610.973854866,-24034005.490292225,39037409.95084669,10239911.064456243,0.2559977766114061,8620333.248405578,48996776.60164333,-31503835.121254798,-13172968.17733915,4319973.303049384,0.10078069901378277,-0.005337928009712257,0.012878818150825871,0.08936812593070473,2021-09-07,2022-12-20,True,True,False,False,False,6458044.272500761,2,0,True,"['结合所处行业特点、发展阶段和自身经营模式、盈利水平、偿债能力、资金需求等因素，未进行现金分红或现金分红水平较低原因的说明', '是否影响偿债能力、过去十二个月内是否使用过募集资金补充流动资金以及未来十二个月内是否计划使用募集资金补充流动资金等内容']",祎璐传媒
2022-12-31,年报,2023-03-30,非标准无保留意见,False,787260081.6422577,272124947.32731974,515135134.3149379,0.34566079707694014,36901322.570100375,3647890.3072573384,316103745.34225446,88374911.61098665,32079175.13131878,76923803.99280116,42363331.431423664,580716510.1188188,40000000,12.878378357873448,-9959024.988329018,-7166741.094382826,89761715.66193609,26640837.122179784,0.6660209280544946,24096091.994156286,67616339.51289979,-34886477.01022049,-13234418.33332222,19495444.169357076,0.13484499383676593,0.6020917623010945,-0.04853261016382939,-0.01914523558830298,2021-09-07,2023-05-11,True,False,False,True,True,18717681.08139369,0,0,True,['充分披露高送转的主要考虑及其合理性且送转股后每股收益不低于0.5元'],祎璐传媒
2023-03-31,季报,2023-04-30,无保留意见,False,874684550.2265315,331028546.1541797,543656004.0723518,0.3784547767174437,37105869.87012679,4097561.3513878994,306206574.0275731,103658948.23348194,35586389.43373592,87275893.11098401,45050570.13288603,639855420.915924,40000000,13.591400101808796,10750004.394318737,13185065.354258036,25961950.945330612,29584327.689496793,0.7396081922374198,29074009.21234409,127308367.27983353,-39659419.75813885,-14823262.183068464,72825685.3386262,0.05536580182080357,0.0674480775672615,0.03279397964050358,0.06573663547049431,2021-09-07,2023-05-19,True,False,False,False,False,44040419.51876794,0,0,True,"['充分披露高送转的主要考虑及其合理性且送转股后每股收益不低于0.5元', '上市公司控股子公司向母公司实施利润分配的情况', '结合前述财务报表列报项目的具体情况说明现金分红方案确定的依据及未来增强投资者回报的规划', '是否影响偿债能力、过去十二个月内是否使用过募集资金补充流动资金以及未来十二个月内是否计划使用募集资金补充流动资金等内容']",祎璐传媒
2023-06-30,半年报,2023-08-27,无保留意见,False,1015967916.0081434,405668183.5345749,610299732.4735684,0.3992923173484578,43348176.59779519,4535778.2228835,339724867.6764912,116911646.8310079,39260287.037746884,92433290.5410372,45753584.60305444,708936375.1938933,40000000,15.25749331183921,13337052.359747443,15473677.16142795,4526174.204661306,3695782.807755295,0.09239457019388238,3269445.4388141637,32821392.41990507,-42950564.25036095,-17315353.958262146,-27444525.788718026,0.12258436934754682,-0.5557350758456583,0.02083754063101409,-0.023715995731439055,2021-09-07,2023-09-12,False,False,False,False,False,0.0,0,0,False,[],祎璐传媒
2023-09-30,季报,2023-10-27,保留意见,False,860000331.0423136,323841811.2473782,536158519.7949354,0.37656010068610607,33363632.522165876,3514791.5779574513,307037246.1927736,88940843.9004875,30481606.2587248,74766857.90223445,39681315.67675418,577748099.9192066,40000000,13.403962994873385,18754386.161821645,20010308.365397457,24062967.132946253,7739048.288677432,0.19347620721693579,6480901.719956441,24669759.535694297,-35578652.03626008,-15896325.480128141,-26805217.98069393,-0.12148327900806345,0.19536663669503776,-0.02273221666235171,0.2256654120281339,2021-09-07,2023-11-21,True,False,False,False,False,2644521.9825208723,0,0,True,"['结合所处行业特点、发展阶段和自身经营模式、盈利水平、偿债能力、资金需求等因素，未进行现金分红或现金分红水平较低原因的说明', '根据公司盈利能力、融资能力及其成本、偿债能力及现金流等情况披露现金分红方案的合理性，是否导致公司营运资金不足或者影响公司正常生产经营', '是否影响偿债能力、过去十二个月内是否使用过募集资金补充流动资金以及未来十二个月内是否计划使用募集资金补充流动资金等内容']",祎璐传媒
2023-12-31,年报,2024-03-30,无保留意见,False,989941713.68452,397104820.6016766,592836893.0828434,0.4011395975260702,36215719.48299841,4213948.312154194,336191068.6200197,110074601.48479527,35481628.60402544,80917686.27336204,45379965.19269749,665485289.0181956,40000000,14.820922327071086,33343712.52353286,33206712.043026455,80953701.06306797,20841894.8024446,0.521047370061115,18852005.253755707,176981769.44836977,-44960508.848691896,-18824329.283495866,113196931.31618202,0.10571196986590035,0.5296423031666939,0.02457949683996413,0.14833121587652837,2021-09-07,2024-05-18,True,True,False,True,False,29049318.943354644,1,0,True,"['公司在相应期间是否按照中国证券监督管理委员会相关规定为中小股东参与现金分红决策提供了便利', '上市公司控股子公司向母公司实施利润分配的情况', '充分披露高送转的主要考虑及其合理性且送转股后每股收益不低于0.5元', '是否影响偿债能力、过去十二个月内是否使用过募集资金补充流动资金以及未来十二个月内是否计划使用募集资金补充流动资金等内容']",祎璐传媒
2024-03-31,季报,2024-04-30,无保留意见,False,1245664392.7038054,647001895.6721699,598662497.0316356,0.5194030586904752,46986240.64364022,4920624.2055166615,395146739.4032444,119792211.05532669,42458876.54745547,87953550.49197811,49771096.65232471,759694794.4085337,40000000,14.96656242579089,40887732.761018045,40331470.92044173,38312930.87507358,10777171.767835982,0.26942929419589956,10178226.967736112,194090498.27035123,-54936292.94964205,-21941143.659186263,117213061.66152291,0.009826655555288248,-0.2659677346272426,0.11826346116440502,0.09902467789149261,2021-09-07,2024-05-17,True,False,False,False,False,9052602.067339746,0,0,True,"['留存未分配利润的预计用途以及收益情况', '根据公司盈利能力、融资能力及其成本、偿债能力及现金流等情况披露现金分红方案的合理性，是否导致公司营运资金不足或者影响公司正常生产经营', '结合前述财务报表列报项目的具体情况说明现金分红方案确定的依据及未来增强投资者回报的规划']",祎璐传媒
2024-06-30,半年报,2024-08-27,无保留意见,False,1259442495.2766094,681737069.4844334,577705425.7921761,0.5413006723540041,56063362.623489104,5858566.007962943,453662515.0537823,159110456.64362007,49832006.22845003,133504388.91265425,59516364.2933393,932953017.7301767,40000000,14.442635644804403,57446557.33871369,54363791.289299995,108919107.29933654,23655463.682422347,0.5913865920605587,20046171.955511812,125731345.05551055,-57427591.34566475,-21437504.854010083,46866248.85583573,-0.03500648753408072,0.4636286236130966,0.021897613663528888,0.040199180225244914,2021-09-07,2024-09-14,False,False,True,True,False,0.0,0,5,True,['留存未分配利润的预计用途以及收益情况'],祎璐传媒
2024-09-30,季报,2024-10-27,保留意见,False,1299680106.3521187,643394812.172425,656285294.1796937,0.4950409020095533,51999594.07931282,5547782.669983501,497580144.220165,130540248.06340818,42205416.59266227,114746053.76468106,54858287.829493135,862200352.3523203,40000000,16.407132354492344,77749515.06830312,69144127.13361214,135310847.71203414,29004225.327984907,0.7251056331996226,21114765.49187449,26267306.286349535,-59108773.556582294,-24020891.09876453,-56862358.36899729,0.1360206514933892,0.13156316915591187,-0.046259770344450835,-0.02045005148552924,2021-09-07,2024-11-16,True,False,True,False,False,11291977.435749492,0,9,True,"['根据公司盈利能力、融资能力及其成本、偿债能力及现金流等情况披露现金分红方案的合理性，是否导致公司营运资金不足或者影响公司正常生产经营', '结合所处行业特点、发展阶段和自身经营模式、盈利水平、偿债能力、资金需求等因素，未进行现金分红或现金分红水平较低原因的说明', '公司在相应期间是否按照中国证券监督管理委员会相关规定为中小股东参与现金分红决策提供了便利', '充分披露高送转的主要考虑及其合理性且送转股后每股收益不低于0.5元']",祎璐传媒
2024-12-31,年报,2025-03-30,无保留意见,False,1391742614.4038453,687483773.3684937,704258841.0353515,0.49397335847402957,47771775.37420987,5614323.715298965,439736791.4080493,147867073.22330034,46297796.79646272,106750853.11036631,57611670.99325354,867719108.3755981,40000000,17.60647102588379,98529309.96127293,87814956.31858929,29894920.281679362,29685421.27567114,0.7421355318917785,26672613.121395934,26698380.444959342,-67424750.24986954,-23281285.671813168,-64007655.476723365,0.07309861622851238,0.014807247439331518,-0.0010675435355237389,0.12580290881026482,2021-09-07,2025-04-11,True,False,False,True,False,32855347.55352145,0,0,True,['公司在相应期间是否按照中国证券监督管理委员会相关规定为中小股东参与现金分红决策提供了便利'],祎璐传媒
2017-03-31,季报,2017-04-30,保留意见,True,260697029.51094872,85024924.4164901,175672105.0944586,0.32614458467743773,10722436.688644454,46739044.077307425,957.9365244394436,48953457.34292494,8664736.389833871,262.1847980818366,15373948.254638541,134762327.4882998,40000000,4.391802627361465,10254020.568956744,9645221.811137805,46055794.9443266,14648600.812795348,0.36621502031988373,13778888.301625436,23201668.33535015,13815382.454557182,106665859.31449167,143682910.104399,-0.02404386058634107,0.7582556007108527,0.026144584677437764,0.033623247231744605,2021-08-02,2017-05-20,False,False,False,False,False,0.0,0,0,False,[],昀珵交通
2017-06-30,半年报,2017-08-27,无保留意见,False,251643426.9003725,79099915.38593324,172543511.51443925,0.31433332616810006,11334710.026517944,41966869.86070262,1001.0293943505613,52922943.48004218,8059262.9833083665,265.12777762120515,14411524.482775519,130080010.13084294,40000000,4.313587787860981,18266990.063890725,16508929.77791586,48836333.76813848,11447099.278477117,0.28617748196192794,9805297.095397223,14897240.760620316,13444219.656285683,104906910.32829534,133248370.74520133,-0.01780927927252376,-0.10115775901928284,-0.011811258509337686,-0.008986212860039259,2021-08-02,2017-10-03,False,False,False,False,False,0.0,0,0,False,[],昀珵交通
2017-09-30,季报,2017-10-27,非标准无保留意见,False,290606739.5345086,74149807.76579686,216456931.76871172,0.2551551553297401,11044620.62513993,54884454.42744828,1087.1717680108268,56810755.83233382,9623066.85204739,305.8388726532604,17309390.380888663,151138856.13737175,40000000,5.411423294217793,23197029.37716885,21106978.00292902,21080031.12473163,7042913.304683033,0.17607283261707585,6568640.321447373,5313736.133308602,15392129.81869944,121449800.09286188,142155666.04486993,0.25450635534676486,-0.15482021315003675,-0.05917817083835996,-0.018897105824408504,2021-08-02,2017-12-13,False,False,False,False,False,0.0,0,0,False,[],昀珵交通
2017-12-31,年报,2018-03-30,保留意见,False,307981139.45294756,78237645.34934905,229743494.1035985,0.25403388495905593,12321849.567540854,56856711.24266407,1274.8930916965162,65645953.35941289,9257275.244079543,338.6792512092308,18351987.387547217,158671341.87365276,40000000,5.743587352589962,25743921.64354072,23419428.733639363,2176558.5519714556,3638417.523388386,0.09096043808470965,3303501.04387192,55074040.07833111,16687285.005732413,132697471.68186533,204458796.76592886,0.0613820136242331,-0.14160080095749158,-0.0011212703706841836,0.06966632941360557,2021-08-02,2018-05-17,False,False,False,False,False,0.0,0,0,False,[],昀珵交通
2018-03-31,季报,2018-04-30,无保留意见,False,405211187.5024775,158311720.76230323,246899466.7401743,0.39068941244702254,17034921.388289,81768479.3531241,1641.1440990694728,86954646.3683374,12968669.452106081,459.3558321611068,25805148.250947602,220814524.74036285,40000000,6.172486668504357,27641025.545769643,25233937.818576172,11854503.827995127,2710148.431755606,0.06775371079389016,2592155.8356240154,16795828.128985167,21931602.288542617,162386389.43430996,201113819.85183775,0.0746744655534821,-0.044977726154673686,0.13665552748796664,0.09435030823702,2021-08-02,2018-05-29,False,False,False,False,False,0.0,0,0,False,[],昀珵交通
2018-06-30,半年报,2018-08-27,无保留意见,False,376870646.2624193,129408684.64499833,247461961.61742094,0.343376927676372,16238482.95291201,77085879.25828804,1790.1282990111094,91021777.58700325,12999571.523008114,419.4854008536868,24856708.953921966,211460019.38672754,40000000,6.186549040435524,38172104.45820148,34281986.14607516,50635636.441632055,15044398.4463312,0.37610996115828,12925783.324998548,55297919.22950483,19879592.33654294,158454849.80214536,233632361.36819315,0.002278234476053381,0.6257816909538599,-0.04731248477065053,0.14220467887129418,2021-08-02,2018-09-25,False,False,False,False,False,0.0,0,0,False,[],昀珵交通
2018-09-30,季报,2018-10-27,无保留意见,False,430743990.66325676,167331309.0131404,263412681.65011632,0.3884704433264055,16850827.645959377,77169285.27020285,1819.5606110305969,90763072.63193077,14334719.101093149,465.03946409497877,26480636.90890997,228433765.27434683,40000000,6.5853170412529085,46518967.43808311,41388258.36807365,23951998.841902938,11924089.971259478,0.298102249281487,10151817.459997846,20405780.536173318,25608571.098056495,190503405.72055143,236517757.35478124,0.06445726013178288,-0.0973745374030876,0.04509351565003348,0.2720721210020625,2021-08-02,2018-11-28,False,False,False,False,False,0.0,0,0,False,[],昀珵交通
2018-12-31,年报,2019-03-30,无保留意见,False,476068258.788723,173904185.4364901,302164073.3522329,0.3652925441384405,21731286.50619452,89689838.07863697,1923.4245226845717,99348400.30765408,15082957.74709893,504.44635988428513,29618894.640342362,249057303.63405946,40000000,7.554101833805822,73936972.50570455,67002513.20361008,122026432.66614453,39168578.66803061,0.9792144667007653,36591792.6221949,23922408.779510062,24638236.626559846,192438745.95086935,240999391.35693926,0.14711285523294917,0.9419307132512282,-0.023177899187965062,0.011856852660297002,2021-08-02,2019-04-09,False,False,False,False,False,0.0,0,0,False,[],昀珵交通
2019-03-31,季报,2019-04-30,保留意见,False,640813943.8573034,314622999.24391025,326190944.6133931,0.4909740218043236,26661584.42643099,106216463.73544635,2844.4051539858438,140593907.38216642,22064023.636507146,730.3312584345025,41227911.6356425,345933464.45123994,40000000,8.154773615334829,130982603.75001106,120054804.98417561,0.0,81493758.92043787,2.037343973010947,75788988.25795077,10278624.483560443,35717498.38606591,263419008.40861574,309415131.2782421,0.07951597618672608,0.7535383884744343,0.12568147766588317,0.08057660816710377,2021-08-02,2019-05-20,False,False,False,False,False,0.0,0,0,False,[],昀珵交通
2019-06-30,半年报,2019-08-27,无保留意见,False,620106169.7650943,311486858.8731751,308619310.89191914,0.502312142759636,26493348.055645548,120101822.86943875,2524.0316626868903,134345556.00226438,19901639.540787872,728.600707191153,38022392.29445624,333296024.27232885,40000000,7.715482772297978,149795697.97953314,138531810.65599966,59440342.69818814,26875848.899317272,0.6718962224829318,26395722.38832008,39752838.2142188,33363838.01406442,232107816.9789245,305224493.20720774,-0.0538691647075005,-0.5545316842383924,0.011338120955312326,0.15471941560595803,2021-08-02,2019-10-21,False,False,False,False,False,0.0,0,0,False,[],昀珵交通
2019-09-30,季报,2019-10-27,无保留意见,False,764512837.1796799,438457192.0657867,326055645.1138931,0.5735118767701454,29778524.213347614,135086548.50783238,2850.699278222105,166550522.21431932,25067694.8541743,776.0399407837581,46384982.78654151,398056380.8055948,40000000,8.151391127847328,179947268.02900285,164221792.8706751,201830990.4918874,43073671.49924245,1.0768417874810612,36699974.59239347,99812883.53483397,37901758.90574414,342753979.0458259,480468621.486404,0.05649787167103182,0.36917399905115494,0.07119973401050941,0.07467069718891428,2021-08-02,2019-11-15,False,False,False,False,False,0.0,0,0,False,[],昀珵交通
2019-12-31,年报,2020-03-30,无保留意见,False,791749619.1131189,490277786.9135259,301471832.19959295,0.6192333726193797,32399180.523262735,142197237.91130957,2983.8382901930836,158260480.22073483,25129168.556212038,832.6270739118463,48460771.2861187,410673089.6898261,40000000,7.536795804989824,207447109.901699,188643501.5753456,148924349.14888626,39285488.3895659,0.9821372097391475,34888155.29238644,108487922.01050761,43459147.670928255,319888447.1402726,471835516.8217085,-0.07539759940580952,-0.06305895769537438,0.04572149584923441,-0.10837571404697477,2021-08-02,2020-04-16,False,False,False,False,False,0.0,0,0,False,[],昀珵交通
2020-03-31,季报,2020-04-30,保留意见,False,652327708.3635249,384842836.3155056,267484872.0480193,0.5899532265476648,29263477.328838672,123800833.03523067,2760.1019702696403,137939670.04383618,23470586.181354716,680.6033473961013,42261143.13259741,371868814.2851168,40000000,6.687121801200482,224157259.5076099,203775573.8986322,103806361.07773393,23871642.294158474,0.5967910573539619,21617246.176123682,103488498.22250508,35868966.306994244,273226491.03665966,412583955.566159,-0.11273676848546228,-0.27385115660229065,-0.02928014607171492,-0.05797136231957103,2021-08-02,2020-05-11,False,False,False,False,False,0.0,0,0,False,[],昀珵交通
2020-06-30,半年报,2020-08-27,无保留意见,False,723336142.618402,463530524.088492,259805618.5299101,0.6408231205073749,33775584.99019042,152861308.03133088,3049.500814475098,169904161.96737143,26183391.586217936,929.5232272319342,47971790.021894425,423782444.33440274,40000000,6.495140463247752,240063435.93976104,218401779.14217257,48422620.61987873,22723109.188787363,0.5680777297196841,20894578.91934343,64669655.00797302,38760690.596756846,304595864.68715423,408026210.29188406,-0.028709113376440387,-0.028100977619273805,0.050869893959709984,-0.09542488079768667,2021-08-02,2020-10-17,False,False,False,False,False,0.0,0,0,False,[],昀珵交通
2020-09-30,季报,2020-10-27,无保留意见,False,716701341.0957175,442038775.884075,274662565.21164256,0.6167684508700249,29848367.78921315,131658885.31666936,2847.3481457843177,143137096.8411334,25110715.657777607,734.1163241984143,44053675.77569805,391626718.48117536,40000000,6.8665641302910645,248876460.22431633,226036850.74123037,17942536.433388464,12590034.692221794,0.31475086730554486,10907245.14151114,70245522.5627047,41019311.747672886,293756216.26959145,405021050.57996905,0.057184855222913826,-0.2550926829117857,-0.024054669637349927,-0.017569702408651546,2021-08-02,2020-11-19,False,False,False,False,False,0.0,0,0,False,[],昀珵交通
2020-12-31,年报,2021-03-30,无保留意见,False,785959328.0131763,499641861.25855243,286317466.7546239,0.6357095633963595,32669774.3568418,141242560.72200432,3287.477606426668,177967875.27977386,28654146.71590702,865.8980276045521,50687160.45238843,435400321.1979036,40000000,7.157936668865597,262903403.30305535,239064589.6582872,71501897.14995357,20038490.112484314,0.5009622528121078,18611055.59579547,49495478.40857345,39709621.04480653,329489090.02612877,418694189.47950876,0.042433527605047386,0.25172175354767207,0.018941112526334604,-0.04598677964293182,2021-08-02,2021-05-16,False,False,False,False,False,0.0,0,0,False,[],昀珵交通
2021-03-31,季报,2021-04-30,无保留意见,False,1008423566.6449313,692574352.5350552,315849214.1098761,0.686789138456254,37635373.763814814,187354507.13792735,3704.7417232310527,198249950.05380172,31608076.18919094,1093.6916902253124,54347974.72984616,516660837.0758633,40000000,7.896230352746902,288639253.92253864,262966030.7941673,77614268.05819637,36765500.88497608,0.919137522124402,34144915.908400185,68011210.0849343,52575699.92543801,435875643.55365855,556462553.5640309,0.10314336631289471,0.45161157276369934,0.05107957505989446,-0.030594085563566405,2021-08-02,2021-05-12,False,False,False,False,False,0.0,0,0,False,[],昀珵交通
2021-06-30,半年报,2021-08-27,保留意见,False,972301088.4744244,691917444.7872429,280383643.6871814,0.7116287876144276,38002166.63353988,175951905.76612422,4054.7633457991496,188555337.6094034,32088937.390001252,1094.6052616352906,56262036.9940098,515064786.5840728,40000000,7.0095910921795355,302460230.6702914,274812715.26025665,30388828.2275667,19744252.49678976,0.493606312419744,16923834.951556176,146019304.91948423,53401343.34864288,390525503.25336075,589946151.5214878,-0.11228639755410982,-0.31658308967679766,0.024839649158173667,-0.026718710968776194,2021-08-02,2021-09-17,True,False,False,False,False,2528976.1366542317,0,0,True,"['是否影响偿债能力、过去十二个月内是否使用过募集资金补充流动资金以及未来十二个月内是否计划使用募集资金补充流动资金等内容', '根据公司盈利能力、融资能力及其成本、偿债能力及现金流等情况披露现金分红方案的合理性，是否导致公司营运资金不足或者影响公司正常生产经营']",昀珵交通
2021-09-30,季报,2021-10-27,无保留意见,False,955238392.9122453,677707949.5896777,277530443.32256764,0.7094647311270041,38801824.17704788,173313226.4076531,4166.9402082497145,205953362.50230518,32214815.561436847,1103.7858131101555,60609998.30644524,526421953.31717134,40000000,6.938261083064191,306473849.50904435,278374394.94228876,25545811.35577598,5733741.1982184835,0.1433435299554621,5088113.831474443,27457457.932219308,46719992.071244195,334210080.40364206,408387530.40710557,-0.01017605851430123,-0.3812980356532041,-0.002164056487423546,0.023513140187470798,2021-08-02,2021-12-19,True,False,True,False,False,579393.416216165,0,2,True,"['公司为增强投资者回报水平拟采取的措施', '留存未分配利润的预计用途以及收益情况', '上市公司控股子公司向母公司实施利润分配的情况', '充分披露高送转的主要考虑及其合理性且送转股后每股收益不低于0.5元']",昀珵交通
2021-12-31,年报,2022-03-30,无保留意见,False,976512363.7128853,746442518.8515534,230069844.86133182,0.7643963830764389,42563472.94746238,184977626.52851304,3664.762778931165,206969424.6197537,33354384.695190404,1039.776294357194,58959733.00169475,520811998.81934726,40000000,5.751746121533295,312373336.7553394,283631686.7037174,36530702.77549859,8427838.923278634,0.21069597308196583,7510416.802040948,180116549.29888558,50112672.713020556,459064285.3061804,689293507.3180866,-0.17101042283160772,0.11850657142482407,0.0549316519494347,0.041630785238228135,2021-08-02,2022-05-02,True,False,False,False,False,8854609.620155217,0,0,True,"['是否影响偿债能力、过去十二个月内是否使用过募集资金补充流动资金以及未来十二个月内是否计划使用募集资金补充流动资金等内容', '公司为增强投资者回报水平拟采取的措施']",昀珵交通
2022-03-31,季报,2022-04-30,无保留意见,False,1297883880.027704,1083097441.7174067,214786438.31029716,0.834510281223531,54561408.19059057,229106200.69196263,5391.410379439686,254265226.09958562,43676070.73283876,1283.303567730799,75447974.33784044,666789310.5828232,40000000,5.3696609577574295,318101200.9645792,288339417.9764405,19588927.836107425,8182663.156056907,0.20456657890142269,6725330.389604374,175790867.28428903,74302125.05426311,522154790.9789602,772247783.3175124,-0.06642942085802808,-0.00964202140659588,0.0701138981470921,0.040899268676522244,2021-08-02,2022-06-10,True,False,False,False,True,2636096.2263921387,0,0,True,"['充分披露高送转的主要考虑及其合理性且送转股后每股收益不低于0.5元', '根据公司盈利能力、融资能力及其成本、偿债能力及现金流等情况披露现金分红方案的合理性，是否导致公司营运资金不足或者影响公司正常生产经营']",昀珵交通
2022-06-30,半年报,2022-08-27,无保留意见,False,1631667011.4029584,1414191055.9546869,217475955.44827157,0.8667154793665413,73796005.97797614,319256372.16799384,7001.557163002888,336753997.4268358,57240794.57347437,1698.7864066437758,103095433.52494839,887113991.8533869,40000000,5.436898886206789,310262610.0153853,281465001.1941085,33847426.13094132,-11197987.070276957,-0.27994967675692395,-9820595.403331412,24996352.18179876,78928263.61576124,671421902.6387577,775346518.4363177,0.012521820088514648,-0.7696028853752289,0.032205198143010295,-0.05624560062546758,2021-08-02,2022-10-12,False,False,True,False,False,0.0,0,6,True,"['是否影响偿债能力、过去十二个月内是否使用过募集资金补充流动资金以及未来十二个月内是否计划使用募集资金补充流动资金等内容', '留存未分配利润的预计用途以及收益情况', '公司为增强投资者回报水平拟采取的措施', '结合所处行业特点、发展阶段和自身经营模式、盈利水平、偿债能力、资金需求等因素，未进行现金分红或现金分红水平较低原因的说明']",昀珵交通
2022-09-30,季报,2022-10-27,无保留意见,False,1853910531.962615,1637635608.7308042,216274923.23181087,0.883341229523706,85491762.77246179,351416034.2348829,8151.805075675897,385718524.460877,69358305.13854365,2170.5344555279994,122315718.64693537,1054073717.8881121,40000000,5.406873080795272,302351405.2858931,273607850.59127116,53548182.45714976,-11301721.042131782,-0.28254302605329457,-11224500.861196173,350191676.0319179,95184438.7880628,776344994.8293607,1221721109.6493416,-0.005522597723435974,-0.017878962544776045,0.0166257501571647,0.08247031154836319,2021-08-02,2022-12-13,False,False,True,False,False,0.0,0,0,True,"['公司在相应期间是否按照中国证券监督管理委员会相关规定为中小股东参与现金分红决策提供了便利', '结合所处行业特点、发展阶段和自身经营模式、盈利水平、偿债能力、资金需求等因素，未进行现金分红或现金分红水平较低原因的说明']",昀珵交通
2022-12-31,年报,2023-03-30,无保留意见,False,1779687574.1058035,1546068947.7497172,233618626.3560862,0.8687305402615586,78770677.12335725,343285499.3260305,8165.25080921189,403749829.23803794,64483328.02195704,2045.0395521135506,101798036.69967087,972700456.0440148,40000000,5.840465658902155,294746765.0934525,266657096.28488117,12696133.604817733,-10863771.703486564,-0.2715942925871641,-9929649.009128563,194420069.9148354,97750104.71981089,787360992.5955495,1079531167.2301958,0.08019285299056944,0.07685642312061525,-0.01461068926214732,-0.023721988663420845,2021-08-02,2023-04-21,False,False,False,False,False,0.0,0,0,False,[],昀珵交通
2023-03-31,季报,2023-04-30,无保留意见,False,1366780539.7511802,1122583289.1357157,244197250.61546442,0.8213339716850812,57797465.50435303,256196532.35442698,5910.862946381346,261459011.13016924,44447103.24615507,1442.1366588270143,79372070.58689937,725984396.3512129,40000000,6.10493126538661,286905776.7336859,259735455.7418208,52750588.010506056,-11201411.9425237,-0.2800352985630925,-9888057.91865768,169878442.94848332,67947894.80709268,546892193.1200893,784718530.8756653,0.04528159601133036,-0.05502406734589389,-0.04739656857647733,0.07425641649516806,2021-08-02,2023-06-21,False,True,False,True,True,0.0,1,0,True,['结合前述财务报表列报项目的具体情况说明现金分红方案确定的依据及未来增强投资者回报的规划'],昀珵交通
2023-06-30,半年报,2023-08-27,无保留意见,False,1430953574.5046568,1173287966.0886323,257665608.41602448,0.819934333994575,54850737.334222846,299327941.9854031,5767.527499394622,295139798.3392839,50556678.75252096,1566.1164367231497,81819686.58909318,765247742.6987553,40000000,6.441640210400612,277310832.317562,250635827.73567313,9707517.46323072,-13707063.451605646,-0.34267658629014114,-12999468.580210997,100935935.8133531,80043414.48432285,617004029.4408566,797983379.7385325,0.055153601306382395,-0.43211407402036983,-0.0013996376905060514,-0.0678902883005296,2021-08-02,2023-10-25,False,False,False,True,True,0.0,0,0,False,[],昀珵交通
2023-09-30,季报,2023-10-27,无保留意见,False,2173962709.9826813,1879335527.1267421,294627182.8559392,0.8644745921799706,86114245.6392137,382832140.53123623,9050.508735333107,422487608.51051843,75470347.31974675,2215.4097230082243,131627630.23430578,1098481189.1097202,40000000,7.365679571398481,267913109.50129095,241549558.38627505,35070356.89859323,-13425318.308958583,-0.33563295772396456,-12980384.784854403,423258749.00435036,116776377.94722581,824358546.4481386,1364393673.399715,0.1434478379444296,0.08556045295936347,0.04454025818539538,-0.11341357477548938,2021-08-02,2023-11-19,False,False,False,False,False,0.0,0,0,False,[],昀珵交通
2023-12-31,年报,2024-03-30,无保留意见,False,2021187699.6101043,1695393135.9477615,325794563.6623427,0.8388103372461697,85322183.35756658,370943805.25257957,7176.85962149162,388593713.73519176,68320309.5545566,2039.197208700654,111234797.98510405,1026535200.9060655,40000000,8.144864091558569,258044151.52760503,232595356.14042306,38154758.5169677,-14098511.390979901,-0.35246278477449755,-12791717.494074302,39181548.85912819,109610913.64027043,846146284.9681255,994938747.467524,0.10578582907485182,-0.1883225249701036,-0.025664254933800916,-0.14748725606995286,2021-08-02,2024-05-23,False,True,False,False,False,0.0,0,0,True,"['公司为增强投资者回报水平拟采取的措施', '根据公司盈利能力、融资能力及其成本、偿债能力及现金流等情况披露现金分红方案的合理性，是否导致公司营运资金不足或者影响公司正常生产经营']",昀珵交通
2024-03-31,季报,2024-04-30,无保留意见,False,2244197836.0924926,1942807479.5096858,301390356.5828068,0.8657024119105401,101265340.29040578,474420624.3554948,9467.12324984242,491958213.7065741,74155958.81183966,2756.5688480217627,139058295.45771724,1254676898.7607026,40000000,7.534758914570171,247732871.66436297,222947459.79401135,0.0,-14730399.804631513,-0.36825999511578783,-13782709.06630241,236815088.95042026,118934948.69913577,875322804.7349387,1231072842.3844948,-0.074906735106939,-0.21778076663379176,0.026892074664370404,-0.03048046335181524,2021-08-02,2024-05-10,False,False,True,True,False,0.0,0,6,True,"['结合所处行业特点、发展阶段和自身经营模式、盈利水平、偿债能力、资金需求等因素，未进行现金分红或现金分红水平较低原因的说明', '留存未分配利润的预计用途以及收益情况']",昀珵交通
2024-06-30,半年报,2024-08-27,非标准无保留意见,False,1510214802.027854,1250008104.9747167,260206697.05313736,0.8277021939503291,61985426.13888955,291649234.38190466,5827.045579782819,333358967.1239647,54770780.201859884,1637.0860679294865,99328454.82690156,836404256.6367903,40000000,6.505167426328434,237443819.69229522,213798297.33793098,37277666.4317126,-14698645.674382493,-0.36746614185956233,-13070232.080114868,175562115.4608156,89420026.3881048,607588767.4673836,872570909.316304,-0.13664557816850484,0.013991067816182269,-0.03800021796021107,-0.013873814297444007,2021-08-02,2024-10-24,False,False,False,False,True,0.0,0,0,False,[],昀珵交通
2024-09-30,季报,2024-10-27,无保留意见,False,2168710801.108886,1907496071.4185722,261214729.69031346,0.8795529908567101,97900637.65569092,407207700.48574793,7883.059099510107,393256458.22363544,70486286.30169481,2287.9082598220725,112753350.5680389,1104688643.8015964,40000000,6.530368242257836,225409013.8085943,202286235.69924435,20571299.32929584,-17192579.833858464,-0.4298144958464616,-16445802.340980897,309498061.62099576,120963877.0352178,879090818.2580105,1309552756.9142241,0.0038739688432010005,-1.0836810880075107,0.05185079690638103,-0.06333873896285554,2021-08-02,2024-11-09,False,False,False,False,False,0.0,0,0,False,[],昀珵交通
2024-12-31,年报,2025-03-30,无保留意见,True,1937332793.6218426,1674276923.3382475,263055870.2835951,0.8642175102028742,76521274.56066316,367532980.144836,7282.328958614254,447544501.8515774,65849453.79034749,2220.979203637663,118179196.63891341,1062481636.665444,40000000,6.576396757089877,213412734.87663916,192545932.82636315,79533465.44952732,-17137541.331364445,-0.42843853328411113,-13914718.389830261,289290878.1580523,101643541.75571567,677707042.3125428,1068641462.2263107,0.007048379681591723,-0.2857957730634959,-0.015335480653835852,0.1744884396037366,2021-08-02,2025-04-28,False,False,False,False,True,0.0,0,0,False,[],昀珵交通
2017-03-31,季报,2017-04-30,无保留意见,False,271977283.45059407,102174583.78722662,169802699.66336742,0.3756732271568082,36029419.930295065,0.9169581307084705,1907499.3954632743,20891939.69182115,731751.073170367,1595.9287806072969,115939151.30743472,166424984.11946794,40000000,4.2450674915841855,67934.79400666244,62124.43076134639,267804.36827352707,97049.70572380349,0.002426242643095087,88749.18680192342,15576524.582890557,-51775842.84906323,65329362.95812595,29130044.69195327,-0.05665166853684768,-0.05016390523756653,0.07567322715680816,0.05527989457664393,2021-12-24,2017-06-19,False,False,False,False,False,0.0,0,0,False,[],蔚珵食品
2017-06-30,半年报,2017-08-27,无保留意见,False,317638497.16641504,126932595.15091662,190705902.0154984,0.39961338528942525,38793277.98643545,1.0894935553638372,2022138.243702413,22557962.039337467,835087.3271026522,1513.6739334146769,124580420.50565116,177497156.4387482,40000000,4.76764755038746,6827203.670891721,6149455.856853987,20977888.22709332,9656098.395550083,0.24140245988875209,8696187.751560915,10400523.173349986,-59550072.02401133,76250223.7864329,27100674.935771562,0.12310288584086959,0.5591051587471303,0.023940158132617136,-0.06339719313300654,2021-12-24,2017-10-10,False,False,False,False,False,0.0,0,0,False,[],蔚珵食品
2017-09-30,季报,2017-10-27,非标准无保留意见,False,391848882.11472154,196150222.4177563,195698659.69696525,0.5005761949840893,50651412.22898437,1.4617732219375912,3093168.554650418,31892663.440525465,1101471.556573092,2481.6848306454135,164444401.98608825,246147922.85041466,40000000,4.8924664924241315,4611269.209456624,4181926.1713805418,14618327.771343093,-3165620.6591929942,-0.07914051647982485,-2810756.693533493,4781684.226791612,-71477992.47105664,91534200.80982907,24837892.565564044,0.026180404637194385,-0.48100509176104744,0.10096280969466408,0.08072732732570995,2021-12-24,2017-12-07,False,False,False,False,False,0.0,0,0,False,[],蔚珵食品
2017-12-31,年报,2018-03-30,无保留意见,False,337114344.72426575,160163793.76168844,176950550.9625773,0.4751022798887138,44536964.70912682,1.3873392233270305,2599282.873404477,24620260.495382868,966209.8004517894,2084.348312747875,123500072.12980841,203781716.88493153,40000000,4.423763774064433,10801743.481344748,9939037.071900357,41212829.68534526,8843534.674125891,0.22108836685314728,8224444.143599737,10794800.806928223,-64339761.55899786,77229850.75165807,23684889.99958843,-0.09580090514374989,0.8680660720279447,-0.025473915095375547,-0.005485689058102034,2021-12-24,2018-04-15,False,False,False,False,False,0.0,0,0,False,[],蔚珵食品
2018-03-31,季报,2018-04-30,无保留意见,False,311917042.63502264,136645113.8821531,175271928.75286952,0.43808158966819577,41124660.16291881,1.1499783876254568,2481732.8487342224,24920886.921865907,928993.6006517169,1984.184282189706,135517137.22130314,196535573.2972483,40000000,4.3817982188217375,7520159.983661587,6942247.435350344,16232714.480096929,-4687976.425261658,-0.11719941063154145,-4281128.052214307,54926432.635642365,-61656248.39637844,70161060.47473915,63431244.71400307,-0.009486391540328152,-0.5235936674302942,-0.03702069022051798,0.15233653336040065,2021-12-24,2018-06-24,False,False,False,False,False,0.0,0,0,False,[],蔚珵食品
2018-06-30,半年报,2018-08-27,无保留意见,False,297534098.2443211,122024426.74464074,175509671.49968037,0.41011913412505746,37657341.332812056,1.0311596925734396,1956028.9056485554,20786782.061499953,778424.5673010715,1465.6189586432004,96891063.65412089,166571905.59526637,40000000,4.3877417874920095,9011991.569001772,8203845.506302723,9727850.423247311,2131187.979057405,0.05327969947643513,1802282.9585033988,47143289.39139765,-54508572.15664893,71555107.2833324,64189824.51808111,0.0013564222662608648,0.5538621951886561,-0.027962455543138327,0.0627592755842341,2021-12-24,2018-10-11,False,False,False,False,False,0.0,0,0,False,[],蔚珵食品
2018-09-30,季报,2018-10-27,无保留意见,False,319199923.4098227,117045060.95335186,202154862.45647085,0.3666826097670362,37296178.16451116,1.1963101827390785,2291401.0968865855,22900548.85118199,912792.2593819103,1923.9235843195936,137199071.26035765,196937401.40103823,40000000,5.053871561411771,4769404.197176979,4582128.168377581,3562500.229580247,-6060839.102606846,-0.15152097756517116,-5173881.911321632,16329227.301000591,-58413085.89622086,79189261.48274875,37105402.88752848,0.15181608357599263,-0.42820273840975925,-0.043436524358021276,0.11520502330115147,2021-12-24,2018-12-24,False,False,False,False,False,0.0,0,0,False,[],蔚珵食品
2018-12-31,年报,2019-03-30,保留意见,False,280035988.2151553,86598238.82456361,193437749.3905917,0.30923967800177543,32172676.256904166,1.0205774265741858,1992047.9880835265,18124080.034640804,678541.4238515493,1386.526695636779,101465025.07919814,154189162.29273602,40000000,4.8359437347647924,2925073.305872561,2940049.4826637544,3465843.3469501697,-2634758.416149169,-0.06586896040372923,-2345826.6938768947,31976983.03647054,-48537904.317355536,64414498.04836373,47853576.767478734,-0.0431209665696572,0.313194103148636,-0.057442931765260774,0.15261783226391867,2021-12-24,2019-04-19,False,False,False,False,False,0.0,0,0,False,[],蔚珵食品
2019-03-31,季报,2019-04-30,无保留意见,False,301559288.90892935,104938355.0987679,196620933.81016144,0.3479858155868619,35994491.98396886,1.1064553820335636,2112380.7493117386,22683360.544164676,839976.467262312,1910.2530575727549,115771706.97303686,178045373.64849308,40000000,4.915523345254036,-50788.5068153888,99804.7778437336,19960028.997929603,-4251231.160982786,-0.10628077902456964,-4057492.435457173,49981837.12012811,-56380220.845976025,71553626.98255096,65155243.25670305,0.01645585946692443,-0.11252666621707415,0.03874613758508648,0.05981869723748682,2021-12-24,2019-05-22,False,False,False,False,False,0.0,0,0,False,[],蔚珵食品
2019-06-30,半年报,2019-08-27,无保留意见,False,387543675.4040291,169093563.29208034,218450112.11194873,0.43632130782625683,51040319.60745557,1.4249992899575812,2577988.212414737,27996986.110179838,1095357.3431812304,2350.3202654355555,154543325.51020512,231079793.19214454,40000000,5.461252802798718,4314611.8677340625,3804675.5804888546,10733263.312845638,6236286.249356359,0.155907156233909,5292672.575207316,76224178.74324572,-69250933.84993777,91552404.94809254,98525649.84140049,0.1110216388396542,0.8226298196138297,0.08833549223939492,0.056987857666514485,2021-12-24,2019-10-09,False,False,False,False,False,0.0,0,0,False,[],蔚珵食品
2019-09-30,季报,2019-10-27,无保留意见,False,468237912.27035797,223884239.71834576,244353672.55201223,0.47814205952011046,50701797.19896421,1.6262574515498733,3139205.6580793406,32257668.93811872,1233929.271848049,2546.1008147398084,194526320.59225827,266529242.08003345,40000000,6.108841813800306,8404500.64585043,7355193.04259736,18177268.266379565,5842698.254451953,0.1460674563612988,5072167.803012151,87198805.2349854,-85357950.9771551,115800464.62814045,117641318.88597074,0.11857883793068856,-0.016938506897388027,0.041820751693853624,-0.05936234582352644,2021-12-24,2019-12-25,False,False,False,False,False,0.0,0,0,False,[],蔚珵食品
2019-12-31,年报,2020-03-30,无保留意见,False,384302503.1700524,159499753.5610633,224802749.60898915,0.41503698842805936,50254432.362066425,1.4314588577927556,2540293.4132290846,27177768.227983836,1023080.3887623866,2352.1238165970703,138039042.0101647,226006662.31936544,40000000,5.6200687402247285,14275372.5806541,12284602.243865747,7862354.808274348,8386959.906862386,0.20967399767155964,7042013.144669123,29874782.054129984,-71095269.71594161,92793602.90599148,51573115.24417986,-0.08001075956352405,0.11138183519604838,-0.06310507109205112,-0.038588059860071536,2021-12-24,2020-05-10,False,False,False,False,False,0.0,0,0,False,[],蔚珵食品
2020-03-31,季报,2020-04-30,无保留意见,False,447613217.9834244,203195316.65277508,244417901.33064938,0.45395289613699386,54053498.95796127,1.7189319907336917,3009728.276526576,32437366.764428996,1154284.880481705,2723.9015447153133,164908434.3237228,268926458.5461849,40000000,6.1104475332662345,26810073.814089134,23871550.239115804,77934848.38275866,17906716.04776434,0.4476679011941085,16552782.850357227,89297866.23611392,-88319356.46923915,107633627.02951235,108612136.79638712,0.08725494575034294,0.3749860627592772,0.03891590770893448,0.017060560024444907,2021-12-24,2020-06-10,False,False,False,False,False,0.0,0,0,False,[],蔚珵食品
2020-06-30,半年报,2020-08-27,无保留意见,True,361795740.0377194,141704277.16895413,220091462.8687653,0.3916692804458687,42384314.54274793,1.3052260444322026,2698525.3314118497,27443067.835245635,939215.1040287284,1809.94581306718,126597419.16447015,207829913.34742385,40000000,5.502286571719132,59396572.57773371,55896394.178696156,109591878.37243508,46552141.09092082,1.1638035272730205,45749777.05654336,11324975.834298702,-65088700.18667688,83121426.70242496,29357702.350046776,-0.09952805555340725,0.8206278987676681,-0.06228361569112514,0.004638149347596359,2021-12-24,2020-09-19,False,False,False,False,False,0.0,0,0,False,[],蔚珵食品
2020-09-30,季报,2020-10-27,无保留意见,False,352055382.51477563,152862890.53788134,199192491.97689426,0.4342012596028574,39581583.914347254,1.282646188709688,2559865.726544118,25736237.441336803,890690.0948041113,1859.5863799120177,115684662.16916507,189750989.6442878,40000000,4.979812299422356,73474402.43228729,68100257.85805093,60405807.41563642,20111185.506505117,0.5027796376626279,17434090.970506813,64092371.60845485,-60974141.83787743,87102394.1788207,90220623.94939813,-0.09495584526298756,-0.41605137341616827,0.04253197915698873,0.12104150379268065,2021-12-24,2020-12-19,False,False,False,False,False,0.0,0,0,False,[],蔚珵食品
2020-12-31,年报,2021-03-30,非标准无保留意见,False,406121851.5980445,190247140.37392065,215874711.22412384,0.46844842163828226,50890553.624294095,1.4073015647026301,2914928.8233816717,29397520.950505324,1157846.63928425,2482.0175703029545,147420508.19537222,248725582.82545507,40000000,5.396867780603096,80662522.52571811,74599655.30831964,48694272.68203002,10268742.990615457,0.25671857476538645,9284853.500383867,68772757.61348146,-72768436.07017216,101594238.46422803,97598560.00753734,0.08374923714074876,-0.26521498522768566,0.034247162035424834,0.12932130397937827,2021-12-24,2021-04-17,False,False,False,False,False,0.0,0,0,False,[],蔚珵食品
2021-03-31,季报,2021-04-30,无保留意见,False,428668313.94296443,185006924.723164,243661389.21980047,0.4315852576586281,46517250.63644516,1.3482127109200568,3009275.814445151,29804895.555568,1060454.6931601057,2157.860025608515,157172236.14627936,235559722.57945514,40000000,6.091534730495011,86261108.159982,79173125.38786003,22226708.79254353,7997979.477519833,0.1999494869379958,6533528.685057699,25813448.979263965,-77557053.46597761,98757010.90261531,47013406.41590166,0.12871668866682642,-0.08327349426693825,-0.036863163979654154,-0.028261638515108836,2021-12-24,2021-05-19,False,False,False,False,False,0.0,0,0,False,[],蔚珵食品
2021-06-30,半年报,2021-08-27,无保留意见,False,511965217.5697577,232444505.80720893,279520711.76254874,0.45402401926950686,64096413.371137455,1.9028594474440013,3436432.6222641524,40260449.68764374,1361203.0653761318,2696.3623597735345,193430040.30915755,296174470.7727092,40000000,6.988017794063719,85696543.87362908,78654420.67544942,2906438.31480777,-806520.409075588,-0.0201630102268897,-741006.7320151469,84448478.7024689,-94761219.19505283,123716000.03394912,113403259.54136519,0.14716866983960492,-0.35220846126836475,0.022438761610878738,0.050645145798769574,2021-12-24,2021-09-13,False,False,False,False,False,0.0,0,0,False,[],蔚珵食品
2021-09-30,季报,2021-10-27,无保留意见,False,473511229.4679915,232314173.0936057,241197056.37438574,0.4906201978665212,58927135.21100422,1.8523242855110806,3806375.28521106,37630160.424368314,1192828.4892865694,2502.779633205904,191844698.66922253,290088664.5483683,40000000,6.029926409359644,86946592.81519663,79733623.68888165,1825053.018508822,1785784.2022393644,0.04464460505598411,1541718.5906174732,78481742.90298517,-90093240.86870722,105535038.96305314,93923540.99733108,-0.13710488624084025,0.16008323577150158,0.03659617859701439,0.13980450194582983,2021-12-24,2021-11-20,False,False,False,False,False,0.0,0,0,False,[],蔚珵食品
2021-12-31,年报,2022-03-30,保留意见,False,414675234.8767142,191115181.55776137,223560053.3189529,0.46087917841194737,50156625.93988337,1.5573545514938596,3256662.152448168,31721187.77005255,1150300.0445163816,2590.28415885526,162673648.97941276,252058989.36973184,40000000,5.589001332973822,86001387.10596824,78887994.57502559,1941627.2020782814,-1350293.870326275,-0.03375734675815688,-1208041.5912229624,26176071.739634447,-82366831.6955163,104345540.67116119,48154780.71527933,-0.07312279561180358,-0.1669388958589124,-0.02974101945457385,-0.022773930217222536,2021-12-24,2022-05-12,False,False,False,False,False,0.0,0,0,False,[],蔚珵食品
2022-03-31,季报,2022-04-30,无保留意见,False,461694366.45827156,215459630.24705485,246234736.21121672,0.466671560018977,53465962.635066696,1.6334148044591172,3136050.3565965407,32389458.054868117,1173339.9740562092,2128.6667667397196,181140272.67617527,255357394.8073911,40000000,6.155868405280418,83261147.27893831,76393297.30785711,9298899.65761723,-3914628.3243284672,-0.09786570810821169,-3563853.238812112,19205940.828896675,-83240127.20301498,111772530.68977341,47738344.3156551,0.10142546736609452,-0.16385831355260436,0.0057923816070296385,0.10105239133274871,2021-12-24,2022-06-24,False,False,False,False,False,0.0,0,0,False,[],蔚珵食品
2022-06-30,半年报,2022-08-27,保留意见,False,466559019.4121777,220394855.11541885,246164164.2967588,0.47238365554072137,52716336.57163768,1.5370615010433373,3150916.351642098,33188596.733095918,1117836.5314821226,2398.4333171933727,157813812.623408,259917919.62346324,40000000,6.15410410741897,82910677.60744569,76076344.17361377,1776219.6570901948,-500670.9592751656,-0.012516773981879139,-452790.1917761881,41662082.37813372,-84898891.54585718,116602263.74476884,73365454.57704538,-0.0002866042197936819,0.2608987692264459,0.0057120955217443625,-0.14151113208833277,2021-12-24,2022-09-14,False,True,False,False,True,0.0,4,0,True,"['公司在相应期间是否按照中国证券监督管理委员会相关规定为中小股东参与现金分红决策提供了便利', '公司为增强投资者回报水平拟采取的措施', '根据公司盈利能力、融资能力及其成本、偿债能力及现金流等情况披露现金分红方案的合理性，是否导致公司营运资金不足或者影响公司正常生产经营', '留存未分配利润的预计用途以及收益情况']",蔚珵食品
2022-09-30,季报,2022-10-27,保留意见,False,494862034.9575485,262444995.25634927,232417039.70119923,0.5303397244423145,55385289.76032829,1.8462601910280603,3434341.583273542,32645405.840730272,1222265.8033721591,2604.861952072311,174686364.74620122,274973379.5588362,40000000,5.810425992529981,89520806.75525399,82090144.62472746,18264658.81192207,9443041.639726125,0.23607604099315313,8591143.50159099,18627498.591591258,-90047671.18299459,109059702.29683183,37639529.705428496,-0.055845352774366315,0.6026737556695487,0.05795606890159314,0.038975448059248234,2021-12-24,2022-11-08,True,False,False,False,False,988769.9357412389,0,0,True,"['是否影响偿债能力、过去十二个月内是否使用过募集资金补充流动资金以及未来十二个月内是否计划使用募集资金补充流动资金等内容', '上市公司控股子公司向母公司实施利润分配的情况', '留存未分配利润的预计用途以及收益情况', '公司为增强投资者回报水平拟采取的措施']",蔚珵食品
2022-12-31,年报,2023-03-30,保留意见,False,484785017.0785228,257790082.6582761,226994934.42024672,0.5317616542932899,62074753.555369355,1.6832078064213394,3439970.5444109607,35869433.50289369,1181489.2691639923,2614.3051769470044,188812000.2180952,283020199.3625652,40000000,5.674873360506168,88037427.35305637,80749364.75159128,1144298.8034840322,-2119113.431710882,-0.05297783579277205,-1915399.8187659865,31219922.22819699,-87301879.96943125,116696120.83197191,60614163.090737656,-0.023329207221309038,-0.4372475462152151,0.0014219298509753917,0.21737382311440542,2021-12-24,2023-04-18,False,False,False,False,False,0.0,0,0,False,[],蔚珵食品
2023-03-31,季报,2023-04-30,无保留意见,False,527103346.93339276,297803835.8849832,229299511.0484096,0.5649818723739105,63821665.60163561,1.9873092233647274,3815410.2483206177,38607023.371538185,1418757.7323506575,2895.442217042291,201131031.33262604,313954332.42284983,40000000,5.73248777621024,92174864.3343259,84542557.88275003,5824751.885822258,5910624.2589564845,0.14776560647391213,5418847.330226808,38917430.4221297,-104619118.66758095,122308342.34741646,56606654.10196521,0.010152546505272666,0.539600759257085,0.033220218080620596,0.08878271132360155,2021-12-24,2023-06-23,False,False,False,False,False,0.0,0,0,False,[],蔚珵食品
2023-06-30,半年报,2023-08-27,无保留意见,False,573414202.9295396,313883802.7247693,259530400.20477024,0.5473945380514738,76806199.77546686,2.5180032247169963,4382030.5377563955,41790093.699535504,1600584.2372479106,3622.1189748650418,224103574.56426892,363449188.83333695,40000000,6.488260005119256,91810471.09544715,84192225.58144788,565559.2725176197,-520561.7698267773,-0.013014044245669432,-500474.71614593,41579938.00177652,-107161558.58116946,142512063.3318415,76930442.75244856,0.13184018150818608,-0.280707585969383,-0.017587334322436744,0.14450668673752368,2021-12-24,2023-10-15,False,True,False,True,False,0.0,3,0,True,['是否影响偿债能力、过去十二个月内是否使用过募集资金补充流动资金以及未来十二个月内是否计划使用募集资金补充流动资金等内容'],蔚珵食品
2023-09-30,季报,2023-10-27,保留意见,False,686847720.0358245,393085199.84702665,293762520.1887979,0.5723032753555972,81876981.8983095,2.6545339311896505,4658915.563416747,53593062.10660795,1788491.3967380938,3897.728354847842,267522579.89590108,404716558.0934301,40000000,7.344063004719947,89344409.83735627,82002198.29313892,10829546.099894032,-3522944.6544155423,-0.08807361636038856,-3128610.411869948,106659893.84480686,-122538177.86184853,154110721.95299637,138232437.9359547,0.13190023194592387,-0.18218963793872028,0.024908737304123386,-0.05295079817173104,2021-12-24,2023-12-19,False,False,False,False,True,0.0,0,0,False,[],蔚珵食品
2023-12-31,年报,2024-03-30,无保留意见,False,734753346.8722556,404316426.59424806,330436920.27800757,0.5502750389846711,87982849.4202425,2.4671992677001926,5543889.01516879,52275644.601059645,1850644.7287795993,4306.865402380336,281094621.74777067,436894065.7640116,40000000,8.26092300695019,89230501.71300708,81902716.69336714,87693.72922722188,-162725.8919274211,-0.004068147298185528,-142116.57110255148,124477333.17174725,-144416139.72714964,175743813.05989346,155805006.5044911,0.12484370050215884,0.24932885384261944,-0.022028236370926105,-0.06045734408937005,2021-12-24,2024-05-25,False,False,False,True,False,0.0,0,0,False,[],蔚珵食品
2024-03-31,季报,2024-04-30,无保留意见,False,808028581.4378695,462651787.57503724,345376793.86283225,0.5725685925017137,102768590.24806756,3.0690575412301513,6107877.849671635,59638727.447485834,2008042.414925633,4916.380416222062,324931892.1381186,480197747.149078,40000000,8.634419846570806,89116597.03671204,81800282.91259252,468946.92674237344,-162720.96613577753,-0.004068024153394439,-146333.97253517277,36624614.70766235,-151776332.7871978,214326290.49999917,99174572.42046371,0.04521248283108087,2.925527975927711e-07,0.0222935535170426,0.12212331371542906,2021-12-24,2024-05-25,False,False,False,True,False,0.0,0,0,False,[],蔚珵食品
2024-06-30,半年报,2024-08-27,无保留意见,False,899289241.2480576,551627919.3299743,347661321.9180833,0.6134043353664616,109882969.70548168,3.3151854855810092,6532728.90456634,61760481.53699727,2350698.009512469,5118.399171346292,342439256.49022144,522402330.6375955,40000000,8.691533047952083,89331569.6943292,81997678.90786353,448171.80178612453,307103.7965959422,0.007677594914898556,281994.2789585816,83370443.58730741,-145701945.09738904,194904734.68031687,132573233.17023523,0.006614596278169291,0.02790384133842381,0.040835742864747844,-0.08325072106082913,2021-12-24,2024-10-20,False,False,False,False,False,0.0,0,0,False,[],蔚珵食品
2024-09-30,季报,2024-10-27,无保留意见,False,902121067.1678529,547761458.7090911,354359608.4587619,0.6071928465530136,104926275.41514748,3.4274535996426025,6863646.024570096,66796143.859254986,2572393.5511064306,4903.941755018661,359726948.9852794,536455548.66910017,40000000,8.858990211469047,90510991.53261869,83025000.606578,6498691.355715392,1684888.3404135555,0.04212220851033889,1467602.4267349537,162094802.46372753,-165994171.95962325,206750694.15924358,202851324.66334787,0.019266700430532205,0.07960803609952376,-0.0062114888134478475,-0.04082831639198304,2021-12-24,2024-12-23,False,True,False,False,False,0.0,1,0,True,['留存未分配利润的预计用途以及收益情况'],蔚珵食品
2024-12-31,年报,2025-03-30,无保留意见,False,891009538.8146619,502146719.114392,388862819.7002699,0.5635705312228347,108211145.10523325,3.5069325714539397,6461323.897875754,68292897.1335771,2317762.900465433,5076.518529761887,331637069.6876615,546599756.4303547,40000000,9.721570492506746,93499694.99273406,85835713.53048553,6902861.085342254,4269576.371593386,0.10673940928983465,4015304.177010767,91806793.76527353,-161070096.9366358,230008280.31578818,160744977.14442593,0.09736778802633546,0.13833039748968742,-0.04362231533017889,0.0749936251796652,2021-12-24,2025-05-19,False,False,False,False,False,0.0,0,0,False,[],蔚珵食品
